10 0.964129 0.611336 0.947507 0.613765 0.946632 0.580567 0.961505 0.575709
9 0.127734 0.624291 0.235346 0.624291 0.235346 0.644534 0.127734 0.644534
9 0.345582 0.796761 0.326334 0.797571 0.328959 0.681781 0.349081 0.682591
9 0.319335 0.792713 0.300962 0.791903 0.302712 0.679352 0.322835 0.678543
9 0.294838 0.791093 0.27734 0.791093 0.28084 0.676923 0.296588 0.676113
9 0.271216 0.791903 0.251094 0.792713 0.250219 0.678543 0.272091 0.678543
9 0.134733 0.766802 0.218723 0.766802 0.218723 0.786235 0.134733 0.786235
9 0.122485 0.723887 0.223097 0.723887 0.223097 0.74413 0.122485 0.74413
9 0.101487 0.697976 0.206474 0.697976 0.206474 0.719028 0.101487 0.719028
9 0.118985 0.6 0.237095 0.6 0.237095 0.620243 0.118985 0.620243
9 0.393701 0.792713 0.375328 0.792713 0.378828 0.680972 0.3972 0.680162
9 0.118985 0.577328 0.237095 0.577328 0.237095 0.595142 0.118985 0.595142
9 0.137358 0.549798 0.220472 0.549798 0.220472 0.567611 0.137358 0.567611
9 0.137358 0.522267 0.230971 0.522267 0.230971 0.54332 0.137358 0.54332
9 0.127734 0.497166 0.234471 0.497166 0.234471 0.519028 0.127734 0.519028
9 0.141732 0.472065 0.251094 0.472065 0.251094 0.493927 0.141732 0.493927
9 0.126859 0.449393 0.249344 0.449393 0.249344 0.469636 0.126859 0.469636
9 0.128609 0.424291 0.234471 0.424291 0.234471 0.446964 0.128609 0.446964
9 0.370954 0.791903 0.349956 0.795142 0.352581 0.680162 0.372703 0.679352
9 0.415573 0.795142 0.39895 0.795142 0.403325 0.680972 0.420822 0.681781
9 0.699038 0.271255 0.792651 0.275304 0.793526 0.289879 0.697288 0.288259
9 0.674541 0.798381 0.657043 0.79919 0.660542 0.68583 0.677165 0.68502
10 0.784777 0.202429 0.784777 0.222672 0.735783 0.222672 0.734908 0.202429
10 0.691164 0.221862 0.691164 0.203239 0.727034 0.204049 0.727909 0.220243
9 0.703412 0.191093 0.704287 0.17247 0.797025 0.17247 0.7979 0.190283
9 0.706037 0.144939 0.802275 0.1417 0.802275 0.161134 0.706912 0.163563
9 0.699913 0.11498 0.807524 0.11498 0.807524 0.134413 0.700787 0.135223
9 0.650919 0.106883 0.652668 0.0898785 0.807524 0.0898785 0.805774 0.107692
9 0.513561 0.402429 0.614173 0.395951 0.615048 0.416194 0.513561 0.422672
9 0.650919 0.798381 0.632546 0.79919 0.63692 0.684211 0.654418 0.683401
9 0.43832 0.793522 0.420822 0.795142 0.426947 0.680972 0.44357 0.680972
9 0.627297 0.797571 0.611549 0.797571 0.612423 0.683401 0.630796 0.682591
9 0.605424 0.798381 0.587052 0.8 0.587052 0.682591 0.608049 0.682591
9 0.562555 0.796761 0.544182 0.797571 0.546807 0.683401 0.564304 0.683401
9 0.536308 0.798381 0.51881 0.8 0.521435 0.682591 0.539808 0.683401
9 0.511811 0.795951 0.494313 0.797571 0.500437 0.679352 0.51706 0.679352
9 0.487314 0.797571 0.468066 0.796761 0.475941 0.680972 0.496063 0.680972
9 0.461942 0.792713 0.444444 0.795142 0.448819 0.678543 0.467192 0.676923
9 0.155731 0.4 0.251094 0.4 0.251094 0.420243 0.155731 0.420243
