9 0.93021 0.853571 0.927837 0.851093 0.941874 0.834873 0.944247 0.837125
7 0.60083 0.772922 0.603005 0.772922 0.603598 0.797927 0.601621 0.798378
7 0.63444 0.766839 0.636418 0.767065 0.636813 0.783735 0.635034 0.783735
7 0.656584 0.755125 0.658758 0.755125 0.659549 0.773823 0.657968 0.774499
7 0.672796 0.750394 0.674773 0.75062 0.674575 0.773147 0.672796 0.773372
7 0.68624 0.751521 0.688414 0.751521 0.687426 0.77112 0.685647 0.770894
7 0.691578 0.751521 0.693159 0.751746 0.692962 0.773372 0.691182 0.773598
7 0.713325 0.757603 0.715302 0.757603 0.715896 0.775175 0.714116 0.774724
7 0.734282 0.751746 0.736457 0.751746 0.737248 0.774724 0.735271 0.774724
7 0.7414 0.753773 0.743377 0.753548 0.743179 0.77585 0.741597 0.77585
7 0.754844 0.753999 0.757216 0.753999 0.757019 0.775175 0.755239 0.775175
7 0.771253 0.746339 0.773428 0.746339 0.772835 0.762334 0.770858 0.762559
7 0.788849 0.743411 0.791222 0.743861 0.790233 0.769543 0.787663 0.768191
7 0.806841 0.766389 0.808818 0.766389 0.808422 0.781933 0.805852 0.781933
7 0.82068 0.773372 0.822459 0.773147 0.82325 0.798378 0.821273 0.797702
7 0.843614 0.784186 0.845789 0.784636 0.846184 0.801982 0.844009 0.802208
7 0.863582 0.774048 0.864571 0.772471 0.875445 0.781933 0.874654 0.78351
7 0.854883 0.782158 0.857058 0.781032 0.864373 0.795224 0.862198 0.796576
7 0.873072 0.764136 0.873863 0.762559 0.883749 0.768416 0.883155 0.770219
7 0.872084 0.748817 0.872875 0.746114 0.887703 0.750394 0.88711 0.752647
7 0.878015 0.736202 0.878608 0.733949 0.891657 0.737328 0.891064 0.739356
7 0.898972 0.685064 0.89917 0.682586 0.912416 0.684163 0.911427 0.686866
7 0.900949 0.674927 0.901344 0.672674 0.916766 0.674251 0.916172 0.676278
7 0.901344 0.656229 0.901542 0.653526 0.924871 0.654427 0.924278 0.65713
7 0.911823 0.640685 0.911823 0.638657 0.925267 0.638657 0.925069 0.64091
7 0.914788 0.611399 0.914591 0.608921 0.927639 0.610498 0.927639 0.6123
7 0.915382 0.603514 0.915382 0.601487 0.92843 0.602388 0.928628 0.604415
7 0.910439 0.592251 0.910637 0.590223 0.922697 0.590448 0.922499 0.592926
7 0.914393 0.576031 0.914195 0.573102 0.926849 0.573778 0.926453 0.575805
7 0.626137 0.766389 0.628905 0.766614 0.628312 0.788466 0.626137 0.788015
7 0.544089 0.814373 0.546461 0.814373 0.547054 0.835098 0.544879 0.835549
7 0.914195 0.493129 0.914195 0.490651 0.926849 0.492003 0.926849 0.494481
7 0.570384 0.800405 0.572361 0.799054 0.580467 0.817076 0.578885 0.818653
7 0.182681 0.573102 0.179122 0.574228 0.178134 0.563415 0.180902 0.561613
7 0.0523922 0.892769 0.0529854 0.895247 0.0340055 0.899302 0.0336101 0.896824
7 0.0656386 0.906736 0.067418 0.908087 0.0565441 0.928137 0.0547647 0.927236
7 0.145314 0.899977 0.147489 0.899752 0.150059 0.917774 0.148675 0.91845
7 0.132859 0.914395 0.134836 0.914395 0.135034 0.92656 0.133254 0.927011
7 0.175366 0.883532 0.177343 0.883307 0.179122 0.902456 0.177145 0.903357
7 0.156584 0.890741 0.158561 0.890516 0.163108 0.910565 0.161329 0.911241
7 0.198695 0.88128 0.200277 0.881054 0.20087 0.892093 0.199091 0.892769
7 0.206999 0.872944 0.208778 0.872944 0.208185 0.891192 0.206801 0.890966
7 0.255635 0.864834 0.257414 0.864834 0.259193 0.878802 0.257414 0.879027
7 0.239423 0.862356 0.241202 0.862131 0.242388 0.875648 0.240411 0.874972
7 0.28193 0.85695 0.283511 0.85695 0.283709 0.869115 0.281732 0.86934
7 0.309015 0.858076 0.310795 0.858076 0.310795 0.876999 0.309213 0.876999
7 0.320482 0.858301 0.322657 0.858301 0.322459 0.876549 0.32068 0.876774
7 0.340055 0.858301 0.342428 0.858752 0.341439 0.88128 0.339067 0.88128
7 0.357058 0.856499 0.359035 0.856499 0.359035 0.880378 0.357256 0.880829
7 0.373665 0.851543 0.37584 0.851093 0.378015 0.874296 0.376038 0.874747
7 0.368327 0.860104 0.370304 0.859428 0.371688 0.870241 0.369118 0.870241
7 0.390075 0.845686 0.393041 0.845461 0.393436 0.861005 0.390471 0.861455
7 0.403321 0.83645 0.405892 0.836675 0.405299 0.850191 0.402728 0.850867
7 0.415975 0.830592 0.418743 0.829917 0.419731 0.846362 0.417161 0.847263
7 0.431 0.83262 0.433175 0.832395 0.433175 0.841406 0.431198 0.842082
7 0.452155 0.833521 0.454527 0.833972 0.453539 0.849516 0.451562 0.849065
7 0.466588 0.835098 0.468762 0.835098 0.468565 0.849516 0.466785 0.849516
7 0.477066 0.835323 0.479241 0.835323 0.478252 0.859428 0.476275 0.858752
7 0.490312 0.837576 0.492685 0.8369 0.495848 0.859878 0.493673 0.860554
7 0.53104 0.818878 0.533017 0.818428 0.536773 0.835999 0.534796 0.837125
7 0.903717 0.555756 0.903717 0.552602 0.92586 0.552377 0.92586 0.55508
7 0.906287 0.5098 0.906485 0.507096 0.919929 0.509124 0.919533 0.511602
7 0.125148 0.665916 0.124951 0.668844 0.102412 0.663888 0.103994 0.660734
7 0.725583 0.330255 0.725386 0.332733 0.712337 0.332282 0.712535 0.329579
7 0.725781 0.365172 0.725979 0.36765 0.716489 0.369453 0.715698 0.3672
7 0.732108 0.396486 0.73191 0.399189 0.720443 0.398063 0.720245 0.39626
7 0.730724 0.404145 0.730724 0.406623 0.71985 0.406623 0.720047 0.404145
7 0.727758 0.430277 0.727758 0.432305 0.717082 0.432305 0.716884 0.430277
7 0.723408 0.456634 0.722815 0.459788 0.709964 0.457535 0.710162 0.455057
7 0.721036 0.493805 0.720443 0.496058 0.707987 0.48975 0.709174 0.487497
7 0.695136 0.552377 0.69395 0.553503 0.685449 0.535706 0.68703 0.534129
7 0.651641 0.55936 0.649664 0.55936 0.650059 0.537508 0.652036 0.537283
7 0.631277 0.561388 0.629498 0.560937 0.635627 0.532102 0.636813 0.532778
7 0.602214 0.531426 0.600435 0.530525 0.608343 0.515206 0.609727 0.517008
7 0.592724 0.521289 0.590945 0.520387 0.596876 0.503267 0.599051 0.503942
7 0.582246 0.515882 0.580269 0.515206 0.586398 0.49786 0.588177 0.498761
7 0.545275 0.511376 0.5431 0.511151 0.545868 0.492228 0.547647 0.492679
7 0.563859 0.503267 0.561289 0.502816 0.564452 0.48547 0.566232 0.486146
7 0.516607 0.504843 0.513246 0.504843 0.516607 0.480739 0.519573 0.481189
7 0.502372 0.491777 0.500593 0.491552 0.502175 0.464519 0.504152 0.464519
7 0.47845 0.481865 0.476473 0.482992 0.472716 0.462942 0.474694 0.462942
7 0.462633 0.485695 0.460656 0.486821 0.457493 0.466321 0.45947 0.465871
7 0.451166 0.480288 0.448596 0.48164 0.446224 0.468799 0.448596 0.467898
7 0.436536 0.487497 0.433966 0.488849 0.432582 0.477585 0.434361 0.476459
7 0.422499 0.503041 0.420127 0.504168 0.417556 0.491327 0.419731 0.491102
7 0.333926 0.527371 0.332147 0.529173 0.323646 0.511376 0.325227 0.510025
7 0.322064 0.534355 0.319889 0.536382 0.31297 0.520613 0.315144 0.519036
7 0.308027 0.548998 0.30605 0.5508 0.297351 0.532778 0.29913 0.531426
7 0.292013 0.557107 0.290036 0.55891 0.281732 0.538635 0.283314 0.537283
7 0.274417 0.570173 0.272242 0.57175 0.263938 0.549899 0.265718 0.548322
7 0.15085 0.668844 0.148675 0.672449 0.11032 0.644965 0.111507 0.641811
7 0.727165 0.30615 0.726769 0.308628 0.7155 0.30615 0.715896 0.303672
7 0.739027 0.273485 0.738434 0.275963 0.72499 0.271908 0.725386 0.269205
7 0.915579 0.481865 0.915579 0.479162 0.928035 0.480288 0.927442 0.482992
7 0.749901 0.24893 0.74911 0.251408 0.736259 0.246452 0.737248 0.243523
7 0.902728 0.531651 0.902926 0.528948 0.925069 0.530525 0.925069 0.533679
7 0.92072 0.456409 0.920324 0.453481 0.931396 0.453255 0.931198 0.455959
7 0.914986 0.387249 0.915777 0.384546 0.935745 0.390178 0.935152 0.392881
7 0.918347 0.414733 0.918149 0.412706 0.936536 0.408425 0.937129 0.410903
7 0.918149 0.4492 0.918149 0.447173 0.932384 0.448074 0.932187 0.450552
7 0.920324 0.427123 0.920324 0.424645 0.930803 0.424195 0.931 0.426222
7 0.925069 0.293084 0.925465 0.290155 0.939699 0.293084 0.939106 0.295562
7 0.926058 0.255913 0.925662 0.25321 0.936734 0.250957 0.936734 0.254111
7 0.929616 0.279793 0.928826 0.276864 0.939106 0.27326 0.939897 0.275963
1 0.925465 0.227303 0.928035 0.226628 0.928233 0.233836 0.925662 0.233836
7 0.92843 0.232935 0.927639 0.229556 0.941479 0.228655 0.941677 0.231358
7 0.928233 0.206578 0.927244 0.204325 0.941281 0.197116 0.94227 0.199595
7 0.931594 0.218743 0.931396 0.217166 0.940886 0.216265 0.941083 0.218067
7 0.937722 0.175039 0.936932 0.172787 0.953934 0.163776 0.954923 0.165353
7 0.933373 0.149133 0.931989 0.14688 0.953737 0.129984 0.954923 0.132688
7 0.931198 0.123677 0.929616 0.121874 0.942665 0.111512 0.943851 0.113314
7 0.903915 0.120072 0.901938 0.118045 0.920324 0.0934895 0.921708 0.0952917
7 0.874852 0.111512 0.872875 0.11061 0.886121 0.079973 0.888296 0.0813246
7 0.855279 0.107907 0.852709 0.10633 0.868327 0.0786213 0.870502 0.0801982
7 0.833531 0.0878576 0.831554 0.0885335 0.829775 0.0698355 0.832147 0.0691597
7 0.810399 0.120523 0.808422 0.12255 0.794583 0.102501 0.796758 0.100248
7 0.783116 0.122775 0.781139 0.124803 0.773428 0.109484 0.775603 0.108132
7 0.776987 0.131111 0.775405 0.133138 0.763147 0.121198 0.764927 0.119396
7 0.772242 0.142374 0.770265 0.144627 0.757612 0.129083 0.759391 0.127056
7 0.768288 0.163776 0.767695 0.165803 0.748517 0.152061 0.749308 0.150484
7 0.765125 0.17121 0.764136 0.173237 0.747529 0.160622 0.748122 0.158594
7 0.754251 0.214688 0.753262 0.217391 0.738434 0.209281 0.739225 0.206803
7 0.167457 0.595855 0.165876 0.595855 0.167062 0.574454 0.168841 0.574679
