10 0.363246 0.972283 0.36647 0.970524 0.373455 0.980202 0.369694 0.981082
10 0.349812 0.950726 0.346588 0.952486 0.341752 0.945447 0.343901 0.943247
3 0.828587 0.50374 0.771091 0.566212 0.705535 0.530576 0.755508 0.457985
3 0.249328 0.362077 0.313272 0.362956 0.312198 0.407831 0.247716 0.41311
3 0.118753 0.432028 0.172488 0.409591 0.19828 0.450066 0.153681 0.478223
3 0.0773778 0.385834 0.0564213 0.310163 0.14777 0.293885 0.173563 0.356357
3 0.336916 0.531016 0.275658 0.523537 0.286943 0.490101 0.343364 0.492741
4 0.144009 0.57985 0.164965 0.58117 0.165502 0.619446 0.142934 0.619006
4 0.177861 0.58029 0.199355 0.57985 0.19828 0.618566 0.177861 0.619006
4 0.212251 0.58117 0.233208 0.58117 0.232671 0.619446 0.211177 0.619446
4 0.245567 0.58117 0.265986 0.58029 0.265986 0.620326 0.243955 0.619446
4 0.278345 0.58117 0.300376 0.58073 0.299301 0.619006 0.278882 0.619006
4 0.311123 0.58029 0.333692 0.58161 0.333154 0.618566 0.309511 0.619446
4 0.346051 0.58249 0.365932 0.58161 0.365932 0.619446 0.345513 0.618566
4 0.183235 0.644963 0.206341 0.643203 0.205803 0.682798 0.182697 0.684118
4 0.218162 0.645842 0.238581 0.645403 0.239119 0.683678 0.217088 0.682798
4 0.251478 0.644083 0.272434 0.644523 0.271897 0.684118 0.25094 0.682798
13 0.421279 0.615046 0.523912 0.538935 0.664159 0.6652 0.559914 0.741311
13 0.308436 0.705675 0.406771 0.630884 0.545406 0.756269 0.445459 0.83018
10 0.3036 0.139023 0.301988 0.141223 0.292316 0.135504 0.294465 0.133304
10 0.384739 0.0483942 0.381515 0.050154 0.377217 0.0457545 0.379903 0.0444347
10 0.653949 0.344039 0.657711 0.341839 0.660935 0.348878 0.657711 0.350198
10 0.650188 0.362077 0.648576 0.363836 0.639441 0.359877 0.641053 0.356357
3 0.439011 0.444787 0.492746 0.386274 0.555615 0.431588 0.506179 0.485702
