9 0.903236 0.923499 0.898477 0.927461 0.877221 0.90765 0.88198 0.903078
9 0.534898 0.439195 0.539023 0.435538 0.553617 0.452301 0.548858 0.455959
9 0.520305 0.380981 0.525381 0.386468 0.507614 0.402316 0.502538 0.398049
9 0.533629 0.38281 0.538706 0.386772 0.519987 0.403231 0.515863 0.399573
9 0.545051 0.384334 0.549175 0.388906 0.531091 0.404755 0.526967 0.400183
9 0.559645 0.382201 0.564404 0.385858 0.54632 0.402621 0.542195 0.398964
9 0.568211 0.384944 0.573604 0.38982 0.556155 0.406888 0.551713 0.402316
9 0.583439 0.385248 0.588515 0.38982 0.569797 0.405669 0.565355 0.401097
9 0.51047 0.4395 0.516497 0.435538 0.530457 0.452301 0.52665 0.455654
9 0.521891 0.439195 0.528236 0.436148 0.542513 0.452301 0.537437 0.456568
9 0.54632 0.438891 0.54981 0.435233 0.564721 0.451082 0.560596 0.454435
9 0.892132 0.925632 0.886421 0.930204 0.867386 0.908564 0.872145 0.903993
9 0.572018 0.442243 0.576459 0.438586 0.591688 0.453825 0.588198 0.458092
9 0.585025 0.443158 0.588832 0.439805 0.605013 0.454739 0.600888 0.458702
9 0.598985 0.443462 0.602475 0.440415 0.618338 0.456873 0.612627 0.46114
9 0.609137 0.443158 0.613579 0.4395 0.629124 0.455654 0.624683 0.46053
9 0.51618 0.458092 0.520622 0.462969 0.503807 0.477294 0.498731 0.473027
9 0.53014 0.458092 0.533947 0.462664 0.515863 0.477294 0.51269 0.472417
9 0.544416 0.456568 0.548223 0.460226 0.531726 0.47577 0.527602 0.472722
9 0.552348 0.460226 0.557424 0.463883 0.540292 0.480341 0.53585 0.476379
9 0.633249 0.380981 0.628807 0.386163 0.61231 0.368485 0.617069 0.364218
9 0.621193 0.381286 0.616751 0.385553 0.600254 0.3694 0.604695 0.364523
9 0.608503 0.380372 0.603109 0.384944 0.587881 0.36818 0.59264 0.362999
9 0.595812 0.379153 0.591688 0.38281 0.574556 0.366352 0.579949 0.36178
9 0.623414 0.305395 0.618655 0.310271 0.602475 0.294118 0.607551 0.288632
9 0.635152 0.304176 0.631345 0.308138 0.614213 0.292594 0.618972 0.287108
9 0.527284 0.305699 0.531409 0.310271 0.513008 0.326425 0.508566 0.321853
9 0.539023 0.307833 0.543464 0.31271 0.525381 0.328254 0.519987 0.323987
9 0.54981 0.310271 0.553299 0.315453 0.534898 0.330387 0.529505 0.327034
9 0.5625 0.309357 0.566942 0.314843 0.548541 0.330692 0.543147 0.327339
9 0.576777 0.307528 0.581218 0.3121 0.562817 0.328863 0.558058 0.325511
9 0.586612 0.310881 0.591688 0.314843 0.572652 0.331911 0.568211 0.327949
9 0.598668 0.310271 0.604061 0.315453 0.585343 0.331606 0.580901 0.327034
9 0.612627 0.309966 0.617069 0.314233 0.600254 0.330997 0.594543 0.326425
9 0.625 0.310881 0.629124 0.315148 0.611041 0.331606 0.606916 0.327644
9 0.63769 0.311795 0.642766 0.316062 0.624683 0.332521 0.619607 0.328254
9 0.532995 0.377019 0.528871 0.381286 0.51269 0.365437 0.517132 0.359951
9 0.544099 0.374581 0.539975 0.379153 0.52316 0.36239 0.527602 0.357513
9 0.555838 0.374276 0.550761 0.378848 0.533947 0.363304 0.538706 0.358732
9 0.569162 0.376105 0.565038 0.379762 0.548223 0.365133 0.552665 0.359646
9 0.581853 0.378543 0.576777 0.383115 0.562183 0.367266 0.566624 0.36178
9 0.567893 0.458702 0.572018 0.462969 0.555203 0.478208 0.551396 0.474246
9 0.581218 0.458397 0.585343 0.462664 0.568528 0.477903 0.563452 0.473636
9 0.593591 0.458092 0.597716 0.462359 0.581218 0.477903 0.576142 0.473941
9 0.570749 0.600427 0.564086 0.604389 0.549492 0.58854 0.554886 0.583664
9 0.609772 0.604084 0.604695 0.608046 0.589784 0.591588 0.593274 0.587931
9 0.620558 0.604084 0.616117 0.607437 0.600571 0.590978 0.606599 0.587321
9 0.513008 0.60256 0.517449 0.607742 0.500635 0.622371 0.494607 0.617799
9 0.523477 0.605303 0.527919 0.609875 0.510787 0.62481 0.505711 0.620238
9 0.548541 0.606522 0.552665 0.610789 0.536168 0.625724 0.530457 0.622676
9 0.5625 0.606522 0.566942 0.609875 0.550444 0.625419 0.54632 0.621762
9 0.572652 0.606827 0.577094 0.61018 0.5625 0.626333 0.557107 0.621762
9 0.58566 0.606522 0.591053 0.611094 0.574239 0.626333 0.569797 0.622676
9 0.599302 0.608046 0.603109 0.612618 0.586294 0.627248 0.581853 0.62359
9 0.611041 0.608351 0.615165 0.612009 0.599302 0.627857 0.593591 0.623286
9 0.623731 0.609265 0.628173 0.612923 0.611041 0.629077 0.606916 0.625419
9 0.568528 0.677233 0.563452 0.681804 0.546003 0.664432 0.550127 0.658641
9 0.580266 0.677233 0.575825 0.6815 0.55901 0.665041 0.5625 0.659555
9 0.593591 0.678756 0.588832 0.682719 0.571701 0.665346 0.577094 0.660774
9 0.60533 0.679671 0.600888 0.683328 0.583439 0.665651 0.588515 0.661079
9 0.61802 0.679366 0.614213 0.682719 0.59835 0.668089 0.602157 0.663822
9 0.544416 0.679976 0.548858 0.684852 0.52665 0.703139 0.522525 0.699787
9 0.597081 0.603779 0.593274 0.607742 0.576777 0.592502 0.581218 0.587321
9 0.561231 0.601951 0.558058 0.606218 0.539975 0.58915 0.545368 0.585187
9 0.603744 0.46114 0.609454 0.466626 0.59264 0.480037 0.586294 0.476989
9 0.549175 0.601646 0.543782 0.605608 0.527919 0.590064 0.534264 0.584883
9 0.610723 0.466321 0.616117 0.470893 0.599302 0.484913 0.594226 0.481256
9 0.631662 0.46053 0.636739 0.465712 0.618972 0.479732 0.615165 0.476074
9 0.52665 0.525145 0.522208 0.528193 0.504759 0.512344 0.509518 0.507467
9 0.538071 0.52484 0.532678 0.528497 0.516815 0.512039 0.521256 0.508382
9 0.548541 0.523926 0.544099 0.527888 0.528553 0.512039 0.533312 0.507772
9 0.5625 0.526364 0.558058 0.530326 0.543464 0.514173 0.54632 0.508991
9 0.573921 0.526669 0.568528 0.529717 0.553617 0.513258 0.558693 0.508991
9 0.58566 0.526669 0.581218 0.530326 0.565673 0.513563 0.571701 0.508991
9 0.515228 0.528802 0.520305 0.534288 0.50349 0.549528 0.497462 0.544041
9 0.526332 0.53185 0.53014 0.537336 0.512056 0.55288 0.507931 0.548613
9 0.539975 0.530936 0.544416 0.535812 0.52665 0.551661 0.521574 0.547089
9 0.552348 0.53124 0.557107 0.536117 0.540609 0.551661 0.535216 0.546785
9 0.566307 0.53246 0.570431 0.538251 0.553299 0.551356 0.548223 0.54648
9 0.576459 0.533984 0.581218 0.53886 0.563452 0.553795 0.558693 0.549832
9 0.587246 0.534288 0.591371 0.540079 0.574239 0.555014 0.568845 0.550747
9 0.599937 0.536117 0.605964 0.541603 0.586929 0.555928 0.583122 0.551661
9 0.536485 0.601646 0.531409 0.605303 0.515546 0.589454 0.520305 0.584273
9 0.59835 0.304176 0.593274 0.307528 0.577094 0.291375 0.582805 0.286498
9 0.586294 0.303261 0.581853 0.307833 0.565038 0.291375 0.568845 0.287412
9 0.574239 0.303566 0.569797 0.307223 0.553934 0.291679 0.558058 0.287108
9 0.443845 0.146602 0.448604 0.150869 0.432107 0.166413 0.427348 0.161841
9 0.46764 0.14843 0.472398 0.152697 0.453046 0.168851 0.44797 0.164889
9 0.481599 0.147821 0.486041 0.151783 0.467322 0.168546 0.462563 0.165194
9 0.494289 0.147821 0.498731 0.151478 0.48033 0.168546 0.475254 0.164889
9 0.505711 0.149954 0.509835 0.153916 0.491117 0.171289 0.486041 0.166108
9 0.529505 0.152393 0.534264 0.156355 0.515863 0.173423 0.511104 0.168241
9 0.542195 0.151173 0.546954 0.15544 0.527919 0.172508 0.524429 0.167937
9 0.56599 0.153612 0.570114 0.157879 0.552665 0.174032 0.54632 0.169156
9 0.579949 0.152697 0.585025 0.156964 0.566624 0.172813 0.561865 0.168241
9 0.591053 0.153307 0.595178 0.158183 0.578363 0.174032 0.573921 0.17068
9 0.603744 0.154221 0.60882 0.159098 0.590419 0.174642 0.585977 0.17007
9 0.527602 0.129229 0.531726 0.133801 0.516815 0.147516 0.512056 0.143554
9 0.539657 0.130448 0.544416 0.134715 0.528236 0.148126 0.524112 0.144468
9 0.551396 0.130753 0.555838 0.135325 0.540292 0.149345 0.53585 0.144163
9 0.573921 0.135325 0.57868 0.139592 0.563135 0.153002 0.558058 0.148126
9 0.356599 0.213045 0.35184 0.217312 0.33566 0.200853 0.339784 0.195977
9 0.368972 0.21335 0.364848 0.218226 0.347716 0.201768 0.352157 0.197501
9 0.381662 0.213959 0.376586 0.218836 0.360406 0.202377 0.36453 0.197806
9 0.453046 0.14843 0.458122 0.153002 0.440038 0.17068 0.434327 0.166108
9 0.429886 0.147211 0.435914 0.151478 0.419099 0.167022 0.413706 0.163365
9 0.405457 0.214264 0.402284 0.219141 0.385152 0.202682 0.389277 0.198415
9 0.419734 0.146297 0.423858 0.150869 0.406726 0.165498 0.402602 0.161536
9 0.328997 0.142639 0.324239 0.137763 0.340736 0.121914 0.346764 0.127705
9 0.342005 0.143249 0.336929 0.138677 0.353744 0.122828 0.358185 0.1274
9 0.354061 0.143249 0.349619 0.138982 0.365799 0.123133 0.370876 0.126791
9 0.366751 0.142335 0.36231 0.138982 0.380076 0.122219 0.384518 0.126791
9 0.37849 0.143859 0.374365 0.139896 0.391497 0.124048 0.395939 0.128619
9 0.402284 0.145992 0.398477 0.14203 0.413071 0.12801 0.417195 0.131362
9 0.415292 0.145992 0.410216 0.142944 0.426396 0.126791 0.431472 0.131972
9 0.429251 0.144468 0.42481 0.140201 0.440673 0.125876 0.445431 0.131058
9 0.442259 0.145078 0.4375 0.141116 0.453046 0.126791 0.458122 0.132277
9 0.466053 0.146297 0.46066 0.14203 0.47684 0.1274 0.481282 0.132582
9 0.477157 0.147211 0.473033 0.143554 0.48731 0.129838 0.492386 0.133801
9 0.488896 0.14843 0.48382 0.145687 0.499683 0.131362 0.503807 0.135629
9 0.344226 0.14203 0.349302 0.147211 0.330901 0.163365 0.326459 0.159098
9 0.370558 0.142944 0.375952 0.146906 0.358503 0.161841 0.353744 0.157269
9 0.382931 0.143249 0.387373 0.147821 0.371193 0.162146 0.366434 0.158793
9 0.394353 0.144468 0.398477 0.148126 0.382931 0.16306 0.377855 0.159098
9 0.407678 0.144773 0.412437 0.148735 0.395939 0.163974 0.390546 0.159403
9 0.393401 0.214264 0.388642 0.219141 0.372145 0.201768 0.376904 0.197501
9 0.419099 0.215483 0.414975 0.220664 0.39816 0.203596 0.402284 0.200549
9 0.562183 0.303261 0.557424 0.307528 0.540609 0.290765 0.545051 0.285888
9 0.540926 0.22036 0.537437 0.224931 0.51967 0.208168 0.524429 0.203596
9 0.566624 0.221274 0.5625 0.22676 0.545685 0.210302 0.550761 0.20512
9 0.591688 0.224017 0.586612 0.22737 0.569797 0.211521 0.574239 0.206949
9 0.603744 0.224322 0.599937 0.229198 0.582487 0.210911 0.587563 0.206644
9 0.61802 0.224931 0.61231 0.228894 0.595178 0.213045 0.600254 0.207254
9 0.478426 0.227065 0.483185 0.223407 0.499683 0.240475 0.494607 0.245352
9 0.492386 0.228589 0.49651 0.224931 0.513642 0.242304 0.509518 0.24779
9 0.50349 0.22676 0.507614 0.222798 0.523794 0.24078 0.51967 0.245657
9 0.517766 0.230418 0.521891 0.226455 0.538706 0.244742 0.534581 0.2484
9 0.529188 0.230418 0.532678 0.225846 0.550444 0.243219 0.544734 0.24779
9 0.540609 0.230113 0.544416 0.226151 0.561865 0.243523 0.557424 0.247486
9 0.552982 0.229808 0.556789 0.225846 0.573604 0.243523 0.569162 0.24779
9 0.567259 0.231637 0.571383 0.227674 0.588198 0.245352 0.584074 0.249619
9 0.578046 0.231941 0.58217 0.228284 0.598668 0.245352 0.59486 0.250229
9 0.589784 0.231941 0.593909 0.22737 0.610406 0.245352 0.606599 0.250229
9 0.603109 0.233161 0.606599 0.229198 0.624365 0.246266 0.619924 0.250838
9 0.536168 0.299604 0.53014 0.304785 0.513325 0.288327 0.518718 0.282231
9 0.550127 0.302652 0.545685 0.307223 0.529505 0.290765 0.534264 0.285888
9 0.552348 0.219445 0.548223 0.222493 0.53014 0.20634 0.534898 0.201768
9 0.529822 0.22036 0.525698 0.224322 0.508883 0.207863 0.51269 0.203292
9 0.43052 0.216397 0.426713 0.220664 0.409581 0.203596 0.41434 0.199025
9 0.517766 0.220055 0.513008 0.224931 0.496827 0.208168 0.500952 0.203292
9 0.443211 0.216397 0.438452 0.220664 0.421637 0.204511 0.426396 0.199634
9 0.454632 0.216093 0.450508 0.220969 0.433693 0.204816 0.4375 0.199634
9 0.304886 0.219141 0.310596 0.214569 0.326459 0.231637 0.322335 0.235904
9 0.318845 0.220969 0.323287 0.217007 0.33915 0.23438 0.335025 0.237732
9 0.342957 0.221274 0.347081 0.217921 0.363896 0.234685 0.35882 0.238952
9 0.35533 0.221884 0.35882 0.217921 0.376269 0.235599 0.372145 0.239561
9 0.366751 0.222798 0.37151 0.218226 0.388642 0.235904 0.384201 0.239561
9 0.379124 0.222188 0.383566 0.217921 0.400063 0.234989 0.395305 0.239561
9 0.39118 0.222493 0.395939 0.219141 0.412437 0.235599 0.407995 0.240171
9 0.402919 0.222798 0.407043 0.218836 0.42481 0.235599 0.420051 0.239866
9 0.415609 0.222798 0.42132 0.219445 0.436865 0.236818 0.432424 0.241695
9 0.429886 0.224931 0.43401 0.221274 0.450508 0.238342 0.445431 0.242609
9 0.441942 0.225236 0.445749 0.222188 0.462563 0.238647 0.459074 0.242609
9 0.452728 0.224322 0.45717 0.21975 0.473668 0.237732 0.469226 0.242304
9 0.48033 0.218836 0.476206 0.223712 0.459074 0.206949 0.463832 0.201768
9 0.492703 0.219141 0.488261 0.223407 0.471447 0.207254 0.475888 0.201768
9 0.505076 0.219445 0.501586 0.223712 0.484137 0.207254 0.488579 0.202682
9 0.532678 0.679366 0.536485 0.684243 0.514911 0.703749 0.51047 0.698568
9 0.518718 0.679366 0.523794 0.683328 0.506662 0.698872 0.501586 0.695215
9 0.50698 0.679061 0.511421 0.683938 0.49302 0.700396 0.48731 0.695215
9 0.859137 0.539774 0.853426 0.544956 0.833756 0.52423 0.837563 0.51844
9 0.885152 0.542213 0.879124 0.54587 0.859772 0.52545 0.864213 0.520878
9 0.724937 0.537946 0.730647 0.543432 0.70717 0.563243 0.702411 0.558062
9 0.760787 0.541298 0.765863 0.54648 0.744289 0.564157 0.738579 0.560195
9 0.772843 0.541908 0.777284 0.54648 0.756345 0.564767 0.751586 0.561414
9 0.785216 0.542518 0.790609 0.546175 0.767766 0.565072 0.763642 0.561414
9 0.798858 0.543737 0.803299 0.548613 0.781091 0.566596 0.775381 0.562329
9 0.810914 0.543432 0.815673 0.547394 0.793464 0.566596 0.78934 0.561719
9 0.822652 0.544956 0.826459 0.548613 0.805838 0.5669 0.800444 0.562024
9 0.835025 0.544346 0.839467 0.549223 0.817893 0.56751 0.813452 0.562024
9 0.847716 0.544956 0.85184 0.549223 0.831218 0.56751 0.826142 0.563548
9 0.861358 0.545261 0.865165 0.549528 0.843909 0.568729 0.837881 0.563852
9 0.872145 0.54648 0.877221 0.551052 0.855647 0.569643 0.850888 0.565376
9 0.886104 0.547394 0.890228 0.550747 0.869607 0.570558 0.863896 0.565681
9 0.721764 0.610789 0.715736 0.616276 0.695749 0.593721 0.702411 0.588235
9 0.733185 0.607742 0.72684 0.612618 0.707487 0.592198 0.712246 0.586711
9 0.756028 0.611399 0.750317 0.614447 0.731599 0.594331 0.736358 0.58854
9 0.766815 0.609875 0.762373 0.613228 0.741751 0.592807 0.747779 0.588235
9 0.872145 0.540384 0.866117 0.544346 0.845495 0.523926 0.850254 0.518135
9 0.847081 0.53947 0.840736 0.544041 0.821066 0.523621 0.825825 0.51844
9 0.818528 0.613532 0.812817 0.617495 0.793782 0.596769 0.797589 0.592807
9 0.833122 0.537946 0.827728 0.543737 0.807741 0.522402 0.8125 0.516916
9 0.775381 0.469369 0.78014 0.473636 0.758249 0.491923 0.753173 0.488266
9 0.801396 0.469369 0.806472 0.473636 0.784898 0.491923 0.780774 0.487656
9 0.81599 0.46815 0.819797 0.472417 0.798858 0.490399 0.794099 0.486132
9 0.826142 0.470893 0.830901 0.475465 0.807741 0.493752 0.803934 0.490094
9 0.838198 0.470588 0.843274 0.475465 0.822018 0.493752 0.81599 0.490094
9 0.850888 0.470893 0.85533 0.476379 0.833756 0.495581 0.829632 0.491314
9 0.863261 0.472417 0.867703 0.476379 0.845812 0.49619 0.840419 0.491618
9 0.874365 0.474246 0.879759 0.477903 0.857868 0.497105 0.852792 0.492838
9 0.888008 0.474246 0.892766 0.478817 0.87151 0.498019 0.866434 0.493752
9 0.724619 0.534288 0.719543 0.53886 0.698921 0.517525 0.703997 0.512649
9 0.737627 0.537031 0.731599 0.540689 0.712246 0.519049 0.717322 0.514173
9 0.748731 0.536422 0.74302 0.540994 0.723668 0.518135 0.729061 0.513868
9 0.761104 0.535812 0.755076 0.53886 0.736041 0.519049 0.740482 0.513563
9 0.786485 0.537946 0.780774 0.542518 0.760787 0.521487 0.765546 0.515696
9 0.797589 0.539774 0.793147 0.543432 0.774746 0.521183 0.778553 0.51722
9 0.810596 0.539165 0.805838 0.543737 0.787119 0.52423 0.791561 0.518135
9 0.822652 0.539774 0.816942 0.544041 0.796637 0.522402 0.800761 0.51783
9 0.780457 0.610789 0.775381 0.614752 0.755076 0.594331 0.760152 0.589759
9 0.829949 0.612618 0.823287 0.617495 0.804251 0.596464 0.80901 0.590369
9 0.751586 0.46754 0.755393 0.472112 0.734137 0.490704 0.729378 0.487047
9 0.778553 0.686071 0.773794 0.690034 0.75349 0.669918 0.758249 0.665956
9 0.815038 0.688205 0.809962 0.692167 0.791244 0.671442 0.795051 0.66626
9 0.82868 0.68851 0.823604 0.692167 0.803299 0.670832 0.807741 0.66687
9 0.841053 0.688205 0.835343 0.692167 0.815673 0.67327 0.820431 0.668699
9 0.864213 0.689424 0.859137 0.692777 0.839467 0.672966 0.846129 0.668394
9 0.719226 0.686071 0.723985 0.691862 0.703997 0.709845 0.696383 0.706187
9 0.73033 0.688205 0.735406 0.693691 0.71415 0.711064 0.708756 0.707406
9 0.742703 0.689729 0.747462 0.694301 0.724937 0.713197 0.720495 0.70893
9 0.754442 0.690948 0.758883 0.694605 0.73953 0.714112 0.734772 0.710759
9 0.767766 0.690034 0.771891 0.693386 0.751269 0.713197 0.745876 0.709235
9 0.779505 0.690948 0.783629 0.695215 0.76269 0.713807 0.758566 0.710454
9 0.803617 0.691557 0.80901 0.69491 0.787437 0.71594 0.783629 0.711673
9 0.829315 0.692777 0.833756 0.697348 0.813135 0.716245 0.808693 0.713197
9 0.853744 0.693386 0.858503 0.698263 0.838198 0.71655 0.833122 0.712588
9 0.865482 0.693386 0.870876 0.698568 0.850571 0.71594 0.845812 0.712892
9 0.84486 0.92167 0.840102 0.925937 0.819162 0.905517 0.823287 0.90064
9 0.866117 0.924413 0.860723 0.928071 0.841053 0.90765 0.845178 0.902774
9 0.87849 0.925023 0.873731 0.928375 0.852792 0.907041 0.857551 0.902469
9 0.790609 0.685462 0.785216 0.689729 0.764277 0.669003 0.769353 0.664432
9 0.766815 0.686071 0.760152 0.691253 0.741751 0.670222 0.747145 0.664432
9 0.856916 0.615361 0.850254 0.619019 0.830584 0.599208 0.835977 0.593721
9 0.752855 0.685157 0.749365 0.689119 0.73033 0.667784 0.73382 0.663822
9 0.867386 0.613532 0.861675 0.617799 0.842005 0.597988 0.846764 0.592502
9 0.881345 0.616276 0.876269 0.620238 0.856916 0.599817 0.86231 0.594941
9 0.720178 0.614447 0.724937 0.619628 0.702728 0.637306 0.69797 0.632429
9 0.733185 0.614142 0.737944 0.619019 0.716688 0.637001 0.712563 0.631515
9 0.746193 0.615971 0.750317 0.620543 0.728109 0.63822 0.723668 0.633648
9 0.758249 0.615971 0.76269 0.619628 0.741434 0.63761 0.736992 0.633343
9 0.768084 0.61658 0.772843 0.621457 0.750635 0.639744 0.745876 0.635172
9 0.783629 0.618104 0.787119 0.622066 0.764911 0.639744 0.761421 0.635782
9 0.795051 0.618409 0.79981 0.622676 0.778553 0.640963 0.773477 0.635782
9 0.818211 0.618714 0.82297 0.623286 0.800127 0.642487 0.795051 0.63761
9 0.832487 0.619019 0.837246 0.623286 0.815673 0.642182 0.812183 0.63761
9 0.844226 0.619019 0.848033 0.62359 0.827411 0.644621 0.820431 0.63822
9 0.868655 0.621152 0.872779 0.625724 0.851523 0.644011 0.846129 0.63883
9 0.881662 0.622371 0.886104 0.626943 0.864848 0.644621 0.859454 0.640963
9 0.714784 0.681804 0.709708 0.685767 0.689721 0.664736 0.69448 0.660165
9 0.728744 0.683328 0.724302 0.68729 0.704949 0.66687 0.710025 0.662298
9 0.742069 0.685462 0.736675 0.68851 0.71764 0.667479 0.721764 0.662908
9 0.765228 0.467236 0.76967 0.470893 0.747145 0.490704 0.741751 0.486742
9 0.740165 0.465712 0.743655 0.471807 0.722398 0.48918 0.717322 0.484608
9 0.540609 0.756477 0.535533 0.761353 0.515863 0.740933 0.520305 0.736361
9 0.387373 0.733008 0.393718 0.73819 0.374683 0.756172 0.369924 0.750686
9 0.406726 0.738494 0.411168 0.743676 0.39816 0.755562 0.392449 0.750686
9 0.735089 0.31149 0.730013 0.315453 0.710025 0.295337 0.714467 0.29046
9 0.744924 0.310271 0.740165 0.314233 0.71986 0.293508 0.724937 0.288936
9 0.76047 0.314233 0.755393 0.3185 0.735723 0.297165 0.740165 0.291984
9 0.771256 0.313319 0.766497 0.316977 0.74651 0.295032 0.751904 0.29107
9 0.797906 0.314843 0.793147 0.319415 0.771891 0.298689 0.776015 0.293813
9 0.808376 0.315757 0.803299 0.319415 0.785216 0.29808 0.789975 0.293813
9 0.734454 0.316062 0.738896 0.322158 0.717005 0.340445 0.711612 0.335264
9 0.745558 0.3185 0.750952 0.324291 0.729378 0.341969 0.723985 0.338007
9 0.758883 0.319415 0.763325 0.323377 0.741751 0.342883 0.736358 0.338616
9 0.785216 0.317586 0.789975 0.321548 0.768718 0.34075 0.763325 0.336178
9 0.794734 0.320024 0.79981 0.325511 0.779188 0.345017 0.774112 0.341359
9 0.810279 0.320329 0.814086 0.324291 0.792195 0.344102 0.787437 0.338921
9 0.822018 0.320329 0.826142 0.324596 0.804251 0.343493 0.799492 0.338007
9 0.834074 0.320024 0.838832 0.324901 0.817893 0.344407 0.812817 0.339226
9 0.845495 0.320939 0.849937 0.326425 0.828997 0.345626 0.823604 0.341055
9 0.859137 0.321548 0.863261 0.326425 0.841688 0.344407 0.837246 0.34014
9 0.39816 0.734227 0.402919 0.739714 0.385787 0.756781 0.380393 0.75221
9 0.375952 0.731484 0.381345 0.73697 0.361675 0.755867 0.354378 0.749771
9 0.868972 0.317281 0.865165 0.321244 0.846447 0.300518 0.850254 0.295642
9 0.347081 0.734837 0.352475 0.740018 0.330901 0.759525 0.326142 0.754953
9 0.552982 0.758001 0.547589 0.762877 0.528871 0.740933 0.533312 0.73697
9 0.565355 0.758001 0.559327 0.763182 0.539975 0.741237 0.544416 0.736056
9 0.577728 0.759829 0.573287 0.763792 0.552982 0.741847 0.557741 0.736666
9 0.590419 0.75922 0.584708 0.764096 0.565038 0.743066 0.570114 0.737885
9 0.613579 0.759525 0.607551 0.763487 0.588832 0.742457 0.594543 0.73758
9 0.504759 0.758305 0.510787 0.762572 0.488579 0.781469 0.482234 0.776593
9 0.529188 0.759525 0.53236 0.764401 0.511739 0.783907 0.506345 0.77964
9 0.540926 0.761963 0.546003 0.76562 0.524112 0.784822 0.519036 0.780555
9 0.553299 0.764401 0.557741 0.768363 0.535533 0.78726 0.531091 0.782993
9 0.588515 0.765011 0.593591 0.768973 0.573604 0.78726 0.567893 0.784517
9 0.61231 0.765925 0.617069 0.770192 0.59486 0.788784 0.590419 0.785126
9 0.494924 0.826882 0.498731 0.832673 0.475888 0.850046 0.470812 0.845474
9 0.499365 0.833892 0.503173 0.838464 0.481282 0.857056 0.47684 0.853398
9 0.536168 0.835416 0.540292 0.839378 0.518084 0.859494 0.513325 0.854313
9 0.557741 0.839683 0.561865 0.84395 0.545051 0.859189 0.539975 0.854617
9 0.504442 0.890582 0.509518 0.884486 0.52665 0.905517 0.519036 0.909174
9 0.336294 0.733008 0.341053 0.73758 0.324239 0.752514 0.318845 0.749162
9 0.85882 0.317281 0.853744 0.320634 0.833439 0.300823 0.837881 0.295946
9 0.882614 0.317586 0.877221 0.321548 0.857234 0.302042 0.861041 0.296556
9 0.886739 0.466321 0.882297 0.470283 0.863579 0.449863 0.86802 0.445291
9 0.804569 0.394697 0.810596 0.399878 0.787437 0.418775 0.783629 0.415422
9 0.831536 0.395002 0.83566 0.399878 0.814086 0.41847 0.808693 0.413898
9 0.843591 0.396221 0.84835 0.399878 0.827728 0.419384 0.821701 0.415727
9 0.869607 0.395002 0.873096 0.399878 0.851206 0.41847 0.846764 0.414813
9 0.879124 0.398964 0.883566 0.40384 0.86231 0.421518 0.856282 0.417556
9 0.890228 0.399878 0.895622 0.405059 0.873414 0.423347 0.868655 0.419994
9 0.72684 0.459921 0.721129 0.463273 0.701777 0.442243 0.70717 0.437367
9 0.737944 0.458702 0.731282 0.462359 0.713198 0.440415 0.718274 0.436452
9 0.750317 0.459006 0.744924 0.463578 0.725254 0.442243 0.73033 0.437671
9 0.765863 0.462664 0.760787 0.467236 0.739848 0.445901 0.745558 0.441938
9 0.77665 0.462664 0.769987 0.466626 0.751269 0.444986 0.756662 0.440415
9 0.78934 0.462969 0.784264 0.466016 0.763959 0.446205 0.767766 0.441329
9 0.801396 0.464188 0.797272 0.467236 0.777284 0.44651 0.781726 0.441938
9 0.814721 0.463273 0.809962 0.46754 0.787754 0.445901 0.794099 0.442243
9 0.827094 0.464493 0.819162 0.46876 0.80203 0.447729 0.806155 0.443158
9 0.848033 0.464493 0.842957 0.46815 0.824556 0.448339 0.830901 0.442243
9 0.861041 0.464797 0.856282 0.46815 0.837563 0.44651 0.843274 0.441634
9 0.875317 0.466321 0.869924 0.471198 0.851206 0.450777 0.85533 0.445291
9 0.818211 0.394697 0.822335 0.398659 0.801396 0.418775 0.796637 0.413898
9 0.793782 0.393478 0.798223 0.398659 0.775698 0.417556 0.772208 0.412374
9 0.894987 0.3185 0.888959 0.322158 0.871193 0.301737 0.875 0.296556
9 0.780457 0.393478 0.784581 0.397745 0.764911 0.416032 0.758883 0.412679
9 0.870876 0.322463 0.875 0.327339 0.854378 0.345626 0.848033 0.341359
9 0.882931 0.322767 0.887056 0.327339 0.866434 0.345626 0.861041 0.341969
9 0.895305 0.324291 0.900381 0.329168 0.879124 0.346541 0.873731 0.342578
9 0.74302 0.386163 0.737944 0.389515 0.718274 0.369704 0.72335 0.364523
9 0.755076 0.386163 0.75 0.390125 0.73033 0.369704 0.734454 0.364218
9 0.768718 0.387991 0.763008 0.391954 0.742069 0.3694 0.746827 0.366352
9 0.780774 0.387687 0.775381 0.391954 0.756028 0.372143 0.760152 0.367266
9 0.791561 0.388906 0.785533 0.392563 0.768084 0.371228 0.77316 0.366657
9 0.804251 0.388601 0.799175 0.391954 0.78014 0.372143 0.785216 0.367571
9 0.817259 0.390125 0.812183 0.393478 0.79283 0.373667 0.797589 0.368485
9 0.829315 0.389515 0.824239 0.393478 0.804569 0.373667 0.808693 0.36879
9 0.841688 0.390125 0.836612 0.393782 0.816624 0.373667 0.822018 0.3694
9 0.854695 0.390735 0.848668 0.395002 0.828997 0.374276 0.833756 0.370009
9 0.866434 0.390735 0.860723 0.395002 0.841053 0.374276 0.845495 0.369704
9 0.890863 0.392868 0.886739 0.396525 0.867386 0.37641 0.872145 0.371533
9 0.751586 0.395611 0.755393 0.400792 0.735406 0.418775 0.729695 0.413593
9 0.769353 0.391649 0.775063 0.396525 0.753173 0.414813 0.746827 0.409936
9 0.317259 0.142335 0.310596 0.136544 0.330266 0.119476 0.334708 0.125876
