10 0.95592 0.490566 0.957649 0.498652 0.935177 0.500674 0.934313 0.491914
10 0.503889 0.325472 0.498704 0.314016 0.539326 0.304582 0.543647 0.315364
10 0.332757 0.578841 0.324978 0.584232 0.305099 0.568059 0.31115 0.561321
10 0.0605013 0.547844 0.0535869 0.550539 0.0414866 0.530997 0.0509939 0.526954
10 0.0440795 0.546496 0.0328436 0.549191 0.0224719 0.533693 0.0328436 0.526954
10 0.241141 0.515499 0.235955 0.522911 0.209162 0.512803 0.21089 0.505391
10 0.333621 0.442049 0.322385 0.442049 0.327571 0.41779 0.337079 0.421159
10 0.665514 0.320755 0.673293 0.311321 0.695765 0.328167 0.687122 0.333558
10 0.683665 0.284367 0.671564 0.274259 0.700951 0.260108 0.708729 0.272237
10 0.0907519 0.394879 0.088159 0.386119 0.113224 0.383423 0.115817 0.392183
10 0.424373 0.631402 0.414866 0.637466 0.39153 0.621294 0.400173 0.612534
10 0.239412 0.313342 0.224719 0.308625 0.235955 0.292453 0.245462 0.296496
10 0.252377 0.290431 0.240277 0.28841 0.24892 0.269542 0.26102 0.272237
10 0.266206 0.268868 0.254105 0.264825 0.264477 0.247305 0.275713 0.251348
10 0.218669 0.247305 0.209162 0.243261 0.216076 0.229111 0.228176 0.231132
10 0.278306 0.243935 0.266206 0.24124 0.275713 0.222372 0.289542 0.224394
10 0.295592 0.130054 0.284356 0.131402 0.287813 0.109164 0.298185 0.107817
10 0.0630942 0.151617 0.0726016 0.15566 0.0674157 0.174528 0.0535869 0.173181
10 0.358686 0.562668 0.34745 0.569407 0.330164 0.553235 0.337079 0.545148
10 0.639585 0.612534 0.647364 0.621968 0.626621 0.634097 0.618842 0.623989
10 0.772688 0.542453 0.781331 0.548518 0.763181 0.565364 0.754538 0.559299
10 0.93172 0.078841 0.932584 0.0842318 0.908384 0.0869272 0.906655 0.0795148
10 0.767502 0.47372 0.778738 0.473046 0.778738 0.492588 0.766638 0.492588
10 0.716508 0.408356 0.727744 0.406334 0.733794 0.423854 0.724287 0.428571
10 0.815903 0.454852 0.818496 0.446092 0.843561 0.452156 0.840104 0.460916
10 0.848747 0.445418 0.849611 0.434636 0.878133 0.440027 0.87554 0.450135
10 0.792567 0.425202 0.796889 0.41442 0.820225 0.422507 0.817632 0.431941
10 0.917891 0.103774 0.920484 0.111186 0.897148 0.115903 0.894555 0.105795
10 0.924806 0.0923181 0.92567 0.100404 0.906655 0.103774 0.902334 0.0950135
10 0.939499 0.0653639 0.942092 0.0734501 0.917891 0.074124 0.916162 0.0667116
10 0.541054 0.674528 0.550562 0.685984 0.527226 0.696092 0.518583 0.686658
10 0.949006 0.0505391 0.953328 0.0586253 0.920484 0.0606469 0.918755 0.0525606
10 0.951599 0.0377358 0.954192 0.0451482 0.933449 0.0491914 0.932584 0.0404313
10 0.788245 0.0822102 0.787381 0.0909704 0.767502 0.0902965 0.764045 0.0828841
10 0.792567 0.0680593 0.793431 0.0781671 0.766638 0.0774933 0.764909 0.0667116
10 0.796889 0.0532345 0.799481 0.0626685 0.778738 0.0660377 0.775281 0.0592992
10 0.802939 0.0411051 0.804667 0.0498652 0.783924 0.0491914 0.781331 0.0397574
10 0.490061 0.802561 0.502161 0.804582 0.494382 0.822102 0.483146 0.820755
12 0.278306 0.237197 0.809853 0.237197 0.809853 0.69407 0.278306 0.69407
