6 0.557085 0.678326 0.909786 0.678326 0.909786 0.866972 0.557085 0.866972
10 0.211009 0.74656 0.211519 0.75 0.202345 0.75 0.202345 0.74656
10 0.37156 0.739106 0.367992 0.739679 0.366972 0.729931 0.37054 0.729931
10 0.33843 0.74656 0.33792 0.749427 0.329766 0.749427 0.329766 0.745986
10 0.340469 0.749427 0.339959 0.745413 0.349134 0.745413 0.349643 0.748853
10 0.370031 0.749427 0.369521 0.752867 0.362385 0.752867 0.361876 0.749427
10 0.368502 0.759748 0.369011 0.763761 0.359837 0.764335 0.359327 0.759174
10 0.37105 0.743693 0.37054 0.747133 0.362895 0.747133 0.362895 0.743693
10 0.336901 0.734518 0.336391 0.738532 0.327217 0.737959 0.327217 0.733372
10 0.348114 0.755734 0.348624 0.758601 0.340979 0.759174 0.340979 0.755161
10 0.369521 0.771789 0.369521 0.775803 0.361366 0.775803 0.361366 0.770642
10 0.37156 0.794151 0.37156 0.798165 0.362385 0.798165 0.362385 0.794151
10 0.37105 0.78211 0.37105 0.787271 0.362385 0.787844 0.361876 0.783257
10 0.37156 0.799885 0.372069 0.803899 0.363405 0.803899 0.363405 0.800459
10 0.347604 0.723624 0.347095 0.727064 0.33945 0.727064 0.339959 0.72305
10 0.301223 0.724771 0.301223 0.728784 0.293068 0.728784 0.293068 0.725917
10 0.37054 0.825688 0.37054 0.829702 0.361366 0.829702 0.361366 0.825115
10 0.382773 0.738532 0.379205 0.739106 0.378695 0.729931 0.382263 0.729931
4 0.513252 0.827408 0.533639 0.826835 0.535168 0.877294 0.514271 0.87844
4 0.48318 0.828555 0.504077 0.827982 0.506116 0.879014 0.4842 0.879014
4 0.453109 0.830275 0.473496 0.829128 0.475025 0.879587 0.454638 0.880161
4 0.416922 0.831422 0.437819 0.830849 0.439348 0.880734 0.417941 0.882454
4 0.385321 0.833716 0.405708 0.831995 0.408257 0.882454 0.38685 0.883601
4 0.510703 0.749427 0.53211 0.749427 0.533639 0.800459 0.511213 0.800459
4 0.480632 0.750573 0.501019 0.75 0.502548 0.800459 0.481142 0.801032
4 0.450561 0.752294 0.470948 0.751147 0.473496 0.801032 0.45209 0.802752
4 0.414373 0.75344 0.434251 0.752867 0.436799 0.804472 0.416412 0.804472
4 0.382263 0.755161 0.40367 0.754014 0.405708 0.804472 0.384302 0.805619
13 0.627421 0.717317 0.837411 0.712156 0.840979 0.818234 0.632518 0.825688
3 0.874618 0.577982 0.787462 0.576835 0.782875 0.474197 0.883282 0.476491
3 0.632008 0.605505 0.626402 0.461009 0.761468 0.461009 0.762487 0.603784
3 0.607034 0.137041 0.675331 0.140482 0.668196 0.211009 0.606524 0.210436
10 0.377166 0.739679 0.374108 0.740252 0.373598 0.729931 0.377166 0.729931
10 0.399592 0.737385 0.396024 0.737959 0.395005 0.727638 0.398573 0.727064
14 0.0331295 0.119839 0.0407747 0.120413 0.0417941 0.138761 0.0351682 0.140482
10 0.246177 0.599771 0.243629 0.596904 0.248216 0.588303 0.251784 0.590596
14 0.0657492 0.442087 0.0835882 0.443234 0.0825688 0.451261 0.0662589 0.449541
14 0.030581 0.540138 0.0372069 0.537844 0.0443425 0.553326 0.0361876 0.557339
14 0.0769623 0.733372 0.0835882 0.736812 0.0764526 0.754014 0.069317 0.74656
14 0.0443425 0.808486 0.049949 0.802179 0.0591233 0.816514 0.0504587 0.819954
14 0.0392457 0.896216 0.0524975 0.897936 0.0514781 0.90711 0.0372069 0.90367
10 0.54791 0.626147 0.550968 0.626147 0.550968 0.634748 0.54791 0.634748
10 0.5158 0.625 0.519878 0.625 0.519878 0.637041 0.51631 0.637615
10 0.570846 0.665711 0.567278 0.665138 0.566769 0.654817 0.570846 0.654817
10 0.518349 0.665138 0.514781 0.665138 0.514271 0.656537 0.517839 0.656537
10 0.311927 0.686927 0.314985 0.686927 0.314475 0.694381 0.311417 0.694381
10 0.32263 0.68406 0.326198 0.68406 0.326198 0.692087 0.32314 0.692661
10 0.275229 0.601491 0.277268 0.599197 0.283894 0.603784 0.281855 0.607225
10 0.245158 0.627294 0.2421 0.625 0.249235 0.615252 0.252294 0.618119
10 0.246177 0.614679 0.244648 0.611812 0.248726 0.605505 0.251274 0.608945
10 0.245158 0.590596 0.243119 0.587729 0.248216 0.580849 0.250765 0.583142
10 0.404689 0.736239 0.401121 0.736239 0.400612 0.726491 0.404689 0.726491
10 0.244139 0.582569 0.2421 0.579702 0.246687 0.573394 0.249745 0.575688
10 0.24159 0.588303 0.239551 0.591743 0.231397 0.581995 0.233945 0.578555
10 0.239551 0.613532 0.238022 0.616399 0.231397 0.608945 0.232926 0.605505
10 0.240571 0.622706 0.239042 0.624427 0.232416 0.618693 0.233945 0.616399
10 0.241081 0.630161 0.239551 0.633028 0.232926 0.62672 0.233945 0.624427
10 0.239551 0.603784 0.238532 0.606651 0.230887 0.599771 0.232926 0.596904
10 0.240061 0.595757 0.238022 0.598624 0.231397 0.591743 0.233945 0.588876
10 0.215087 0.631307 0.212029 0.627867 0.216616 0.620413 0.220183 0.622706
10 0.214067 0.576835 0.216616 0.580275 0.20999 0.586009 0.207441 0.582569
10 0.0626911 0.37328 0.059633 0.37328 0.059633 0.363532 0.0621814 0.364106
10 0.0820591 0.0802752 0.0861366 0.0808486 0.0851172 0.0900229 0.0815494 0.0900229
10 0.0433231 0.0200688 0.0433231 0.016055 0.0514781 0.0166284 0.0509684 0.0206422
10 0.449541 0.723624 0.449032 0.726491 0.440877 0.725917 0.440877 0.722477
10 0.448012 0.717317 0.448012 0.720757 0.441386 0.720757 0.440367 0.717317
3 0.866463 0.159404 0.865443 0.256307 0.782875 0.25344 0.781346 0.154243
