4 0.892916 0.601116 0.926689 0.601116 0.926689 0.66318 0.892916 0.66318
14 0.844316 0.178522 0.868204 0.178522 0.868204 0.201534 0.844316 0.201534
14 0.448929 0.172245 0.481878 0.172245 0.481878 0.184798 0.448929 0.184798
14 0.226524 0.38424 0.247117 0.38424 0.247117 0.417713 0.226524 0.417713
14 0.388797 0.344491 0.421746 0.344491 0.421746 0.358438 0.388797 0.358438
14 0.43575 0.346583 0.475288 0.346583 0.475288 0.361227 0.43575 0.361227
14 0.383855 0.364714 0.42257 0.364714 0.42257 0.377964 0.383855 0.377964
14 0.226524 0.439331 0.246293 0.439331 0.246293 0.473501 0.226524 0.473501
14 0.226524 0.48675 0.239703 0.48675 0.239703 0.517434 0.226524 0.517434
14 0.378913 0.566946 0.414333 0.566946 0.414333 0.582985 0.378913 0.582985
14 0.21911 0.635983 0.235585 0.635983 0.235585 0.662483 0.21911 0.662483
14 0.211697 0.777545 0.234761 0.777545 0.234761 0.808926 0.211697 0.808926
14 0.421746 0.743375 0.456343 0.743375 0.456343 0.760112 0.421746 0.760112
14 0.476936 0.942817 0.514003 0.942817 0.514003 0.958159 0.476936 0.958159
14 0.847611 0.0753138 0.860791 0.0753138 0.860791 0.097629 0.847611 0.097629
14 0.845964 0.0264993 0.872323 0.0264993 0.872323 0.0432357 0.845964 0.0432357
14 0.790774 0.178522 0.817957 0.178522 0.817957 0.198047 0.790774 0.198047
4 0.948105 0.603208 0.971993 0.603208 0.971993 0.664575 0.948105 0.664575
14 0.80313 0.205021 0.828666 0.205021 0.828666 0.220363 0.80313 0.220363
14 0.839374 0.313808 0.85832 0.313808 0.85832 0.338912 0.839374 0.338912
14 0.800659 0.325662 0.829489 0.325662 0.829489 0.354254 0.800659 0.354254
14 0.781713 0.372385 0.810544 0.372385 0.810544 0.387029 0.781713 0.387029
14 0.610379 0.545328 0.650741 0.545328 0.650741 0.564854 0.610379 0.564854
14 0.772652 0.575314 0.80313 0.575314 0.80313 0.59484 0.772652 0.59484
14 0.792422 0.63947 0.81631 0.63947 0.81631 0.663877 0.792422 0.663877
14 0.657331 0.749651 0.698517 0.749651 0.698517 0.76848 0.657331 0.76848
14 0.789951 0.724547 0.813839 0.724547 0.813839 0.754533 0.789951 0.754533
14 0.666392 0.946304 0.691104 0.946304 0.691104 0.963738 0.666392 0.963738
4 0.841845 0.506974 0.874794 0.506974 0.874794 0.56834 0.841845 0.56834
4 0.839374 0.599721 0.871499 0.599721 0.871499 0.661785 0.839374 0.661785
4 0.894563 0.507671 0.930807 0.507671 0.930807 0.570432 0.894563 0.570432
4 0.952224 0.51046 0.976112 0.51046 0.976112 0.570432 0.952224 0.570432
14 0.236409 0.188982 0.252883 0.188982 0.252883 0.220363 0.236409 0.220363
