10 0.932851 0.703258 0.930785 0.708689 0.918044 0.704034 0.920799 0.697052
10 0.173898 0.2436 0.168733 0.246703 0.160124 0.234678 0.165289 0.230023
10 0.0998623 0.122964 0.106405 0.122964 0.105716 0.138092 0.0991736 0.137704
10 0.134986 0.14391 0.140496 0.148177 0.133264 0.163305 0.128099 0.159814
10 0.116391 0.168735 0.122934 0.167572 0.125 0.181924 0.118802 0.183088
10 0.121556 0.198604 0.128788 0.197052 0.131887 0.211792 0.125 0.213732
10 0.125689 0.216835 0.132231 0.215283 0.135675 0.229635 0.129132 0.230411
10 0.184917 0.221102 0.183884 0.226144 0.169766 0.222653 0.170799 0.216835
10 0.136364 0.261443 0.142906 0.260279 0.146694 0.275795 0.139807 0.277735
10 0.963499 0.692785 0.977961 0.699379 0.976584 0.70481 0.961433 0.698991
10 0.140496 0.280838 0.146694 0.279286 0.150138 0.294026 0.143595 0.295966
10 0.145661 0.303336 0.152204 0.302172 0.155647 0.319628 0.14876 0.320791
10 0.157025 0.380528 0.164256 0.38014 0.167011 0.396819 0.160468 0.397595
10 0.0878099 0.253685 0.0874656 0.247867 0.0998623 0.246315 0.100207 0.252909
10 0.0633609 0.260279 0.0623278 0.254849 0.0750689 0.252909 0.0757576 0.257952
12 0.709022 0.562839 0.860882 0.562839 0.860882 0.730799 0.709022 0.730799
10 0.233815 0.631109 0.228306 0.633825 0.22314 0.621024 0.227617 0.617921
10 0.311983 0.928239 0.316116 0.925136 0.322314 0.936385 0.318182 0.939876
10 0.266529 0.801009 0.272727 0.798681 0.27927 0.814197 0.272383 0.8173
10 0.307507 0.26377 0.308884 0.257564 0.320592 0.259891 0.319215 0.266874
10 0.322658 0.266874 0.323691 0.260667 0.338154 0.264546 0.337121 0.271916
10 0.364325 0.288984 0.358815 0.292475 0.35124 0.280838 0.357094 0.276183
10 0.347107 0.978278 0.341942 0.980217 0.335744 0.973235 0.341253 0.969744
10 0.67803 0.0403413 0.672865 0.0442203 0.664601 0.030256 0.670799 0.0267649
10 0.638774 0.0674942 0.634298 0.0702095 0.628444 0.060512 0.633609 0.0570209
10 0.734504 0.927851 0.72865 0.926299 0.731749 0.913499 0.736915 0.914663
10 0.745523 0.898759 0.75 0.899535 0.74759 0.914275 0.74208 0.912723
10 0.724174 0.555081 0.737259 0.544608 0.741047 0.550815 0.72865 0.561288
10 0.847107 0.97789 0.84573 0.983708 0.832989 0.980605 0.834366 0.974011
10 0.867769 0.718386 0.863292 0.714507 0.86949 0.70287 0.874656 0.706749
10 0.881198 0.612102 0.887052 0.610939 0.888085 0.623739 0.882231 0.624515
10 0.923898 0.675718 0.937328 0.681924 0.934917 0.687742 0.921832 0.681924
10 0.942837 0.685803 0.953512 0.690458 0.951791 0.6955 0.94146 0.691234
12 0.191804 0.612878 0.222452 0.612878 0.222452 0.647789 0.191804 0.647789
