9 0.0173228 0.814676 0.0178478 0.803964 0.047769 0.803964 0.047769 0.814676
10 0.186352 0.985003 0.186877 0.994108 0.169554 0.996251 0.168504 0.987681
0 0.35643 0.347616 0.298163 0.279057 0.371654 0.21639 0.428871 0.274772
0 0.407874 0.389395 0.361155 0.340653 0.416273 0.288163 0.459318 0.33369
0 0.226772 0.50241 0.142782 0.492234 0.150131 0.382967 0.239895 0.394751
0 0.392126 0.630959 0.437795 0.587038 0.489764 0.640064 0.447769 0.687734
0 0.888189 0.898768 0.812598 0.816283 0.869291 0.764328 0.945407 0.847349
0 0.71706 0.729513 0.672441 0.674879 0.732283 0.625067 0.778478 0.677558
0 0.671916 0.65774 0.630446 0.613819 0.67664 0.573112 0.716535 0.613283
0 0.607349 0.62346 0.55748 0.554365 0.634121 0.485806 0.691864 0.55383
10 0.191601 0.771826 0.191601 0.780396 0.171129 0.779861 0.171654 0.770755
10 0.113911 0.782003 0.112861 0.790037 0.0971129 0.789502 0.0976378 0.781468
10 0.0220472 0.755222 0.0230971 0.746117 0.0435696 0.747188 0.0425197 0.756294
10 0.114961 0.730584 0.114436 0.739154 0.0971129 0.739154 0.0981627 0.730584
10 0.189501 0.74933 0.188451 0.7579 0.168504 0.757365 0.169554 0.748795
10 0.0178478 0.89609 0.0183727 0.88752 0.0372703 0.888591 0.0367454 0.897161
10 0.0146982 0.930905 0.015748 0.922871 0.0346457 0.925013 0.0335958 0.933048
10 0.186352 0.891269 0.185302 0.900375 0.166404 0.898232 0.167454 0.889663
10 0.0923885 0.478307 0.0981627 0.47188 0.113911 0.486342 0.108136 0.492769
10 0.0934383 0.712373 0.0944882 0.702732 0.116535 0.704339 0.115486 0.71398
10 0.0950131 0.725763 0.0950131 0.716122 0.114961 0.716658 0.114961 0.725228
10 0.0204724 0.768077 0.0204724 0.758972 0.0404199 0.758436 0.039895 0.768077
10 0.0188976 0.790573 0.0199475 0.781468 0.0409449 0.782003 0.0393701 0.791109
10 0.114436 0.755758 0.113386 0.765935 0.0944882 0.764328 0.0950131 0.755758
10 0.0173228 0.884306 0.0183727 0.876272 0.0377953 0.877343 0.0367454 0.885378
10 0.0194226 0.86181 0.0199475 0.852705 0.0341207 0.85324 0.0335958 0.86181
10 0.0167979 0.906802 0.0178478 0.899839 0.0362205 0.901446 0.0351706 0.908409
10 0.0183727 0.920193 0.0183727 0.911623 0.0341207 0.911623 0.0341207 0.919122
10 0.183202 0.962507 0.185827 0.971077 0.165354 0.975897 0.163255 0.967863
0 0.281365 0.272094 0.214173 0.199786 0.288714 0.136047 0.354856 0.19925
