10 0.918238 0.213255 0.917763 0.221807 0.9119 0.215927 0.912851 0.207376
0 0.383616 0.417958 0.376961 0.455906 0.368721 0.437734 0.375693 0.400321
0 0.476945 0.463923 0.490255 0.470871 0.489146 0.500267 0.47536 0.493319
0 0.460149 0.460716 0.472984 0.464992 0.472667 0.494388 0.459674 0.489578
0 0.427191 0.455906 0.440025 0.459113 0.439708 0.486905 0.426557 0.484233
0 0.444462 0.454837 0.457297 0.462854 0.455871 0.491716 0.442402 0.484233
0 0.410711 0.485302 0.418 0.447889 0.425923 0.465526 0.419902 0.504009
0 0.430835 0.512026 0.422279 0.545163 0.415624 0.524853 0.423546 0.491181
0 0.401521 0.529663 0.407859 0.495457 0.416574 0.513629 0.410395 0.54837
0 0.392806 0.576162 0.400095 0.540353 0.40881 0.559059 0.401838 0.595404
0 0.425765 0.556921 0.413722 0.602886 0.404373 0.574025 0.415782 0.529129
0 0.365869 0.512026 0.358105 0.547301 0.350499 0.525922 0.358263 0.493319
0 0.355253 0.439872 0.362383 0.404062 0.36983 0.421165 0.362859 0.460716
0 0.39344 0.37039 0.385834 0.408338 0.377436 0.390166 0.384567 0.353821
0 0.158137 0.760556 0.165109 0.724746 0.171764 0.739711 0.165109 0.777125
0 0.40168 0.325494 0.394708 0.360235 0.386943 0.342598 0.393757 0.306788
0 0.410553 0.276857 0.403423 0.313736 0.394708 0.296098 0.401997 0.259754
0 0.419743 0.230358 0.41293 0.26884 0.405007 0.25334 0.411187 0.216462
0 0.429567 0.181187 0.422437 0.221272 0.41293 0.205238 0.419268 0.164618
0 0.349232 0.19829 0.355887 0.163014 0.363334 0.179583 0.356203 0.216462
0 0.368563 0.223944 0.360957 0.25922 0.353351 0.23891 0.360957 0.204169
0 0.340041 0.246392 0.347172 0.210048 0.353827 0.222875 0.347172 0.261358
0 0.331009 0.291823 0.337981 0.256013 0.34527 0.272582 0.338457 0.310529
0 0.350341 0.315874 0.343527 0.351149 0.335446 0.33458 0.341784 0.297702
0 0.322611 0.339925 0.329108 0.303046 0.33608 0.318012 0.329108 0.35489
0 0.313263 0.385355 0.319759 0.349011 0.32689 0.363976 0.319918 0.399252
0 0.150214 0.806521 0.156235 0.772314 0.162256 0.785142 0.156394 0.820951
0 0.173348 0.774452 0.166218 0.811865 0.160672 0.801176 0.167961 0.76109
0 0.304865 0.431855 0.311203 0.397648 0.318492 0.412079 0.311995 0.450027
0 0.508002 0.355959 0.49485 0.35489 0.495326 0.322822 0.508794 0.323891
0 0.594518 0.235168 0.57994 0.230358 0.580732 0.196686 0.594834 0.200962
0 0.577088 0.22822 0.564253 0.222341 0.565045 0.191876 0.578197 0.197755
0 0.560608 0.224479 0.548091 0.2186 0.549358 0.188669 0.562193 0.194014
0 0.545397 0.221272 0.532404 0.219669 0.532404 0.186531 0.545397 0.188135
0 0.528125 0.220203 0.516241 0.216462 0.516717 0.184928 0.528759 0.188135
0 0.512756 0.213789 0.501188 0.211117 0.50103 0.180652 0.513231 0.182255
0 0.494692 0.211117 0.484551 0.206841 0.485977 0.180118 0.495484 0.185462
0 0.480114 0.212186 0.467279 0.205772 0.469022 0.175842 0.481857 0.183324
0 0.536999 0.303581 0.549992 0.303581 0.550626 0.332443 0.537157 0.332977
0 0.522897 0.295564 0.534305 0.301443 0.533196 0.330305 0.521154 0.323356
0 0.524956 0.359701 0.51228 0.355425 0.513389 0.324425 0.525907 0.330305
0 0.492157 0.355959 0.480273 0.352218 0.482174 0.321219 0.493741 0.325494
0 0.183172 0.733832 0.176676 0.770176 0.169862 0.753608 0.176517 0.719401
0 0.491523 0.29396 0.500555 0.298236 0.499604 0.321753 0.490414 0.316943
0 0.473776 0.289685 0.486611 0.295029 0.485502 0.32496 0.472508 0.320684
0 0.457772 0.288081 0.470765 0.292892 0.469815 0.319081 0.456663 0.314805
0 0.441293 0.284874 0.453811 0.286478 0.453335 0.315874 0.440659 0.31427
0 0.540802 0.482095 0.554746 0.475681 0.556647 0.506146 0.542703 0.512026
0 0.232927 0.705505 0.22643 0.742918 0.217874 0.728487 0.223578 0.688936
0 0.199334 0.7814 0.205673 0.747728 0.212803 0.762694 0.206148 0.7969
0 0.214704 0.800107 0.209317 0.833244 0.202662 0.821486 0.207416 0.78728
0 0.189986 0.823624 0.196799 0.788883 0.203771 0.805986 0.196958 0.841796
0 0.190936 0.69054 0.185549 0.721005 0.17826 0.706574 0.183489 0.674506
0 0.165425 0.717263 0.171288 0.680385 0.179528 0.69535 0.172873 0.736505
0 0.332119 0.412079 0.32689 0.443613 0.318808 0.429182 0.324196 0.397114
0 0.324671 0.457509 0.316115 0.49225 0.308984 0.471406 0.317382 0.437734
10 0.903819 0.718332 0.906988 0.718867 0.906354 0.738108 0.90366 0.737039
0 0.188718 0.229824 0.18238 0.26403 0.175725 0.249065 0.181905 0.214858
0 0.146886 0.69054 0.141024 0.721005 0.133576 0.706574 0.140073 0.671833
0 0.138647 0.732763 0.131675 0.769107 0.124228 0.754142 0.131992 0.716195
0 0.130249 0.779262 0.123594 0.816141 0.116146 0.800641 0.122643 0.761625
0 0.105213 0.804917 0.111234 0.773383 0.117414 0.785676 0.112502 0.818813
0 0.0687688 0.760556 0.07479 0.728487 0.0812866 0.743453 0.0752654 0.774987
0 0.0770084 0.714057 0.0828712 0.680919 0.0917446 0.70016 0.0850895 0.734901
0 0.114087 0.636558 0.104738 0.687867 0.093646 0.663282 0.102995 0.613041
0 0.155443 0.414751 0.147203 0.448958 0.140865 0.43132 0.148471 0.396045
0 0.146728 0.346873 0.153858 0.313736 0.161464 0.331908 0.155126 0.366114
0 0.171922 0.318012 0.16495 0.354356 0.158295 0.338322 0.16495 0.302512
0 0.161623 0.250668 0.169704 0.217531 0.179052 0.245323 0.171447 0.27953
0 0.174299 0.209514 0.180479 0.180118 0.186341 0.193479 0.180479 0.222875
0 0.175566 0.554249 0.182063 0.516836 0.189193 0.53287 0.181905 0.570283
0 0.18238 0.158739 0.18856 0.127205 0.197433 0.145377 0.190778 0.179583
0 0.157344 0.176911 0.148629 0.219669 0.139756 0.197221 0.148154 0.156066
0 0.146728 0.222875 0.139756 0.259754 0.131992 0.242651 0.139439 0.206307
0 0.141499 0.266168 0.131358 0.315874 0.120583 0.290754 0.130724 0.239979
0 0.119632 0.364511 0.113453 0.392838 0.107115 0.375735 0.113136 0.346873
0 0.145936 0.459647 0.141024 0.491716 0.132626 0.47675 0.138488 0.445216
0 0.111551 0.530732 0.119157 0.494923 0.126604 0.510957 0.119632 0.552111
0 0.102836 0.45163 0.0961813 0.489043 0.0876248 0.472475 0.0944383 0.433993
0 0.0749485 0.592731 0.0697195 0.619455 0.0644906 0.609834 0.069878 0.580438
0 0.059737 0.683057 0.052765 0.719401 0.0442085 0.698557 0.0521312 0.662747
0 0.051022 0.726884 0.0435747 0.764297 0.0354936 0.746125 0.0429409 0.708712
0 0.126921 0.668626 0.135795 0.6248 0.145619 0.645644 0.138013 0.69054
0 0.202345 0.530732 0.194422 0.568145 0.187926 0.553715 0.195056 0.513629
0 0.295833 0.47675 0.302171 0.444682 0.309143 0.460716 0.303122 0.491716
0 0.270163 0.329236 0.277927 0.290219 0.286325 0.306253 0.279037 0.347942
0 0.314213 0.50775 0.308509 0.53768 0.300903 0.521112 0.306766 0.489578
0 0.286484 0.521646 0.292188 0.490647 0.299477 0.503474 0.293931 0.537146
0 0.306132 0.552646 0.299319 0.587921 0.290445 0.567611 0.298051 0.53287
0 0.277452 0.569749 0.284424 0.53768 0.291396 0.552111 0.285058 0.587386
0 0.225638 0.563335 0.233402 0.524853 0.240849 0.540887 0.23356 0.583645
0 0.235779 0.516301 0.241325 0.483699 0.249089 0.495457 0.24386 0.529663
0 0.263825 0.494923 0.256219 0.531267 0.248138 0.511491 0.255744 0.474078
0 0.244018 0.470871 0.251307 0.433458 0.259071 0.452165 0.251624 0.487974
0 0.272382 0.448958 0.265093 0.484768 0.257962 0.469268 0.264776 0.43132
0 0.252733 0.422769 0.259864 0.386959 0.267469 0.402459 0.260814 0.441475
0 0.280938 0.399252 0.274283 0.437199 0.266677 0.420631 0.272382 0.381614
0 0.299319 0.307857 0.291713 0.343666 0.284582 0.326563 0.291554 0.289685
0 0.211694 0.484768 0.205039 0.521646 0.198225 0.506681 0.205197 0.469802
0 0.280938 0.283271 0.287435 0.250134 0.293931 0.264564 0.287435 0.298236
0 0.308192 0.25922 0.301854 0.297167 0.29409 0.282202 0.300586 0.24372
0 0.316273 0.213255 0.308826 0.249065 0.301695 0.230893 0.308509 0.195083
0 0.326731 0.167825 0.319284 0.204703 0.309935 0.185462 0.317065 0.14698
0 0.244652 0.180652 0.252892 0.141635 0.260181 0.159273 0.252892 0.198824
0 0.256536 0.250134 0.249089 0.287547 0.242592 0.271513 0.249723 0.234099
0 0.248138 0.297702 0.241642 0.337253 0.23261 0.321753 0.239582 0.280599
0 0.238314 0.345804 0.232293 0.379476 0.224846 0.363976 0.230391 0.330305
0 0.212645 0.366649 0.21819 0.339391 0.223895 0.351684 0.218349 0.380011
0 0.230391 0.394441 0.223261 0.427579 0.216447 0.412079 0.223578 0.378942
0 0.202979 0.411545 0.209317 0.381614 0.215021 0.393907 0.208842 0.42651
0 0.568056 0.370925 0.556013 0.362373 0.558073 0.32496 0.570274 0.331908
0 0.588496 0.361839 0.574869 0.358632 0.575503 0.323891 0.589764 0.328167
0 0.607669 0.365045 0.591507 0.363442 0.592299 0.32496 0.607669 0.328701
10 0.498336 0.690005 0.495009 0.690005 0.495167 0.669161 0.498336 0.668626
10 0.516558 0.505077 0.518143 0.511491 0.513389 0.524319 0.511646 0.516301
10 0.521787 0.534474 0.520044 0.528594 0.523847 0.515232 0.525432 0.521646
10 0.517984 0.515767 0.519569 0.522181 0.515449 0.534474 0.513548 0.528594
10 0.518618 0.544094 0.520044 0.551042 0.515925 0.562266 0.514498 0.556387
10 0.518618 0.598076 0.520044 0.606093 0.515608 0.617851 0.514182 0.611438
10 0.536999 0.610369 0.535256 0.618386 0.530502 0.605559 0.532721 0.597007
10 0.521629 0.601817 0.520044 0.596472 0.52353 0.585783 0.525115 0.592197
10 0.505784 0.584714 0.508477 0.586852 0.507051 0.606093 0.504674 0.603421
10 0.532087 0.702833 0.529393 0.700695 0.530502 0.67985 0.533196 0.681988
10 0.507685 0.725281 0.510537 0.725815 0.51022 0.747728 0.507368 0.747194
10 0.502139 0.691609 0.49897 0.691609 0.499287 0.665954 0.502139 0.667023
10 0.266994 0.695885 0.264459 0.695885 0.264617 0.676644 0.267469 0.677712
10 0.528442 0.701764 0.526224 0.700695 0.526383 0.680919 0.528918 0.681988
10 0.279987 0.69535 0.276977 0.694816 0.277452 0.672902 0.280304 0.673437
10 0.287752 0.695885 0.284899 0.69535 0.285058 0.677712 0.287752 0.678247
10 0.297893 0.694816 0.29504 0.693747 0.295516 0.675575 0.298209 0.676644
10 0.29409 0.693747 0.291238 0.693212 0.291713 0.677178 0.29409 0.677712
10 0.290604 0.695885 0.287752 0.694281 0.288544 0.673437 0.291238 0.674506
10 0.284107 0.695885 0.281413 0.695885 0.281413 0.678247 0.284107 0.678781
10 0.263033 0.820951 0.26541 0.823624 0.263667 0.848744 0.260973 0.845537
10 0.268737 0.845537 0.266043 0.845537 0.266836 0.828968 0.269054 0.829503
10 0.275709 0.846072 0.273015 0.845003 0.273491 0.827365 0.276026 0.828434
10 0.279512 0.845537 0.277611 0.838055 0.282839 0.822555 0.284424 0.829503
10 0.362383 0.862106 0.359689 0.861037 0.360006 0.844468 0.3627 0.844468
10 0.540168 0.508819 0.538742 0.515232 0.533671 0.50294 0.535256 0.495457
10 0.528759 0.734901 0.531453 0.736505 0.531136 0.75628 0.528601 0.755211
0 0.631913 0.269909 0.632071 0.230358 0.641261 0.230893 0.641578 0.26884
10 0.928221 0.735436 0.929964 0.728487 0.934717 0.743453 0.933133 0.750935
10 0.984155 0.75628 0.981936 0.755746 0.98257 0.738642 0.984788 0.739711
10 0.979876 0.756815 0.977817 0.754677 0.979876 0.738642 0.982095 0.741849
10 0.971637 0.733832 0.973697 0.741849 0.969418 0.755746 0.967359 0.749332
10 0.860561 0.414217 0.858976 0.421165 0.853747 0.406734 0.85549 0.399252
10 0.860719 0.400855 0.858976 0.407269 0.854698 0.394441 0.8566 0.387493
10 0.844082 0.643506 0.846617 0.644041 0.846142 0.659006 0.843765 0.658471
10 0.846142 0.523784 0.848835 0.523784 0.84836 0.547835 0.845666 0.547835
10 0.880843 0.49225 0.884012 0.49225 0.88417 0.515767 0.881477 0.515232
10 0.912534 0.607696 0.909998 0.606093 0.910315 0.587386 0.913009 0.588455
10 0.885121 0.603421 0.88528 0.594869 0.891142 0.595404 0.891142 0.603421
10 0.933291 0.737573 0.934559 0.730091 0.940421 0.742384 0.939312 0.749866
10 0.885913 0.742918 0.883061 0.739711 0.885438 0.718332 0.888449 0.722074
10 0.522263 0.729556 0.524956 0.730625 0.524164 0.755211 0.521629 0.754142
10 0.893202 0.71566 0.896688 0.718867 0.89447 0.74078 0.891459 0.738108
10 0.737918 0.775521 0.741245 0.776056 0.740612 0.7969 0.737759 0.796366
9 0.717794 0.499198 0.714308 0.499198 0.714784 0.460182 0.718428 0.461785
9 0.71621 0.5783 0.716051 0.566542 0.726509 0.566542 0.726351 0.5783
10 0.661068 0.696419 0.663603 0.695885 0.663603 0.713522 0.661543 0.714057
10 0.64554 0.750401 0.648233 0.75147 0.647916 0.769642 0.645381 0.768573
10 0.634606 0.747728 0.637141 0.748797 0.636508 0.766435 0.634131 0.765901
10 0.60244 0.578835 0.605134 0.579369 0.604817 0.59861 0.602282 0.598076
10 0.605609 0.560128 0.607986 0.560128 0.608145 0.579369 0.605926 0.578835
10 0.605768 0.537146 0.608303 0.537146 0.608145 0.556387 0.605926 0.555318
10 0.609887 0.543025 0.612581 0.543025 0.612264 0.564939 0.609729 0.564404
10 0.364126 0.839123 0.366661 0.840192 0.365869 0.862106 0.363651 0.860502
10 0.374584 0.863709 0.371573 0.863175 0.372049 0.841796 0.374743 0.84233
10 0.378704 0.863175 0.375852 0.863709 0.375535 0.845537 0.378387 0.845537
0 0.871811 0.246927 0.871811 0.300909 0.859927 0.300374 0.860244 0.245323
10 0.386785 0.866382 0.38425 0.865313 0.384725 0.845003 0.387577 0.845003
10 0.370464 0.861571 0.367771 0.861037 0.368087 0.84233 0.371257 0.84233
0 0.680875 0.337253 0.680399 0.29396 0.690382 0.291823 0.69054 0.336184
0 0.994613 0.258151 0.99382 0.300909 0.983996 0.298236 0.984313 0.255478
0 0.967992 0.295029 0.969577 0.250134 0.981778 0.255478 0.980986 0.300909
0 0.951196 0.266168 0.923467 0.336718 0.909682 0.270444 0.937411 0.204703
0 0.826177 0.358632 0.827286 0.321219 0.836634 0.323356 0.836001 0.362373
0 0.847568 0.297167 0.8463 0.336718 0.838219 0.334046 0.83917 0.293426
0 0.826969 0.305184 0.82792 0.266168 0.837268 0.269375 0.836634 0.308391
0 0.823166 0.246927 0.832198 0.216996 0.838061 0.236237 0.829187 0.267237
0 0.848677 0.239444 0.847568 0.287547 0.837427 0.283805 0.838219 0.236772
0 0.889083 0.298236 0.890192 0.254944 0.899224 0.256547 0.898114 0.301443
10 0.431944 0.657937 0.43242 0.667557 0.425606 0.669695 0.425448 0.660609
0 0.898273 0.476216 0.889241 0.519508 0.880526 0.498129 0.88829 0.45644
0 0.892093 0.683057 0.909998 0.691609 0.908097 0.738642 0.891301 0.731694
0 0.889241 0.549973 0.896371 0.582576 0.888766 0.601817 0.881318 0.56868
0 0.795278 0.40139 0.79401 0.44201 0.783394 0.437199 0.784186 0.398183
0 0.799715 0.294495 0.798923 0.33458 0.789891 0.332977 0.790366 0.291823
0 0.80019 0.230893 0.799873 0.27365 0.791475 0.271513 0.791158 0.229289
0 0.77975 0.301978 0.780542 0.261892 0.790524 0.263495 0.789732 0.305719
0 0.727777 0.276857 0.728094 0.228755 0.739502 0.229824 0.738869 0.278461
0 0.750119 0.282737 0.74901 0.343132 0.7357 0.338322 0.736809 0.27953
0 0.627634 0.464458 0.627476 0.424372 0.637458 0.424906 0.636983 0.46713
0 0.628743 0.413683 0.628743 0.373063 0.637617 0.372528 0.637934 0.412614
10 0.47742 0.737039 0.474568 0.73597 0.475044 0.718332 0.477896 0.719401
10 0.479163 0.69054 0.476153 0.690005 0.47647 0.672368 0.479322 0.672368
10 0.482649 0.690005 0.479956 0.688936 0.480273 0.672902 0.482649 0.673437
10 0.486452 0.689471 0.483917 0.689471 0.483917 0.671833 0.486769 0.671299
10 0.475044 0.69054 0.47235 0.690005 0.472984 0.672902 0.475519 0.673437
10 0.473459 0.714057 0.473142 0.724746 0.466012 0.722074 0.466329 0.711384
10 0.850103 0.867451 0.852638 0.867985 0.851688 0.889898 0.849311 0.88883
10 0.849152 0.477819 0.846617 0.477819 0.846617 0.460182 0.849152 0.459113
10 0.791158 0.579369 0.790683 0.589524 0.784503 0.585249 0.785137 0.575094
10 0.665029 0.697488 0.667406 0.697488 0.667248 0.71566 0.664871 0.71566
10 0.65061 0.69535 0.653462 0.69535 0.652987 0.713522 0.650293 0.712453
10 0.649659 0.713522 0.647124 0.712988 0.647599 0.691609 0.650135 0.691609
10 0.600539 0.631213 0.603074 0.631213 0.602757 0.649385 0.60038 0.64992
10 0.581841 0.58899 0.584376 0.58899 0.583901 0.607162 0.581366 0.606627
10 0.578197 0.586852 0.580732 0.587921 0.580257 0.606093 0.577721 0.605024
10 0.538583 0.575094 0.536999 0.582042 0.532245 0.567076 0.534305 0.559594
10 0.542069 0.501871 0.54001 0.505612 0.536999 0.490647 0.539376 0.485836
10 0.518301 0.529663 0.520044 0.53768 0.515449 0.549973 0.513706 0.543025
10 0.518301 0.55799 0.519886 0.565473 0.515925 0.5783 0.51434 0.570818
10 0.521154 0.560663 0.519727 0.553715 0.524006 0.541422 0.525432 0.548904
10 0.518777 0.570818 0.520203 0.578835 0.515766 0.591662 0.514182 0.584714
10 0.518618 0.730625 0.521312 0.731694 0.520837 0.750935 0.518301 0.750401
10 0.517192 0.752539 0.514498 0.75147 0.515132 0.731694 0.517668 0.732763
10 0.511488 0.731694 0.514182 0.731694 0.513548 0.750935 0.511013 0.750401
10 0.44161 0.791555 0.438758 0.791021 0.439392 0.768038 0.442244 0.768573
10 0.494375 0.691074 0.491206 0.69054 0.491523 0.672368 0.494216 0.672902
10 0.490255 0.692678 0.487561 0.691074 0.488195 0.672902 0.491047 0.673971
0 0.0416733 0.769107 0.0366028 0.809193 0.0283632 0.796366 0.0331168 0.755746
