10 0.393429 0.358006 0.407751 0.358761 0.405223 0.38142 0.392586 0.38142
10 0.41112 0.359517 0.4246 0.359517 0.423757 0.384441 0.410278 0.383686
10 0.455771 0.253776 0.46925 0.253776 0.467565 0.27719 0.455771 0.276435
10 0.42123 0.251511 0.434709 0.251511 0.434709 0.277946 0.422915 0.277946
10 0.339511 0.25 0.353833 0.25 0.352148 0.276435 0.338669 0.27568
10 0.287279 0.25 0.302443 0.25 0.299916 0.27568 0.285594 0.27568
10 0.134794 0.238671 0.135636 0.225076 0.169334 0.225076 0.16765 0.238671
10 0.134794 0.22281 0.134794 0.210725 0.165965 0.20997 0.165965 0.22281
10 0.245998 0.191088 0.245156 0.206193 0.21567 0.205438 0.21567 0.191088
10 0.249368 0.162387 0.249368 0.175227 0.216512 0.173716 0.217355 0.160121
4 0.296546 0.0483384 0.3631 0.0506042 0.35973 0.176737 0.294019 0.176737
4 0.406066 0.0506042 0.473463 0.0513595 0.468408 0.179003 0.401011 0.176737
4 0.515586 0.0528701 0.58214 0.0543807 0.577928 0.182024 0.509688 0.181269
4 0.663858 0.308912 0.732098 0.311178 0.728728 0.438066 0.663858 0.436556
4 0.775063 0.311178 0.84246 0.311934 0.83909 0.441088 0.770851 0.438822
4 0.550126 0.52719 0.618366 0.529456 0.614153 0.655589 0.548441 0.654834
4 0.658804 0.528701 0.727043 0.530211 0.722831 0.65861 0.656276 0.6571
4 0.769166 0.530967 0.83572 0.532477 0.83235 0.660121 0.768324 0.659366
14 0.197136 0.789275 0.333614 0.885196 0.249368 0.987915 0.110362 0.895015
10 0.524853 0.259063 0.538332 0.259063 0.536647 0.286254 0.523168 0.286254
10 0.428812 0.358006 0.443134 0.358006 0.442291 0.382931 0.428812 0.382931
10 0.463353 0.463746 0.497894 0.464502 0.497894 0.475076 0.461668 0.475076
10 0.37658 0.359517 0.390059 0.359517 0.389217 0.386707 0.375737 0.385196
10 0.27043 0.422961 0.284751 0.422961 0.283909 0.452417 0.269587 0.451662
10 0.21567 0.237915 0.246841 0.238671 0.245998 0.249245 0.21567 0.249245
10 0.135636 0.241692 0.166807 0.242447 0.165122 0.253776 0.134794 0.253776
10 0.217355 0.111027 0.248526 0.111782 0.247683 0.123867 0.216512 0.122356
10 0.139848 0.113293 0.168492 0.113293 0.168492 0.124622 0.139848 0.124622
10 0.491997 0.497734 0.492839 0.510574 0.461668 0.509819 0.461668 0.496224
10 0.364785 0.476586 0.364785 0.463746 0.393429 0.464502 0.392586 0.478097
10 0.36647 0.492447 0.36647 0.479607 0.395114 0.480363 0.394271 0.493202
10 0.367313 0.524169 0.367313 0.511329 0.396799 0.511329 0.396799 0.524924
10 0.363943 0.509819 0.365628 0.495468 0.397641 0.496224 0.397641 0.510574
10 0.265375 0.452417 0.251053 0.451662 0.251896 0.424471 0.266217 0.425982
10 0.217355 0.42145 0.217355 0.407855 0.250211 0.407855 0.249368 0.42145
10 0.219882 0.404079 0.219882 0.391994 0.250211 0.391994 0.251053 0.405589
10 0.218197 0.391239 0.21904 0.377644 0.248526 0.378399 0.248526 0.391994
10 0.217355 0.375378 0.217355 0.361027 0.251053 0.361782 0.251053 0.376133
10 0.32519 0.353474 0.342039 0.353474 0.340354 0.382175 0.32519 0.382175
10 0.343724 0.35574 0.358045 0.356495 0.355518 0.382931 0.342881 0.38142
14 0.0261163 0.938066 0.130581 0.912387 0.149958 0.977341 0.0454928 1
