10 0.896501 0.91504 0.931487 0.9093 0.93586 0.956372 0.899417 0.960964
10 0.912536 0.145809 0.944606 0.142365 0.956268 0.188289 0.924198 0.195178
10 0.325073 0.907003 0.3207 0.928817 0.274052 0.927669 0.274052 0.9093
10 0.325073 0.879449 0.323615 0.900115 0.268222 0.903559 0.266764 0.884041
10 0.329446 0.853042 0.327988 0.877153 0.258017 0.881745 0.263848 0.857635
10 0.319242 0.83008 0.319242 0.850746 0.263848 0.857635 0.260933 0.839265
10 0.317784 0.80023 0.319242 0.827784 0.258017 0.83008 0.262391 0.803674
10 0.0641399 0.69116 0.0947522 0.690011 0.0962099 0.758898 0.0612245 0.76349
9 0.0932945 0.0459242 0.107872 0.0160735 0.205539 0.0459242 0.19242 0.0746269
9 0.453353 0.246843 0.491254 0.264064 0.434402 0.347876 0.395044 0.334099
10 0.0218659 0.707233 0.0539359 0.702641 0.0568513 0.76349 0.0233236 0.766935
10 0.100583 0.712974 0.131195 0.714122 0.134111 0.749713 0.103499 0.752009
10 0.868805 0.153846 0.906706 0.146958 0.91691 0.192882 0.881924 0.197474
10 0.835277 0.921929 0.864431 0.917336 0.874636 0.967853 0.846939 0.971297
10 0.800292 0.152698 0.830904 0.149254 0.83965 0.19403 0.813411 0.19977
10 0.766764 0.164179 0.803207 0.159587 0.813411 0.210103 0.781341 0.215844
10 0.736152 0.168772 0.765306 0.160735 0.776968 0.206659 0.749271 0.2124
10 0.706997 0.168772 0.734694 0.161883 0.744898 0.2124 0.718659 0.213548
9 0.530612 0.564868 0.495627 0.564868 0.489796 0.475316 0.527697 0.47302
9 0.672012 0.662457 0.666181 0.683123 0.559767 0.667049 0.56414 0.641791
9 0.521866 0.634902 0.523324 0.662457 0.419825 0.673938 0.412536 0.650976
9 0.51895 0.244546 0.546647 0.26062 0.502915 0.32721 0.469388 0.314581
9 0.415452 0.254879 0.441691 0.268657 0.393586 0.336395 0.361516 0.326062
9 0.311953 0.270953 0.342566 0.289323 0.284257 0.354765 0.250729 0.340987
10 0.344023 0.960964 0.351312 0.980482 0.293003 0.991963 0.284257 0.973594
10 0.447522 0.811711 0.473761 0.811711 0.473761 0.854191 0.447522 0.854191
10 0.475219 0.809414 0.497085 0.807118 0.507289 0.847302 0.485423 0.854191
10 0.502915 0.801378 0.530612 0.795637 0.537901 0.841561 0.511662 0.84845
10 0.776968 0.921929 0.80758 0.918485 0.816327 0.958668 0.787172 0.963261
10 0.730321 0.934558 0.753644 0.932262 0.75656 0.972445 0.734694 0.97589
10 0.698251 0.93915 0.725948 0.934558 0.731778 0.978186 0.706997 0.982778
10 0.666181 0.940299 0.698251 0.936854 0.698251 0.980482 0.669096 0.982778
10 0.61516 0.947187 0.644315 0.941447 0.650146 0.989667 0.618076 0.990815
10 0.558309 0.952928 0.590379 0.949483 0.593294 0.990815 0.567055 0.994259
10 0.860058 0.864524 0.889213 0.863375 0.890671 0.913892 0.868805 0.917336
10 0.829446 0.870264 0.855685 0.865672 0.862974 0.91504 0.835277 0.921929
10 0.797376 0.878301 0.825073 0.874856 0.833819 0.916188 0.80758 0.919633
10 0.746356 0.879449 0.776968 0.877153 0.781341 0.921929 0.753644 0.924225
10 0.714286 0.873708 0.744898 0.867968 0.753644 0.918485 0.727405 0.923077
10 0.682216 0.887486 0.712828 0.881745 0.723032 0.934558 0.695335 0.936854
10 0.637026 0.878301 0.663265 0.877153 0.669096 0.934558 0.641399 0.936854
10 0.492711 0.908152 0.521866 0.904707 0.527697 0.954076 0.498542 0.95752
10 0.463557 0.913892 0.488338 0.910448 0.501458 0.954076 0.472303 0.960964
10 0.709913 0.769231 0.739067 0.765786 0.74344 0.826636 0.717201 0.827784
10 0.673469 0.785304 0.705539 0.78186 0.714286 0.831228 0.685131 0.834673
10 0.618076 0.794489 0.645773 0.793341 0.650146 0.835821 0.622449 0.839265
10 0.591837 0.796785 0.61516 0.795637 0.620991 0.841561 0.59621 0.843858
10 0.562682 0.80023 0.588921 0.796785 0.591837 0.84271 0.568513 0.846154
10 0.534985 0.794489 0.556851 0.794489 0.562682 0.840413 0.539359 0.841561
9 0.258017 0.277842 0.285714 0.292767 0.228863 0.358209 0.198251 0.343284
