10 0.895715 0.015814 0.902991 0.0204651 0.897736 0.0595349 0.890461 0.0548837
0 0.717866 0.818605 0.751819 0.846512 0.745352 0.893953 0.709782 0.865116
10 0.740501 0.218605 0.742926 0.203721 0.756669 0.213953 0.75384 0.229767
10 0.740501 0.195349 0.742522 0.180465 0.756265 0.192558 0.754244 0.206512
10 0.821342 0.218605 0.818917 0.234419 0.801536 0.223256 0.803153 0.206512
10 0.831851 0.147907 0.82983 0.164651 0.812449 0.152558 0.81447 0.135814
0 0.975748 0.444651 0.964026 0.515349 0.940178 0.492093 0.951496 0.422326
0 0.934923 0.461395 0.90865 0.513488 0.893694 0.469767 0.919563 0.418605
0 0.511722 0.673488 0.545675 0.698605 0.539208 0.744186 0.504446 0.71907
0 0.637025 0.762791 0.66734 0.785116 0.660065 0.829767 0.629749 0.805581
0 0.674616 0.792558 0.708569 0.813953 0.702102 0.864186 0.668553 0.84186
0 0.706952 0.577674 0.734438 0.595349 0.728375 0.645581 0.701293 0.626977
10 0.736055 0.221395 0.752627 0.233488 0.751011 0.248372 0.734438 0.236279
0 0.661681 0.553488 0.693614 0.572093 0.689167 0.621395 0.656427 0.60186
0 0.622878 0.514419 0.655214 0.544186 0.64713 0.593488 0.614794 0.565581
0 0.58367 0.486512 0.616815 0.509767 0.610348 0.56093 0.577203 0.537674
0 0.546079 0.453953 0.573161 0.476279 0.565481 0.528372 0.536378 0.504186
0 0.502829 0.432558 0.529911 0.449302 0.524252 0.497674 0.497171 0.482791
0 0.462409 0.40186 0.49515 0.428837 0.489086 0.475349 0.454729 0.448372
0 0.554568 0.28093 0.564673 0.187907 0.595392 0.210233 0.584074 0.303256
0 0.485044 0.231628 0.495958 0.16 0.519402 0.182326 0.508892 0.253023
0 0.25869 0.247442 0.288601 0.269767 0.279305 0.329302 0.250606 0.306047
10 0.751819 0.114419 0.75384 0.100465 0.770008 0.110698 0.768391 0.126512
10 0.754244 0.095814 0.755861 0.0818605 0.772433 0.0930233 0.770412 0.107907
10 0.773646 0.0734884 0.770412 0.0911628 0.755053 0.0781395 0.757882 0.0613953
10 0.76152 0.0362791 0.763541 0.0204651 0.78173 0.0353488 0.779305 0.0511628
10 0.795877 0.264186 0.811641 0.27814 0.808812 0.293953 0.793856 0.28
10 0.807599 0.186977 0.823363 0.19907 0.820938 0.214884 0.805578 0.202791
10 0.809216 0.165581 0.825788 0.175814 0.824171 0.194419 0.807599 0.182326
10 0.818108 0.0976744 0.837914 0.111628 0.835893 0.128372 0.816492 0.113488
10 0.819321 0.11907 0.834681 0.130233 0.833064 0.145116 0.817704 0.133953
10 0.827809 0.0409302 0.844382 0.052093 0.842361 0.0669767 0.826192 0.0567442
10 0.763541 0.0139535 0.765966 0.00186047 0.782134 0.0148837 0.780113 0.0260465
10 0.759499 0.055814 0.761116 0.0409302 0.775667 0.052093 0.773646 0.0660465
10 0.664511 0.0297674 0.662086 0.0427907 0.649151 0.0316279 0.651576 0.0176744
10 0.629345 0.197209 0.62692 0.212093 0.613581 0.20093 0.616815 0.186977
10 0.889248 0.425116 0.887227 0.44186 0.871463 0.431628 0.873484 0.413953
10 0.891269 0.402791 0.889652 0.419535 0.873888 0.410233 0.875909 0.394419
10 0.895715 0.378605 0.893694 0.394419 0.874697 0.385116 0.876314 0.369302
10 0.816087 0.255814 0.814066 0.273488 0.796686 0.261395 0.799111 0.243721
10 0.818513 0.24 0.816492 0.254884 0.801536 0.242791 0.803961 0.227907
10 0.87793 0.012093 0.885206 0.0167442 0.88076 0.0483721 0.873888 0.0427907
10 0.84034 0.0930233 0.838723 0.108837 0.823363 0.100465 0.82498 0.0846512
10 0.823767 0.0762791 0.825788 0.0595349 0.839935 0.0706977 0.838319 0.0865116
10 0.828213 0.0362791 0.830639 0.0186047 0.848019 0.0325581 0.84519 0.0483721
0 0.104285 0.388837 0.137833 0.403721 0.133791 0.463256 0.100647 0.448372
