14 0.0150517 0.948954 0.037159 0.932218 0.0404516 0.951464 0.0178739 0.967364
4 0.832079 0.589121 0.853246 0.574895 0.868297 0.65523 0.847131 0.667782
4 0.770931 0.626778 0.792098 0.613389 0.80762 0.692887 0.786924 0.706276
4 0.738476 0.646025 0.759643 0.632636 0.775165 0.712971 0.753998 0.72636
4 0.706961 0.666109 0.728128 0.65272 0.74318 0.732218 0.722484 0.74477
4 0.675447 0.685356 0.696613 0.671967 0.712135 0.750628 0.690969 0.764854
4 0.245061 0.459414 0.262935 0.435983 0.290216 0.504603 0.271872 0.52887
4 0.273754 0.421757 0.291627 0.398326 0.318909 0.467782 0.301035 0.490377
4 0.303387 0.384937 0.321731 0.362343 0.349012 0.430962 0.330668 0.453556
4 0.344779 0.48954 0.362653 0.466109 0.390405 0.534728 0.372531 0.557322
4 0.315616 0.527197 0.33302 0.502929 0.360301 0.572385 0.343368 0.595816
4 0.286453 0.564017 0.303857 0.541423 0.331138 0.609205 0.313264 0.632636
4 0.184384 0.692887 0.202728 0.669456 0.229539 0.738912 0.211665 0.761506
4 0.155221 0.729707 0.173095 0.707113 0.200376 0.775732 0.182502 0.798326
4 0.125118 0.768201 0.143462 0.743933 0.171214 0.812552 0.152399 0.83682
4 0.142521 0.589121 0.160865 0.564854 0.188147 0.633473 0.170273 0.656067
4 0.113829 0.625941 0.131703 0.60251 0.158984 0.67113 0.14064 0.694561
4 0.801505 0.607531 0.821731 0.594979 0.836783 0.674477 0.816557 0.687029
14 0.889934 0.465272 0.908749 0.453556 0.919097 0.506276 0.899341 0.517155
14 0.0663217 0.905439 0.079492 0.894561 0.0898401 0.941423 0.0771402 0.949791
4 0.837253 0.343096 0.857949 0.327197 0.875353 0.405858 0.854186 0.420084
4 0.67921 0.189121 0.700376 0.174895 0.715428 0.254393 0.693791 0.267782
4 0.644873 0.209205 0.66604 0.194979 0.681091 0.274477 0.660395 0.287866
4 0.604892 0.232636 0.625588 0.219247 0.64111 0.298745 0.619944 0.311297
4 0.572437 0.25272 0.593603 0.238494 0.608184 0.318828 0.587018 0.331381
4 0.539981 0.271967 0.561148 0.258577 0.576199 0.338075 0.555033 0.352301
4 0.579962 0.400837 0.601129 0.386611 0.616651 0.466946 0.595484 0.478661
4 0.611007 0.380753 0.631703 0.367364 0.647225 0.446862 0.626058 0.461088
4 0.651458 0.357322 0.671684 0.343096 0.686736 0.420921 0.66651 0.435146
4 0.685325 0.335565 0.70508 0.322176 0.721543 0.401674 0.699906 0.415063
4 0.62794 0.545607 0.647695 0.52887 0.66651 0.605858 0.645343 0.622594
4 0.660395 0.519665 0.680621 0.503766 0.699436 0.580753 0.67921 0.596653
4 0.698965 0.490377 0.718721 0.472803 0.738006 0.549791 0.71778 0.566527
4 0.729539 0.465272 0.749765 0.449372 0.768579 0.52636 0.748354 0.541423
4 0.761054 0.441004 0.780809 0.425105 0.799624 0.501255 0.778928 0.517992
4 0.804327 0.364854 0.825024 0.350628 0.841957 0.429289 0.821261 0.443515
4 0.0837253 0.664435 0.101599 0.640167 0.128881 0.708787 0.111007 0.731381
