9 0.615056 0.736622 0.633875 0.746656 0.609923 0.795151 0.588537 0.785953
9 0.751069 0.632943 0.734816 0.62291 0.766467 0.570234 0.783576 0.578595
9 0.289136 0.520067 0.274594 0.505853 0.309666 0.462375 0.325064 0.476589
9 0.414029 0.59699 0.432849 0.607023 0.389222 0.66388 0.372113 0.653846
9 0.547476 0.688963 0.562874 0.696488 0.527802 0.75 0.510693 0.73913
9 0.503849 0.654682 0.520958 0.66806 0.490163 0.717391 0.470488 0.707358
9 0.580838 0.709866 0.597947 0.720736 0.56373 0.771739 0.546621 0.759197
9 0.710864 0.635452 0.728828 0.64214 0.715997 0.703177 0.698888 0.697324
9 0.253208 0.311037 0.238666 0.304348 0.269461 0.257525 0.284859 0.266722
9 0.340462 0.36204 0.32592 0.352843 0.356715 0.310201 0.369547 0.319398
9 0.443969 0.434783 0.430282 0.427258 0.463644 0.377926 0.478186 0.386288
10 0.177074 0.0493311 0.183918 0.0334448 0.222412 0.0518395 0.213003 0.0660535
10 0.151411 0.571906 0.158255 0.558528 0.186484 0.575251 0.178785 0.586957
10 0.225834 0.596154 0.215569 0.609532 0.191617 0.590301 0.201882 0.576923
10 0.298546 0.643813 0.290847 0.656355 0.259196 0.637124 0.268606 0.622074
10 0.335329 0.666388 0.32763 0.679766 0.300257 0.659699 0.307956 0.645485
10 0.369547 0.686455 0.361848 0.699833 0.331908 0.682274 0.340462 0.667224
9 0.769033 0.645485 0.755346 0.635452 0.789564 0.586957 0.804962 0.596154
9 0.726262 0.616221 0.710009 0.605351 0.745937 0.556856 0.761334 0.564381
10 0.833191 0.682274 0.843456 0.672241 0.875962 0.689799 0.868263 0.702341
9 0.70231 0.602843 0.687767 0.591973 0.717707 0.541806 0.736527 0.550167
9 0.232678 0.387124 0.218991 0.377926 0.291702 0.272575 0.3071 0.279264
9 0.262618 0.394649 0.244654 0.382107 0.314799 0.283445 0.330197 0.291806
9 0.284003 0.406355 0.26775 0.397157 0.335329 0.299331 0.350727 0.30602
9 0.317365 0.444816 0.300257 0.435619 0.378101 0.321906 0.394354 0.333612
9 0.398631 0.412207 0.383234 0.40301 0.417451 0.347826 0.43627 0.358696
9 0.423439 0.422241 0.408896 0.413043 0.443114 0.363712 0.458512 0.37291
9 0.50556 0.450669 0.489307 0.441472 0.511548 0.409699 0.525235 0.416388
9 0.518392 0.486622 0.502139 0.474916 0.53379 0.424749 0.550898 0.432274
9 0.540633 0.499164 0.526091 0.48913 0.557742 0.438127 0.573995 0.448997
9 0.570573 0.507525 0.552609 0.499164 0.581694 0.450669 0.597092 0.461538
9 0.585115 0.529264 0.569718 0.520903 0.607357 0.464047 0.621044 0.476589
9 0.610778 0.542642 0.596236 0.533445 0.627032 0.481605 0.643285 0.489967
9 0.635586 0.55602 0.618477 0.548495 0.650128 0.494983 0.666382 0.505017
9 0.654405 0.571906 0.639863 0.561873 0.673225 0.51087 0.689478 0.522575
9 0.680924 0.58194 0.664671 0.570234 0.698033 0.524247 0.712575 0.533445
10 0.313088 0.729933 0.326775 0.739967 0.309666 0.769231 0.294269 0.760033
10 0.264328 0.704849 0.27716 0.711538 0.25834 0.740803 0.246364 0.731605
10 0.24722 0.696488 0.260051 0.703177 0.243798 0.729933 0.231822 0.721572
10 0.234388 0.682274 0.248931 0.690635 0.230967 0.7199 0.21728 0.710702
10 0.781009 0.820234 0.794696 0.830268 0.774166 0.860368 0.76219 0.849498
10 0.81095 0.843645 0.822926 0.852843 0.804962 0.879599 0.791275 0.868729
10 0.821215 0.858696 0.833191 0.865385 0.817793 0.888796 0.806672 0.881271
10 0.836612 0.866221 0.848589 0.87291 0.833191 0.897993 0.822926 0.891304
10 0.667237 0.875418 0.65355 0.891304 0.624465 0.87291 0.635586 0.854515
10 0.946108 0.988294 0.928999 0.976589 0.948674 0.947324 0.964927 0.955686
10 0.95124 0.826923 0.957228 0.816054 0.986313 0.833612 0.982036 0.844482
10 0.907613 0.801839 0.871685 0.785117 0.885372 0.767559 0.922156 0.787625
10 0.884517 0.762542 0.893926 0.749164 0.922156 0.767559 0.913601 0.781773
10 0.927288 0.767559 0.896493 0.748328 0.901625 0.735786 0.934132 0.755853
10 0.911035 0.723244 0.9213 0.707358 0.957228 0.727425 0.946963 0.743311
10 0.925577 0.705686 0.933276 0.691472 0.966638 0.711538 0.958084 0.724916
10 0.954662 0.662207 0.964927 0.647157 0.991446 0.666388 0.985458 0.67893
10 0.823781 0.714883 0.83148 0.704849 0.853721 0.719064 0.846878 0.729933
10 0.833191 0.700669 0.844311 0.688963 0.869974 0.705686 0.856287 0.716555
10 0.76219 0.814381 0.776732 0.823579 0.758768 0.850334 0.746792 0.841973
10 0.715141 0.782609 0.73225 0.792642 0.710864 0.821906 0.698033 0.811873
10 0.681779 0.801003 0.670659 0.792642 0.686912 0.770067 0.700599 0.777592
10 0.479042 0.841137 0.492729 0.850334 0.473909 0.87709 0.460222 0.867057
10 0.189906 0.653846 0.201882 0.663043 0.184773 0.688963 0.173653 0.67893
10 0.477331 0.76087 0.508982 0.778428 0.502139 0.792642 0.470488 0.774247
10 0.420017 0.805184 0.433704 0.813545 0.414885 0.840301 0.402053 0.833612
10 0.43627 0.814381 0.449102 0.822742 0.430282 0.847826 0.418306 0.841137
10 0.450813 0.821906 0.463644 0.83194 0.44568 0.85786 0.432849 0.851171
10 0.496151 0.849498 0.508127 0.857023 0.491873 0.887124 0.478186 0.880435
10 0.508982 0.866221 0.520958 0.876254 0.501283 0.899666 0.489307 0.892977
10 0.665526 0.793478 0.652695 0.784281 0.67408 0.757525 0.688623 0.766722
10 0.523524 0.877926 0.538067 0.886288 0.518392 0.911371 0.50556 0.90301
10 0.555175 0.89214 0.568007 0.899666 0.552609 0.926421 0.538067 0.91806
10 0.576561 0.84699 0.586826 0.83194 0.624465 0.857023 0.615911 0.871237
10 0.542344 0.819398 0.551754 0.80602 0.579983 0.826923 0.571429 0.840301
10 0.809239 0.606187 0.820359 0.620401 0.797263 0.638796 0.787853 0.624582
10 0.648417 0.786789 0.636441 0.777592 0.660393 0.751672 0.673225 0.762542
9 0.193328 0.359532 0.176219 0.348662 0.249786 0.239967 0.266895 0.247492
