0 0.159933 0.789855 0.222222 0.793478 0.217172 0.817029 0.153199 0.813406
0 0.304714 0.800725 0.377104 0.808877 0.368687 0.833333 0.294613 0.826087
0 0.380471 0.804348 0.451178 0.811594 0.439394 0.84058 0.37037 0.832428
0 0.52862 0.818841 0.599327 0.827899 0.587542 0.855978 0.518519 0.847826
0 0.606061 0.82971 0.673401 0.837862 0.661616 0.86413 0.594276 0.855978
0 0.594276 0.0389493 0.526936 0.0271739 0.542088 0.00543478 0.609428 0.0163043
0 0.983165 0.172101 0.973064 0.208333 0.929293 0.20471 0.93771 0.167572
0 0.968013 0.212862 0.957912 0.248188 0.910774 0.243659 0.922559 0.208333
0 0.954545 0.252717 0.942761 0.290761 0.89899 0.285326 0.909091 0.248188
0 0.944444 0.294384 0.929293 0.331522 0.885522 0.324275 0.89899 0.288043
0 0.835017 0.263587 0.873737 0.298007 0.83165 0.311594 0.792929 0.276268
0 0.809764 0.240942 0.801347 0.270833 0.76431 0.26721 0.772727 0.237319
