0 0.92083 0.0708155 0.894696 0.0600858 0.905457 0.0482833 0.931591 0.0590129
0 0.148347 0.489807 0.112221 0.484979 0.11837 0.464592 0.153728 0.47103
0 0.29362 0.599785 0.265949 0.591202 0.274404 0.577253 0.302075 0.58691
0 0.299769 0.578326 0.32744 0.590129 0.316679 0.601931 0.289777 0.590665
0 0.341276 0.591738 0.369716 0.600322 0.361261 0.613197 0.33359 0.604614
0 0.378171 0.625536 0.352037 0.618026 0.359723 0.60515 0.385088 0.613197
0 0.256726 0.56706 0.285934 0.575644 0.277479 0.588519 0.249039 0.579399
0 0.251345 0.587446 0.224443 0.578863 0.232898 0.565987 0.2598 0.574034
0 0.213682 0.553112 0.243659 0.562232 0.232898 0.574571 0.205227 0.565987
0 0.207533 0.57618 0.181399 0.567597 0.189085 0.555794 0.215219 0.563305
0 0.179093 0.53809 0.20907 0.54882 0.196772 0.564378 0.166795 0.553648
0 0.165257 0.561695 0.139124 0.552575 0.148347 0.540773 0.174481 0.550429
0 0.156802 0.51824 0.182936 0.539163 0.16372 0.553112 0.135281 0.533798
0 0.116833 0.582082 0.145273 0.590665 0.136818 0.603541 0.108378 0.59603
0 0.0860876 0.572961 0.112221 0.581545 0.103766 0.595494 0.0776326 0.586373
0 0.0545734 0.562768 0.0837817 0.571352 0.0730208 0.585837 0.0445811 0.57779
0 0.0230592 0.554721 0.0514988 0.563841 0.0422752 0.577253 0.0153728 0.569206
0 0.0522675 0.457618 0.0207533 0.446352 0.0292083 0.433476 0.0607225 0.44367
0 0.0753267 0.469421 0.0507302 0.454936 0.0614912 0.444742 0.0868563 0.458691
0 0.102229 0.456545 0.0753267 0.464592 0.0676403 0.451717 0.0930054 0.444742
0 0.106072 0.475858 0.0776326 0.467811 0.0860876 0.45279 0.114527 0.461373
0 0.208301 0.609442 0.239047 0.619099 0.229823 0.630365 0.199846 0.620708
0 0.272867 0.627146 0.300538 0.637876 0.289777 0.649678 0.262875 0.638948
0 0.368178 0.657189 0.392006 0.666309 0.382782 0.680258 0.358186 0.670601
0 0.132975 0.839056 0.15834 0.849249 0.147579 0.861588 0.122214 0.852468
11 0.365872 0.23176 0.397387 0.24088 0.380477 0.26824 0.347425 0.258047
0 0.0930054 0.887339 0.11837 0.899142 0.10761 0.910944 0.0814758 0.899142
0 0.122214 0.900215 0.148347 0.912554 0.136818 0.924356 0.110684 0.912554
0 0.205995 0.936159 0.232129 0.945815 0.222905 0.959227 0.196003 0.947961
0 0.2206 0.873927 0.250576 0.884657 0.240584 0.898069 0.211376 0.886803
0 0.182168 0.892167 0.154497 0.883047 0.16372 0.870172 0.190623 0.879292
0 0.152191 0.879828 0.126057 0.869635 0.136049 0.857833 0.162183 0.868026
0 0.162952 0.848712 0.191391 0.858906 0.179862 0.872854 0.152191 0.862124
0 0.195234 0.82779 0.167563 0.815987 0.178324 0.803648 0.205995 0.814914
0 0.33359 0.645386 0.360492 0.654506 0.352037 0.668455 0.324366 0.659871
0 0.262875 0.819742 0.292852 0.831009 0.283628 0.842811 0.252882 0.831009
0 0.207533 0.798283 0.232129 0.808476 0.2206 0.821352 0.196772 0.811159
0 0.178324 0.785944 0.202152 0.796137 0.191391 0.808476 0.167563 0.798283
0 0.236741 0.774678 0.21445 0.765558 0.225211 0.753219 0.247502 0.762339
0 0.263643 0.680258 0.289777 0.693133 0.277479 0.706009 0.252882 0.693133
0 0.311299 0.734979 0.282859 0.724249 0.292083 0.712446 0.321291 0.723712
0 0.323597 0.703863 0.351268 0.715665 0.339739 0.729077 0.312836 0.717275
0 0.353574 0.716202 0.378171 0.726395 0.368947 0.73927 0.342813 0.728541
0 0.133743 0.469957 0.106841 0.476395 0.0991545 0.462983 0.126057 0.457082
0 0.166026 0.496781 0.139892 0.486052 0.149885 0.473712 0.176787 0.484979
0 0.861645 0.0472103 0.838586 0.0375536 0.847809 0.0262876 0.870869 0.0354077
0 0.176787 0.497318 0.161414 0.479077 0.179093 0.472103 0.195234 0.490343
0 0.613374 0.401824 0.637971 0.410944 0.628747 0.422747 0.604151 0.41309
0 0.540354 0.442597 0.566487 0.451717 0.558032 0.464592 0.53113 0.455472
0 0.557264 0.48176 0.534973 0.473712 0.544965 0.461373 0.566487 0.469421
0 0.431975 0.618562 0.460415 0.629292 0.448117 0.645923 0.419677 0.634657
0 0.422752 0.637876 0.394312 0.627682 0.40123 0.617489 0.429669 0.626609
0 0.383551 0.60515 0.412759 0.612124 0.405842 0.625536 0.376633 0.618562
0 0.598002 0.32618 0.624135 0.336373 0.614912 0.347639 0.588009 0.337446
0 0.654881 0.348176 0.684089 0.358906 0.67256 0.373391 0.643351 0.362661
0 0.687164 0.325107 0.664105 0.316524 0.67256 0.303648 0.696387 0.312232
0 0.697925 0.296674 0.727133 0.307403 0.718678 0.319742 0.690238 0.309549
0 0.670254 0.284871 0.695619 0.296674 0.684089 0.308476 0.658724 0.296674
0 0.730976 0.275751 0.704074 0.261803 0.716372 0.25 0.744043 0.263412
0 0.685626 0.223176 0.705611 0.232296 0.696387 0.241953 0.677171 0.232833
0 0.687932 0.185086 0.66103 0.177039 0.668716 0.164163 0.69485 0.17221
0 0.700999 0.154506 0.726364 0.165773 0.714835 0.178648 0.688701 0.166845
0 0.831668 0.139485 0.856264 0.150215 0.845503 0.160944 0.821676 0.149678
0 0.873174 0.0869099 0.900846 0.0976395 0.889316 0.109442 0.863182 0.098176
0 0.786318 0.0504292 0.813221 0.0627682 0.800922 0.0751073 0.77402 0.0622318
0 0.834743 0.0337983 0.808609 0.0246781 0.816295 0.0139485 0.842429 0.0230687
0 0.571099 0.419528 0.546503 0.409335 0.557264 0.398069 0.58186 0.408262
0 0.511145 0.43133 0.535742 0.441524 0.526518 0.454399 0.500384 0.444206
0 0.498847 0.46191 0.471945 0.450644 0.484243 0.435622 0.510377 0.447425
0 0.378939 0.51824 0.407379 0.527897 0.398155 0.5397 0.371253 0.530043
0 0.201384 0.501609 0.174481 0.492489 0.183705 0.479614 0.209839 0.48927
0 0.219062 0.505365 0.195234 0.500536 0.200615 0.487124 0.224443 0.492489
0 0.161414 0.496245 0.145273 0.521459 0.11837 0.512876 0.134512 0.487124
0 0.27671 0.528433 0.248271 0.51985 0.256726 0.506438 0.284397 0.515021
0 0.303613 0.539163 0.279785 0.529506 0.289777 0.517167 0.313605 0.525751
0 0.336664 0.54882 0.308993 0.5397 0.318217 0.526824 0.345888 0.535944
0 0.365872 0.556867 0.342045 0.548283 0.3505 0.535408 0.374327 0.544528
0 0.397387 0.56706 0.371253 0.560086 0.379708 0.543991 0.405073 0.551502
0 0.409685 0.52897 0.436587 0.5397 0.425826 0.552575 0.399693 0.541309
0 0.528824 0.474249 0.501922 0.462983 0.511914 0.450644 0.538048 0.46191
0 0.444274 0.543455 0.465796 0.551502 0.454266 0.566524 0.432744 0.55794
0 0.454266 0.515558 0.426595 0.504292 0.438125 0.49088 0.465027 0.501609
0 0.484243 0.524678 0.461184 0.515021 0.471176 0.502682 0.493467 0.511803
0 0.514988 0.537554 0.488086 0.526288 0.498847 0.513948 0.524212 0.524678
0 0.438893 0.469421 0.462721 0.479614 0.451191 0.493562 0.427364 0.483369
0 0.521138 0.477468 0.513451 0.493562 0.494235 0.488197 0.501922 0.472639
0 0.495772 0.494099 0.522675 0.505365 0.512683 0.51824 0.486549 0.506974
0 0.525749 0.506438 0.55342 0.517704 0.544965 0.530043 0.517294 0.518777
11 0.439662 0.306867 0.413528 0.299893 0.429669 0.272532 0.456572 0.280579
