10 0.552134 0.211084 0.538139 0.209454 0.539538 0.174409 0.552134 0.175224
9 0.473058 0.481663 0.46536 0.493888 0.412176 0.466178 0.417075 0.453138
9 0.453464 0.725346 0.448565 0.741646 0.390483 0.717196 0.395381 0.700896
9 0.454164 0.675632 0.445066 0.691932 0.393282 0.662592 0.39888 0.647922
9 0.452064 0.697637 0.442967 0.712306 0.389783 0.687857 0.396781 0.669927
9 0.462561 0.585982 0.455563 0.602282 0.39888 0.576202 0.405878 0.560717
9 0.460462 0.542787 0.449965 0.559087 0.398181 0.528932 0.405178 0.512632
9 0.459062 0.520782 0.452064 0.536267 0.398181 0.505297 0.404479 0.492258
9 0.46676 0.501222 0.459062 0.517522 0.405178 0.485738 0.412176 0.471883
9 0.56613 0.284434 0.557033 0.268134 0.603919 0.234719 0.613016 0.249389
10 0.516445 0.202119 0.503149 0.202119 0.504549 0.165444 0.517145 0.166259
9 0.559132 0.308068 0.552134 0.291769 0.606018 0.261614 0.610917 0.276284
9 0.563331 0.330073 0.555633 0.315403 0.606018 0.285249 0.612316 0.298289
9 0.56613 0.352893 0.557733 0.339038 0.610217 0.307253 0.617215 0.324368
9 0.563331 0.404238 0.552134 0.387938 0.606718 0.356968 0.613016 0.374898
9 0.562631 0.429503 0.556333 0.414018 0.608118 0.383048 0.613716 0.397718
9 0.56613 0.474328 0.558432 0.459658 0.612316 0.427873 0.620714 0.442543
9 0.558432 0.503667 0.550735 0.488998 0.603919 0.456398 0.610917 0.469438
9 0.337999 0.317033 0.3324 0.302363 0.375087 0.281989 0.379986 0.299919
9 0.337299 0.383048 0.338698 0.366748 0.391183 0.370008 0.389083 0.385493
9 0.328901 0.579462 0.329601 0.563977 0.382785 0.563977 0.382785 0.580277
9 0.323303 0.599022 0.324003 0.582722 0.377187 0.585982 0.375787 0.602282
9 0.244227 0.705786 0.242827 0.719641 0.182645 0.717196 0.184045 0.700896
9 0.244927 0.682152 0.244927 0.699267 0.184045 0.700081 0.182645 0.681337
9 0.246326 0.661777 0.242827 0.679707 0.184045 0.676447 0.184045 0.658517
9 0.241428 0.639772 0.241428 0.653627 0.179146 0.655257 0.179846 0.637327
9 0.247726 0.616137 0.247026 0.633252 0.184045 0.634882 0.184745 0.616952
9 0.247726 0.530562 0.246326 0.547677 0.188244 0.539527 0.188943 0.526487
9 0.249125 0.507742 0.248425 0.522412 0.188244 0.519967 0.188244 0.505297
9 0.249825 0.486553 0.247726 0.502037 0.188244 0.497963 0.188244 0.481663
9 0.254024 0.440098 0.253324 0.455583 0.193142 0.458028 0.193142 0.440913
9 0.254724 0.419723 0.254024 0.435208 0.193842 0.433578 0.193842 0.417278
9 0.254724 0.400978 0.251924 0.416463 0.192442 0.411573 0.193142 0.397718
9 0.256823 0.376528 0.255423 0.393643 0.195941 0.388753 0.198041 0.372453
9 0.251924 0.334963 0.249825 0.349633 0.189643 0.348003 0.191043 0.330888
9 0.320504 0.711491 0.321204 0.696822 0.375087 0.699267 0.372288 0.715566
9 0.316305 0.687857 0.317005 0.673187 0.370189 0.674002 0.368789 0.690302
9 0.561931 0.548492 0.552834 0.533822 0.603919 0.501222 0.612316 0.515077
9 0.561232 0.572942 0.553534 0.559087 0.605318 0.528117 0.610917 0.541972
9 0.561931 0.595762 0.554934 0.580277 0.608118 0.550937 0.614416 0.564792
9 0.696291 0.303178 0.701889 0.319478 0.650105 0.348818 0.644507 0.334963
9 0.682295 0.240424 0.687894 0.257539 0.63471 0.286064 0.627712 0.271394
9 0.770469 0.674002 0.774668 0.661777 0.827852 0.689487 0.822953 0.703341
9 0.775367 0.629177 0.780966 0.612062 0.836249 0.642217 0.829951 0.657702
9 0.783065 0.580277 0.788663 0.565607 0.843247 0.592502 0.835549 0.607172
9 0.786564 0.555012 0.792162 0.541157 0.846746 0.569682 0.840448 0.581907
9 0.775367 0.526487 0.779566 0.511002 0.83485 0.537897 0.829251 0.552567
9 0.776767 0.500407 0.782365 0.485738 0.836949 0.514262 0.829951 0.528117
9 0.776767 0.478403 0.780966 0.466178 0.838348 0.491443 0.83275 0.505297
9 0.780966 0.455583 0.787264 0.440913 0.842547 0.470253 0.836949 0.485738
9 0.786564 0.385493 0.790763 0.369193 0.846046 0.393643 0.841847 0.406683
9 0.785864 0.361043 0.790063 0.348003 0.847446 0.373268 0.842547 0.385493
9 0.791463 0.334963 0.79986 0.319478 0.850945 0.351263 0.845346 0.365933
9 0.79846 0.312958 0.803359 0.299104 0.856543 0.326813 0.850945 0.339038
9 0.79986 0.291769 0.804059 0.275469 0.860042 0.299919 0.855143 0.314588
9 0.787964 0.233089 0.794962 0.219234 0.850245 0.246944 0.843247 0.260799
9 0.694892 0.281989 0.70119 0.296659 0.650105 0.327628 0.643107 0.313773
9 0.692092 0.356153 0.696991 0.370823 0.642407 0.400978 0.636109 0.385493
9 0.559132 0.646292 0.547936 0.632437 0.601819 0.602282 0.609517 0.614507
9 0.694192 0.380603 0.697691 0.396088 0.645206 0.423798 0.640308 0.411573
9 0.554934 0.670742 0.547936 0.658517 0.59902 0.629177 0.605318 0.643032
9 0.552134 0.722086 0.545136 0.706601 0.597621 0.678077 0.605318 0.692747
9 0.548635 0.744906 0.542337 0.730236 0.595521 0.704971 0.59972 0.720456
9 0.575927 0.766096 0.576627 0.750611 0.636109 0.752241 0.636109 0.769356
9 0.689293 0.694377 0.694192 0.710676 0.641008 0.739201 0.635409 0.724531
9 0.683695 0.673187 0.690693 0.689487 0.636809 0.722086 0.630511 0.708231
9 0.682295 0.651182 0.688593 0.665037 0.635409 0.695192 0.629111 0.681337
9 0.679496 0.603912 0.687194 0.620212 0.63471 0.650367 0.626312 0.634882
9 0.684395 0.555012 0.690693 0.569682 0.637509 0.599022 0.630511 0.585982
9 0.682995 0.532192 0.688593 0.549307 0.63401 0.576202 0.627712 0.562347
9 0.684395 0.506112 0.688593 0.521597 0.636809 0.550937 0.631211 0.538712
9 0.687894 0.480848 0.694892 0.498778 0.638908 0.526487 0.63261 0.510187
9 0.692092 0.453138 0.697691 0.467808 0.643807 0.497963 0.637509 0.482478
9 0.69839 0.424613 0.703989 0.441728 0.649405 0.471068 0.641707 0.455583
9 0.695591 0.405053 0.69979 0.421353 0.647306 0.444988 0.641707 0.433578
9 0.115465 0.704971 0.127362 0.695192 0.160252 0.747351 0.148355 0.756316
9 0.136459 0.123064 0.149755 0.121434 0.153954 0.189894 0.139958 0.191524
9 0.338698 0.404238 0.339398 0.389568 0.389783 0.392828 0.389083 0.409128
10 0.289013 0.819071 0.29951 0.818256 0.29881 0.851671 0.286914 0.850856
10 0.251225 0.818256 0.259622 0.818256 0.259622 0.849226 0.249125 0.846781
10 0.170749 0.96088 0.16725 0.97718 0.138558 0.96903 0.142057 0.95436
10 0.156753 0.669927 0.16725 0.669927 0.16515 0.697637 0.153954 0.697637
10 0.157453 0.587612 0.169349 0.587612 0.16795 0.620212 0.157453 0.622657
10 0.119664 0.572127 0.13226 0.571312 0.131561 0.597392 0.119664 0.595762
10 0.163051 0.464548 0.175647 0.464548 0.172848 0.501222 0.160252 0.501222
10 0.163051 0.425428 0.173548 0.426243 0.172148 0.458843 0.160952 0.457213
10 0.164451 0.378973 0.177047 0.378973 0.174948 0.414018 0.162351 0.411573
10 0.311407 0.399348 0.325402 0.399348 0.321903 0.440098 0.309307 0.438468
10 0.16585 0.330073 0.177747 0.329258 0.177747 0.365933 0.16515 0.365933
10 0.16725 0.278729 0.179146 0.277914 0.177747 0.317033 0.16585 0.317033
10 0.16795 0.196414 0.181246 0.194784 0.180546 0.235534 0.16655 0.235534
10 0.260322 0.277099 0.243527 0.277914 0.242127 0.244499 0.257523 0.242869
10 0.170049 0.154849 0.181246 0.152404 0.184045 0.184189 0.172848 0.183374
10 0.163751 0.100244 0.174248 0.0994295 0.176347 0.135289 0.16585 0.136919
10 0.268719 0.817441 0.278516 0.816626 0.279216 0.843521 0.26732 0.844336
10 0.308607 0.820701 0.318404 0.820701 0.317705 0.854116 0.306508 0.854116
10 0.153254 0.0203749 0.16655 0.0162999 0.170749 0.0505297 0.158153 0.0537897
10 0.327502 0.814996 0.339398 0.814996 0.337999 0.851671 0.325402 0.850856
10 0.358992 0.929095 0.371589 0.92828 0.370189 0.963325 0.357593 0.96414
10 0.338698 0.927465 0.353394 0.927465 0.351994 0.966585 0.338698 0.966585
10 0.320504 0.93154 0.335199 0.932355 0.3331 0.96577 0.317705 0.96577
10 0.30161 0.92991 0.314206 0.929095 0.313506 0.964955 0.30091 0.96414
10 0.284115 0.930725 0.295311 0.929095 0.293912 0.96251 0.282715 0.96414
10 0.262421 0.930725 0.274318 0.92991 0.273618 0.964955 0.261022 0.96577
10 0.243527 0.925835 0.252624 0.924205 0.252624 0.958435 0.241428 0.95925
10 0.244927 0.854116 0.260322 0.854931 0.257523 0.890791 0.243527 0.889976
10 0.26592 0.855746 0.278516 0.856561 0.277117 0.890791 0.26522 0.891606
10 0.286214 0.855746 0.29951 0.855746 0.297411 0.889161 0.283415 0.887531
10 0.303709 0.855746 0.317705 0.856561 0.317705 0.889161 0.303009 0.889976
10 0.36599 0.853301 0.374388 0.853301 0.372988 0.886716 0.363191 0.885901
10 0.344997 0.858191 0.356193 0.857376 0.354794 0.888346 0.344297 0.887531
10 0.36669 0.814996 0.379986 0.814996 0.377887 0.851671 0.36599 0.849226
10 0.347796 0.820701 0.357593 0.821516 0.354794 0.854116 0.344997 0.854116
10 0.158153 0.0570497 0.170749 0.0554197 0.173548 0.0912795 0.161652 0.0929095
9 0.740378 0.927465 0.723583 0.917685 0.744577 0.849226 0.761372 0.859006
9 0.335199 0.426243 0.335899 0.411573 0.386984 0.414018 0.386284 0.427873
10 0.229531 0.313773 0.230231 0.329258 0.194542 0.329258 0.192442 0.315403
10 0.223933 0.278729 0.226032 0.293399 0.19874 0.293399 0.19874 0.279544
10 0.488453 0.268134 0.477957 0.259984 0.489853 0.227384 0.502449 0.234719
10 0.569629 0.202119 0.557033 0.202119 0.556333 0.169519 0.569629 0.168704
10 0.377187 0.247759 0.364591 0.246129 0.36739 0.209454 0.379286 0.211899
10 0.069979 0.299919 0.0811756 0.299919 0.0811756 0.334148 0.069979 0.334148
9 0.758572 0.713936 0.764871 0.704156 0.817355 0.734311 0.810357 0.748981
9 0.769769 0.699267 0.776067 0.686227 0.827852 0.717196 0.821554 0.732681
9 0.776067 0.651182 0.781666 0.638142 0.83485 0.664222 0.829251 0.679707
9 0.780266 0.406683 0.786564 0.392013 0.840448 0.417278 0.835549 0.433578
9 0.576627 0.370823 0.569629 0.357783 0.620014 0.325183 0.626312 0.339038
9 0.429671 0.382233 0.428272 0.367563 0.485654 0.363488 0.486354 0.378973
9 0.429671 0.334148 0.429671 0.318663 0.472358 0.317033 0.472358 0.333333
9 0.329601 0.535452 0.329601 0.519967 0.381386 0.519967 0.381386 0.536267
9 0.3331 0.471068 0.3345 0.455583 0.384885 0.456398 0.384885 0.472698
9 0.335199 0.447433 0.335899 0.433578 0.385584 0.435208 0.385584 0.449878
10 0.226732 0.295029 0.223933 0.311328 0.19874 0.310513 0.20014 0.295844
10 0.112666 0.286879 0.113366 0.303993 0.086774 0.304808 0.0846746 0.290954
10 0.193142 0.891606 0.197341 0.90383 0.176347 0.919315 0.170749 0.906275
10 0.109867 0.309698 0.111267 0.321108 0.0846746 0.322738 0.0839748 0.310513
10 0.191043 0.874491 0.193842 0.889161 0.169349 0.899756 0.164451 0.884271
10 0.190343 0.854116 0.195241 0.868786 0.170049 0.879381 0.16515 0.863896
10 0.470959 0.453953 0.461861 0.467808 0.442967 0.456398 0.449265 0.442543
10 0.103569 0.542787 0.102869 0.557457 0.0671798 0.555012 0.0678796 0.539527
10 0.102169 0.523227 0.103569 0.537897 0.0741777 0.537897 0.0727782 0.526487
10 0.102869 0.506112 0.102869 0.520782 0.0741777 0.520782 0.0748775 0.508557
10 0.102169 0.485738 0.102869 0.500407 0.0685794 0.502037 0.0685794 0.487368
10 0.10147 0.465363 0.10007 0.480848 0.0769769 0.481663 0.0755773 0.466178
10 0.103569 0.446618 0.102869 0.462103 0.0769769 0.459658 0.0755773 0.446618
10 0.102869 0.420538 0.102169 0.433578 0.0755773 0.432763 0.0755773 0.418908
10 0.102169 0.402608 0.10077 0.415648 0.0755773 0.411573 0.0769769 0.398533
10 0.0804759 0.292584 0.0671798 0.295844 0.0643807 0.264059 0.0769769 0.262429
10 0.110567 0.382233 0.111267 0.396903 0.0825752 0.396088 0.0825752 0.380603
10 0.110567 0.363488 0.109167 0.376528 0.0811756 0.373268 0.0811756 0.359413
10 0.109167 0.329258 0.110567 0.347188 0.0811756 0.348818 0.0783765 0.333333
9 0.795661 0.214344 0.802659 0.197229 0.859342 0.224939 0.853044 0.239609
