10 0.656678 0.981636 0.662671 0.965776 0.696062 0.977462 0.689212 0.992487
9 0.809932 0.297162 0.80137 0.310518 0.749144 0.281302 0.755137 0.266277
9 0.785959 0.328047 0.774829 0.343907 0.725171 0.310518 0.734589 0.297997
9 0.779966 0.34975 0.770548 0.363105 0.718322 0.329716 0.726884 0.315526
9 0.767979 0.397329 0.762842 0.410684 0.691781 0.394825 0.696918 0.376461
9 0.778253 0.420701 0.774829 0.435726 0.726027 0.42404 0.726884 0.407346
9 0.69863 0.522538 0.681507 0.516694 0.692637 0.46995 0.713185 0.472454
9 0.65411 0.510017 0.635274 0.505843 0.643836 0.457429 0.66524 0.45576
9 0.629281 0.502504 0.61387 0.498331 0.620719 0.449082 0.639555 0.449917
9 0.588185 0.504174 0.571918 0.501669 0.580479 0.445743 0.601027 0.448247
9 0.568493 0.51586 0.547945 0.511686 0.560788 0.442404 0.583048 0.444908
9 0.543664 0.510851 0.52911 0.509182 0.54024 0.442404 0.560788 0.446578
9 0.523973 0.508347 0.505993 0.505843 0.520548 0.439065 0.541952 0.440735
9 0.481164 0.502504 0.462329 0.499165 0.476884 0.433222 0.495719 0.435726
9 0.457192 0.5 0.441781 0.495826 0.458048 0.427379 0.476027 0.433222
9 0.439212 0.500835 0.420377 0.498331 0.435788 0.430718 0.452911 0.433222
9 0.418664 0.492487 0.403253 0.490818 0.413527 0.421536 0.429795 0.42404
9 0.398116 0.490818 0.379281 0.48581 0.394692 0.420701 0.412671 0.420701
9 0.378425 0.489149 0.359589 0.484975 0.376712 0.414858 0.391267 0.417362
9 0.789384 0.310518 0.77911 0.324708 0.72774 0.290484 0.738014 0.277129
9 0.806507 0.251252 0.797945 0.267947 0.746575 0.233723 0.757705 0.216194
9 0.59161 0.602671 0.595034 0.584307 0.667808 0.596828 0.666096 0.613523
9 0.814212 0.230384 0.807363 0.24374 0.752568 0.207846 0.76113 0.198664
9 0.89726 0.194491 0.892123 0.178631 0.96661 0.166945 0.971747 0.182805
9 0.896404 0.213689 0.892123 0.199499 0.964897 0.187813 0.969178 0.202003
9 0.892979 0.237896 0.887842 0.222037 0.964041 0.21202 0.96661 0.22621
9 0.885274 0.27212 0.880993 0.255426 0.956336 0.249583 0.958048 0.265442
9 0.877568 0.313022 0.875 0.294658 0.949486 0.288815 0.952055 0.307179
9 0.870719 0.368948 0.869007 0.351419 0.946062 0.348915 0.946062 0.365609
9 0.870719 0.388982 0.868151 0.373957 0.943493 0.369783 0.943493 0.383139
9 0.86387 0.407346 0.858733 0.39399 0.934932 0.387312 0.934932 0.403172
9 0.863014 0.430718 0.861301 0.411519 0.938356 0.40985 0.938356 0.429048
9 0.870719 0.445743 0.870719 0.433222 0.945205 0.430718 0.944349 0.445743
9 0.866438 0.471619 0.86387 0.45576 0.938356 0.451586 0.940068 0.467446
9 0.857877 0.502504 0.861301 0.487479 0.9375 0.489983 0.934932 0.510017
9 0.857021 0.526711 0.857877 0.510851 0.933219 0.513356 0.931507 0.53172
9 0.854452 0.548414 0.857877 0.53005 0.934932 0.539232 0.929795 0.555092
9 0.838185 0.171953 0.824486 0.187813 0.773116 0.152755 0.782534 0.13773
9 0.827055 0.191987 0.819349 0.202838 0.765411 0.169449 0.773116 0.156928
9 0.817637 0.209516 0.808219 0.222037 0.754281 0.188648 0.76113 0.176127
9 0.279966 0.459098 0.264555 0.466611 0.233733 0.405676 0.25 0.395659
9 0.869863 0.562604 0.864726 0.573456 0.8125 0.56177 0.815068 0.54591
10 0.617295 0.969115 0.622432 0.95576 0.659247 0.966611 0.653253 0.979967
10 0.684075 0.747913 0.701199 0.750417 0.690068 0.789649 0.673801 0.785476
10 0.869007 0.792154 0.885274 0.793823 0.880993 0.822204 0.865582 0.820534
10 0.831336 0.884808 0.848459 0.888982 0.839897 0.919866 0.824486 0.915693
10 0.809932 0.874791 0.827055 0.881469 0.8125 0.909015 0.796233 0.903172
10 0.743151 0.858097 0.759418 0.861436 0.750856 0.894825 0.735445 0.890651
10 0.72089 0.847245 0.737158 0.84975 0.729452 0.882304 0.713185 0.878965
10 0.703767 0.843072 0.717466 0.845576 0.711473 0.876461 0.697774 0.875626
10 0.681507 0.835559 0.697774 0.838898 0.691781 0.871452 0.675514 0.868948
10 0.65839 0.830551 0.67637 0.83222 0.671233 0.865609 0.655822 0.86394
10 0.643836 0.881469 0.648973 0.868114 0.678938 0.877295 0.674658 0.889816
10 0.683219 0.893155 0.6875 0.878965 0.722603 0.886477 0.718322 0.902337
10 0.678938 0.90985 0.684075 0.896494 0.715753 0.904841 0.710616 0.919866
10 0.636986 0.896494 0.640411 0.883139 0.678082 0.893155 0.674658 0.905676
10 0.63613 0.913189 0.642979 0.900668 0.674658 0.914023 0.667808 0.926544
10 0.672945 0.928214 0.67637 0.914023 0.70976 0.92404 0.705479 0.93823
10 0.630993 0.935726 0.63613 0.919032 0.668664 0.929883 0.663527 0.944908
10 0.623288 0.951586 0.627568 0.93823 0.660959 0.947412 0.65839 0.960768
10 0.664384 0.962437 0.669521 0.944908 0.702055 0.957429 0.69863 0.973289
10 0.860445 0.830551 0.84161 0.826377 0.849315 0.792154 0.866438 0.795492
10 0.70976 0.800501 0.694349 0.796327 0.703767 0.761269 0.720034 0.765442
9 0.777397 0.601002 0.787671 0.586811 0.851884 0.623539 0.842466 0.636895
10 0.807363 0.707012 0.811644 0.692821 0.851884 0.702838 0.846747 0.717863
9 0.314212 0.396494 0.331336 0.399833 0.315068 0.472454 0.298801 0.466611
9 0.222603 0.59015 0.242295 0.590985 0.232021 0.663606 0.210616 0.661937
9 0.243151 0.602671 0.260274 0.60601 0.254281 0.65025 0.237158 0.646912
9 0.266267 0.596828 0.281678 0.598497 0.273116 0.665275 0.255993 0.661102
9 0.286815 0.600167 0.305651 0.600167 0.297089 0.66611 0.281678 0.66611
9 0.313356 0.600167 0.330479 0.601836 0.317637 0.669449 0.298801 0.666945
9 0.353596 0.60601 0.373288 0.609349 0.359589 0.675292 0.339897 0.672788
9 0.375 0.608514 0.394692 0.611018 0.378425 0.68197 0.359589 0.677796
9 0.456336 0.62187 0.47774 0.623539 0.461473 0.693656 0.443493 0.689482
9 0.47774 0.624374 0.495719 0.627713 0.481164 0.694491 0.463185 0.691152
9 0.499144 0.628548 0.518836 0.631052 0.505137 0.698664 0.484589 0.694491
9 0.541096 0.635225 0.558219 0.639399 0.547089 0.703673 0.528253 0.701169
9 0.5625 0.639399 0.580479 0.641068 0.567637 0.706177 0.552226 0.701169
9 0.604452 0.653589 0.624144 0.657763 0.609589 0.706177 0.59161 0.702003
9 0.333904 0.481636 0.321062 0.477462 0.333904 0.409015 0.347603 0.411519
9 0.273116 0.502504 0.269692 0.520033 0.214897 0.511686 0.217466 0.491653
9 0.702911 0.411519 0.700342 0.430718 0.623288 0.422371 0.625856 0.403172
9 0.900685 0.170284 0.898116 0.155259 0.972603 0.144407 0.974315 0.160267
