10 0.987065 0.555896 0.973323 0.546708 0.983832 0.491577 0.998383 0.502297
9 0.712207 0.565084 0.728375 0.568147 0.724333 0.652374 0.704931 0.649311
9 0.611964 0.548239 0.630558 0.554364 0.627324 0.641654 0.606306 0.638591
9 0.557801 0.574273 0.578011 0.569678 0.579628 0.653905 0.559418 0.656968
9 0.759095 0.496172 0.742926 0.490046 0.751011 0.405819 0.767987 0.413476
9 0.734842 0.476263 0.717866 0.470138 0.729184 0.378254 0.747777 0.379786
9 0.709782 0.470138 0.691997 0.467075 0.700889 0.376723 0.719483 0.38438
9 0.592563 0.431853 0.57882 0.425727 0.582862 0.341501 0.600647 0.343032
9 0.531124 0.415008 0.514956 0.407351 0.519806 0.333844 0.536783 0.332312
9 0.460792 0.401225 0.444624 0.3951 0.451091 0.306279 0.469685 0.313936
9 0.438157 0.407351 0.421989 0.398162 0.429264 0.306279 0.448666 0.310873
9 0.417138 0.38438 0.400162 0.375191 0.407437 0.294028 0.422797 0.294028
9 0.393694 0.375191 0.378335 0.375191 0.377526 0.301685 0.394503 0.295559
9 0.353274 0.355283 0.338723 0.349158 0.346807 0.274119 0.362975 0.281776
9 0.333872 0.356815 0.319321 0.346095 0.326597 0.272588 0.343573 0.278714
9 0.312045 0.364472 0.297494 0.355283 0.303153 0.281776 0.321746 0.284839
9 0.324171 0.286371 0.307195 0.281776 0.313662 0.200613 0.330639 0.200613
9 0.302344 0.281776 0.286985 0.275651 0.291027 0.183767 0.306386 0.188361
9 0.282134 0.280245 0.265966 0.281776 0.270008 0.191424 0.285368 0.189893
9 0.257882 0.332312 0.242522 0.324655 0.245756 0.251149 0.261116 0.251149
9 0.239289 0.324655 0.21827 0.321593 0.221504 0.248086 0.241714 0.245023
9 0.662894 0.554364 0.680679 0.552833 0.679062 0.640123 0.661277 0.641654
9 0.209378 0.223583 0.188359 0.212864 0.196443 0.12098 0.21827 0.128637
10 0.925627 0.488515 0.909458 0.486983 0.912692 0.419602 0.930477 0.424196
9 0.372676 0.366003 0.357316 0.364472 0.36055 0.294028 0.376718 0.295559
10 0.932094 0.410413 0.915926 0.407351 0.917542 0.338438 0.936136 0.343032
10 0.940178 0.332312 0.92401 0.326187 0.928052 0.266462 0.945028 0.271057
10 0.943411 0.243492 0.925627 0.238897 0.929669 0.166922 0.948262 0.171516
10 0.7308 0.572741 0.747777 0.578867 0.742118 0.653905 0.72595 0.649311
10 0.596605 0.70291 0.616006 0.70291 0.61439 0.771822 0.595796 0.770291
10 0.578011 0.69219 0.594179 0.695253 0.589329 0.756508 0.572352 0.756508
10 0.556184 0.675345 0.575586 0.684533 0.566694 0.756508 0.548909 0.751914
10 0.529507 0.687596 0.549717 0.696784 0.538399 0.762634 0.520614 0.753446
10 0.375909 0.490046 0.393694 0.493109 0.390461 0.572741 0.372676 0.569678
10 0.447049 0.511485 0.464026 0.513017 0.459175 0.588055 0.443816 0.586524
10 0.514956 0.523737 0.533549 0.526799 0.528698 0.606432 0.510914 0.601838
10 0.538399 0.531394 0.556993 0.535988 0.551334 0.611026 0.533549 0.607963
10 0.637833 0.447167 0.620857 0.444104 0.622474 0.364472 0.63945 0.367534
10 0.618432 0.447167 0.602264 0.447167 0.599838 0.37366 0.617623 0.37366
10 0.482619 0.410413 0.465643 0.404288 0.47211 0.333844 0.486661 0.336907
9 0.688763 0.551302 0.706548 0.555896 0.700889 0.644717 0.684721 0.641654
9 0.638642 0.558959 0.658852 0.558959 0.657235 0.644717 0.635408 0.641654
9 0.27405 0.457887 0.290218 0.462481 0.280517 0.529862 0.267583 0.522205
9 0.506871 0.415008 0.490703 0.416539 0.491512 0.324655 0.51253 0.324655
9 0.210186 0.326187 0.191593 0.323124 0.194826 0.249617 0.212611 0.249617
