10 0.453711 0.483387 0.450375 0.466238 0.482068 0.454448 0.485405 0.470525
10 0.598832 0.829582 0.584654 0.830654 0.582986 0.782422 0.597998 0.78135
9 0.285238 0.322615 0.264387 0.333333 0.23603 0.233655 0.256047 0.222937
9 0.311093 0.309753 0.286906 0.321543 0.259383 0.212219 0.277731 0.202572
9 0.359466 0.288317 0.336947 0.299035 0.306922 0.185423 0.329441 0.176849
9 0.409508 0.156484 0.427023 0.146838 0.450375 0.245445 0.432027 0.252947
9 0.495413 0.240086 0.473728 0.24866 0.445371 0.140407 0.46372 0.128617
9 0.879066 0.498392 0.859883 0.514469 0.799833 0.434084 0.813178 0.416935
9 0.901585 0.478028 0.88824 0.494105 0.818182 0.410504 0.834862 0.393355
9 0.92744 0.456592 0.905755 0.473741 0.841535 0.381565 0.858215 0.360129
10 0.215179 0.169346 0.220183 0.187567 0.183486 0.207931 0.177648 0.190782
10 0.230192 0.334405 0.229358 0.350482 0.199333 0.348339 0.200167 0.333333
10 0.237698 0.359057 0.241034 0.379421 0.210175 0.382637 0.208507 0.363344
10 0.2402 0.38478 0.242702 0.400857 0.208507 0.410504 0.205171 0.393355
10 0.247706 0.425509 0.254379 0.44373 0.221852 0.464094 0.213511 0.446945
10 0.276897 0.489818 0.279399 0.50911 0.241034 0.518757 0.2402 0.499464
10 0.279399 0.50911 0.281902 0.525188 0.24437 0.535906 0.241034 0.5209
10 0.28357 0.527331 0.28774 0.546624 0.252711 0.559486 0.246872 0.541265
10 0.28357 0.554126 0.289408 0.570204 0.256881 0.588424 0.250209 0.573419
10 0.259383 0.614148 0.253545 0.592712 0.292744 0.575563 0.298582 0.596999
10 0.495413 0.470525 0.499583 0.491961 0.470392 0.50268 0.465388 0.483387
10 0.499583 0.494105 0.506255 0.511254 0.47206 0.529475 0.466222 0.510182
10 0.522936 0.515541 0.527106 0.534834 0.493745 0.547696 0.489575 0.528403
10 0.500417 0.572347 0.496247 0.553055 0.527106 0.54448 0.530442 0.563773
10 0.496247 0.598071 0.492077 0.57985 0.528774 0.566988 0.533778 0.585209
10 0.509591 0.618435 0.502919 0.601286 0.535446 0.589496 0.541284 0.606645
10 0.264387 0.633441 0.258549 0.616292 0.295246 0.600214 0.30025 0.619507
10 0.821518 0.173633 0.800667 0.169346 0.806505 0.117899 0.824854 0.122186
10 0.89241 0.759914 0.880734 0.749196 0.899917 0.720257 0.911593 0.730975
9 0.262719 0.351554 0.245204 0.359057 0.211843 0.24866 0.228524 0.235798
