10 0.599473 0.806039 0.592885 0.801433 0.598485 0.780962 0.605402 0.786592
10 0.258893 0.547083 0.263175 0.552712 0.256588 0.568577 0.251647 0.563971
7 0.194993 0.207267 0.220026 0.214944 0.182477 0.481576 0.159091 0.472876
7 0.31917 0.265097 0.353426 0.279427 0.306983 0.529683 0.270092 0.5087
7 0.391963 0.299386 0.421937 0.315251 0.373847 0.571648 0.339592 0.555783
7 0.669631 0.494371 0.701252 0.514841 0.634058 0.737462 0.602767 0.718014
7 0.722332 0.5348 0.748024 0.558342 0.66996 0.767144 0.645257 0.741044
7 0.934783 0.670931 0.96805 0.703173 0.889987 0.918628 0.853755 0.886899
14 0.738142 0.874616 0.770751 0.904811 0.759881 0.933982 0.725626 0.903275
10 0.0105402 0.591095 0.0184453 0.588025 0.0214097 0.60696 0.0141634 0.610031
10 0.0217391 0.576766 0.0296443 0.575742 0.0296443 0.598772 0.0223979 0.599795
10 0.130105 0.547595 0.121871 0.545548 0.124177 0.521494 0.13274 0.523541
10 0.15975 0.545548 0.161397 0.556807 0.146245 0.560901 0.144598 0.54913
10 0.0978261 0.62129 0.104414 0.622825 0.102767 0.650461 0.0955204 0.648925
10 0.0332675 0.802968 0.0273386 0.80348 0.0273386 0.781474 0.0332675 0.781474
10 0.0349144 0.830092 0.0273386 0.831116 0.0260211 0.804504 0.0339262 0.804504
10 0.0214097 0.860798 0.0144928 0.861822 0.0128458 0.842886 0.0194335 0.841863
10 0.180501 0.87871 0.18643 0.873593 0.192358 0.898158 0.187747 0.902252
10 0.198617 0.876663 0.205534 0.873081 0.210474 0.89304 0.203887 0.897646
7 0.0889328 0.307062 0.102437 0.307574 0.0968379 0.468782 0.0823452 0.467758
