1 0.72616 0.403895 0.72616 0.393644 0.766753 0.396207 0.766108 0.406971
1 0.60567 0.451051 0.601804 0.461302 0.564433 0.455664 0.566366 0.445925
7 0.560567 0.463865 0.563144 0.456176 0.891108 0.499744 0.890464 0.50692
7 0.691366 0.524859 0.697809 0.505894 0.892397 0.530497 0.889175 0.548437
7 0.397552 0.620707 0.427191 0.582778 0.651418 0.666325 0.623711 0.706304
7 0.266108 0.688365 0.297036 0.654024 0.487113 0.766274 0.454253 0.803178
7 0.0934278 0.73347 0.152706 0.721681 0.239046 0.983086 0.175258 0.994362
7 0.664304 0.17427 0.674613 0.153255 0.809278 0.189134 0.799613 0.208611
7 0.31701 0.905689 0.329897 0.901076 0.371778 0.994362 0.359536 0.998975
1 0.0889175 0.770887 0.0844072 0.754997 0.144974 0.744746 0.14884 0.760636
1 0.108247 0.809329 0.103093 0.794977 0.156572 0.78165 0.163015 0.796002
1 0.108892 0.825218 0.10567 0.810354 0.162371 0.79959 0.166881 0.813942
1 0.114046 0.840595 0.11018 0.826243 0.167526 0.814454 0.171392 0.830856
1 0.133376 0.853921 0.130155 0.841107 0.17268 0.833931 0.175258 0.846745
1 0.177835 0.844695 0.183634 0.858534 0.133376 0.869298 0.128222 0.856484
1 0.140464 0.879036 0.140464 0.868785 0.183634 0.864685 0.184278 0.875961
1 0.143041 0.898514 0.136598 0.883649 0.181057 0.872886 0.1875 0.887237
1 0.160438 0.942594 0.155928 0.927729 0.203608 0.920041 0.208119 0.934393
1 0.206186 0.939518 0.21134 0.950282 0.164948 0.962071 0.160438 0.950282
1 0.278995 0.959508 0.279639 0.970784 0.237113 0.973347 0.23518 0.961558
1 0.310567 0.914403 0.324742 0.91184 0.333119 0.935418 0.31701 0.938493
1 0.255799 0.889288 0.260954 0.900564 0.221649 0.912353 0.215851 0.900051
1 0.266753 0.870835 0.269974 0.884162 0.208763 0.893901 0.204897 0.878524
1 0.237758 0.844695 0.239691 0.855459 0.200387 0.860072 0.197165 0.84777
1 0.235825 0.805741 0.239046 0.821117 0.188789 0.827268 0.184923 0.811891
1 0.229381 0.768324 0.231959 0.783188 0.174613 0.789339 0.17268 0.774475
1 0.695232 0.53101 0.678479 0.53101 0.677191 0.500769 0.695232 0.500256
7 0.718428 0.429523 0.721649 0.404921 0.836985 0.413634 0.835696 0.438749
