1 0.637116 0.734925 0.646371 0.744478 0.6264 0.771343 0.618607 0.762388
1 0.533366 0.484776 0.544082 0.490746 0.533853 0.515224 0.523137 0.509254
1 0.392596 0.274627 0.390648 0.288358 0.354116 0.277612 0.3585 0.262687
14 0.234778 0.000597015 0.277642 0.0113433 0.272772 0.038209 0.227959 0.0262687
7 0.756941 0.890746 0.733561 0.869254 0.88943 0.647761 0.908427 0.66806
7 0.643936 0.789254 0.612762 0.759403 0.776425 0.519403 0.808086 0.54806
7 0.563566 0.538507 0.520214 0.505672 0.594252 0.367761 0.633707 0.402388
7 0.571359 0.730149 0.535801 0.697313 0.712616 0.42806 0.747686 0.46806
7 0.38529 0.604179 0.35168 0.574328 0.488066 0.346269 0.517292 0.371343
7 0.172918 0.29791 0.151973 0.290746 0.176327 0.153433 0.198734 0.158209
7 0.0798831 0.268657 0.0555285 0.265672 0.079396 0.111642 0.102776 0.115821
