1 0.494481 0.219887 0.486534 0.212199 0.501104 0.193234 0.508609 0.201435
1 0.475497 0.190671 0.467991 0.180933 0.486534 0.162481 0.493598 0.171194
7 0.584989 0.250641 0.60574 0.283444 0.383223 0.520759 0.362031 0.49103
7 0.67638 0.37673 0.691391 0.401333 0.464018 0.603793 0.447682 0.574065
7 0.742605 0.487955 0.769978 0.532035 0.543046 0.736033 0.514349 0.684777
7 0.932892 0.895951 0.930684 0.956945 0.629581 0.947719 0.63223 0.887237
14 0.154967 0.345464 0.190728 0.379293 0.169978 0.406971 0.133333 0.375192
14 0.314349 0.546386 0.331126 0.529985 0.362472 0.569452 0.344812 0.584316
14 0.365563 0.613019 0.380574 0.598155 0.40574 0.631471 0.390728 0.64531
14 0.0233996 0.671963 0.0538631 0.704767 0.0406181 0.720144 0.0101545 0.68734
14 0.0997792 0.770374 0.140397 0.791902 0.130243 0.813429 0.0918322 0.790364
14 0.132892 0.835982 0.15011 0.821117 0.173951 0.860072 0.156291 0.873911
10 0.118764 0.589441 0.110817 0.60123 0.0922737 0.581753 0.101104 0.571502
10 0.101545 0.629421 0.108168 0.635572 0.0980132 0.649411 0.0913907 0.642747
10 0.112141 0.631984 0.119205 0.639159 0.106402 0.655561 0.0993377 0.648385
10 0.248565 0.62327 0.25872 0.61917 0.264459 0.64326 0.255629 0.645823
10 0.27947 0.643772 0.284768 0.650436 0.274172 0.664275 0.267108 0.657611
10 0.258278 0.823168 0.261369 0.831369 0.245475 0.839569 0.241943 0.831881
10 0.272406 0.768836 0.277704 0.761661 0.292715 0.780113 0.285651 0.786776
10 0.271965 0.747822 0.277263 0.742696 0.289183 0.758585 0.28521 0.763711
1 0.360706 0.0896976 0.351435 0.0820092 0.365563 0.0538186 0.375717 0.0635572
7 0.35894 0.0471553 0.381457 0.0676576 0.239294 0.293696 0.215453 0.268068
