10 0.628995 0.94363 0.644977 0.952649 0.623288 0.993236 0.606164 0.983089
10 0.586758 0.924464 0.605023 0.932356 0.584475 0.972943 0.568493 0.965051
4 0.4121 0.313416 0.5 0.363021 0.39726 0.550169 0.308219 0.501691
4 0.527397 0.374295 0.61758 0.427283 0.513699 0.613303 0.422374 0.564825
4 0.643836 0.43743 0.732877 0.488162 0.63242 0.67531 0.539954 0.626832
4 0.761416 0.500564 0.849315 0.550169 0.747717 0.740699 0.657534 0.689966
4 0.878995 0.563698 0.968037 0.613303 0.865297 0.801578 0.775114 0.754228
4 0.309361 0.620068 0.5 0.722661 0.452055 0.811725 0.260274 0.709132
4 0.60274 0.776776 0.793379 0.879369 0.743151 0.96956 0.552511 0.86584
10 0.0593607 0.648253 0.0787671 0.658399 0.0525114 0.697858 0.0365297 0.689966
10 0.0856164 0.658399 0.101598 0.668546 0.0810502 0.703495 0.0650685 0.696731
10 0.105023 0.6708 0.119863 0.678692 0.0993151 0.715896 0.0856164 0.710259
10 0.123288 0.680947 0.140411 0.688839 0.121005 0.72717 0.106164 0.719278
10 0.144977 0.692221 0.1621 0.700113 0.136986 0.750846 0.121005 0.742954
10 0.208904 0.722661 0.227169 0.732807 0.200913 0.780158 0.182648 0.768884
10 0.273973 0.755355 0.293379 0.764374 0.276256 0.801578 0.255708 0.794814
10 0.319635 0.777903 0.3379 0.785795 0.31621 0.830891 0.299087 0.822999
10 0.35274 0.798196 0.372146 0.80947 0.351598 0.850056 0.333333 0.841037
10 0.561644 0.910936 0.582192 0.921082 0.561644 0.963923 0.542237 0.954904
4 0.294521 0.250282 0.384703 0.301015 0.280822 0.487035 0.190639 0.438557
