10 0.0493392 0.287912 0.0651982 0.284615 0.0669604 0.328571 0.0511013 0.328571
10 0.0422907 0.202198 0.061674 0.2 0.0625551 0.23956 0.0440529 0.241758
10 0.984141 0.364835 0.986784 0.385714 0.947137 0.394505 0.946256 0.371429
10 0.876652 0.021978 0.87489 0.0021978 0.905727 0 0.90837 0.0175824
10 0.821145 0.0527473 0.804405 0.056044 0.798238 0.0131868 0.814978 0.00989011
10 0.677533 0.0263736 0.67489 0.00549451 0.713656 0.0010989 0.715419 0.0208791
10 0.592952 0.0362637 0.591189 0.0164835 0.629956 0.0131868 0.630837 0.0318681
10 0.553304 0.0428571 0.551542 0.0208791 0.588546 0.0153846 0.590308 0.0362637
10 0.480176 0.0505495 0.478414 0.0285714 0.515419 0.0230769 0.5163 0.0461538
10 0.273128 0.0681319 0.272247 0.0494505 0.310132 0.0461538 0.310132 0.0659341
10 0.155066 0.078022 0.155066 0.0593407 0.191189 0.0593407 0.191189 0.0791209
10 0.234361 0.0736264 0.234361 0.0538462 0.269604 0.0505495 0.270485 0.0703297
10 0.109251 0.0835165 0.109251 0.0615385 0.146256 0.0615385 0.145374 0.0802198
13 0.202643 0.802198 0.435242 0.749451 0.46696 0.995604 0.229956 0.998901
5 0.128634 0.492308 0.307489 0.475824 0.317181 0.616484 0.137445 0.632967
4 0.659031 0.156044 0.74185 0.146154 0.755947 0.363736 0.673128 0.371429
4 0.553304 0.165934 0.636123 0.159341 0.649339 0.372527 0.568282 0.381319
4 0.449339 0.176923 0.528634 0.168132 0.542731 0.381319 0.462555 0.391209
4 0.342731 0.189011 0.42467 0.176923 0.439648 0.392308 0.35859 0.4
10 0.942731 0.937363 0.94185 0.916484 0.965639 0.914286 0.967401 0.934066
10 0.952423 0.996703 0.951542 0.976923 0.985022 0.971429 0.988546 0.99011
10 0.845815 0.0538462 0.867841 0.0494505 0.869604 0.101099 0.849339 0.105495
10 0.0757709 0.664835 0.0933921 0.663736 0.0960352 0.704396 0.0792952 0.706593
10 0.0449339 0.242857 0.0660793 0.242857 0.0660793 0.281319 0.045815 0.282418
10 0.0519824 0.341758 0.0696035 0.338462 0.0713656 0.385714 0.0537445 0.387912
10 0.0572687 0.404396 0.0740088 0.403297 0.0748899 0.447253 0.0572687 0.449451
10 0.0599119 0.454945 0.077533 0.450549 0.0792952 0.494505 0.0625551 0.496703
10 0.0625551 0.506593 0.0810573 0.503297 0.0837004 0.549451 0.0643172 0.552747
10 0.0696035 0.561538 0.0837004 0.556044 0.0872247 0.602198 0.0713656 0.604396
10 0.0740088 0.60989 0.0889868 0.606593 0.0889868 0.657143 0.0748899 0.657143
10 0.076652 0.726374 0.0960352 0.723077 0.0969163 0.77033 0.077533 0.774725
10 0.863436 0.234066 0.879295 0.228571 0.884581 0.273626 0.86696 0.276923
10 0.0801762 0.786813 0.0977974 0.784615 0.101322 0.82967 0.0810573 0.832967
10 0.0828194 0.838462 0.102203 0.834066 0.105727 0.875824 0.0863436 0.88022
10 0.0889868 0.886813 0.10837 0.882418 0.112775 0.926374 0.0933921 0.928571
10 0.09163 0.93956 0.109251 0.934066 0.114537 0.985714 0.0977974 0.991209
10 0.881938 0.545055 0.899559 0.542857 0.901322 0.586813 0.8837 0.589011
10 0.879295 0.492308 0.896916 0.492308 0.897797 0.534066 0.880176 0.534066
10 0.876652 0.435165 0.893392 0.432967 0.895154 0.476923 0.879295 0.478022
4 0.237004 0.198901 0.319824 0.187912 0.33304 0.4 0.252863 0.412088
