1 0.133373 0.0596659 0.135766 0.075179 0.117823 0.0883055 0.114833 0.0727924
1 0.128589 0.0381862 0.130981 0.0560859 0.113636 0.0668258 0.110646 0.0501193
7 0.198565 0.415274 0.173445 0.372315 0.219498 0.26253 0.244617 0.307876
14 0.232656 0.186158 0.255981 0.176611 0.257775 0.204057 0.23445 0.212411
7 0.313397 0.529833 0.273923 0.504773 0.303828 0.317422 0.341507 0.335322
7 0.404904 0.52864 0.398923 0.52506 0.419258 0.396181 0.425837 0.400955
7 0.689593 0.615752 0.6561 0.627685 0.646531 0.495227 0.679426 0.484487
7 0.79067 0.560859 0.77811 0.563246 0.771531 0.366348 0.785885 0.362768
7 0.904904 0.649165 0.864833 0.657518 0.855861 0.473747 0.894139 0.463007
10 0.226077 0.0357995 0.22189 0.0250597 0.230861 0.0071599 0.235646 0.0178998
10 0.589115 0.113365 0.594498 0.103819 0.602273 0.127685 0.596292 0.134845
10 0.66567 0.195704 0.672847 0.193317 0.674043 0.21599 0.667464 0.217184
10 0.413278 0.189737 0.4061 0.186158 0.409091 0.161098 0.415072 0.163484
10 0.404904 0.183771 0.40012 0.181384 0.401914 0.161098 0.407297 0.162291
1 0.886962 0.576372 0.888158 0.600239 0.866029 0.605012 0.864234 0.582339
1 0.66567 0.602625 0.665072 0.585919 0.687201 0.581146 0.687799 0.597852
1 0.129785 0.0178998 0.131579 0.0346062 0.10945 0.0417661 0.107057 0.0250597
7 0.0466507 0.602625 0.0316986 0.613365 0.0155502 0.498807 0.0311005 0.490453
