1 0.671765 0.814917 0.657647 0.813076 0.66 0.790055 0.674118 0.790976
1 0.338824 0.359116 0.336471 0.368324 0.307059 0.364641 0.309412 0.353591
1 0.344706 0.286372 0.342353 0.29558 0.312941 0.290055 0.315294 0.279926
7 0.829412 0.458564 0.818824 0.449355 0.868235 0.412523 0.878824 0.421731
7 0.707059 0.377532 0.701176 0.366483 0.8 0.334254 0.805882 0.346225
7 0.651765 0.322284 0.630588 0.313996 0.671765 0.247698 0.692941 0.255985
7 0.634118 0.787293 0.662353 0.788214 0.656471 0.85175 0.630588 0.848987
7 0.527059 0.697053 0.549412 0.72744 0.462353 0.766114 0.44 0.732965
7 0.456471 0.635359 0.46 0.653775 0.383529 0.668508 0.375294 0.649171
14 0.0847059 0.360037 0.0964706 0.360037 0.1 0.383057 0.0870588 0.384899
7 0.330588 0.367403 0.325882 0.373849 0.251765 0.350829 0.256471 0.342541
7 0.343529 0.289134 0.337647 0.300184 0.225882 0.265193 0.234118 0.254144
7 0.372941 0.178637 0.362353 0.197053 0.301176 0.177716 0.314118 0.158379
7 0.643529 0.06814 0.647059 0.0515654 0.729412 0.0635359 0.727059 0.0810313
7 0.444706 0.127993 0.437647 0.153775 0.356471 0.140884 0.365882 0.11326
