1 0.975735 0.25876 0.975735 0.272237 0.952206 0.269542 0.952941 0.255166
10 0.75 0.153639 0.745588 0.157233 0.738971 0.14106 0.744118 0.138365
7 0.4 0.203055 0.380882 0.203055 0.381618 0.130279 0.4 0.12938
7 0.972794 0.230009 0.970588 0.259659 0.910294 0.253369 0.9125 0.222821
7 0.934559 0.747529 0.944853 0.757412 0.900735 0.827493 0.890441 0.81761
7 0.691176 0.633423 0.738971 0.660377 0.688235 0.783468 0.641176 0.757412
7 0.613971 0.626235 0.638971 0.650494 0.5875 0.742138 0.561029 0.718778
14 0.308088 0.704403 0.355147 0.716083 0.347794 0.750225 0.300735 0.736748
7 0.449265 0.456424 0.495588 0.491465 0.445588 0.597484 0.398529 0.563342
7 0.163971 0.285714 0.191176 0.289308 0.184559 0.362084 0.155147 0.357592
10 0.446324 0.506739 0.443382 0.515723 0.427206 0.507637 0.429412 0.497754
10 0.267647 0.783468 0.277206 0.78796 0.267647 0.809524 0.259559 0.805031
10 0.280882 0.796945 0.2875 0.802336 0.278676 0.819407 0.272794 0.814016
10 0.436765 0.940701 0.443382 0.944295 0.436029 0.96496 0.429412 0.961366
10 0.725 0.149146 0.731618 0.142857 0.741176 0.15903 0.733824 0.166217
10 0.734559 0.174304 0.734559 0.166217 0.749265 0.165319 0.749265 0.175202
10 0.775735 0.207547 0.769118 0.207547 0.769118 0.191375 0.775735 0.190476
7 0.105147 0.123091 0.0669118 0.112309 0.0816176 0.0440252 0.121324 0.0557053
