1 0.206522 0.212149 0.203804 0.223935 0.174819 0.217588 0.178442 0.204896
7 0.871377 0.396192 0.904891 0.401632 0.891304 0.497733 0.85779 0.495014
7 0.397645 0.332729 0.39221 0.394379 0.353261 0.391659 0.35779 0.329102
7 0.450181 0.449683 0.436594 0.494107 0.308877 0.453309 0.325181 0.411605
7 0.386775 0.524025 0.367754 0.579329 0.290761 0.553037 0.3125 0.500453
7 0.253623 0.718042 0.235507 0.734361 0.200181 0.697189 0.219203 0.68087
7 0.237319 0.795104 0.220109 0.82049 0.162138 0.784225 0.178442 0.761559
7 0.162138 0.982774 0.125 0.980961 0.129529 0.93019 0.164855 0.931097
10 0.212862 0.317316 0.216486 0.30825 0.230978 0.315503 0.229167 0.323663
1 0.344203 0.56029 0.348732 0.548504 0.375 0.55757 0.371377 0.56845
10 0.160326 0.309157 0.17029 0.311877 0.164855 0.330916 0.153986 0.327289
10 0.0914855 0.262013 0.100543 0.263826 0.0951087 0.282865 0.0878623 0.281958
10 0.13587 0.30553 0.147645 0.309157 0.143116 0.326383 0.131341 0.323663
10 0.804348 0.570263 0.798007 0.577516 0.781703 0.566636 0.788043 0.558477
1 0.275362 0.911151 0.269022 0.919311 0.250906 0.907525 0.256341 0.898459
1 0.141304 0.970082 0.141304 0.958296 0.166667 0.961015 0.166667 0.971895
7 0.48913 0.262919 0.486413 0.300997 0.365942 0.297371 0.368659 0.258386
