10 0.849237 0.674838 0.842239 0.674838 0.842239 0.656813 0.849237 0.656813
10 0.929389 0.644557 0.935751 0.648882 0.927481 0.66186 0.921756 0.658255
7 0.299618 0.635905 0.298982 0.662581 0.147583 0.653208 0.149491 0.624369
7 0.407761 0.529921 0.398855 0.612112 0.290076 0.598414 0.300254 0.515501
7 0.430025 0.241528 0.422392 0.253064 0.354962 0.19827 0.363868 0.186013
7 0.888041 0.0569575 0.890585 0.035328 0.982188 0.0439798 0.981552 0.0648882
7 0.926209 0.30858 0.937023 0.300649 0.968193 0.354001 0.956107 0.362653
7 0.775445 0.370584 0.790076 0.364095 0.810433 0.421774 0.795802 0.428262
7 0.637405 0.45566 0.657125 0.430425 0.709288 0.483778 0.692112 0.506849
14 0.715013 0.584715 0.731552 0.589762 0.722646 0.622927 0.706743 0.61788
7 0.610051 0.583273 0.610051 0.55155 0.690204 0.550108 0.69084 0.579668
7 0.625954 0.717376 0.624046 0.702956 0.687023 0.694304 0.689567 0.710166
7 0.392494 0.762076 0.405852 0.780822 0.377226 0.806056 0.364504 0.785869
7 0.78626 0.843547 0.783079 0.809661 0.846056 0.806777 0.847964 0.839221
10 0.186387 0.822639 0.186387 0.829128 0.172392 0.829128 0.172392 0.822639
1 0.78944 0.359048 0.796438 0.354722 0.804071 0.370584 0.796438 0.375631
1 0.630407 0.554434 0.629771 0.566691 0.611323 0.56597 0.611323 0.553713
1 0.756361 0.51478 0.763359 0.520548 0.752545 0.534968 0.746183 0.5292
1 0.803435 0.808219 0.803435 0.819034 0.784351 0.821918 0.783079 0.811103
1 0.934478 0.0533526 0.933842 0.0648882 0.909669 0.0627253 0.909669 0.0504686
10 0.986641 0.462149 0.980916 0.46287 0.978372 0.450613 0.984097 0.449171
10 0.982824 0.484499 0.976463 0.485941 0.973919 0.471521 0.980916 0.470079
10 0.98028 0.467195 0.97201 0.469358 0.96883 0.452055 0.975827 0.44845
10 0.891858 0.538572 0.885496 0.542898 0.879771 0.529921 0.885496 0.527037
10 0.885496 0.523432 0.879771 0.526316 0.874682 0.511175 0.879771 0.509012
10 0.878499 0.527758 0.87341 0.530642 0.866412 0.515501 0.872774 0.512617
10 0.872137 0.627253 0.864504 0.62509 0.867684 0.607066 0.874046 0.607066
14 0.120229 0.435472 0.132316 0.436914 0.129135 0.472963 0.115776 0.471521
