10 0.672414 0.257827 0.668495 0.263966 0.655956 0.259055 0.659875 0.25353
10 0.648903 0.270104 0.64185 0.273174 0.630878 0.26151 0.639498 0.257213
14 0.220219 0.578269 0.255486 0.570902 0.260972 0.585635 0.225705 0.591774
7 0.42163 0.563536 0.428683 0.583794 0.354232 0.599141 0.346395 0.576427
7 0.463166 0.108042 0.464734 0.0865562 0.590125 0.0890117 0.588558 0.111111
7 0.393417 0.317373 0.382445 0.297115 0.460815 0.273788 0.471003 0.292204
7 0.688871 0.501535 0.684953 0.488029 0.76489 0.47391 0.769592 0.488029
7 0.637931 0.640884 0.630878 0.615101 0.708464 0.600368 0.715517 0.626151
7 0.80721 0.398404 0.798589 0.388582 0.873824 0.354819 0.882445 0.364027
7 0.763323 0.74647 0.748433 0.723757 0.839342 0.688766 0.853448 0.70841
7 0.788401 0.890731 0.782915 0.868631 0.861285 0.856967 0.867555 0.877839
7 0.545455 0.955187 0.547022 0.961326 0.500784 0.966851 0.5 0.960712
10 0.151254 0.121547 0.147335 0.126458 0.12931 0.120319 0.133229 0.11418
10 0.282915 0.606507 0.29232 0.608349 0.28605 0.619398 0.278213 0.617557
10 0.155172 0.600982 0.164577 0.600368 0.166144 0.612032 0.15674 0.612032
10 0.130878 0.603438 0.138715 0.60221 0.140282 0.612032 0.133229 0.612646
10 0.123824 0.601596 0.130878 0.599754 0.132445 0.612032 0.126176 0.612646
10 0.0658307 0.67833 0.0579937 0.682014 0.0509404 0.671578 0.0595611 0.668508
10 0.286834 0.990792 0.287618 0.997545 0.27116 0.998772 0.270376 0.992634
1 0.525078 0.1062 0.525078 0.113567 0.503135 0.11418 0.503918 0.105586
1 0.688088 0.235114 0.69279 0.229589 0.712382 0.237569 0.70768 0.243094
1 0.798589 0.895641 0.797022 0.887661 0.818966 0.884592 0.820533 0.891344
10 0.681034 0.251688 0.6779 0.257213 0.664577 0.251688 0.666144 0.246777
7 0.269592 0.191529 0.260188 0.222836 0.202194 0.211786 0.215517 0.178637
