10 0.803347 0.0585424 0.80514 0.0716846 0.793784 0.078853 0.79199 0.0657109
10 0.27376 0.145759 0.267782 0.152927 0.261805 0.127838 0.267185 0.123059
7 0.0454274 0.473118 0.0268978 0.425329 0.0621638 0.365591 0.0800956 0.413381
7 0.123132 0.739546 0.101016 0.696535 0.153616 0.585424 0.17633 0.623656
7 0.261805 0.905615 0.244471 0.891278 0.269576 0.746714 0.288703 0.761051
7 0.520622 0.712067 0.495517 0.747909 0.448894 0.600956 0.47101 0.571087
7 0.564854 0.560335 0.550508 0.580645 0.505678 0.437276 0.521219 0.41816
7 0.760311 0.566308 0.719665 0.566308 0.722056 0.413381 0.762702 0.413381
7 0.88165 0.530466 0.851166 0.551971 0.830245 0.421744 0.861925 0.400239
7 0.941423 0.413381 0.930066 0.424134 0.906754 0.323775 0.918111 0.314217
10 0.185894 0.0645161 0.182905 0.0549582 0.19486 0.0430108 0.198446 0.0537634
10 0.308428 0.127838 0.306635 0.13859 0.295876 0.135006 0.296473 0.123059
10 0.716079 0.119474 0.712493 0.111111 0.721458 0.0908005 0.726838 0.0991637
10 0.266587 0.225806 0.261207 0.216249 0.271967 0.191159 0.276151 0.199522
10 0.264196 0.259259 0.257621 0.261649 0.25523 0.235364 0.261805 0.232975
10 0.282128 0.290323 0.276151 0.284349 0.283921 0.25448 0.290496 0.260454
10 0.267782 0.316607 0.263598 0.303465 0.276151 0.286738 0.280932 0.297491
10 0.357442 0.405018 0.352062 0.414576 0.342499 0.390681 0.348476 0.382318
10 0.514047 0.164875 0.511058 0.152927 0.526599 0.145759 0.527794 0.158901
10 0.524208 0.0430108 0.526001 0.0549582 0.512253 0.0597372 0.51046 0.0489845
10 0.77107 0.0943847 0.77884 0.09319 0.77884 0.123059 0.772265 0.124253
10 0.813509 0.0609319 0.807531 0.0573477 0.811118 0.0322581 0.817095 0.0346476
7 0.00657501 0.192354 0.000597729 0.164875 0.0292887 0.136201 0.0358637 0.16129
