10 0.844193 0.986905 0.842776 0.971429 0.867564 0.959524 0.869688 0.97619
10 0.839943 0.969048 0.833569 0.945238 0.857649 0.927381 0.864023 0.952381
10 0.491501 0.927381 0.483711 0.910714 0.505666 0.882143 0.514164 0.89881
1 0.0417847 0.57619 0.055949 0.580952 0.0467422 0.630952 0.0318697 0.62381
10 0.0424929 0.658333 0.055949 0.667857 0.0446176 0.707143 0.0325779 0.69881
10 0.0878187 0.827381 0.0977337 0.811905 0.111898 0.841667 0.101983 0.858333
7 0.911473 0.610714 0.953966 0.647619 0.919263 0.767857 0.875354 0.728571
7 0.775496 0.463095 0.802408 0.482143 0.756374 0.684524 0.730878 0.669048
7 0.426346 0.220238 0.45255 0.238095 0.383853 0.517857 0.356941 0.5
7 0.354816 0.0845238 0.372521 0.0964286 0.316572 0.383333 0.298159 0.37381
7 0.182011 0.211905 0.212465 0.229762 0.179887 0.392857 0.150142 0.375
