10 0.477233 0.0549828 0.466725 0.0400916 0.49387 0.0114548 0.503503 0.0252005
10 0.0323993 0.552119 0.0218914 0.532646 0.0490368 0.502864 0.061296 0.521191
4 0.236427 0.664376 0.297723 0.599084 0.40718 0.766323 0.34676 0.832761
5 0.336252 0.525773 0.420315 0.429553 0.539405 0.612829 0.455342 0.707904
5 0.43345 0.418099 0.516637 0.32417 0.636602 0.504009 0.553415 0.597938
5 0.564799 0.272623 0.650613 0.178694 0.755692 0.341352 0.672504 0.435281
5 0.664623 0.164948 0.747811 0.0710195 0.85289 0.231386 0.769702 0.327606
10 0.222417 0.0400916 0.210158 0.0538373 0.189142 0.0194731 0.201401 0.00572738
10 0.19352 0.111111 0.204028 0.0996564 0.225044 0.132875 0.214536 0.146621
10 0.225044 0.160367 0.235552 0.150057 0.256567 0.184422 0.246935 0.198167
10 0.187391 0.37457 0.178634 0.358534 0.205779 0.329897 0.214536 0.343643
10 0.0639229 0.516609 0.0534151 0.498282 0.0779335 0.468499 0.0884413 0.483391
10 0.00262697 0.875143 0.0131349 0.863688 0.0367776 0.902635 0.0271454 0.915235
10 0.443958 0.0962199 0.430823 0.0744559 0.462347 0.0435281 0.472855 0.0630011
10 0.00437828 0.831615 0.0148862 0.819015 0.0376532 0.856816 0.028021 0.869416
10 0.122592 0.556701 0.1331 0.575029 0.105954 0.603666 0.0945709 0.585338
10 0.161996 0.513173 0.174256 0.52921 0.14711 0.561283 0.133975 0.547537
10 0.19965 0.471936 0.211909 0.489118 0.183888 0.523482 0.172504 0.508591
10 0.327496 0.320733 0.338879 0.339061 0.311734 0.369989 0.302102 0.352806
10 0.380911 0.264605 0.394046 0.285223 0.368651 0.31386 0.354641 0.295533
10 0.415937 0.224513 0.428196 0.242841 0.398424 0.277205 0.385289 0.261168
10 0.454466 0.185567 0.466725 0.203895 0.437828 0.235968 0.425569 0.218786
10 0.488616 0.151203 0.499124 0.166094 0.470228 0.200458 0.458844 0.184422
10 0.396673 0.145475 0.385289 0.128293 0.41331 0.0962199 0.422942 0.112257
4 0.158494 0.753723 0.21979 0.683849 0.329247 0.852234 0.267075 0.919817
