10 0.567608 0.986135 0.561664 0.97227 0.587667 0.955806 0.594354 0.971404
10 0.485141 0.971404 0.478455 0.959272 0.502972 0.943674 0.510401 0.957539
10 0.479198 0.718371 0.473254 0.707106 0.499257 0.691508 0.504458 0.70364
10 0.486627 0.737435 0.479941 0.722704 0.507429 0.706239 0.513373 0.720104
10 0.446508 0.720104 0.442051 0.706239 0.465825 0.690641 0.472511 0.705373
10 0.453195 0.735702 0.447251 0.72357 0.472511 0.707972 0.479941 0.721837
10 0.459881 0.754766 0.453195 0.740035 0.477712 0.724437 0.485141 0.738302
10 0.494056 0.752166 0.48737 0.739168 0.514859 0.72357 0.522288 0.737435
10 0.502972 0.771231 0.496285 0.755633 0.520802 0.740901 0.526746 0.755633
10 0.482169 0.803293 0.475483 0.789428 0.503715 0.77383 0.510401 0.789428
10 0.491828 0.820624 0.485884 0.806759 0.508915 0.792028 0.517088 0.804159
10 0.498514 0.835355 0.493314 0.823224 0.516345 0.809359 0.521545 0.823224
10 0.51263 0.785095 0.505944 0.772964 0.531947 0.758232 0.536404 0.770364
10 0.365527 0.707106 0.358841 0.693241 0.383358 0.676776 0.390045 0.689775
10 0.375186 0.722704 0.368499 0.708839 0.390788 0.692374 0.396731 0.707106
10 0.39153 0.753899 0.384844 0.740901 0.408618 0.724437 0.414562 0.737435
10 0.340267 0.785962 0.334324 0.772097 0.358841 0.755633 0.36627 0.769497
10 0.349183 0.79896 0.343239 0.788562 0.367756 0.772964 0.374443 0.785962
10 0.355869 0.816291 0.350669 0.805026 0.375929 0.788562 0.382615 0.80156
10 0.363299 0.832756 0.357355 0.820624 0.382615 0.804159 0.389302 0.818024
10 0.435364 0.852686 0.429421 0.840555 0.450966 0.824957 0.458395 0.837088
9 0.447251 0.865685 0.441308 0.853553 0.464339 0.838821 0.471025 0.85182
10 0.421248 0.820624 0.413819 0.806759 0.440565 0.791161 0.447251 0.805893
10 0.374443 0.867418 0.369242 0.855286 0.394502 0.840555 0.399703 0.855286
10 0.39153 0.897747 0.384844 0.885615 0.41159 0.869151 0.420505 0.883882
10 0.410104 0.931542 0.403418 0.918544 0.430906 0.901213 0.438336 0.915078
10 0.419762 0.948873 0.413076 0.934142 0.437593 0.918544 0.445022 0.933276
10 0.461367 0.920277 0.453195 0.907279 0.481426 0.889081 0.489599 0.904679
10 0.467311 0.939341 0.461367 0.926343 0.48737 0.909879 0.494056 0.923744
10 0.47474 0.70104 0.467311 0.688908 0.494056 0.67331 0.499257 0.687175
10 0.431649 0.685442 0.425706 0.672444 0.448737 0.657712 0.456166 0.669844
10 0.439079 0.70364 0.431649 0.688042 0.456166 0.671577 0.464339 0.688908
10 0.339525 0.496534 0.346954 0.484402 0.3737 0.503466 0.364785 0.515598
4 0.0728083 0.357019 0.145617 0.319757 0.160475 0.359619 0.0876672 0.395147
4 0.0988113 0.429809 0.172363 0.393414 0.187221 0.433276 0.112927 0.470537
4 0.124071 0.503466 0.197623 0.467071 0.212481 0.506932 0.138187 0.544194
4 0.7474 0.605719 0.806835 0.571924 0.86627 0.72357 0.804606 0.755633
4 0.650074 0.350953 0.710996 0.319757 0.768945 0.47227 0.707281 0.501733
4 0.731055 0.309359 0.791233 0.277296 0.849926 0.429809 0.789004 0.461005
4 0.554978 0.10052 0.617385 0.067591 0.673105 0.216638 0.612927 0.247834
4 0.63373 0.0606586 0.69688 0.0285962 0.753343 0.177643 0.693165 0.210572
4 0.362556 0.0857886 0.422734 0.0545927 0.479941 0.205373 0.419762 0.236568
4 0.233284 0.151646 0.294205 0.119584 0.349926 0.271231 0.291233 0.303293
10 0.204309 0.573657 0.213224 0.558925 0.239227 0.57799 0.231055 0.596187
10 0.239227 0.553726 0.249629 0.538128 0.274889 0.558059 0.263744 0.574523
10 0.355126 0.482669 0.361813 0.469671 0.384844 0.487868 0.379643 0.501733
10 0.467311 0.684575 0.460624 0.669844 0.488113 0.652513 0.494056 0.668111
10 0.370728 0.47487 0.378158 0.461005 0.405646 0.482669 0.398217 0.498267
10 0.396731 0.450607 0.408618 0.445407 0.420505 0.470537 0.409361 0.47747
10 0.412333 0.440208 0.424963 0.435009 0.439079 0.463605 0.42422 0.47227
10 0.47474 0.465338 0.482912 0.482669 0.456166 0.501733 0.447994 0.485269
10 0.120357 0.623917 0.130758 0.608319 0.153789 0.630849 0.145617 0.643847
10 0.147845 0.689775 0.16419 0.681976 0.175334 0.713172 0.158247 0.721837
10 0.381129 0.566724 0.374443 0.551127 0.40416 0.532929 0.41159 0.54766
10 0.477712 0.549393 0.471768 0.536395 0.497771 0.518198 0.503715 0.532062
10 0.406389 0.636915 0.399703 0.62305 0.424963 0.607452 0.431649 0.622184
10 0.415305 0.652513 0.408618 0.638648 0.432392 0.62565 0.439079 0.639515
10 0.453195 0.65338 0.445022 0.637782 0.471768 0.619584 0.479941 0.636915
10 0.421248 0.671577 0.413819 0.655979 0.441308 0.641248 0.447251 0.655979
10 0.477712 0.955806 0.470282 0.942808 0.5 0.923744 0.505201 0.937608
10 0.494056 0.990468 0.486627 0.978336 0.511887 0.959272 0.518574 0.974003
9 0.576523 0.940208 0.584695 0.954939 0.556464 0.974003 0.549034 0.959272
10 0.425706 0.966205 0.418276 0.951473 0.447251 0.934142 0.453938 0.94714
10 0.567608 0.672444 0.574294 0.688042 0.548291 0.702773 0.542348 0.688042
10 0.572065 0.688908 0.578752 0.705373 0.552006 0.721837 0.545319 0.707106
10 0.581724 0.70364 0.587667 0.717504 0.563893 0.735702 0.556464 0.721837
10 0.586924 0.721837 0.592125 0.735702 0.566122 0.7513 0.561664 0.738302
10 0.59584 0.734835 0.603269 0.749567 0.578752 0.767764 0.570579 0.752166
10 0.606241 0.7513 0.61367 0.766031 0.585438 0.784229 0.578752 0.770364
10 0.612184 0.769497 0.616642 0.785962 0.590639 0.797227 0.586924 0.780763
10 0.618128 0.785962 0.6263 0.802426 0.597325 0.820624 0.58841 0.803293
10 0.53789 0.772097 0.545319 0.788562 0.519316 0.805026 0.511887 0.790295
10 0.548291 0.806759 0.555721 0.820624 0.533432 0.838821 0.526003 0.823224
9 0.556464 0.824957 0.562407 0.840555 0.539376 0.854419 0.531947 0.842288
10 0.506686 0.852686 0.500743 0.837088 0.523774 0.823224 0.531947 0.838821
10 0.604012 0.835355 0.598811 0.819757 0.627786 0.802426 0.634473 0.818891
10 0.612927 0.850087 0.60847 0.837955 0.632987 0.82409 0.63893 0.835355
10 0.622585 0.867418 0.615899 0.853553 0.643388 0.836222 0.650074 0.850087
10 0.647845 0.938475 0.641159 0.922877 0.667905 0.905546 0.675334 0.921144
10 0.653046 0.954073 0.647103 0.941941 0.675334 0.92201 0.682021 0.935009
10 0.595097 0.969671 0.586924 0.954939 0.616642 0.937608 0.624071 0.954939
10 0.576523 0.937608 0.570579 0.921144 0.60104 0.906412 0.606241 0.92201
10 0.571322 0.920277 0.563893 0.907279 0.590639 0.891681 0.596582 0.905546
10 0.584695 0.872617 0.590639 0.885615 0.562407 0.903813 0.554978 0.890815
10 0.576523 0.857019 0.582467 0.869151 0.553492 0.888215 0.548291 0.875217
10 0.569837 0.839688 0.57578 0.852686 0.545319 0.870884 0.540119 0.857886
10 0.53789 0.857886 0.544577 0.87175 0.518574 0.888215 0.511887 0.873484
10 0.551263 0.890815 0.559435 0.906412 0.534175 0.923744 0.526746 0.907279
10 0.560921 0.908146 0.567608 0.92201 0.541605 0.939341 0.534918 0.92461
10 0.568351 0.923744 0.575037 0.938475 0.549034 0.955806 0.543834 0.941941
10 0.559435 0.655113 0.564636 0.668977 0.541605 0.683709 0.537147 0.670711
10 0.553492 0.635182 0.560178 0.651646 0.534175 0.668111 0.527489 0.654246
10 0.543091 0.620451 0.549777 0.635182 0.522288 0.654246 0.514116 0.640381
10 0.281575 0.907279 0.275632 0.894281 0.300149 0.879549 0.306835 0.894281
10 0.433135 0.982669 0.427192 0.967938 0.453938 0.948007 0.462853 0.965338
10 0.459881 0.966205 0.468796 0.980936 0.439079 0.999133 0.430906 0.985269
10 0.228083 0.787695 0.22214 0.77383 0.248886 0.757366 0.255572 0.770364
10 0.232541 0.809359 0.225111 0.793761 0.253343 0.775563 0.26003 0.792028
10 0.242199 0.823224 0.236256 0.809359 0.261516 0.792894 0.268202 0.810225
10 0.298663 0.792894 0.304606 0.806759 0.277117 0.82409 0.270431 0.811092
10 0.29049 0.774697 0.298663 0.790295 0.271174 0.806759 0.26523 0.792894
10 0.263744 0.852686 0.257801 0.839688 0.282318 0.82409 0.288262 0.836222
10 0.29792 0.85182 0.291233 0.837955 0.315007 0.824957 0.320951 0.836222
10 0.269688 0.869151 0.263744 0.856153 0.289747 0.838821 0.294948 0.855286
10 0.275632 0.888215 0.270431 0.87435 0.293462 0.859619 0.299406 0.87435
10 0.302377 0.872617 0.295691 0.857886 0.320208 0.839688 0.32838 0.855286
10 0.32318 0.862218 0.330609 0.876083 0.309064 0.890815 0.302377 0.880416
10 0.535661 0.605719 0.541605 0.618718 0.514116 0.637782 0.506686 0.623917
10 0.330609 0.878683 0.338039 0.890815 0.315007 0.907279 0.307578 0.896014
10 0.34101 0.892548 0.346954 0.908146 0.320208 0.92461 0.315007 0.910745
10 0.326895 0.938475 0.320951 0.92461 0.350669 0.906412 0.355869 0.922877
10 0.358841 0.92461 0.364042 0.939341 0.338039 0.954939 0.331352 0.940208
10 0.343239 0.973137 0.33581 0.958406 0.363299 0.941075 0.369985 0.958406
10 0.350669 0.988735 0.344725 0.97487 0.372214 0.958406 0.378158 0.974003
10 0.312779 0.993934 0.306835 0.976603 0.33581 0.960139 0.343239 0.975737
10 0.309807 0.973137 0.303863 0.957539 0.329866 0.941941 0.337296 0.955806
10 0.302377 0.958406 0.294948 0.943674 0.321694 0.92461 0.329866 0.942808
10 0.294205 0.940208 0.287519 0.92721 0.312779 0.912478 0.319465 0.92461
10 0.288262 0.923744 0.282318 0.910745 0.306092 0.89688 0.311293 0.909879
10 0.528975 0.582322 0.53789 0.60052 0.508915 0.617851 0.502972 0.601386
4 0.0453195 0.278163 0.119614 0.243501 0.13373 0.282496 0.0594354 0.319757
