10 0.999123 0.851894 0.99386 0.858783 0.980702 0.840413 0.986842 0.833525
10 0.00877193 0.869116 0.0149123 0.862227 0.0254386 0.879449 0.0192982 0.885189
3 0.178947 0.452354 0.235965 0.546498 0.165789 0.614237 0.109649 0.529277
3 0.508772 0.429392 0.567544 0.520092 0.5 0.588978 0.441228 0.499426
3 0.463158 0.811711 0.519298 0.9093 0.447368 0.972445 0.391228 0.886338
3 0.881579 0.0998852 0.950877 0.220436 0.872807 0.311137 0.792105 0.197474
10 0.0921053 0.9093 0.0973684 0.920781 0.0824561 0.935706 0.0763158 0.926521
10 0.0175439 0.859931 0.0236842 0.849598 0.0342105 0.869116 0.027193 0.876005
10 0.00175439 0.877153 0.00789474 0.869116 0.0166667 0.884041 0.0105263 0.89093
10 0.126316 0.973594 0.131579 0.982778 0.121053 0.995408 0.114912 0.988519
10 0.00526316 0.958668 0.0122807 0.950631 0.0245614 0.967853 0.0166667 0.97589
10 0.0991228 0.920781 0.103509 0.929966 0.0885965 0.947187 0.0842105 0.93915
10 0.103509 0.932262 0.108772 0.942595 0.095614 0.955224 0.0912281 0.947187
10 0.110526 0.942595 0.114912 0.950631 0.102632 0.964409 0.0982456 0.956372
10 0.114912 0.954076 0.118421 0.962113 0.107018 0.973594 0.101754 0.966705
10 0.119298 0.965557 0.126316 0.973594 0.112281 0.988519 0.107018 0.979334
3 0.319298 0.12744 0.392105 0.243398 0.303509 0.332951 0.230702 0.225029
