9 0.623773 0.585555 0.642312 0.572657 0.691385 0.61135 0.673937 0.625107
9 0.406761 0.568358 0.4253 0.55632 0.474373 0.595873 0.456925 0.60877
10 0.495093 0.55374 0.482007 0.564918 0.44711 0.538263 0.461287 0.527945
10 0.543075 0.542562 0.527808 0.552021 0.501636 0.527945 0.515812 0.520206
10 0.444929 0.466896 0.461287 0.460877 0.48964 0.492691 0.472192 0.49957
10 0.547437 0.517627 0.53108 0.527085 0.503817 0.50043 0.519084 0.490972
10 0.605234 0.481513 0.592148 0.490112 0.561614 0.464316 0.57361 0.455718
10 0.604144 0.466896 0.613959 0.457438 0.643402 0.482373 0.631407 0.490972
10 0.57361 0.44454 0.587786 0.434222 0.612868 0.457438 0.601963 0.466896
10 0.622683 0.433362 0.635769 0.423044 0.663032 0.44626 0.651036 0.457438
10 0.708833 0.425623 0.694656 0.435082 0.665213 0.407567 0.679389 0.400688
10 0.677208 0.428203 0.665213 0.439381 0.628135 0.408426 0.642312 0.397248
10 0.430752 0.435082 0.44602 0.422184 0.478735 0.449699 0.463468 0.459157
10 0.482007 0.409286 0.497274 0.400688 0.523446 0.428203 0.51145 0.435082
10 0.546347 0.392949 0.535442 0.400688 0.512541 0.381771 0.523446 0.373173
10 0.535442 0.404127 0.550709 0.394669 0.576881 0.419604 0.564885 0.427343
10 0.562704 0.392089 0.575791 0.385211 0.599782 0.406707 0.588877 0.413586
10 0.534351 0.368874 0.546347 0.361135 0.571429 0.381771 0.559433 0.39037
10 0.557252 0.361135 0.577972 0.347377 0.607415 0.374033 0.593239 0.386071
10 0.576881 0.343938 0.599782 0.330181 0.630316 0.359415 0.611778 0.373173
10 0.624864 0.337059 0.641221 0.325021 0.673937 0.354256 0.661941 0.366294
10 0.660851 0.307825 0.673937 0.294927 0.716467 0.324162 0.703381 0.33534
10 0.727372 0.289768 0.718648 0.297506 0.687023 0.27515 0.697928 0.265692
9 0.356598 0.494411 0.374046 0.484953 0.428571 0.531384 0.412214 0.540843
9 0.376227 0.480653 0.390403 0.469475 0.453653 0.516767 0.436205 0.527945
9 0.849509 0.33534 0.834242 0.347377 0.769902 0.306965 0.778626 0.294067
9 0.814613 0.343938 0.796074 0.358555 0.733915 0.314703 0.749182 0.300086
9 0.391494 0.745486 0.406761 0.730868 0.461287 0.774721 0.444929 0.788478
9 0.413304 0.72313 0.428571 0.711092 0.486369 0.760103 0.474373 0.771281
9 0.562704 0.648323 0.579062 0.634566 0.615049 0.662081 0.597601 0.674119
9 0.678299 0.536543 0.692475 0.523646 0.749182 0.570077 0.731734 0.580396
10 0.486369 0.570937 0.498364 0.560619 0.524537 0.581255 0.512541 0.589854
10 0.311887 0.519347 0.324973 0.510748 0.348964 0.532244 0.336968 0.539983
10 0.334787 0.495271 0.350055 0.486672 0.374046 0.510748 0.363141 0.519347
10 0.561614 0.754084 0.572519 0.766122 0.537623 0.787618 0.526718 0.77558
9 0.390403 0.588994 0.372955 0.602752 0.321701 0.562339 0.338059 0.548581
9 0.358779 0.525365 0.374046 0.513328 0.412214 0.544282 0.395856 0.55718
10 0.813522 0.365434 0.820065 0.349097 0.862595 0.359415 0.856052 0.374893
10 0.757906 0.405847 0.74482 0.416165 0.715376 0.393809 0.7241 0.382631
10 0.738277 0.422184 0.725191 0.432502 0.694656 0.407567 0.704471 0.397248
10 0.76554 0.456578 0.777535 0.467756 0.751363 0.490112 0.737186 0.481513
10 0.711014 0.669819 0.699019 0.659501 0.733915 0.633706 0.74482 0.644024
10 0.692475 0.94497 0.706652 0.958727 0.668484 0.984523 0.656489 0.971625
10 0.691385 0.655202 0.678299 0.645744 0.715376 0.619948 0.726281 0.631126
10 0.583424 0.633706 0.597601 0.620808 0.630316 0.650043 0.61614 0.660361
10 0.485278 0.694755 0.499455 0.683577 0.534351 0.712812 0.523446 0.72313
10 0.463468 0.734308 0.475463 0.725709 0.501636 0.753224 0.48855 0.759243
10 0.432933 0.709372 0.444929 0.699914 0.472192 0.72227 0.461287 0.730009
10 0.541985 0.737747 0.55398 0.749785 0.521265 0.77558 0.509269 0.761823
10 0.439477 0.631126 0.4253 0.640585 0.391494 0.61049 0.405671 0.599312
10 0.495093 0.770421 0.509269 0.782459 0.473282 0.804815 0.462377 0.794497
10 0.512541 0.785039 0.523446 0.797936 0.48855 0.821152 0.477644 0.809974
10 0.526718 0.799656 0.539804 0.810834 0.502726 0.836629 0.491821 0.827171
10 0.615049 0.876182 0.628135 0.88908 0.591058 0.912296 0.577972 0.901118
10 0.592148 0.854686 0.606325 0.865004 0.571429 0.893379 0.556161 0.883061
10 0.463468 0.883061 0.473282 0.873603 0.502726 0.895959 0.490731 0.904557
10 0.405671 0.838349 0.418757 0.828031 0.452563 0.855546 0.439477 0.865864
10 0.246456 0.963887 0.235551 0.971625 0.205016 0.950129 0.218103 0.938091
10 0.517993 0.484953 0.529989 0.475494 0.558342 0.495271 0.547437 0.506449
10 0.266085 0.61135 0.249727 0.597592 0.280262 0.579536 0.294438 0.593293
10 0.214831 0.614789 0.226827 0.606191 0.254089 0.630267 0.243184 0.638005
10 0.291167 0.675838 0.296619 0.661221 0.345692 0.676698 0.339149 0.690456
10 0.2988 0.637145 0.290076 0.626827 0.314068 0.60963 0.324973 0.619948
9 0.655398 0.549441 0.669575 0.539983 0.725191 0.582975 0.705562 0.595013
