10 0.482036 0.719481 0.489521 0.734199 0.42515 0.742857 0.417665 0.72987
10 0.829341 0.787879 0.814371 0.774892 0.853293 0.757576 0.874251 0.770563
10 0.817365 0.296104 0.838323 0.285714 0.881737 0.312554 0.860778 0.32381
10 0.785928 0.316017 0.811377 0.30303 0.850299 0.329004 0.830838 0.34026
9 0.576347 0.433766 0.555389 0.421645 0.730539 0.332468 0.75 0.345455
9 0.501497 0.382684 0.482036 0.370563 0.666168 0.283117 0.684132 0.296104
9 0.747006 0.675325 0.76497 0.685714 0.67515 0.733333 0.657186 0.721212
9 0.723054 0.65974 0.741018 0.670996 0.649701 0.717749 0.63024 0.706494
9 0.697605 0.650216 0.709581 0.662338 0.607784 0.699567 0.594311 0.685714
9 0.648204 0.618182 0.663174 0.628571 0.592814 0.660606 0.577844 0.648485
9 0.634731 0.599134 0.648204 0.611255 0.552395 0.65368 0.537425 0.641558
9 0.595808 0.574026 0.612275 0.587013 0.517964 0.631169 0.5 0.619048
9 0.311377 0.536797 0.305389 0.521212 0.434132 0.506494 0.44012 0.522944
9 0.288922 0.509957 0.284431 0.494372 0.414671 0.481385 0.420659 0.49697
9 0.252994 0.470996 0.248503 0.455411 0.377246 0.438961 0.381737 0.45368
9 0.242515 0.429437 0.238024 0.413853 0.366766 0.399134 0.372754 0.415584
9 0.217066 0.409524 0.212575 0.394805 0.293413 0.385281 0.297904 0.399134
9 0.223054 0.390476 0.217066 0.374892 0.345808 0.360173 0.350299 0.375758
9 0.209581 0.369697 0.20509 0.354978 0.335329 0.343723 0.338323 0.358442
10 0.199102 0.515152 0.20509 0.528139 0.157186 0.534199 0.151198 0.52381
10 0.154192 0.550649 0.146707 0.538528 0.194611 0.531602 0.202096 0.543723
10 0.179641 0.61039 0.185629 0.627706 0.11976 0.636364 0.115269 0.619913
9 0.549401 0.852814 0.55988 0.871861 0.480539 0.883117 0.476048 0.866667
10 0.547904 0.884848 0.562874 0.896104 0.516467 0.916883 0.502994 0.905628
10 0.535928 0.820779 0.538922 0.837229 0.468563 0.845022 0.465569 0.830303
9 0.505988 0.7671 0.511976 0.780952 0.446108 0.78961 0.441617 0.775758
9 0.5 0.735931 0.507485 0.749784 0.443114 0.75671 0.434132 0.743723
9 0.502994 0.753247 0.508982 0.764502 0.444611 0.774026 0.437126 0.761039
9 0.522455 0.78355 0.52994 0.797403 0.467066 0.807792 0.462575 0.793939
9 0.532934 0.801732 0.538922 0.818182 0.462575 0.82684 0.45509 0.812121
9 0.80988 0.722078 0.832335 0.735931 0.767964 0.765368 0.747006 0.752381
10 0.426647 0.598268 0.434132 0.612121 0.383234 0.619913 0.375749 0.606926
9 0.826347 0.743723 0.844311 0.757576 0.744012 0.797403 0.724551 0.782684
9 0.267964 0.445887 0.263473 0.431169 0.363772 0.420779 0.366766 0.435498
10 0.480539 0.699567 0.48503 0.714286 0.419162 0.722944 0.413174 0.709957
10 0.835329 0.666667 0.815868 0.654545 0.86976 0.628571 0.884731 0.641558
10 0.808383 0.65368 0.790419 0.641558 0.836826 0.620779 0.851796 0.633766
10 0.760479 0.618182 0.742515 0.606926 0.782934 0.587879 0.797904 0.598268
10 0.443114 0.636364 0.452096 0.652814 0.39521 0.661472 0.387725 0.645022
9 0.203593 0.347186 0.197605 0.332468 0.327844 0.318615 0.332335 0.334199
