10 0.974702 0.273703 0.941964 0.275492 0.9375 0.23703 0.96875 0.235242
10 0.25 0.371199 0.254464 0.38551 0.200893 0.389982 0.196429 0.375671
10 0.605655 0.261181 0.608631 0.278175 0.543155 0.281753 0.541667 0.264758
10 0.755952 0.28712 0.72619 0.288014 0.71875 0.246869 0.748512 0.245975
10 0.732143 0.374776 0.699405 0.374776 0.693452 0.338104 0.72619 0.336315
10 0.514881 0.330948 0.511905 0.313953 0.599702 0.310376 0.599702 0.325581
10 0.244048 0.354204 0.24256 0.367621 0.191964 0.365832 0.188988 0.354204
10 0.241071 0.329159 0.239583 0.34347 0.190476 0.34347 0.190476 0.330054
10 0.251488 0.390877 0.251488 0.404293 0.19494 0.406082 0.193452 0.391771
10 0.261905 0.687835 0.258929 0.671735 0.306548 0.668157 0.309524 0.682469
10 0.251488 0.411449 0.252976 0.423971 0.206845 0.42576 0.202381 0.412343
10 0.261905 0.496422 0.266369 0.512522 0.214286 0.5161 0.21131 0.500894
10 0.267857 0.518784 0.269345 0.531306 0.224702 0.533989 0.223214 0.522361
10 0.279762 0.536673 0.284226 0.552773 0.227679 0.554562 0.22619 0.539356
10 0.25 0.616279 0.245536 0.605546 0.28869 0.601968 0.294643 0.613596
10 0.248512 0.636852 0.245536 0.621646 0.297619 0.618068 0.300595 0.633274
10 0.592262 0.217352 0.596726 0.233453 0.532738 0.238819 0.526786 0.223614
10 0.590774 0.192308 0.595238 0.206619 0.529762 0.211986 0.52381 0.19678
10 0.309524 0.244186 0.3125 0.258497 0.252976 0.263864 0.25 0.248658
10 0.311012 0.226297 0.3125 0.241503 0.255952 0.246869 0.25 0.230769
10 0.297619 0.129696 0.302083 0.144007 0.238095 0.147585 0.233631 0.133274
10 0.306548 0.146691 0.309524 0.161002 0.245536 0.16458 0.24256 0.149374
10 0.303571 0.163685 0.303571 0.181574 0.247024 0.183363 0.247024 0.169052
10 0.30506 0.189624 0.306548 0.203041 0.25 0.205725 0.248512 0.191413
10 0.421131 0.179785 0.419643 0.161002 0.494048 0.161896 0.49256 0.178891
9 0.386905 0.842576 0.360119 0.84347 0.348214 0.77907 0.376488 0.775492
9 0.372024 0.757603 0.345238 0.762075 0.330357 0.694991 0.360119 0.692308
9 0.334821 0.559034 0.308036 0.561717 0.293155 0.496422 0.325893 0.494633
9 0.354167 0.670841 0.328869 0.669946 0.315476 0.604651 0.342262 0.603757
9 0.809524 0.661896 0.78125 0.662791 0.769345 0.593023 0.802083 0.591234
9 0.345238 0.958855 0.349702 0.942755 0.422619 0.949911 0.416667 0.9678
9 0.459821 0.472272 0.464286 0.487478 0.358631 0.49195 0.357143 0.47585
9 0.491071 0.856887 0.471726 0.867621 0.416667 0.813059 0.44494 0.802326
10 0.251488 0.654741 0.248512 0.640429 0.302083 0.635957 0.303571 0.651163
10 0.303571 0.653846 0.306548 0.668157 0.255952 0.669946 0.254464 0.65653
1 0.313988 0.208408 0.313988 0.223614 0.248512 0.227191 0.245536 0.211091
10 0.553571 0.639535 0.550595 0.653846 0.497024 0.647585 0.501488 0.633274
10 0.802083 0.930233 0.77381 0.932021 0.769345 0.896243 0.797619 0.897138
10 0.846726 0.954383 0.821429 0.954383 0.815476 0.915921 0.842262 0.916816
10 0.830357 0.853309 0.803571 0.852415 0.80506 0.822004 0.828869 0.823792
10 0.657738 0.722719 0.660714 0.734347 0.611607 0.73703 0.607143 0.725403
10 0.672619 0.773703 0.675595 0.78712 0.61756 0.790698 0.611607 0.775492
10 0.504464 0.66458 0.516369 0.652952 0.563988 0.669946 0.55506 0.681574
10 0.441964 0.647585 0.419643 0.648479 0.416667 0.617174 0.440476 0.617174
10 0.159226 0.660107 0.138393 0.662791 0.130952 0.63059 0.154762 0.629696
10 0.212798 0.457961 0.206845 0.443649 0.258929 0.440072 0.263393 0.454383
10 0.578869 0.45975 0.583333 0.481216 0.49256 0.486583 0.485119 0.466011
10 0.498512 0.360465 0.49256 0.342576 0.590774 0.336315 0.59375 0.355098
10 0.272321 0.404293 0.270833 0.38551 0.352679 0.379249 0.352679 0.397138
10 0.510417 0.309481 0.510417 0.292487 0.575893 0.290698 0.580357 0.304114
1 0.345238 0.34347 0.346726 0.362254 0.267857 0.363148 0.267857 0.344365
10 0.159226 0.802326 0.157738 0.788909 0.21131 0.785331 0.212798 0.798748
10 0.0639881 0.961538 0.0580357 0.949016 0.108631 0.942755 0.113095 0.956172
10 0.293155 0.906977 0.290179 0.895349 0.33631 0.890877 0.340774 0.902504
10 0.171131 0.908766 0.174107 0.892665 0.221726 0.896243 0.217262 0.90966
10 0.333333 0.859571 0.334821 0.873882 0.279762 0.87746 0.275298 0.863148
10 0.276786 0.838998 0.275298 0.824687 0.331845 0.821109 0.331845 0.834526
10 0.172619 0.887299 0.171131 0.872987 0.215774 0.86941 0.217262 0.883721
10 0.160714 0.845259 0.159226 0.830948 0.203869 0.830054 0.205357 0.84347
10 0.269345 0.779964 0.266369 0.764758 0.31994 0.759392 0.321429 0.775492
10 0.278274 0.821109 0.275298 0.807692 0.328869 0.805009 0.331845 0.820215
10 0.160714 0.829159 0.159226 0.815742 0.205357 0.812165 0.205357 0.826476
10 0.154762 0.785331 0.151786 0.769231 0.203869 0.764758 0.203869 0.779964
10 0.255952 0.725403 0.252976 0.709302 0.311012 0.70483 0.313988 0.72093
10 0.309524 0.729875 0.311012 0.742397 0.266369 0.745975 0.261905 0.735242
10 0.142857 0.73703 0.139881 0.72093 0.191964 0.718247 0.196429 0.734347
10 0.190476 0.700358 0.19494 0.716458 0.138393 0.720036 0.133929 0.70483
10 0.165179 0.640429 0.188988 0.636852 0.19494 0.665474 0.174107 0.668157
9 0.53869 0.842576 0.514881 0.852415 0.456845 0.801431 0.483631 0.788909
