9 0.472399 0.20442 0.453291 0.224309 0.402335 0.18011 0.417197 0.161326
9 0.519108 0.0994475 0.511677 0.117127 0.452229 0.0895028 0.457537 0.0707182
9 0.333333 0.701657 0.323779 0.720442 0.2431 0.679558 0.253715 0.660773
9 0.353503 0.675138 0.345011 0.691713 0.252654 0.647514 0.260085 0.628729
9 0.363057 0.649724 0.355626 0.667403 0.264331 0.620994 0.273885 0.603315
9 0.235669 0.650829 0.227176 0.668508 0.145435 0.627624 0.153928 0.607735
9 0.401274 0.566851 0.389597 0.585635 0.305732 0.539227 0.315287 0.520442
9 0.414013 0.535912 0.404459 0.554696 0.316348 0.517127 0.325902 0.495028
9 0.392781 0.861878 0.400212 0.844199 0.476645 0.877348 0.470276 0.895028
9 0.408705 0.834254 0.418259 0.816575 0.493631 0.853039 0.485138 0.871823
9 0.259023 0.59558 0.247346 0.61326 0.170913 0.567956 0.180467 0.552486
9 0.245223 0.620994 0.234607 0.638674 0.160297 0.598895 0.167728 0.58232
9 0.507431 0.122652 0.497877 0.141436 0.434183 0.113812 0.441614 0.0950276
9 0.144374 0.658564 0.152866 0.640884 0.229299 0.679558 0.216561 0.698343
9 0.461783 0.753591 0.472399 0.737017 0.543524 0.785635 0.531847 0.801105
9 0.271762 0.567956 0.264331 0.583425 0.183652 0.545856 0.191083 0.530387
9 0.288747 0.538122 0.276008 0.552486 0.201699 0.511602 0.210191 0.496133
9 0.563694 0.364641 0.556263 0.38232 0.495754 0.355801 0.502123 0.339227
9 0.302548 0.506077 0.291932 0.525967 0.201699 0.482873 0.213376 0.461878
9 0.561571 0.474033 0.569002 0.455249 0.675159 0.498343 0.667728 0.516022
9 0.552017 0.501657 0.561571 0.483978 0.658174 0.534807 0.649682 0.550276
9 0.511677 0.614365 0.524416 0.59558 0.607219 0.648619 0.598726 0.665193
9 0.447983 0.779006 0.456476 0.762431 0.529724 0.803315 0.519108 0.822099
9 0.430998 0.801105 0.440552 0.78453 0.512739 0.826519 0.505308 0.843094
9 0.38535 0.892818 0.395966 0.875138 0.473461 0.913812 0.463907 0.930387
9 0.364119 0.922652 0.375796 0.903867 0.455414 0.943646 0.444798 0.962431
9 0.31741 0.728177 0.306794 0.744751 0.232484 0.701657 0.242038 0.686188
9 0.201699 0.865193 0.195329 0.882873 0.12845 0.855249 0.135881 0.837569
10 0.991507 0.532597 0.976645 0.540331 0.955414 0.492818 0.972399 0.483978
10 0.592357 0.394475 0.60828 0.4 0.59448 0.436464 0.579618 0.429834
10 0.245223 0.897238 0.262208 0.902762 0.248408 0.943646 0.229299 0.937017
10 0.127389 0.856354 0.121019 0.871823 0.0838641 0.856354 0.0870488 0.838674
10 0.142251 0.869613 0.158174 0.878453 0.136943 0.912707 0.123142 0.901657
10 0.204883 0.745856 0.187898 0.743646 0.18896 0.698343 0.208068 0.699448
10 0.184713 0.743646 0.164544 0.742541 0.169851 0.693923 0.191083 0.695028
10 0.170913 0.721547 0.163482 0.739227 0.117834 0.719337 0.125265 0.701657
10 0.288747 0.743646 0.305732 0.752486 0.288747 0.787845 0.270701 0.78232
10 0.433121 0.458564 0.432059 0.481768 0.393843 0.476243 0.393843 0.456354
10 0.521231 0.465193 0.503185 0.457459 0.523355 0.412155 0.539278 0.41989
10 0.639066 0.379006 0.653928 0.38453 0.639066 0.426519 0.624204 0.420994
10 0.61465 0.434254 0.601911 0.428729 0.61465 0.39116 0.626327 0.398895
10 0.579618 0.38232 0.593418 0.394475 0.565817 0.422099 0.553079 0.407735
9 0.62845 0.346961 0.624204 0.364641 0.573248 0.348066 0.576433 0.330387
10 0.44586 0.354696 0.451168 0.337017 0.491507 0.353591 0.484076 0.370166
10 0.451168 0.337017 0.460722 0.318232 0.497877 0.334807 0.490446 0.354696
10 0.531847 0.0662983 0.515924 0.0596685 0.535032 0.0176796 0.550955 0.0265193
10 0.548832 0.078453 0.532909 0.0707182 0.55414 0.0287293 0.572187 0.0364641
10 0.567941 0.0906077 0.55414 0.0828729 0.571125 0.0430939 0.58811 0.0530387
10 0.547771 0.123757 0.562633 0.129282 0.548832 0.169061 0.532909 0.162431
10 0.524416 0.0762431 0.519108 0.0939227 0.480892 0.0828729 0.485138 0.0651934
9 0.483015 0.695028 0.492569 0.677348 0.572187 0.719337 0.564756 0.738122
9 0.5 0.674033 0.511677 0.654144 0.584926 0.698343 0.573248 0.718232
9 0.5 0.153591 0.491507 0.172376 0.422505 0.138122 0.432059 0.118232
9 0.710191 0.438674 0.700637 0.457459 0.642251 0.429834 0.649682 0.409945
9 0.37155 0.622099 0.364119 0.638674 0.282378 0.6 0.294055 0.581215
