7 0.89142 0.970694 0.867882 0.947967 0.931663 0.9061 0.955201 0.927033
7 0.794229 0.878589 0.772969 0.857057 0.842825 0.811005 0.864085 0.831938
7 0.741078 0.809809 0.723614 0.794258 0.779803 0.749402 0.800304 0.76555
7 0.663629 0.727871 0.643128 0.708732 0.716781 0.662081 0.735004 0.681818
7 0.585421 0.620813 0.578588 0.610646 0.634776 0.58134 0.643128 0.592703
7 0.517084 0.532297 0.502658 0.520335 0.547456 0.483254 0.563402 0.495215
7 0.420653 0.429426 0.410782 0.419258 0.470767 0.38756 0.479119 0.398325
7 0.328778 0.342105 0.303721 0.31878 0.377373 0.268541 0.400152 0.294258
7 0.24981 0.239833 0.236143 0.227871 0.295368 0.181818 0.309036 0.19378
7 0.165528 0.193182 0.136674 0.16567 0.226272 0.105263 0.252088 0.133373
