10 0.926973 0.754144 0.939929 0.73849 0.98351 0.759669 0.972909 0.776243
1 0.294464 0.996317 0.266196 0.999079 0.261484 0.953959 0.289753 0.950276
1 0.391048 0.981584 0.367491 0.989871 0.345112 0.952118 0.367491 0.943831
1 0.603062 0.533149 0.59364 0.550645 0.546525 0.529466 0.56066 0.51105
1 0.775029 0.24954 0.786808 0.262431 0.737338 0.296501 0.724382 0.282689
1 0.319199 0.186924 0.333333 0.172192 0.381625 0.209945 0.366313 0.224678
7 0.872792 0.13628 0.95053 0.0552486 1.00118 0.087477 0.997644 0.209024
7 0.749117 0.293738 0.775029 0.264273 0.863369 0.320442 0.832744 0.347145
7 0.628975 0.423573 0.680801 0.379374 0.746761 0.418048 0.745583 0.495396
7 0.52179 0.560773 0.547703 0.530387 0.69258 0.59116 0.667845 0.623389
7 0.369847 0.756906 0.41225 0.692449 0.617197 0.764273 0.573616 0.830571
7 0.358068 0.944751 0.399293 0.926335 0.453475 1 0.407538 1
7 0.141343 0.728361 0.161366 0.744015 0.0859835 0.802947 0.0647821 0.787293
7 0.256773 0.478821 0.223793 0.531308 0.0424028 0.459484 0.0824499 0.406998
7 0.38987 0.196133 0.358068 0.21639 0.285041 0.139963 0.315665 0.122468
