7 0.943283 0.566667 0.929533 0.562821 0.935835 0.126923 0.947579 0.126923
7 0.777428 0.730769 0.767402 0.726923 0.771985 0.20641 0.780865 0.207692
7 0.645087 0.632051 0.630192 0.626923 0.635348 0.179487 0.649384 0.183333
7 0.620166 0.80641 0.590662 0.798718 0.597823 0.233333 0.624463 0.241026
7 0.502148 0.570513 0.49556 0.569231 0.497279 0.187179 0.503867 0.187179
7 0.474649 0.502564 0.454025 0.507692 0.451733 0.180769 0.47379 0.178205
7 0.416213 0.451282 0.408479 0.45641 0.402463 0.214103 0.409052 0.210256
7 0.358923 0.547436 0.348897 0.55641 0.338012 0.228205 0.347751 0.220513
14 0.197078 0.180769 0.213406 0.167949 0.215984 0.212821 0.198797 0.226923
7 0.273274 0.689744 0.266972 0.692308 0.259524 0.302564 0.266686 0.3
7 0.225437 0.803846 0.215125 0.810256 0.199943 0.339744 0.210541 0.330769
7 0.186766 0.916667 0.179605 0.926923 0.154111 0.442308 0.163277 0.433333
7 0.147236 0.971795 0.127471 0.992308 0.0993985 0.444872 0.118877 0.420513
7 0.0910914 0.932051 0.0839301 0.941026 0.058436 0.437179 0.0661702 0.428205
