10 0.511096 0.982133 0.508406 0.990541 0.485541 0.985812 0.488231 0.977404
1 0.679892 0.450867 0.671822 0.458749 0.640888 0.442985 0.648958 0.433526
1 0.7115 0.41671 0.705447 0.424593 0.67115 0.407777 0.679892 0.397793
1 0.71957 0.40042 0.712172 0.410405 0.683255 0.395166 0.691325 0.385707
1 0.735709 0.394115 0.726967 0.401997 0.700067 0.383605 0.709482 0.375723
1 0.655683 0.342617 0.666443 0.333684 0.698722 0.356805 0.688635 0.364687
1 0.597176 0.397267 0.607263 0.388334 0.639543 0.408828 0.629455 0.418287
1 0.578346 0.424067 0.587088 0.415659 0.622058 0.435628 0.61466 0.445087
1 0.608608 0.445612 0.60121 0.453494 0.572293 0.439306 0.579691 0.429848
1 0.560861 0.450342 0.568931 0.440883 0.60121 0.460326 0.593141 0.468734
1 0.588433 0.471886 0.581036 0.482396 0.547411 0.46453 0.555481 0.45402
1 0.753194 0.522333 0.745124 0.531266 0.71419 0.512349 0.723605 0.503941
1 0.760592 0.505518 0.754539 0.5134 0.724277 0.499212 0.731675 0.489753
1 0.740417 0.484498 0.749832 0.478192 0.771352 0.496584 0.761264 0.50289
1 0.785474 0.483973 0.778749 0.493431 0.747142 0.475039 0.755884 0.465581
1 0.807666 0.462953 0.798252 0.468734 0.774714 0.449291 0.785474 0.441934
1 0.787492 0.433526 0.796234 0.425644 0.818426 0.442459 0.808339 0.451393
1 0.789509 0.424593 0.794889 0.413032 0.833221 0.426695 0.827169 0.438781
1 0.862139 0.469259 0.852724 0.477141 0.827841 0.460326 0.838601 0.451393
1 0.778749 0.5134 0.787492 0.504992 0.821116 0.523384 0.811701 0.533368
1 0.796907 0.545455 0.789509 0.554388 0.761937 0.5402 0.770007 0.530741
1 0.794217 0.560694 0.786819 0.568576 0.751849 0.548607 0.759247 0.5402
1 0.776059 0.568576 0.769334 0.579611 0.736382 0.565423 0.745797 0.553862
1 0.890383 0.540725 0.877606 0.532843 0.903833 0.504992 0.917283 0.512349
1 0.901816 0.549133 0.889711 0.5402 0.913921 0.514976 0.926698 0.522333
1 0.683255 0.669995 0.704102 0.669469 0.704775 0.711508 0.6846 0.711508
1 0.640215 0.662638 0.661063 0.665265 0.651648 0.715712 0.632818 0.712559
1 0.609953 0.666842 0.629455 0.668944 0.622058 0.710457 0.601883 0.708355
1 0.503026 0.638991 0.528581 0.643195 0.514459 0.701524 0.488904 0.698371
1 0.480161 0.690489 0.458642 0.688912 0.467384 0.639517 0.488231 0.641618
1 0.498991 0.62743 0.483524 0.626905 0.485541 0.587493 0.503026 0.587493
1 0.70074 0.427746 0.694015 0.435102 0.659045 0.418287 0.667115 0.409879
1 0.670477 0.465055 0.661735 0.472937 0.629455 0.454545 0.637525 0.445087
10 0.517821 0.968996 0.515131 0.978981 0.489576 0.974251 0.492266 0.964792
1 0.65232 0.4866 0.64694 0.494482 0.609953 0.479243 0.616678 0.469785
7 0.37458 0.472937 0.299933 0.411456 0.600538 0.185497 0.677875 0.241724
7 0.616005 0.517078 0.525219 0.469259 0.679892 0.312664 0.770007 0.357331
7 0.745797 0.569101 0.709482 0.55176 0.817081 0.427746 0.852051 0.447189
7 0.868863 0.604309 0.858104 0.597478 0.941493 0.503416 0.950908 0.508145
7 0.157364 0.636364 0.178884 0.558592 0.511096 0.594325 0.493611 0.674724
7 0.126429 0.799264 0.149966 0.717814 0.433087 0.7567 0.418964 0.846033
7 0.0995293 0.944824 0.131137 0.868628 0.394755 0.927483 0.3692 1
7 0.0618695 0.130321 0.0437122 0.132422 0.0302623 0.038886 0.0490921 0.036784
1 0.345662 0.284813 0.322125 0.284288 0.32347 0.235943 0.34768 0.235943
1 0.412912 0.244877 0.399462 0.251182 0.376597 0.22123 0.392737 0.214924
1 0.429724 0.139779 0.443174 0.13505 0.459314 0.164477 0.446537 0.168681
1 0.441829 0.126642 0.456624 0.120336 0.480834 0.152391 0.467384 0.159748
1 0.462677 0.119811 0.476126 0.11298 0.498991 0.147662 0.484196 0.152916
1 0.486214 0.119811 0.498991 0.115081 0.515804 0.14083 0.502354 0.146085
1 0.529926 0.0924855 0.543376 0.0877562 0.562206 0.116658 0.549428 0.122964
1 0.490249 0.202838 0.476799 0.208618 0.457969 0.182869 0.473436 0.176038
1 0.471419 0.209143 0.458642 0.214398 0.439812 0.187599 0.453934 0.181818
1 0.540686 0.241198 0.550773 0.233841 0.577001 0.255912 0.564896 0.263269
1 0.620713 0.293747 0.609953 0.301104 0.583053 0.279559 0.595158 0.271676
1 0.474109 0.287966 0.486214 0.280084 0.513114 0.301629 0.502354 0.310562
1 0.453262 0.297425 0.466711 0.287966 0.498319 0.314241 0.484196 0.323174
1 0.525891 0.369942 0.513786 0.376248 0.484196 0.345244 0.496974 0.338413
1 0.490921 0.390436 0.481506 0.398318 0.447882 0.374672 0.459314 0.364162
1 0.395427 0.344719 0.404842 0.338939 0.432414 0.363636 0.422999 0.370468
1 0.363147 0.35155 0.377942 0.341566 0.416947 0.377299 0.402824 0.387283
1 0.33692 0.38413 0.348352 0.375723 0.379287 0.402522 0.365837 0.410405
1 0.425017 0.444036 0.412239 0.45402 0.37727 0.425118 0.392737 0.414609
1 0.293208 0.43195 0.31002 0.419863 0.363147 0.462428 0.347007 0.475565
1 0.636853 0.496059 0.62811 0.503941 0.596503 0.4866 0.604573 0.477667
1 0.464694 0.585391 0.482851 0.588544 0.468729 0.629007 0.449899 0.625328
1 0.429724 0.633211 0.446537 0.635313 0.437794 0.676301 0.417619 0.673673
1 0.384667 0.630058 0.403497 0.632685 0.390047 0.673673 0.372562 0.669995
1 0.419637 0.570678 0.439812 0.572254 0.429052 0.620599 0.409549 0.617972
1 0.33154 0.75092 0.348352 0.756174 0.332213 0.792958 0.3154 0.787178
1 0.312038 0.755123 0.32616 0.757225 0.319435 0.787178 0.305313 0.785076
1 0.301278 0.785602 0.283793 0.782974 0.291863 0.744088 0.31002 0.746716
1 0.268998 0.744614 0.286483 0.748818 0.27505 0.780872 0.257566 0.777194
1 0.248151 0.736206 0.263618 0.739359 0.253531 0.776668 0.236718 0.773516
1 0.223268 0.774041 0.207128 0.765633 0.229321 0.729375 0.246133 0.737257
1 0.206456 0.767735 0.190316 0.764582 0.202421 0.725696 0.220578 0.730426
1 0.180229 0.710457 0.195696 0.717814 0.168796 0.759853 0.151311 0.75092
1 0.129792 0.784551 0.109617 0.780872 0.125084 0.720441 0.145259 0.723069
10 0.728985 0.125591 0.723605 0.116658 0.746469 0.106148 0.751177 0.115081
10 0.690652 0.131372 0.69536 0.139254 0.678547 0.147662 0.671822 0.139779
10 0.825824 0.14083 0.819099 0.132422 0.841291 0.121387 0.846671 0.130321
10 0.863484 0.144509 0.873571 0.139254 0.886348 0.156069 0.876261 0.160799
1 0.958978 0.148713 0.949563 0.13505 0.999328 0.117709 0.998655 0.132948
10 0.837929 0.201787 0.831876 0.19443 0.854741 0.183395 0.860121 0.191277
10 0.864156 0.242249 0.858104 0.233841 0.881641 0.223332 0.887693 0.232265
10 0.920646 0.269049 0.922663 0.278508 0.893073 0.283237 0.890383 0.274304
10 0.812374 0.327378 0.821116 0.335786 0.798252 0.35155 0.789509 0.344719
10 0.823134 0.339989 0.830531 0.347346 0.809684 0.362585 0.801614 0.355229
10 0.849361 0.361534 0.858104 0.370468 0.837256 0.385181 0.827841 0.377299
10 0.864156 0.37257 0.872898 0.378875 0.855414 0.396217 0.845999 0.390962
10 0.879623 0.378875 0.888366 0.38413 0.873571 0.398844 0.864829 0.393589
10 0.568258 0.777194 0.557498 0.782449 0.547411 0.766684 0.557498 0.761429
10 0.551446 0.779821 0.541358 0.785602 0.527909 0.770363 0.536651 0.764582
10 0.492266 0.813452 0.495629 0.803468 0.521184 0.81135 0.517149 0.819233
10 0.487559 0.822911 0.492939 0.814503 0.515131 0.82186 0.510424 0.829743
10 0.485541 0.84866 0.488231 0.840778 0.513786 0.845507 0.510424 0.853389
10 0.484869 0.866527 0.485541 0.858644 0.510424 0.859695 0.509079 0.869154
10 0.489576 0.926957 0.486214 0.936416 0.462677 0.932212 0.465367 0.924855
1 0.353732 0.797162 0.337592 0.790857 0.355077 0.756174 0.371217 0.76248
1 0.404169 0.867578 0.381977 0.861272 0.398117 0.818182 0.419637 0.822911
1 0.365837 0.848135 0.349025 0.844982 0.357767 0.811876 0.373907 0.815029
1 0.184264 0.972675 0.164089 0.967945 0.178884 0.928008 0.199059 0.931687
1 0.404169 0.61587 0.386012 0.614293 0.391392 0.569627 0.410894 0.571729
1 0.367855 0.566474 0.384667 0.568576 0.37727 0.617446 0.359112 0.614819
1 0.35306 0.61587 0.33692 0.614819 0.340282 0.57278 0.359112 0.573831
1 0.30733 0.623752 0.325488 0.625854 0.316745 0.666842 0.29926 0.66474
1 0.318763 0.568576 0.338937 0.570152 0.32885 0.613242 0.31002 0.611666
1 0.303968 0.606411 0.287155 0.60536 0.29119 0.560694 0.309348 0.56227
1 0.245461 0.657909 0.225958 0.655807 0.232683 0.613768 0.251513 0.615344
1 0.247478 0.55176 0.267653 0.554388 0.256221 0.604834 0.236046 0.602207
1 0.223268 0.558066 0.242098 0.560694 0.231338 0.601156 0.212508 0.598529
1 0.196369 0.544404 0.216543 0.547031 0.206456 0.596427 0.184264 0.594325
1 0.193679 0.647399 0.174176 0.645822 0.180901 0.607462 0.200403 0.610089
1 0.929388 0.0856542 0.922663 0.0761955 0.949563 0.0625328 0.957633 0.0704151
1 0.973773 0.675775 0.991258 0.677352 0.985205 0.719916 0.968393 0.717814
1 0.268998 0.949028 0.281775 0.950079 0.278413 0.98371 0.265636 0.982659
1 0.320108 0.845507 0.303968 0.841829 0.313383 0.807672 0.330868 0.810825
1 0.26967 0.896479 0.28581 0.901209 0.27236 0.933789 0.256221 0.93011
1 0.246133 0.894903 0.260928 0.898056 0.250841 0.927483 0.234701 0.92433
1 0.222596 0.882291 0.240753 0.88597 0.227976 0.923805 0.209146 0.91855
1 0.197714 0.88597 0.213181 0.889648 0.201076 0.91855 0.186281 0.915397
1 0.178211 0.876511 0.192334 0.879138 0.180901 0.912244 0.166106 0.909616
1 0.147949 0.86495 0.165434 0.869154 0.148621 0.90804 0.131809 0.903311
1 0.103564 0.933263 0.0820444 0.926957 0.106927 0.869679 0.127774 0.874409
1 0.160054 0.817131 0.143241 0.814503 0.149966 0.769312 0.168124 0.770888
1 0.187626 0.780347 0.202421 0.785602 0.186954 0.817656 0.171486 0.811876
1 0.213181 0.822386 0.197714 0.819233 0.207128 0.782974 0.224613 0.785602
1 0.238063 0.827641 0.220578 0.825539 0.228648 0.788755 0.246133 0.791382
1 0.250168 0.792958 0.265636 0.79506 0.259583 0.831844 0.242098 0.830268
1 0.28043 0.796111 0.297243 0.801366 0.278413 0.836574 0.262946 0.830268
7 0.314728 0.286915 0.262273 0.213873 0.572966 0.0719916 0.626093 0.137152
