10 0.286624 0.944751 0.291932 0.923757 0.336518 0.938122 0.333333 0.960221
10 0.132696 0.939227 0.139066 0.920442 0.177282 0.930387 0.170913 0.951381
10 0.0541401 0.923757 0.0605096 0.901657 0.0997877 0.911602 0.0902335 0.931492
10 0.0477707 0.872928 0.0530786 0.854144 0.101911 0.868508 0.096603 0.889503
9 0.468153 0.700552 0.474522 0.674033 0.66242 0.710497 0.658174 0.734807
9 0.483015 0.641989 0.46603 0.658564 0.342887 0.545856 0.357749 0.527072
9 0.527601 0.58232 0.512739 0.59779 0.390658 0.487293 0.403397 0.471823
9 0.583864 0.530387 0.567941 0.549171 0.435244 0.437569 0.452229 0.414365
9 0.511677 0.616575 0.495754 0.634254 0.36518 0.520442 0.378981 0.500552
9 0.759023 0.560221 0.740977 0.543646 0.860934 0.396685 0.878981 0.41547
9 0.632696 0.471823 0.613588 0.455249 0.721868 0.319337 0.7431 0.338122
