10 0.717593 0.950893 0.710648 0.966071 0.674769 0.952679 0.681713 0.938393
10 0.386574 0.841964 0.40625 0.848214 0.392361 0.880357 0.372685 0.875
10 0.322917 0.820536 0.33912 0.825893 0.324074 0.855357 0.30787 0.850893
10 0.818287 0.984821 0.809028 1.00089 0.767361 0.984821 0.77662 0.967857
10 0.732639 0.933929 0.751157 0.941964 0.734954 0.972321 0.716435 0.964286
10 0.585648 0.925893 0.591435 0.915179 0.625 0.927679 0.619213 0.939286
4 0.78125 0.161607 0.875 0.132143 0.951389 0.282143 0.859954 0.309821
4 0.652778 0.2 0.743056 0.172321 0.821759 0.321429 0.728009 0.348214
4 0.525463 0.236607 0.616898 0.209821 0.69213 0.358929 0.600694 0.388393
4 0.398148 0.277679 0.490741 0.25 0.565972 0.398214 0.474537 0.426786
4 0.53125 0.603571 0.619213 0.630357 0.541667 0.777679 0.451389 0.750893
4 0.413194 0.565179 0.503472 0.594643 0.423611 0.742857 0.332176 0.715179
4 0.295139 0.528571 0.385417 0.558929 0.306713 0.707143 0.216435 0.676786
