10 0.913858 0.947789 0.920724 0.939803 0.936954 0.953317 0.930712 0.961916
10 0.621723 0.517199 0.629838 0.523956 0.614856 0.541769 0.606742 0.535012
10 0.52809 0.40602 0.518727 0.400491 0.530587 0.383292 0.539326 0.388821
10 0.54432 0.47543 0.534956 0.469287 0.548065 0.447789 0.556804 0.453931
10 0.548689 0.489558 0.539326 0.484029 0.550562 0.46683 0.560549 0.471744
10 0.610487 0.484644 0.618602 0.490786 0.605493 0.507371 0.598002 0.501229
10 0.615481 0.503071 0.623596 0.509214 0.613608 0.522727 0.604869 0.517199
10 0.627341 0.548526 0.637328 0.555283 0.623596 0.57371 0.614856 0.567568
10 0.649189 0.630221 0.656679 0.636978 0.644195 0.65602 0.63608 0.649263
10 0.661673 0.682432 0.668539 0.691032 0.654806 0.707002 0.646692 0.699017
10 0.622971 0.799754 0.615481 0.792998 0.627341 0.776413 0.635456 0.782555
10 0.620474 0.783784 0.611111 0.777641 0.621723 0.760442 0.631086 0.765356
10 0.637328 0.850123 0.629213 0.843366 0.638577 0.826781 0.64794 0.832924
10 0.606117 0.723587 0.598627 0.716216 0.609863 0.70086 0.618602 0.705774
10 0.602996 0.708845 0.595506 0.702088 0.606742 0.686732 0.614856 0.691646
10 0.598627 0.693489 0.589888 0.687346 0.601748 0.66769 0.610487 0.673219
10 0.593633 0.677518 0.585518 0.670762 0.598002 0.654177 0.605493 0.660934
10 0.652934 0.919533 0.643571 0.912776 0.654806 0.89312 0.665418 0.899877
10 0.644195 0.883907 0.635456 0.87715 0.647316 0.859337 0.656055 0.866708
10 0.661049 0.951474 0.65231 0.945332 0.663546 0.928747 0.67166 0.934889
10 0.714107 0.906634 0.722222 0.913391 0.709738 0.933047 0.700999 0.926904
10 0.785268 0.982801 0.790262 0.974201 0.80774 0.985258 0.802747 0.993857
10 0.799625 0.977273 0.805243 0.967445 0.822097 0.97973 0.817728 0.988943
10 0.536829 0.437961 0.52809 0.431818 0.538702 0.414619 0.548065 0.420147
10 0.514981 0.35688 0.505618 0.350737 0.519351 0.331081 0.529338 0.337224
10 0.510612 0.340909 0.502497 0.335381 0.513109 0.315725 0.521848 0.31941
4 0.417603 0.874693 0.468165 0.862408 0.493758 0.967445 0.442572 0.980344
5 0.23221 0.0313268 0.299001 0.0153563 0.325843 0.125307 0.259051 0.141278
4 0.0699126 0.348894 0.121723 0.336609 0.146692 0.441032 0.0961298 0.454545
4 0.138577 0.333538 0.188514 0.320639 0.213483 0.424447 0.163546 0.437961
4 0.209114 0.315725 0.259675 0.304054 0.285893 0.408477 0.234707 0.420762
4 0.282147 0.299754 0.331461 0.287469 0.357678 0.391892 0.30774 0.403563
4 0.374532 0.191646 0.425094 0.178133 0.450687 0.282555 0.400125 0.29484
4 0.430712 0.399263 0.481273 0.385749 0.507491 0.492015 0.456929 0.5043
4 0.420724 0.704545 0.471286 0.69226 0.496879 0.796683 0.445069 0.808354
4 0.501873 0.684889 0.552434 0.672604 0.577403 0.778256 0.52809 0.789312
4 0.480025 0.860565 0.530587 0.84828 0.555556 0.953317 0.505618 0.964988
10 0.535581 0.160319 0.543695 0.166462 0.528714 0.185504 0.521223 0.181204
4 0.543695 0.845209 0.594257 0.832924 0.619226 0.938575 0.568664 0.950246
14 0.221598 0.869779 0.325843 0.843366 0.357678 0.974816 0.256554 0.999386
4 0.672285 0.568796 0.722222 0.555897 0.747815 0.662162 0.697878 0.674447
4 0.7397 0.552826 0.789638 0.541155 0.815855 0.645577 0.765918 0.657862
4 0.802747 0.539312 0.85206 0.526413 0.878901 0.63145 0.82834 0.64312
10 0.458177 0.126536 0.448814 0.120393 0.462547 0.101351 0.471286 0.107494
10 0.513109 0.0761671 0.521223 0.0829238 0.506866 0.101966 0.498752 0.0970516
10 0.518102 0.0933661 0.525593 0.0988943 0.514357 0.114251 0.506242 0.109951
10 0.529338 0.143735 0.538077 0.149877 0.523096 0.170762 0.514357 0.164619
10 0.817104 0.972359 0.820849 0.963759 0.838327 0.974816 0.834582 0.983415
10 0.418851 0.601966 0.429463 0.605651 0.420724 0.625307 0.411361 0.621622
10 0.824594 0.490172 0.818352 0.481572 0.838951 0.464988 0.844569 0.474201
10 0.465044 0.588452 0.47628 0.592752 0.467541 0.613022 0.457553 0.609337
10 0.707241 0.911548 0.697878 0.903563 0.712235 0.886364 0.719725 0.892506
10 0.631086 0.810811 0.622347 0.804054 0.634207 0.788084 0.641698 0.794226
10 0.617353 0.767813 0.60799 0.760442 0.620474 0.7414 0.628589 0.746929
10 0.6598 0.666462 0.667291 0.673833 0.652934 0.690418 0.645443 0.683661
10 0.637328 0.627764 0.628589 0.619779 0.641698 0.601351 0.649813 0.60688
10 0.631086 0.610565 0.622347 0.60258 0.63608 0.584767 0.645443 0.590909
10 0.558052 0.480958 0.566792 0.488329 0.553059 0.5086 0.54432 0.502457
10 0.540574 0.458231 0.531211 0.451474 0.542447 0.433047 0.55181 0.439189
10 0.531211 0.425061 0.523096 0.418305 0.535581 0.398034 0.54432 0.404791
10 0.523096 0.388206 0.514357 0.38145 0.528714 0.361179 0.537453 0.367322
10 0.518727 0.374079 0.512484 0.367936 0.521848 0.349509 0.529963 0.354423
10 0.574906 0.366093 0.585518 0.363022 0.592385 0.387592 0.581773 0.389435
10 0.496255 0.277641 0.48814 0.270885 0.498127 0.2543 0.507491 0.259214
10 0.590512 0.207002 0.594881 0.197789 0.616729 0.207617 0.61236 0.216216
10 0.624844 0.197789 0.629213 0.189803 0.649813 0.20086 0.645443 0.209459
10 0.660424 0.188575 0.66417 0.18059 0.684145 0.191032 0.679151 0.199631
10 0.677278 0.183661 0.6804 0.176904 0.698502 0.184889 0.694132 0.193489
10 0.696629 0.179361 0.700999 0.17199 0.718477 0.181818 0.714107 0.189803
10 0.827715 0.148034 0.832709 0.138206 0.855805 0.151106 0.851436 0.160319
10 0.877029 0.133907 0.882647 0.125921 0.90387 0.139435 0.897628 0.148649
10 0.911361 0.129607 0.917603 0.119165 0.938202 0.13145 0.933208 0.141278
10 0.649189 0.899263 0.641698 0.891892 0.654182 0.875921 0.662297 0.88145
10 0.639825 0.867322 0.631086 0.859951 0.644195 0.842138 0.65231 0.84828
10 0.656679 0.936732 0.648564 0.93059 0.661049 0.912162 0.669788 0.918305
10 0.86392 0.139435 0.868914 0.13145 0.886392 0.142506 0.881398 0.151106
10 0.449438 0.593366 0.439451 0.590295 0.446941 0.568796 0.458177 0.573096
10 0.0418227 0.386364 0.051186 0.393735 0.0374532 0.410934 0.0274657 0.404791
10 0.045568 0.401106 0.0536829 0.407862 0.0405743 0.424447 0.0324594 0.417076
10 0.641074 0.195332 0.646067 0.185504 0.664794 0.197174 0.660424 0.206388
10 0.735331 0.170762 0.740949 0.162162 0.758427 0.173219 0.753433 0.181818
10 0.611735 0.202088 0.616105 0.194103 0.634207 0.203931 0.630462 0.212531
10 0.84769 0.146806 0.853308 0.136978 0.871411 0.148034 0.867041 0.158477
10 0.930712 0.125307 0.934457 0.116708 0.953808 0.126536 0.950062 0.135135
10 0.947566 0.120393 0.952559 0.111794 0.970662 0.122236 0.965668 0.132064
10 0.895131 0.132678 0.900125 0.124079 0.920724 0.135135 0.915106 0.143735
10 0.434457 0.597052 0.445693 0.600123 0.43633 0.624079 0.426342 0.620393
10 0.897628 0.953931 0.90387 0.945946 0.9201 0.957002 0.915106 0.965602
10 0.930087 0.945946 0.935705 0.937346 0.95568 0.951474 0.950062 0.958845
10 0.947566 0.941032 0.952559 0.932432 0.971286 0.945332 0.966292 0.953317
10 0.965668 0.936118 0.970662 0.927518 0.988764 0.941646 0.985019 0.949631
10 0.0536829 0.417076 0.0611735 0.425061 0.0461923 0.444717 0.0380774 0.437346
10 0.418227 0.603194 0.407615 0.599509 0.415106 0.574939 0.426966 0.579238
10 0.401998 0.607494 0.390762 0.60258 0.400749 0.577396 0.412609 0.581695
10 0.478777 0.591523 0.468165 0.588452 0.475031 0.564496 0.486267 0.567568
10 0.452559 0.590295 0.461923 0.595209 0.453808 0.614865 0.444444 0.610565
5 0.155431 0.04914 0.224095 0.0337838 0.249688 0.14312 0.182272 0.159091
