9 0.7375 0.0792291 0.743333 0.107066 0.665 0.135974 0.6575 0.11242
9 0.34 0.857602 0.348333 0.842612 0.473333 0.948608 0.463333 0.966809
9 0.6825 0.407923 0.665833 0.396146 0.74 0.230193 0.754167 0.240899
9 0.693333 0.441113 0.680833 0.431478 0.753333 0.266595 0.768333 0.276231
9 0.7325 0.603854 0.72 0.593148 0.7925 0.433619 0.8075 0.443255
9 0.735 0.730193 0.718333 0.718415 0.791667 0.559957 0.805833 0.570664
9 0.781667 0.945396 0.768333 0.933619 0.840833 0.770878 0.856667 0.781585
9 0.421667 0.329764 0.405 0.334047 0.361667 0.149893 0.380833 0.142398
9 0.345833 0.350107 0.33 0.35439 0.2975 0.168094 0.316667 0.162741
9 0.240833 0.382227 0.226667 0.38651 0.195 0.20985 0.211667 0.204497
9 0.171667 0.218415 0.188333 0.213062 0.223333 0.398287 0.205833 0.40257
9 0.459167 0.632762 0.466667 0.61349 0.5925 0.714133 0.5825 0.737687
9 0.579167 0.791221 0.57 0.807281 0.455 0.710921 0.466667 0.688437
9 0.600833 0.841542 0.590833 0.860814 0.4675 0.760171 0.4775 0.738758
9 0.613333 0.931478 0.603333 0.949679 0.4825 0.847966 0.4925 0.829764
9 0.265 0.372591 0.249167 0.376874 0.2175 0.187366 0.235833 0.184154
9 0.310833 0.366167 0.296667 0.37045 0.263333 0.184154 0.280833 0.178801
9 0.345 0.169165 0.360833 0.163812 0.398333 0.345824 0.38 0.352248
9 0.0325 0.574946 0.03 0.554604 0.173333 0.512848 0.176667 0.535332
9 0.699167 0.493576 0.6825 0.481799 0.76 0.317987 0.775 0.329764
9 0.714167 0.521413 0.700833 0.510707 0.773333 0.345824 0.788333 0.357602
9 0.7225 0.567452 0.708333 0.556745 0.78 0.391863 0.795 0.40364
9 0.7175 0.699143 0.7025 0.688437 0.780833 0.527837 0.795833 0.539615
9 0.750833 0.755889 0.735833 0.744111 0.811667 0.5803 0.826667 0.593148
9 0.753333 0.875803 0.738333 0.864026 0.8125 0.703426 0.829167 0.714133
9 0.781667 0.876874 0.766667 0.865096 0.8425 0.697002 0.858333 0.70985
9 0.794167 0.979657 0.78 0.96788 0.85 0.802998 0.866667 0.814775
9 0.749167 0.82334 0.735 0.812634 0.8075 0.649893 0.824167 0.66167
9 0.62 0.901499 0.610833 0.91863 0.49 0.811563 0.499167 0.793362
9 0.330833 0.735546 0.339167 0.719486 0.463333 0.819058 0.454167 0.8394
9 0.335833 0.77409 0.346667 0.75803 0.471667 0.865096 0.46 0.884368
9 0.678333 0.341542 0.661667 0.330835 0.736667 0.165953 0.754167 0.179872
