10 0.792329 0.980321 0.797474 0.969388 0.812442 0.987609 0.807764 0.997813
1 0.383068 0.30758 0.375585 0.301749 0.385407 0.272595 0.392891 0.278426
1 0.143592 0.00145773 0.169317 0.000728863 0.131431 0.0940233 0.114593 0.0772595
1 0.169785 0.0663265 0.178204 0.0728863 0.166043 0.104956 0.158092 0.0976676
1 0.18101 0.10277 0.172123 0.0969388 0.188494 0.0408163 0.198316 0.048105
1 0.227315 0.0284257 0.243686 0.0437318 0.2058 0.139213 0.190833 0.123178
1 0.255847 0.184402 0.239944 0.169825 0.266137 0.0991254 0.280168 0.112974
1 0.286717 0.119534 0.296071 0.127551 0.283442 0.159621 0.275023 0.151603
1 0.307764 0.206997 0.300281 0.199708 0.310103 0.167638 0.318522 0.173469
1 0.318522 0.225948 0.311506 0.218659 0.321796 0.193149 0.328344 0.200437
1 0.340505 0.212099 0.334892 0.205539 0.344247 0.180758 0.34986 0.186589
1 0.397568 0.289359 0.391487 0.283528 0.40131 0.255831 0.407858 0.263848
7 0.918616 0.718659 0.940599 0.739067 0.904116 0.837464 0.879326 0.81414
1 0.427035 0.236152 0.442002 0.247813 0.413938 0.323615 0.399439 0.309038
1 0.47942 0.293003 0.49392 0.304665 0.470065 0.373907 0.455566 0.361516
1 0.496258 0.354956 0.489242 0.348397 0.499532 0.316327 0.507016 0.322157
1 0.573901 0.386297 0.5884 0.398688 0.56174 0.466472 0.549111 0.451895
1 0.586062 0.414723 0.59261 0.419825 0.585594 0.441691 0.578578 0.435131
1 0.600561 0.488338 0.594481 0.481778 0.604771 0.455539 0.610851 0.46137
1 0.615996 0.515306 0.601497 0.501458 0.62348 0.443149 0.637512 0.456268
1 0.714687 0.529155 0.723106 0.536443 0.712348 0.56414 0.704397 0.556851
1 0.723573 0.578717 0.716558 0.572157 0.730589 0.53207 0.738073 0.53863
7 0.971469 0.763848 0.993452 0.784985 0.955098 0.890671 0.930309 0.868805
7 0.885407 0.682216 0.902245 0.699708 0.86015 0.810496 0.841908 0.792274
10 0.579514 0.79519 0.574369 0.809038 0.558934 0.793732 0.564079 0.780612
7 0.515903 0.366618 0.529467 0.379738 0.488307 0.490525 0.472404 0.475219
7 0.190365 0.0306122 0.212816 0.0546647 0.165575 0.162536 0.143124 0.143586
7 0.217025 0.0575802 0.243218 0.0816327 0.200187 0.189504 0.17493 0.16035
7 0.262862 0.0983965 0.286717 0.12172 0.243218 0.236152 0.221235 0.213557
7 0.304958 0.137026 0.31899 0.152332 0.276894 0.266764 0.261459 0.251458
7 0.329747 0.158892 0.351263 0.183673 0.3087 0.291545 0.287184 0.26895
7 0.365762 0.197522 0.402245 0.233236 0.362021 0.347668 0.322732 0.309038
7 0.413938 0.245627 0.42797 0.260204 0.390084 0.366618 0.374649 0.35277
7 0.443873 0.270408 0.455566 0.28207 0.413938 0.392128 0.399439 0.37828
7 0.468195 0.28863 0.499532 0.317055 0.458372 0.432945 0.426567 0.403061
7 0.567353 0.382653 0.591674 0.405977 0.552853 0.507289 0.527596 0.484694
7 0.851263 0.649417 0.874649 0.673469 0.834425 0.78207 0.811038 0.758017
7 0.6029 0.416181 0.621141 0.432945 0.579046 0.542274 0.562208 0.526239
7 0.627222 0.439504 0.644995 0.458455 0.605239 0.566327 0.587933 0.548834
7 0.656688 0.469388 0.673527 0.483965 0.629093 0.599125 0.614593 0.580904
7 0.686155 0.491254 0.702993 0.50656 0.657156 0.625364 0.641254 0.609329
7 0.721235 0.531341 0.735734 0.545918 0.688962 0.658163 0.67493 0.643586
7 0.740879 0.545918 0.761459 0.567055 0.719364 0.6793 0.697848 0.658892
7 0.766604 0.573615 0.787652 0.594023 0.748831 0.70481 0.72638 0.683673
7 0.797942 0.602041 0.817119 0.62172 0.774556 0.736152 0.752572 0.712828
7 0.827877 0.626822 0.842844 0.644315 0.802619 0.758746 0.786717 0.740525
1 0.751169 0.598397 0.743218 0.591837 0.752572 0.56414 0.760056 0.569242
1 0.845182 0.730321 0.832554 0.716472 0.858746 0.653061 0.871375 0.664723
1 0.883536 0.727405 0.875585 0.719388 0.887278 0.68586 0.896632 0.693149
10 0.0519177 0.521866 0.0439663 0.528426 0.0350795 0.498542 0.0425631 0.492711
10 0.313845 0.496356 0.318054 0.484694 0.337699 0.504373 0.333022 0.514577
10 0.412535 0.698251 0.415341 0.71137 0.398971 0.720845 0.395229 0.708455
10 0.601029 0.814869 0.596819 0.827259 0.575772 0.809767 0.580449 0.796647
10 0.62348 0.836735 0.61927 0.847668 0.601029 0.827259 0.606642 0.815598
10 0.494855 0.849854 0.501403 0.858601 0.491113 0.881924 0.484565 0.875364
10 0.661366 0.87828 0.656688 0.887026 0.643124 0.869534 0.647802 0.859329
10 0.761927 0.946793 0.76754 0.93586 0.780636 0.953353 0.775023 0.963557
10 0.755379 0.985423 0.750234 0.997085 0.737138 0.98105 0.742283 0.969388
10 0.0327409 0.369534 0.0271282 0.364431 0.0332086 0.343294 0.0392891 0.347668
10 0.0799813 0.55102 0.0724977 0.55758 0.0654818 0.532799 0.0720299 0.528426
1 0.907858 0.749271 0.900842 0.742711 0.9116 0.712828 0.918616 0.718659
10 0.102432 0.630466 0.0954163 0.63484 0.0893358 0.612245 0.0972872 0.607872
10 0.107109 0.672741 0.113658 0.66691 0.121141 0.690962 0.114593 0.696064
10 0.128625 0.720117 0.122077 0.725219 0.115996 0.704082 0.122544 0.69898
10 0.127222 0.87172 0.125351 0.883382 0.109448 0.876822 0.111787 0.863703
10 0.236202 0.793732 0.240879 0.805394 0.226848 0.819971 0.222638 0.808309
10 0.369036 0.697522 0.371843 0.710641 0.357343 0.722303 0.352666 0.709913
10 0.332554 0.725219 0.337231 0.739796 0.316183 0.755831 0.311038 0.741254
10 0.300281 0.521866 0.304022 0.510933 0.31899 0.524052 0.315716 0.534257
10 0.27783 0.485423 0.27362 0.498542 0.256314 0.483236 0.260992 0.469388
10 0.418616 0.603499 0.42189 0.591837 0.436389 0.605685 0.433115 0.615889
10 0.393358 0.579446 0.396632 0.567055 0.4116 0.582362 0.40739 0.593294
10 0.340505 0.62172 0.333022 0.61516 0.340973 0.593294 0.348457 0.598397
10 0.341441 0.677114 0.337699 0.666181 0.353134 0.65379 0.35594 0.664723
1 0.925631 0.715743 0.935921 0.723761 0.920486 0.769679 0.910664 0.760933
1 0.936857 0.774052 0.929373 0.766764 0.939663 0.741254 0.946679 0.747085
1 0.970065 0.812682 0.961179 0.806122 0.972872 0.773324 0.980355 0.779883
10 0.0238541 0.252187 0.0322732 0.252187 0.0299345 0.279155 0.0215154 0.277697
10 0.0565949 0.26312 0.059869 0.252915 0.0776427 0.268222 0.0734331 0.278426
10 0.0519177 0.311953 0.0584659 0.322886 0.0434986 0.344023 0.0378859 0.333819
10 0.025725 0.372449 0.0336763 0.372449 0.0332086 0.399417 0.025725 0.398688
10 0.147334 0.344023 0.151543 0.333819 0.16464 0.348397 0.159963 0.357143
10 0.193171 0.387026 0.196913 0.376093 0.210477 0.390671 0.206268 0.399417
10 0.192703 0.405248 0.188494 0.418367 0.172591 0.403061 0.177268 0.391399
10 0.0570627 0.548834 0.0500468 0.554665 0.0434986 0.530612 0.0505145 0.524781
10 0.18522 0.848397 0.186623 0.863703 0.169317 0.868076 0.167914 0.854956
10 0.161833 0.895044 0.157624 0.907434 0.139383 0.892857 0.14406 0.880466
10 0.24696 0.844023 0.248831 0.857143 0.23246 0.866618 0.229654 0.854956
10 0.257717 0.780612 0.260992 0.794461 0.245089 0.804665 0.241815 0.790816
10 0.226848 0.764577 0.223106 0.752187 0.238073 0.741983 0.240879 0.754373
10 0.245089 0.748542 0.242283 0.73688 0.256782 0.725948 0.260524 0.739067
10 0.262862 0.734694 0.260524 0.72449 0.276427 0.713557 0.278765 0.725219
10 0.287652 0.71793 0.285313 0.704082 0.305426 0.690962 0.307764 0.703353
7 0.131899 0.00145773 0.180075 0.00291545 0.132367 0.129738 0.0930776 0.0874636
