9 0.811404 0.918621 0.797368 0.913103 0.871053 0.811034 0.885088 0.818621
9 0.629825 0.828966 0.620175 0.841379 0.561404 0.812414 0.57193 0.8
9 0.559649 0.584828 0.550877 0.596552 0.429825 0.534483 0.441228 0.523448
9 0.57193 0.63931 0.561404 0.650345 0.442982 0.586207 0.453509 0.575172
9 0.584211 0.668276 0.572807 0.681379 0.452632 0.615862 0.463158 0.602069
9 0.609649 0.728276 0.598246 0.74069 0.478947 0.674483 0.490351 0.661379
9 0.629825 0.785517 0.617544 0.797931 0.499123 0.733103 0.510526 0.72069
9 0.627193 0.804828 0.616667 0.816552 0.496491 0.753103 0.508772 0.74
9 0.636842 0.857931 0.626316 0.870345 0.500877 0.804138 0.513158 0.790345
9 0.535088 0.526207 0.524561 0.537241 0.407018 0.475172 0.418421 0.463448
9 0.672807 0.970345 0.663158 0.98069 0.539474 0.916552 0.550877 0.902759
9 0.264035 0.911034 0.269298 0.924828 0.130702 0.957931 0.125439 0.943448
9 0.410526 0.907586 0.419298 0.897241 0.542105 0.955862 0.531579 0.968276
9 0.414035 0.884138 0.425439 0.873103 0.544737 0.933793 0.535088 0.944828
9 0.357018 0.713103 0.366667 0.702759 0.488596 0.766207 0.477193 0.778621
9 0.213158 0.733103 0.216667 0.746207 0.0754386 0.771034 0.0719298 0.757931
9 0.559649 0.562069 0.55 0.573103 0.428947 0.509655 0.438596 0.498621
9 0.523684 0.494483 0.513158 0.506897 0.394737 0.443448 0.404386 0.431034
9 0.224561 0.785517 0.230702 0.80069 0.0921053 0.830345 0.0859649 0.814483
9 0.451754 0.226897 0.441228 0.238621 0.331579 0.177931 0.341228 0.166207
9 0.438596 0.146207 0.42807 0.15931 0.307018 0.0972414 0.318421 0.0827586
9 0.433333 0.166897 0.422807 0.177931 0.302632 0.115862 0.311404 0.104138
9 0.325439 0.153103 0.335088 0.142069 0.455263 0.204138 0.442982 0.215172
9 0.57193 0.132414 0.55614 0.124828 0.626316 0.0289655 0.64386 0.0372414
9 0.489474 0.311724 0.478947 0.325517 0.354386 0.26 0.366667 0.247586
9 0.419298 0.114483 0.409649 0.124828 0.288596 0.0634483 0.299123 0.0524138
9 0.332456 0.202759 0.342105 0.191724 0.464912 0.255172 0.454386 0.268966
9 0.525439 0.474483 0.514912 0.485517 0.397368 0.422069 0.40614 0.410345
9 0.464912 0.27931 0.45614 0.290345 0.335088 0.227586 0.344737 0.215862
9 0.486842 0.338621 0.476316 0.349655 0.355263 0.284828 0.365789 0.273793
9 0.492982 0.363448 0.485965 0.374483 0.369298 0.314483 0.37807 0.302759
9 0.496491 0.390345 0.487719 0.40069 0.372807 0.33931 0.382456 0.328966
9 0.517544 0.425517 0.50614 0.435862 0.388596 0.371724 0.398246 0.361379
9 0.516667 0.446897 0.50614 0.457241 0.385088 0.393103 0.396491 0.381379
9 0.220175 0.749655 0.224561 0.763448 0.0833333 0.791034 0.0780702 0.777241
9 0.337719 0.636552 0.349123 0.624138 0.474561 0.689655 0.463158 0.702759
9 0.625439 0.597241 0.642105 0.595862 0.672807 0.706897 0.654386 0.711034
9 0.696491 0.536552 0.682456 0.529655 0.754386 0.432414 0.770175 0.44
9 0.655263 0.365517 0.641228 0.36 0.713158 0.257931 0.729825 0.264828
9 0.65614 0.404138 0.642105 0.395862 0.712281 0.29931 0.72807 0.306897
9 0.669298 0.423448 0.655263 0.417241 0.727193 0.318621 0.74386 0.325517
9 0.668421 0.462069 0.655263 0.456552 0.726316 0.355172 0.742105 0.362759
9 0.739474 0.377931 0.752632 0.383448 0.680702 0.484828 0.664035 0.477241
9 0.69386 0.508966 0.67807 0.501379 0.749123 0.402759 0.764912 0.410345
9 0.700877 0.574483 0.685965 0.566897 0.761404 0.468276 0.776316 0.476552
9 0.627193 0.328276 0.613158 0.321379 0.685965 0.224138 0.702632 0.231724
9 0.714912 0.588966 0.702632 0.581379 0.773684 0.486897 0.788596 0.494483
9 0.72193 0.61931 0.70614 0.613103 0.781579 0.513103 0.795614 0.52
9 0.738596 0.633103 0.724561 0.624828 0.790351 0.541379 0.805263 0.548966
9 0.735965 0.678621 0.72193 0.671034 0.799123 0.571724 0.814035 0.57931
9 0.760526 0.722069 0.747368 0.714483 0.817544 0.61931 0.832456 0.627586
9 0.777193 0.847586 0.763158 0.84069 0.837719 0.746207 0.852632 0.754483
9 0.653509 0.329655 0.639474 0.323448 0.712281 0.224828 0.728947 0.232414
9 0.64386 0.268276 0.628947 0.261379 0.688596 0.177931 0.703509 0.184138
9 0.442982 0.626207 0.431579 0.638621 0.310526 0.573793 0.322807 0.56069
9 0.203509 0.215172 0.214035 0.202069 0.331579 0.264138 0.32193 0.276552
9 0.292105 0.517241 0.302632 0.504138 0.421053 0.566207 0.407895 0.58
9 0.267544 0.435172 0.277193 0.424828 0.398246 0.488276 0.388596 0.5
9 0.272807 0.413793 0.282456 0.403448 0.347368 0.435862 0.335965 0.447586
9 0.291228 0.4 0.3 0.389655 0.391228 0.437241 0.379825 0.448966
9 0.378947 0.408276 0.370175 0.418621 0.270175 0.367586 0.280702 0.356552
9 0.209649 0.241379 0.221053 0.231034 0.342105 0.295862 0.331579 0.306897
9 0.161404 0.123448 0.170175 0.113793 0.292982 0.177241 0.284211 0.188966
9 0.626316 0.255862 0.610526 0.248276 0.682456 0.148966 0.699123 0.156552
9 0.157018 0.0737931 0.168421 0.062069 0.292105 0.126207 0.281579 0.138621
9 0.151754 0.0510345 0.162281 0.037931 0.285088 0.0986207 0.273684 0.111724
9 0.599123 0.135172 0.583333 0.127586 0.659649 0.0262069 0.673684 0.0331034
9 0.598246 0.177931 0.581579 0.170345 0.657895 0.0689655 0.672807 0.0765517
9 0.612281 0.196552 0.597368 0.188966 0.666667 0.0889655 0.681579 0.0965517
9 0.62193 0.221379 0.608772 0.215172 0.677193 0.113793 0.69386 0.121379
9 0.402632 0.082069 0.389474 0.0944828 0.271053 0.0317241 0.283333 0.0186207
