10 0.07102 0.649208 0.0786463 0.65408 0.0719733 0.67296 0.064347 0.669306
1 0.254528 0.327649 0.267398 0.334957 0.250715 0.38246 0.239276 0.374543
7 0.407054 0.750305 0.439943 0.768575 0.417541 0.841048 0.385605 0.824604
7 0.356053 0.725335 0.388942 0.744823 0.366063 0.813642 0.335081 0.797808
7 0.317445 0.70341 0.35081 0.722899 0.327931 0.790499 0.293136 0.774056
7 0.278837 0.683922 0.306482 0.699756 0.282173 0.767357 0.255481 0.750914
7 0.222593 0.652862 0.258341 0.674178 0.232602 0.746041 0.198761 0.724117
14 0.92183 0.663825 0.960915 0.669306 0.959485 0.707065 0.921354 0.70341
1 0.0166826 0.25335 0.0204957 0.230816 0.100572 0.255177 0.0962822 0.276492
1 0.0324118 0.292935 0.0343184 0.274665 0.0986654 0.289281 0.0962822 0.310597
1 0.109628 0.25944 0.119161 0.261267 0.112965 0.291108 0.104385 0.288063
1 0.183031 0.309379 0.193518 0.31486 0.185415 0.344702 0.175405 0.339829
1 0.21449 0.331912 0.22307 0.338002 0.21449 0.362363 0.204957 0.356882
1 0.228313 0.334957 0.238322 0.341048 0.228313 0.371498 0.217827 0.364799
1 0.0648236 0.439099 0.0843661 0.436054 0.0934223 0.498782 0.0753098 0.504263
1 0.854147 0.489647 0.851287 0.481121 0.869399 0.472594 0.871783 0.481121
1 0.0386082 0.447016 0.0319352 0.465286 0 0.439708 0.000476644 0.419001
1 0.122021 0.510353 0.112488 0.504263 0.122498 0.466504 0.13346 0.471985
1 0.236416 0.520097 0.229743 0.545676 0.166349 0.510962 0.175405 0.487211
1 0.361296 0.750305 0.371306 0.755177 0.36225 0.785627 0.351764 0.779537
1 0.389895 0.770402 0.400381 0.775274 0.391325 0.805116 0.380839 0.799635
1 0.459485 0.764921 0.475691 0.77162 0.456149 0.841657 0.439943 0.834348
1 0.443279 0.806334 0.435653 0.802071 0.440896 0.779537 0.449952 0.784409
1 0.49857 0.867844 0.482364 0.859927 0.502383 0.79659 0.519066 0.805116
1 0.536225 0.806334 0.547188 0.810597 0.532888 0.862363 0.522402 0.856882
1 0.555291 0.804507 0.571973 0.812424 0.551001 0.877588 0.535272 0.869062
1 0.571497 0.87028 0.561487 0.865408 0.568637 0.839829 0.57817 0.844093
1 0.599142 0.846529 0.615348 0.853228 0.600095 0.909257 0.583889 0.902558
7 0.448046 0.774056 0.478074 0.789281 0.458532 0.859927 0.42612 0.847138
7 0.493804 0.792326 0.525262 0.80877 0.504766 0.881242 0.472831 0.867235
7 0.543375 0.82095 0.576263 0.837393 0.557674 0.906212 0.525262 0.891596
7 0.590086 0.83922 0.623928 0.856273 0.603908 0.928745 0.57102 0.914129
7 0.00142993 0.397077 0.0567207 0.45067 0.0395615 0.49391 0.00142993 0.454324
7 0.21163 0.532887 0.199237 0.573691 0.15348 0.54933 0.166826 0.511571
7 0.132984 0.470158 0.164442 0.485993 0.147283 0.544458 0.115348 0.528624
7 0.147283 0.328258 0.117255 0.309379 0.13775 0.256395 0.165872 0.271011
7 0.188751 0.350183 0.154909 0.327649 0.175882 0.267966 0.209247 0.286236
7 0.240229 0.375152 0.206864 0.353837 0.228313 0.297199 0.261678 0.315469
7 0.335081 0.40743 0.28408 0.379415 0.297903 0.331912 0.35081 0.359927
7 0.543851 0.286845 0.513823 0.286236 0.513823 0.212546 0.545281 0.213764
7 0.583889 0.285627 0.554337 0.284409 0.554337 0.213764 0.582936 0.214373
7 0.633937 0.285627 0.602955 0.285018 0.602002 0.210719 0.63346 0.211328
7 0.693994 0.287454 0.660153 0.286236 0.659199 0.208892 0.693994 0.208892
7 0.770734 0.326431 0.724023 0.274665 0.761201 0.205847 0.811249 0.25335
7 0.77693 0.344702 0.766921 0.312424 0.821735 0.286845 0.830315 0.314251
7 0.802193 0.420219 0.787893 0.375152 0.839847 0.346529 0.852717 0.390987
7 0.820782 0.474421 0.804099 0.430572 0.860343 0.397077 0.874643 0.445189
7 0.843184 0.537759 0.824118 0.490256 0.880362 0.457369 0.896092 0.502436
7 0.851764 0.573691 0.84938 0.53715 0.903241 0.527406 0.907531 0.562119
7 0.84652 0.643118 0.850334 0.58648 0.905148 0.595615 0.901335 0.649208
7 0.832221 0.697929 0.842231 0.669915 0.896092 0.698538 0.886559 0.725335
7 0.810296 0.772838 0.823642 0.727162 0.878932 0.755177 0.865586 0.800853
7 0.790753 0.835566 0.806482 0.786845 0.86082 0.811815 0.84795 0.862972
7 0.762154 0.899513 0.800763 0.845311 0.840324 0.893423 0.800763 0.947016
7 0.709247 0.903776 0.750238 0.900731 0.755481 0.968331 0.71449 0.973812
7 0.673975 0.897686 0.710677 0.915347 0.694948 0.974421 0.658723 0.954933
7 0.632031 0.858709 0.663489 0.873934 0.641087 0.947016 0.611535 0.934836
1 0.616778 0.914738 0.608198 0.911693 0.613441 0.886114 0.622498 0.88916
1 0.814109 0.464068 0.806482 0.443971 0.856053 0.417783 0.861773 0.437881
10 0.0400381 0.637028 0.0481411 0.642509 0.0405148 0.663825 0.0319352 0.657734
10 0.744519 0.0535932 0.735939 0.0535932 0.734986 0.0267966 0.743089 0.0267966
10 0.745472 0.0274056 0.753575 0.0267966 0.752145 0.0505481 0.744042 0.0493301
10 0.417541 0.0499391 0.408484 0.0493301 0.409914 0.0249695 0.418017 0.0255786
10 0.298379 0.158952 0.305529 0.163216 0.296949 0.188185 0.2898 0.183313
10 0.195424 0.04324 0.201144 0.0535932 0.183031 0.0712546 0.176835 0.0621194
10 0.229743 0.0621194 0.234032 0.0706456 0.220686 0.0846529 0.214967 0.0773447
10 0.239276 0.0676005 0.244995 0.0755177 0.231173 0.088916 0.225929 0.0822168
10 0.249762 0.0724726 0.255481 0.0822168 0.236892 0.0998782 0.231173 0.091352
10 0.262631 0.0797808 0.266921 0.0883069 0.252622 0.101096 0.247855 0.0937881
10 0.196378 0.1419 0.186845 0.138246 0.192564 0.115713 0.202097 0.118758
10 0.185415 0.0383678 0.190181 0.0481121 0.175882 0.0621194 0.170639 0.0523752
9 0.476168 0.0493301 0.466158 0.0493301 0.465205 0.0243605 0.475691 0.0237515
10 0.673499 0.0535932 0.664919 0.0535932 0.664442 0.0249695 0.673975 0.0249695
10 0.810772 0.0596833 0.802669 0.0566382 0.807436 0.0359318 0.816015 0.0389769
1 0.828408 0.394032 0.832698 0.405603 0.805052 0.421437 0.800763 0.411693
10 0.963775 0.0091352 0.967112 0.0194884 0.952336 0.0280146 0.948522 0.0170524
10 0.78265 0.0548112 0.773117 0.0523752 0.7755 0.0310597 0.784557 0.0328867
10 0.987607 0.372716 0.983317 0.36419 0.998093 0.353228 1.00048 0.362972
10 0.972355 0.889769 0.974261 0.879415 0.991897 0.885505 0.989514 0.895859
10 0.947092 0.977467 0.951382 0.966504 0.967588 0.976857 0.963775 0.988429
10 0.330791 0.989647 0.323165 0.985993 0.328885 0.96285 0.336511 0.966504
10 0.318875 0.961632 0.326025 0.965286 0.321258 0.987211 0.313632 0.983557
10 0.132031 0.933009 0.124881 0.926309 0.13346 0.903776 0.141087 0.910475
10 0.112488 0.911693 0.104862 0.905603 0.114871 0.884287 0.122498 0.890987
10 0.166826 0.855664 0.173975 0.860536 0.164442 0.88246 0.156816 0.877588
10 0.0657769 0.747868 0.0595806 0.736297 0.0762631 0.721681 0.0815062 0.731425
10 0.0290753 0.721681 0.0243089 0.711937 0.0371783 0.699147 0.0419447 0.708892
10 0.724023 0.0554202 0.715443 0.0554202 0.714013 0.0316687 0.722593 0.0310597
10 0.93327 0.22229 0.929457 0.213155 0.946139 0.204629 0.948999 0.214373
10 0.338894 0.968331 0.34652 0.972594 0.339847 0.994519 0.332221 0.990865
10 0.0614871 0.863581 0.0548141 0.857491 0.064347 0.839829 0.0719733 0.845311
1 0.771687 0.420828 0.763584 0.392205 0.834128 0.356882 0.843184 0.381242
1 0.740229 0.313642 0.728789 0.306943 0.748808 0.261876 0.761678 0.269184
1 0.759771 0.264921 0.751668 0.258222 0.765968 0.232643 0.774071 0.239951
1 0.736416 0.222899 0.747378 0.225335 0.741182 0.257004 0.730219 0.253959
1 0.693994 0.220463 0.702097 0.220463 0.703051 0.248477 0.693994 0.248477
1 0.687798 0.280755 0.674452 0.281364 0.671592 0.237515 0.683985 0.237515
1 0.624881 0.299635 0.607722 0.299635 0.608675 0.230816 0.624881 0.231425
1 0.533842 0.317296 0.515253 0.317296 0.516683 0.235079 0.534795 0.235079
1 0.50143 0.26553 0.489037 0.263703 0.490467 0.218636 0.50286 0.219245
1 0.491897 0.317905 0.465682 0.318514 0.466158 0.230816 0.489514 0.231425
1 0.455195 0.292935 0.445663 0.292326 0.448522 0.262485 0.458532 0.264312
1 0.807436 0.908039 0.799809 0.920828 0.773594 0.891596 0.78122 0.879415
1 0.635844 0.920219 0.623451 0.912911 0.636797 0.873325 0.64919 0.880024
1 0.727359 0.959196 0.71878 0.960414 0.71592 0.931181 0.725453 0.929354
1 0.821735 0.828258 0.819828 0.838611 0.796949 0.828867 0.799809 0.818514
1 0.843661 0.757613 0.842231 0.767357 0.817922 0.75944 0.819828 0.749086
1 0.875596 0.717418 0.871306 0.730207 0.845091 0.7162 0.848427 0.704019
1 0.888465 0.647381 0.887512 0.657734 0.864633 0.655298 0.86511 0.644336
1 0.890372 0.534714 0.891325 0.544458 0.866063 0.550548 0.86368 0.540804
1 0.849857 0.533496 0.846997 0.521315 0.865586 0.512789 0.869399 0.52497
10 0.0610105 0.64799 0.0681602 0.652253 0.0605338 0.673569 0.0533842 0.668697
10 0.049571 0.645554 0.0567207 0.649817 0.0505243 0.66687 0.0438513 0.662607
10 0.0376549 0.728989 0.0328885 0.718027 0.0486177 0.704019 0.0538608 0.713155
10 0.0171592 0.687576 0.0224023 0.697929 0.00524309 0.715591 0.000476644 0.706456
10 0.0209724 0.832521 0.013346 0.825822 0.0238322 0.806334 0.0314585 0.813642
4 0.385605 0.0974421 0.426597 0.0974421 0.426597 0.207065 0.386559 0.207065
