10 0.117359 0.624863 0.111247 0.635268 0.0611247 0.627601 0.0684597 0.618291
7 0.711491 0.220701 0.684597 0.180723 0.865526 0.153888 0.892421 0.192223
1 0.5 0.454545 0.5 0.446878 0.547677 0.446331 0.547677 0.453998
1 0.624694 0.386637 0.628362 0.407448 0.476773 0.415663 0.469438 0.394852
1 0.466993 0.361446 0.46088 0.354326 0.51467 0.347755 0.51956 0.355969
1 0.464548 0.317087 0.462103 0.308324 0.520782 0.303943 0.522005 0.312705
1 0.570905 0.317634 0.577017 0.334064 0.469438 0.340635 0.462103 0.325301
1 0.40709 0.247536 0.399756 0.239869 0.449878 0.230011 0.458435 0.23713
1 0.42665 0.201533 0.437653 0.210296 0.388753 0.222892 0.377751 0.215225
1 0.261614 0.00109529 0.347188 0.00109529 0.191932 0.0355969 0.174817 0.0219058
7 0.520782 0.999452 0.580685 0.930997 0.727384 0.955093 0.685819 1
7 0.611247 0.892114 0.716381 0.765608 0.854523 0.791347 0.751834 0.919496
7 0.737164 0.742607 0.803178 0.642388 0.94132 0.661008 0.880196 0.762322
7 0.820293 0.619934 0.844743 0.499452 0.987775 0.50931 0.96088 0.63034
7 0.843521 0.476451 0.820293 0.377327 0.971883 0.372399 0.988998 0.471522
7 0.819071 0.35816 0.760391 0.259584 0.919315 0.24644 0.98044 0.344469
7 0.666259 0.151698 0.629584 0.114458 0.799511 0.0783133 0.836186 0.116101
10 0.160147 0.531216 0.157702 0.541621 0.116137 0.538335 0.117359 0.529025
7 0.306846 0.94195 0.273839 0.977547 0.156479 0.954545 0.182152 0.921139
7 0.345966 0.894852 0.309291 0.929354 0.194377 0.907448 0.221271 0.873494
7 0.380196 0.851041 0.347188 0.884447 0.232274 0.862541 0.262836 0.83023
7 0.41687 0.801752 0.385086 0.835159 0.268949 0.813801 0.300733 0.78149
7 0.466993 0.745345 0.433985 0.778751 0.317848 0.756846 0.344743 0.723987
7 0.508557 0.696057 0.496333 0.709748 0.372861 0.687295 0.385086 0.674699
7 0.550122 0.634173 0.515892 0.678532 0.391198 0.661008 0.422983 0.618839
7 0.570905 0.569003 0.562347 0.581599 0.443765 0.570646 0.449878 0.558598
7 0.536675 0.508762 0.518337 0.551479 0.448655 0.544907 0.469438 0.503286
7 0.596577 0.433735 0.602689 0.468784 0.46577 0.473713 0.457213 0.438116
7 0.591687 0.381161 0.594132 0.421139 0.46088 0.42552 0.449878 0.387185
7 0.52934 0.303943 0.547677 0.344469 0.425428 0.357065 0.40709 0.319277
7 0.477995 0.239321 0.512225 0.276561 0.391198 0.300657 0.352078 0.265608
7 0.427873 0.191676 0.466993 0.226725 0.349633 0.25356 0.309291 0.215772
1 0.535452 0.485761 0.579462 0.487404 0.56357 0.558598 0.522005 0.556407
1 0.574572 0.580504 0.569682 0.589266 0.515892 0.584885 0.51956 0.576123
1 0.452323 0.624315 0.462103 0.613363 0.535452 0.622673 0.528117 0.634173
1 0.488998 0.650055 0.486553 0.659365 0.427873 0.655531 0.432763 0.645126
10 0.168704 0.45345 0.169927 0.463855 0.124694 0.464403 0.124694 0.454545
10 0.166259 0.438664 0.167482 0.450164 0.117359 0.451807 0.114914 0.441402
10 0.00488998 0.454545 0.00488998 0.444688 0.0464548 0.44195 0.0452323 0.451807
10 0.107579 0.324206 0.114914 0.334064 0.0782396 0.340635 0.0709046 0.331873
10 0.0660147 0.331325 0.0562347 0.32092 0.106357 0.31161 0.113692 0.32092
10 0.0244499 0.303395 0.0158924 0.295181 0.0745721 0.28368 0.0806846 0.29299
10 0.0452323 0.60241 0.0232274 0.599124 0.0342298 0.580504 0.0562347 0.583242
10 0.158924 0.544907 0.156479 0.553122 0.118582 0.551479 0.122249 0.542169
10 0.163814 0.427163 0.166259 0.438116 0.114914 0.441402 0.113692 0.430997
10 0.112469 0.336802 0.119804 0.344469 0.0831296 0.352136 0.0757946 0.344469
10 0.0232274 0.2908 0.0158924 0.282037 0.0562347 0.273275 0.0647922 0.282037
1 0.58313 0.11391 0.619804 0.106243 0.668704 0.153888 0.635697 0.161008
1 0.661369 0.185652 0.687042 0.182366 0.709046 0.217963 0.685819 0.222344
1 0.811736 0.27437 0.790954 0.277108 0.779951 0.260131 0.798289 0.257941
1 0.705379 0.244797 0.746944 0.239321 0.787286 0.300657 0.746944 0.306134
1 0.759169 0.307777 0.795844 0.305038 0.817848 0.355969 0.779951 0.35816
1 0.828851 0.325849 0.850856 0.324754 0.861858 0.348302 0.838631 0.350493
1 0.865526 0.352683 0.866748 0.361993 0.821516 0.364732 0.816626 0.357065
1 0.797066 0.372946 0.821516 0.371851 0.832518 0.401424 0.808068 0.402519
1 0.927873 0.467141 0.908313 0.481928 0.812958 0.455641 0.837408 0.439759
1 0.852078 0.584337 0.880196 0.584885 0.877751 0.61172 0.847188 0.611172
1 0.821516 0.620482 0.783619 0.618839 0.792176 0.56736 0.831296 0.569551
1 0.848411 0.648959 0.858191 0.659365 0.792176 0.673604 0.779951 0.662103
1 0.696822 0.791347 0.673594 0.787514 0.690709 0.764513 0.713936 0.768346
1 0.630807 0.872946 0.605134 0.868565 0.632029 0.836802 0.655257 0.841183
1 0.546455 0.942497 0.569682 0.945783 0.5489 0.968784 0.528117 0.964951
1 0.200489 0.947426 0.210269 0.937568 0.266504 0.946878 0.257946 0.957284
1 0.282396 0.924425 0.272616 0.934283 0.211491 0.923877 0.222494 0.913472
1 0.350856 0.910734 0.337408 0.927163 0.220049 0.90471 0.232274 0.889376
7 0.413203 0.144578 0.427873 0.193319 0.310513 0.202081 0.293399 0.152245
