10 0.887746 0.509104 0.888213 0.495994 0.90739 0.495994 0.90739 0.510561
7 0.630964 0.831755 0.59869 0.798252 0.659963 0.646759 0.696445 0.682447
1 0.161833 0.25346 0.166978 0.241806 0.188026 0.262928 0.182881 0.276766
1 0.0940131 0.259286 0.106174 0.233066 0.197848 0.335033 0.187091 0.360524
7 0.937792 0.0400583 0.966324 0.0713765 0.931712 0.154406 0.90131 0.121631
7 0.902713 0.00145666 0.931244 0.0276766 0.892891 0.114348 0.86623 0.0815732
7 0.876988 0.970138 0.848924 0.966497 0.851731 0.845594 0.878859 0.847779
7 0.796071 0.953387 0.751637 0.93008 0.780168 0.795339 0.822732 0.823744
7 0.676801 0.884924 0.638447 0.844865 0.704397 0.692644 0.740412 0.734887
7 0.579046 0.770575 0.55145 0.739985 0.611319 0.591406 0.641254 0.621267
1 0.272685 0.349599 0.281104 0.357611 0.264266 0.396213 0.256782 0.388201
7 0.522451 0.717407 0.500468 0.693372 0.56782 0.544792 0.587465 0.568099
7 0.502339 0.673707 0.463517 0.632921 0.515903 0.509832 0.554256 0.552076
7 0.454163 0.612527 0.405987 0.555717 0.463517 0.447196 0.509355 0.496723
7 0.38073 0.553532 0.30449 0.463219 0.361553 0.334304 0.436857 0.409323
7 0.295136 0.451566 0.26754 0.422433 0.323199 0.296431 0.349392 0.329206
7 0.256314 0.396941 0.220767 0.356883 0.280168 0.225055 0.313845 0.258558
7 0.196445 0.333576 0.126754 0.254188 0.17493 0.150765 0.245557 0.223598
1 0.267072 0.262928 0.285313 0.27968 0.240879 0.394756 0.218896 0.374363
1 0.316183 0.334304 0.331618 0.349599 0.289055 0.445739 0.275023 0.430444
10 0.934986 0.512746 0.934986 0.499636 0.955098 0.501821 0.954163 0.514202
1 0.833489 0.86453 0.851263 0.865987 0.848457 0.970138 0.830215 0.967953
10 0.957437 0.515659 0.956969 0.503277 0.979888 0.502549 0.980355 0.517116
10 0.823199 0.414421 0.81899 0.423889 0.804958 0.407866 0.8087 0.396941
10 0.553789 0.147851 0.558466 0.136926 0.576707 0.155135 0.572498 0.165331
10 0.428438 0.0342316 0.424696 0.0466133 0.405987 0.0291333 0.410664 0.0167516
9 0.531805 0.128186 0.53695 0.115805 0.554256 0.13547 0.550514 0.146395
7 0.970065 0.0823015 0.998597 0.11362 0.960243 0.207575 0.933115 0.182083
7 0.922357 0.952658 0.909729 0.95193 0.912067 0.850692 0.925164 0.853605
1 0.785313 0.938092 0.776894 0.932993 0.782507 0.898762 0.791394 0.902403
1 0.335828 0.356154 0.343312 0.364166 0.333022 0.387473 0.32507 0.380189
1 0.546305 0.685361 0.539289 0.675892 0.552853 0.646759 0.559869 0.655499
1 0.521048 0.680262 0.513096 0.671522 0.52479 0.640932 0.534144 0.648216
1 0.5 0.606701 0.507951 0.613984 0.496726 0.643117 0.488775 0.634377
1 0.480823 0.638747 0.473807 0.629279 0.486904 0.598689 0.494855 0.607429
1 0.47334 0.586307 0.465388 0.575382 0.480355 0.544064 0.488775 0.554261
1 0.463517 0.484341 0.479888 0.499636 0.440599 0.600146 0.423761 0.581209
1 0.352198 0.399854 0.370907 0.419519 0.337231 0.495266 0.319457 0.474873
7 0.107109 0.203933 0.0631431 0.0451566 0.114593 0.00946832 0.155285 0.17043
