1 0.770344 0.808743 0.76311 0.806011 0.769138 0.773224 0.775769 0.775956
1 0.782399 0.834244 0.770946 0.830601 0.779385 0.776867 0.790838 0.781421
1 0.3695 0.640255 0.3695 0.647541 0.353828 0.648452 0.353828 0.641166
1 0.38035 0.64663 0.379747 0.638434 0.396624 0.637523 0.397227 0.644809
1 0.380952 0.632058 0.38035 0.623862 0.394816 0.62204 0.395419 0.629326
1 0.379144 0.617486 0.379747 0.607468 0.393008 0.607468 0.392405 0.616576
1 0.377336 0.599271 0.377336 0.591985 0.3912 0.591985 0.3912 0.600182
1 0.374322 0.584699 0.373719 0.574681 0.393008 0.57377 0.393611 0.582878
1 0.375527 0.567395 0.375527 0.557377 0.393611 0.555556 0.394213 0.565574
1 0.395419 0.539162 0.396022 0.550091 0.374925 0.552823 0.373719 0.541894
1 0.370705 0.537341 0.370102 0.525501 0.3912 0.521858 0.391802 0.533698
1 0.370705 0.518215 0.371911 0.508197 0.388186 0.51184 0.38698 0.520947
1 0.389391 0.489982 0.389994 0.5 0.371911 0.500911 0.370705 0.491803
1 0.390597 0.473588 0.390597 0.483607 0.370705 0.485428 0.370102 0.47541
1 0.391802 0.458106 0.392405 0.468124 0.370705 0.469945 0.370102 0.460838
1 0.390597 0.441712 0.3912 0.452641 0.372514 0.454463 0.372514 0.442623
1 0.366486 0.437158 0.365883 0.425319 0.388788 0.424408 0.388788 0.436248
1 0.364678 0.420765 0.364075 0.408925 0.386377 0.407104 0.386377 0.420765
1 0.364075 0.405282 0.362869 0.395264 0.383966 0.388889 0.385775 0.399818
1 0.364075 0.383424 0.363472 0.372495 0.386377 0.370674 0.386377 0.382514
1 0.360458 0.367942 0.359855 0.354281 0.386377 0.351548 0.38698 0.36612
1 0.362266 0.346995 0.362266 0.333333 0.385775 0.332423 0.38698 0.344262
1 0.386377 0.326958 0.383363 0.315118 0.409283 0.303279 0.412899 0.316029
1 0.294153 0.458106 0.29355 0.448998 0.309825 0.448087 0.309825 0.457195
1 0.10006 0.594718 0.100663 0.605647 0.0783605 0.608379 0.0777577 0.59745
1 0.084991 0.638434 0.0843882 0.629326 0.100663 0.626594 0.101266 0.637523
1 0.139843 0.532787 0.139843 0.542805 0.125377 0.543716 0.125377 0.534608
1 0.151296 0.577413 0.15009 0.565574 0.168776 0.56102 0.170585 0.571038
1 0.151899 0.554645 0.151899 0.545537 0.164557 0.546448 0.163954 0.555556
1 0.168174 0.530965 0.168174 0.540073 0.150693 0.542805 0.149488 0.533698
1 0.149488 0.526412 0.149488 0.514572 0.170585 0.51275 0.170585 0.52459
1 0.148282 0.509107 0.148282 0.500911 0.164557 0.498179 0.164557 0.508197
1 0.16516 0.478142 0.16516 0.489071 0.142254 0.489982 0.141652 0.479964
1 0.141049 0.481785 0.141652 0.492714 0.118143 0.494536 0.118143 0.483607
1 0.119952 0.514572 0.119952 0.503643 0.138035 0.501821 0.138035 0.51275
1 0.141049 0.514572 0.141652 0.523679 0.124774 0.52459 0.124774 0.515483
1 0.147077 0.665756 0.147679 0.674863 0.13261 0.676685 0.132007 0.667577
1 0.0886076 0.652095 0.0880048 0.642987 0.101869 0.642077 0.101869 0.652095
1 0.146474 0.653916 0.147077 0.661202 0.131404 0.663024 0.130802 0.654827
1 0.145268 0.641166 0.145871 0.649362 0.133213 0.650273 0.133213 0.642077
1 0.146474 0.623862 0.147077 0.632969 0.131404 0.634791 0.130802 0.625683
1 0.126582 0.619308 0.12598 0.60929 0.144063 0.607468 0.144063 0.617486
1 0.14346 0.594718 0.144063 0.603825 0.128993 0.604736 0.128391 0.595628
1 0.144665 0.577413 0.145268 0.587432 0.12598 0.591075 0.124774 0.581056
1 0.142857 0.561931 0.14346 0.570128 0.127788 0.571949 0.127185 0.562842
1 0.107294 0.672131 0.107294 0.681239 0.0886076 0.682149 0.0886076 0.673042
1 0.0880048 0.668488 0.0880048 0.659381 0.103074 0.65847 0.103677 0.668488
1 0.35865 0.308743 0.357444 0.29326 0.389994 0.290528 0.390597 0.306922
1 0.358047 0.288707 0.358047 0.274135 0.383966 0.271403 0.383966 0.285064
1 0.325497 0.26776 0.3261 0.250455 0.371308 0.249545 0.370705 0.26776
1 0.459313 0.446266 0.461121 0.438069 0.475588 0.443534 0.473779 0.45173
1 0.436407 0.599271 0.437613 0.586521 0.460518 0.593807 0.459313 0.606557
1 0.435805 0.581967 0.43701 0.570128 0.464738 0.578324 0.463532 0.590164
1 0.438216 0.565574 0.440024 0.551913 0.464738 0.559199 0.462929 0.571038
1 0.43038 0.534608 0.43701 0.537341 0.433996 0.56102 0.426763 0.558288
1 0.44123 0.547359 0.443641 0.533698 0.467752 0.541894 0.465341 0.555556
1 0.443641 0.530965 0.445449 0.520036 0.467752 0.526412 0.465943 0.537341
1 0.446655 0.494536 0.448463 0.482696 0.473177 0.489982 0.471971 0.502732
1 0.450271 0.479053 0.45208 0.465392 0.476793 0.473588 0.474382 0.48725
1 0.451477 0.460838 0.452682 0.448998 0.475588 0.456284 0.474382 0.467213
1 0.455696 0.42714 0.457505 0.416211 0.477999 0.423497 0.476793 0.434426
1 0.436407 0.632058 0.437613 0.624772 0.453888 0.630237 0.45208 0.638434
1 0.45871 0.410747 0.460518 0.397086 0.482821 0.405282 0.481013 0.417122
1 0.461724 0.374317 0.463532 0.362477 0.488246 0.371585 0.486438 0.384335
1 0.462929 0.357923 0.465341 0.346084 0.48704 0.35337 0.485232 0.365209
1 0.467752 0.324226 0.46956 0.311475 0.493671 0.318761 0.491863 0.332423
1 0.470163 0.306922 0.471368 0.295082 0.494274 0.302368 0.493068 0.314208
1 0.498493 0.284153 0.496685 0.296903 0.473177 0.290528 0.474985 0.276867
1 0.499699 0.26776 0.49789 0.279599 0.475588 0.272313 0.477396 0.259563
1 0.468354 0.248634 0.465943 0.263206 0.440024 0.254098 0.441832 0.239526
1 0.430983 0.275046 0.433394 0.258652 0.466546 0.269581 0.464738 0.285974
1 0.432188 0.616576 0.433996 0.603825 0.456902 0.612022 0.455093 0.623862
1 0.433996 0.647541 0.435805 0.639344 0.450271 0.645719 0.448463 0.653916
1 0.351417 0.276867 0.351417 0.286885 0.332128 0.287796 0.332128 0.277778
1 0.361061 0.46357 0.361664 0.473588 0.341772 0.47541 0.341169 0.465392
1 0.348403 0.288707 0.349608 0.297814 0.337553 0.301457 0.335744 0.29235
1 0.353828 0.304189 0.353828 0.315118 0.333333 0.31694 0.332731 0.306011
1 0.350211 0.629326 0.350211 0.620219 0.368294 0.619308 0.368897 0.630237
1 0.36528 0.604736 0.367089 0.613843 0.353828 0.618397 0.352019 0.60929
1 0.36528 0.591985 0.36528 0.600182 0.352019 0.600182 0.351417 0.591985
1 0.347197 0.584699 0.346594 0.575592 0.365883 0.574681 0.365883 0.584699
1 0.366486 0.557377 0.367089 0.567395 0.3478 0.570128 0.347197 0.559199
1 0.364678 0.541894 0.36528 0.551002 0.346594 0.553734 0.345992 0.544627
1 0.362869 0.523679 0.362869 0.535519 0.345992 0.53643 0.345992 0.526412
1 0.358047 0.446266 0.358047 0.455373 0.342978 0.457195 0.342978 0.447177
1 0.424352 0.645719 0.418324 0.643898 0.420735 0.622951 0.426763 0.625683
1 0.357444 0.429872 0.35865 0.43898 0.344183 0.443534 0.341772 0.434426
1 0.359855 0.41439 0.359855 0.425319 0.339361 0.42714 0.339361 0.416211
1 0.357444 0.400729 0.358047 0.411658 0.33695 0.412568 0.336347 0.401639
1 0.356239 0.368852 0.356239 0.37796 0.337553 0.379781 0.337553 0.370674
1 0.353828 0.352459 0.35443 0.363388 0.335744 0.365209 0.335142 0.355191
1 0.352019 0.335155 0.352622 0.344262 0.33695 0.345173 0.336347 0.336976
1 0.35443 0.319672 0.35443 0.330601 0.331525 0.333333 0.331525 0.321494
14 0.324895 0.704918 0.3478 0.70674 0.346594 0.724954 0.324292 0.723133
1 0.427969 0.564663 0.433394 0.566485 0.43038 0.590164 0.424352 0.589253
1 0.150693 0.591985 0.15009 0.581056 0.172393 0.580146 0.172393 0.591075
1 0.154913 0.607468 0.155515 0.59745 0.170585 0.59745 0.170585 0.608379
1 0.154913 0.62204 0.15431 0.612022 0.170585 0.6102 0.171187 0.620219
1 0.29355 0.586521 0.29355 0.594718 0.277878 0.595628 0.277275 0.586521
1 0.300181 0.571949 0.299578 0.562842 0.31525 0.56102 0.315853 0.570128
1 0.301989 0.583789 0.301386 0.57377 0.316456 0.57286 0.317058 0.582878
1 0.303195 0.598361 0.303195 0.590164 0.318264 0.590164 0.318264 0.599271
1 0.302592 0.636612 0.301989 0.626594 0.318867 0.623862 0.318867 0.63388
1 0.306811 0.655738 0.306811 0.647541 0.321278 0.64663 0.321881 0.653916
1 0.229054 0.649362 0.229054 0.639344 0.249548 0.636612 0.250151 0.647541
1 0.29355 0.616576 0.294756 0.626594 0.278481 0.630237 0.277275 0.621129
1 0.294756 0.647541 0.294756 0.654827 0.279084 0.655738 0.279084 0.648452
1 0.29355 0.632058 0.294153 0.642077 0.277878 0.643898 0.277275 0.634791
1 0.292948 0.571038 0.29355 0.581056 0.274864 0.582878 0.274262 0.57286
1 0.298373 0.537341 0.298975 0.526412 0.31525 0.527322 0.314647 0.539162
1 0.292948 0.553734 0.29355 0.562842 0.273659 0.566485 0.273056 0.557377
1 0.289934 0.521858 0.290536 0.531876 0.270645 0.533698 0.270645 0.523679
1 0.288125 0.506375 0.288728 0.516393 0.269439 0.520036 0.268234 0.510018
1 0.284509 0.459927 0.285112 0.469945 0.267631 0.470856 0.267631 0.461749
1 0.286317 0.444444 0.28692 0.454463 0.26522 0.457195 0.264014 0.447177
1 0.285714 0.428051 0.285714 0.438069 0.263412 0.440801 0.263412 0.429872
1 0.262809 0.423497 0.262809 0.413479 0.282098 0.411658 0.282098 0.422587
1 0.283906 0.397996 0.283303 0.408015 0.267028 0.408925 0.266426 0.398907
1 0.280892 0.381603 0.281495 0.392532 0.265823 0.393443 0.265823 0.382514
1 0.300181 0.554645 0.299578 0.544627 0.317661 0.540984 0.318867 0.551002
1 0.296564 0.520947 0.295961 0.510929 0.31525 0.508197 0.315853 0.519126
1 0.279084 0.367031 0.279084 0.37796 0.263412 0.37796 0.262809 0.367031
7 0.442435 0.242259 0.49789 0.257741 0.449066 0.660291 0.399638 0.639344
7 0.122966 0.491803 0.16516 0.48816 0.17601 0.679417 0.131404 0.684882
7 0.183243 0.287796 0.227848 0.282332 0.248945 0.663934 0.203134 0.669399
7 0.257987 0.277778 0.301386 0.273224 0.324895 0.653916 0.27607 0.65847
7 0.330922 0.26867 0.383966 0.261384 0.399036 0.637523 0.347197 0.640255
7 0.535262 0.251366 0.586498 0.270492 0.537673 0.673953 0.482218 0.655738
7 0.625678 0.296903 0.681736 0.313297 0.635322 0.693989 0.573237 0.67031
7 0.728752 0.344262 0.794454 0.364299 0.753466 0.67031 0.688366 0.653916
7 0.851115 0.542805 0.899337 0.54827 0.880651 0.916211 0.832429 0.907104
7 0.933092 0.555556 0.979506 0.559199 0.965039 0.92714 0.916817 0.923497
1 0.29777 0.257741 0.298975 0.274135 0.257987 0.278689 0.257384 0.262295
1 0.298373 0.503643 0.298373 0.494536 0.314045 0.492714 0.314647 0.501821
1 0.277275 0.285064 0.277878 0.295993 0.257987 0.298725 0.256781 0.287796
1 0.283906 0.294171 0.283303 0.285064 0.303797 0.281421 0.305003 0.29235
1 0.28692 0.313297 0.28692 0.303279 0.300784 0.302368 0.300784 0.312386
1 0.287523 0.325137 0.287523 0.31694 0.302592 0.315118 0.303195 0.324226
1 0.285112 0.346084 0.285112 0.336066 0.305003 0.334244 0.305606 0.345173
1 0.312839 0.398907 0.312839 0.409836 0.292948 0.411658 0.292345 0.400729
1 0.29355 0.423497 0.292345 0.415301 0.308017 0.413479 0.30862 0.421676
1 0.294756 0.442623 0.294756 0.434426 0.309222 0.432605 0.309222 0.442623
1 0.296564 0.486339 0.296564 0.477231 0.312236 0.476321 0.312236 0.485428
1 0.288728 0.361566 0.288125 0.350638 0.306209 0.349727 0.306811 0.360656
1 0.279687 0.349727 0.280289 0.361566 0.262809 0.362477 0.262206 0.351548
1 0.154913 0.640255 0.15431 0.630237 0.17601 0.629326 0.17601 0.639344
1 0.219409 0.615665 0.219409 0.622951 0.204943 0.623862 0.204943 0.616576
1 0.216395 0.530965 0.216998 0.540984 0.201326 0.543716 0.200121 0.534608
1 0.230259 0.632058 0.229656 0.623862 0.245329 0.623862 0.245329 0.632058
1 0.231465 0.617486 0.231465 0.6102 0.244726 0.608379 0.244726 0.616576
1 0.228451 0.601093 0.228451 0.593807 0.24352 0.591985 0.24352 0.601093
1 0.227848 0.58561 0.227848 0.577413 0.242315 0.576503 0.242315 0.584699
1 0.225437 0.569217 0.224231 0.558288 0.242315 0.555556 0.24352 0.565574
1 0.220615 0.656648 0.221218 0.664845 0.204943 0.666667 0.204943 0.65847
1 0.220615 0.641166 0.220615 0.650273 0.204943 0.652095 0.20434 0.642987
1 0.22182 0.628415 0.222423 0.637523 0.201929 0.639344 0.201326 0.629326
1 0.21519 0.598361 0.215793 0.606557 0.203737 0.607468 0.203134 0.600182
1 0.22604 0.535519 0.225437 0.527322 0.241109 0.525501 0.241109 0.535519
1 0.218807 0.579235 0.219409 0.590164 0.201929 0.591075 0.201929 0.581056
1 0.217601 0.547359 0.218204 0.557377 0.199518 0.560109 0.198915 0.54918
1 0.215793 0.517304 0.215793 0.527322 0.198915 0.530055 0.198312 0.519126
1 0.224231 0.502732 0.223629 0.494536 0.23689 0.493625 0.23689 0.502732
1 0.217601 0.416211 0.217601 0.406193 0.235081 0.404372 0.235684 0.415301
1 0.179626 0.286885 0.179626 0.269581 0.216998 0.26867 0.216998 0.285064
1 0.217601 0.284153 0.217601 0.276867 0.228451 0.275956 0.229054 0.282332
1 0.159735 0.673042 0.159132 0.665756 0.174201 0.664845 0.174201 0.673042
1 0.154913 0.657559 0.153707 0.647541 0.174201 0.643898 0.174201 0.655738
1 0.223026 0.552823 0.222423 0.541894 0.242315 0.539162 0.242917 0.551002
1 0.216395 0.499089 0.216998 0.509107 0.195901 0.51184 0.195298 0.500911
1 0.277878 0.316029 0.278481 0.326047 0.259192 0.327869 0.25859 0.318761
1 0.207354 0.374317 0.207957 0.383424 0.187462 0.387067 0.18686 0.377049
1 0.276673 0.301457 0.277275 0.311475 0.25859 0.313297 0.257987 0.303279
1 0.20434 0.295993 0.20434 0.3051 0.183846 0.3051 0.183846 0.295082
1 0.21097 0.303279 0.21097 0.29235 0.228451 0.291439 0.229054 0.301457
1 0.21097 0.319672 0.210368 0.309654 0.231465 0.307832 0.231465 0.317851
1 0.21097 0.335155 0.21097 0.325137 0.231465 0.323315 0.231465 0.333333
1 0.213984 0.352459 0.213382 0.345173 0.229656 0.342441 0.230259 0.350638
1 0.206148 0.326047 0.206751 0.336066 0.18686 0.337887 0.18686 0.326958
1 0.207354 0.34153 0.207957 0.351548 0.188668 0.35337 0.188668 0.343352
1 0.207354 0.357923 0.207957 0.367942 0.186257 0.371585 0.186257 0.360656
1 0.215793 0.400729 0.215793 0.391621 0.23267 0.3898 0.233273 0.398907
1 0.22182 0.519126 0.22182 0.509107 0.24352 0.507286 0.24352 0.517304
1 0.209765 0.407104 0.209765 0.417122 0.188668 0.418944 0.188668 0.408925
1 0.217601 0.433515 0.216998 0.423497 0.238698 0.421676 0.238698 0.431694
1 0.209765 0.420765 0.209765 0.432605 0.191682 0.434426 0.191079 0.423497
1 0.212176 0.437158 0.212176 0.448087 0.191079 0.45082 0.190476 0.439891
1 0.188668 0.466302 0.188065 0.456284 0.210368 0.453552 0.210368 0.464481
1 0.221218 0.469035 0.220615 0.457195 0.23689 0.456284 0.237492 0.466302
1 0.219409 0.485428 0.218807 0.473588 0.242315 0.471767 0.242917 0.482696
1 0.210368 0.467213 0.21097 0.477231 0.195298 0.478142 0.194696 0.469035
1 0.213984 0.484517 0.213984 0.495446 0.195901 0.497268 0.195298 0.486339
1 0.427366 0.295993 0.429174 0.279599 0.462929 0.290528 0.460518 0.306922
1 0.431585 0.316029 0.433394 0.300546 0.461724 0.310565 0.459313 0.326958
1 0.459916 0.331512 0.457505 0.343352 0.435805 0.337887 0.437613 0.324226
1 0.889693 0.796903 0.889693 0.806922 0.869198 0.8051 0.869801 0.795082
1 0.876432 0.619308 0.876432 0.608379 0.897529 0.611111 0.897529 0.620219
1 0.87402 0.635701 0.87402 0.626594 0.89572 0.628415 0.894515 0.638434
1 0.87402 0.654827 0.872815 0.643898 0.898131 0.642077 0.898131 0.653916
1 0.872815 0.703097 0.872815 0.692168 0.896323 0.695811 0.89572 0.708561
1 0.870404 0.721311 0.870404 0.710383 0.890898 0.712204 0.890295 0.724954
1 0.872815 0.739526 0.872815 0.730419 0.888487 0.73133 0.887884 0.740437
1 0.869801 0.754098 0.870404 0.743169 0.891501 0.745902 0.890898 0.756831
1 0.868596 0.772313 0.869198 0.760474 0.891501 0.762295 0.890898 0.775046
1 0.869198 0.787796 0.869801 0.775956 0.890295 0.778689 0.88909 0.790528
1 0.866184 0.823315 0.86739 0.810565 0.888487 0.812386 0.887884 0.826047
1 0.875829 0.601093 0.877637 0.590164 0.896926 0.596539 0.89572 0.607468
1 0.864979 0.837887 0.866184 0.826958 0.887884 0.830601 0.887281 0.840619
1 0.858348 0.863388 0.857746 0.877049 0.830621 0.876138 0.831224 0.860656
1 0.858348 0.848816 0.857746 0.859745 0.836649 0.857923 0.836649 0.847905
1 0.859554 0.831512 0.858951 0.844262 0.837251 0.84153 0.837251 0.82878
1 0.860157 0.817851 0.858951 0.82969 0.837854 0.826047 0.838457 0.814208
1 0.860759 0.801457 0.860157 0.812386 0.839662 0.809654 0.840265 0.798725
1 0.862568 0.785064 0.861362 0.795993 0.840868 0.79326 0.841471 0.782332
1 0.863171 0.76867 0.861965 0.78051 0.83906 0.777778 0.839662 0.765938
1 0.863773 0.753188 0.863171 0.764117 0.840868 0.762295 0.840868 0.751366
1 0.84569 0.598361 0.84569 0.586521 0.869801 0.590164 0.869198 0.601093
1 0.872212 0.570128 0.871609 0.584699 0.846293 0.581967 0.847498 0.567395
1 0.837854 0.730419 0.83906 0.718579 0.863171 0.721311 0.862568 0.734973
1 0.748041 0.421676 0.74563 0.438069 0.712477 0.42623 0.714888 0.411658
1 0.748644 0.444444 0.751055 0.429872 0.787221 0.440801 0.785413 0.455373
1 0.754671 0.423497 0.757685 0.406193 0.786618 0.415301 0.784207 0.432605
1 0.754069 0.401639 0.757083 0.384335 0.792043 0.397996 0.790235 0.415301
1 0.757685 0.381603 0.760096 0.36612 0.792646 0.376138 0.790235 0.391621
1 0.798674 0.352459 0.797468 0.367942 0.764316 0.362477 0.764316 0.346084
1 0.761302 0.337887 0.758891 0.35337 0.727547 0.343352 0.729355 0.326958
1 0.755877 0.360656 0.753466 0.375228 0.720313 0.362477 0.722725 0.346995
1 0.752863 0.37796 0.751658 0.393443 0.720313 0.387978 0.720916 0.371585
1 0.750452 0.400729 0.747438 0.417122 0.7173 0.408015 0.719711 0.392532
1 0.745027 0.441712 0.742616 0.457195 0.709464 0.448998 0.712477 0.431694
1 0.877637 0.584699 0.87824 0.574681 0.897529 0.578324 0.897529 0.588342
1 0.742616 0.464481 0.740205 0.479053 0.711272 0.471767 0.71308 0.456284
1 0.735986 0.484517 0.734177 0.497268 0.708861 0.489071 0.710066 0.477231
1 0.737191 0.502732 0.73478 0.518215 0.705244 0.508197 0.707052 0.493625
1 0.732369 0.545537 0.729958 0.560109 0.70223 0.552823 0.704039 0.537341
1 0.730561 0.565574 0.727547 0.581967 0.698011 0.571038 0.699819 0.555556
1 0.726944 0.587432 0.725738 0.601093 0.696805 0.593807 0.698011 0.580146
1 0.69138 0.612933 0.693189 0.598361 0.722725 0.607468 0.720313 0.622951
1 0.852923 0.541894 0.853526 0.52459 0.901748 0.530965 0.901145 0.54827
1 0.872815 0.553734 0.872815 0.565574 0.851718 0.562842 0.852321 0.551002
1 0.863171 0.739526 0.862568 0.749545 0.842074 0.746812 0.842676 0.736794
1 0.861965 0.708561 0.861965 0.716758 0.84569 0.715847 0.84569 0.70674
1 0.744424 0.485428 0.747438 0.469945 0.778782 0.479964 0.776371 0.496357
1 0.933092 0.89071 0.932489 0.900729 0.915009 0.898907 0.916215 0.888889
1 0.97167 0.8051 0.971067 0.816029 0.949367 0.814208 0.949367 0.804189
1 0.946353 0.832423 0.946353 0.822404 0.966847 0.823315 0.966847 0.833333
1 0.948162 0.847905 0.948162 0.838798 0.966245 0.840619 0.965642 0.850638
1 0.943942 0.864299 0.943942 0.85337 0.966847 0.854281 0.966245 0.86612
1 0.943339 0.882514 0.942737 0.870674 0.966245 0.872495 0.966245 0.884335
1 0.942134 0.898907 0.942134 0.888889 0.964436 0.89071 0.963834 0.90255
1 0.942737 0.916211 0.942737 0.905282 0.965039 0.907104 0.964436 0.918944
1 0.943339 0.930783 0.943942 0.920765 0.961423 0.922587 0.960217 0.932605
1 0.933092 0.905282 0.932489 0.91439 0.916215 0.909836 0.916817 0.901639
1 0.939723 0.827869 0.93912 0.837887 0.918626 0.836066 0.919228 0.826047
1 0.947559 0.779599 0.948162 0.769581 0.966847 0.771403 0.966847 0.781421
1 0.941531 0.808743 0.940928 0.821494 0.918626 0.818761 0.919228 0.807832
1 0.942737 0.795082 0.942134 0.806011 0.919831 0.803279 0.920434 0.79235
1 0.942134 0.777778 0.942134 0.789617 0.918626 0.788707 0.919831 0.775956
1 0.943339 0.763206 0.942737 0.774135 0.919831 0.771403 0.920434 0.760474
1 0.942737 0.73224 0.941531 0.742259 0.923448 0.740437 0.923448 0.73133
1 0.940928 0.720401 0.939723 0.728597 0.925256 0.723133 0.927064 0.714936
1 0.94575 0.699454 0.945148 0.710383 0.924653 0.709472 0.924051 0.698543
1 0.946956 0.68306 0.946956 0.693989 0.925859 0.692168 0.926462 0.682149
1 0.775166 0.897086 0.764316 0.894353 0.770344 0.846084 0.780591 0.849727
1 0.946956 0.795082 0.947559 0.785064 0.969861 0.787796 0.969259 0.798725
1 0.948764 0.764117 0.948764 0.753188 0.969861 0.755009 0.969861 0.765027
1 0.866184 0.691257 0.865582 0.704007 0.845087 0.702186 0.84569 0.689435
1 0.951778 0.580146 0.951175 0.593807 0.928873 0.590164 0.929476 0.576503
1 0.866184 0.673953 0.865582 0.685792 0.84569 0.683971 0.84569 0.673953
1 0.840265 0.663934 0.842074 0.651184 0.866184 0.659381 0.863773 0.67122
1 0.868596 0.639344 0.867993 0.653005 0.845087 0.650273 0.845087 0.637523
1 0.869801 0.622951 0.869198 0.635701 0.849307 0.63388 0.849307 0.62204
1 0.871007 0.606557 0.870404 0.619308 0.848704 0.617486 0.849307 0.604736
1 0.981917 0.535519 0.981314 0.555556 0.935503 0.552823 0.935503 0.535519
1 0.958409 0.57286 0.959614 0.56102 0.980108 0.566485 0.9783 0.578324
1 0.954792 0.563752 0.954189 0.575592 0.931284 0.571038 0.931887 0.559199
1 0.98252 0.58561 0.981917 0.596539 0.959614 0.595628 0.959614 0.583789
1 0.951778 0.598361 0.951175 0.6102 0.929476 0.608379 0.929476 0.596539
1 0.975889 0.721311 0.975889 0.733151 0.952381 0.730419 0.952381 0.718579
1 0.980711 0.602004 0.980711 0.612933 0.957806 0.611111 0.958409 0.600182
1 0.978903 0.621129 0.9783 0.630237 0.9566 0.628415 0.957203 0.618397
1 0.949367 0.616576 0.948764 0.626594 0.927064 0.624772 0.927064 0.614754
1 0.94997 0.631148 0.949367 0.644809 0.925256 0.642987 0.925859 0.630237
1 0.955395 0.645719 0.955395 0.632969 0.975286 0.63388 0.975286 0.647541
1 0.954189 0.661202 0.954792 0.650273 0.977697 0.653005 0.977095 0.663934
1 0.979506 0.67031 0.978903 0.68306 0.954189 0.679417 0.954792 0.667577
1 0.977697 0.686703 0.977095 0.699454 0.954189 0.696721 0.954189 0.683971
1 0.976492 0.703097 0.975889 0.714936 0.953586 0.713115 0.952984 0.702186
1 0.747438 0.464481 0.748644 0.45082 0.780591 0.459016 0.779385 0.473588
1 0.784207 0.503643 0.781796 0.520036 0.74563 0.510018 0.746233 0.494536
1 0.45871 0.348816 0.456902 0.36612 0.432188 0.357013 0.433996 0.34153
1 0.514768 0.6102 0.51296 0.621129 0.490054 0.612022 0.491863 0.601093
1 0.555756 0.299636 0.558168 0.286885 0.585895 0.296903 0.584087 0.310565
1 0.559373 0.28051 0.560579 0.26867 0.584087 0.274135 0.582881 0.286885
1 0.585292 0.249545 0.582881 0.266849 0.535865 0.252277 0.538276 0.233151
1 0.524412 0.271403 0.526823 0.256831 0.552743 0.265938 0.550934 0.28051
1 0.553345 0.283242 0.551537 0.297814 0.526221 0.290528 0.528029 0.275046
1 0.55214 0.302368 0.550332 0.314208 0.528632 0.307832 0.53044 0.295993
1 0.505124 0.655738 0.503918 0.668488 0.483424 0.663024 0.485835 0.650273
1 0.507535 0.642987 0.506329 0.652095 0.490054 0.64663 0.49126 0.637523
1 0.511754 0.626594 0.509946 0.635701 0.488849 0.628415 0.490054 0.619308
1 0.517179 0.592896 0.515371 0.604736 0.492465 0.59745 0.494274 0.586521
1 0.551537 0.339709 0.553948 0.325137 0.58047 0.334244 0.578662 0.348816
1 0.518987 0.57377 0.517179 0.58561 0.494274 0.579235 0.495479 0.568306
1 0.520193 0.558288 0.518987 0.568306 0.498493 0.564663 0.499096 0.553734
1 0.521398 0.541894 0.520193 0.551913 0.499096 0.546448 0.500301 0.537341
1 0.497288 0.526412 0.499096 0.51275 0.523207 0.520947 0.520796 0.53643
1 0.527426 0.505464 0.525618 0.517304 0.501507 0.510929 0.503315 0.498179
1 0.528029 0.489071 0.526823 0.5 0.504521 0.495446 0.505726 0.484517
1 0.531646 0.470856 0.529837 0.482696 0.505726 0.47541 0.507535 0.462659
1 0.532851 0.454463 0.53044 0.466302 0.508137 0.457195 0.509946 0.446266
1 0.508137 0.424408 0.510549 0.411658 0.534057 0.419854 0.532248 0.431694
1 0.554551 0.321494 0.555756 0.306922 0.58469 0.313297 0.583484 0.32878
1 0.550332 0.357923 0.55214 0.346084 0.575648 0.355191 0.574442 0.36612
1 0.540687 0.384335 0.538879 0.396175 0.517179 0.39071 0.518987 0.377049
1 0.546715 0.643898 0.544907 0.657559 0.517782 0.649362 0.518987 0.636612
1 0.456902 0.368852 0.455093 0.383424 0.429174 0.373406 0.430983 0.359745
1 0.423749 0.39071 0.42616 0.37796 0.452682 0.387067 0.450271 0.401639
1 0.452682 0.406193 0.450271 0.419854 0.424955 0.412568 0.427366 0.398907
1 0.450874 0.423497 0.449066 0.437158 0.424955 0.430783 0.427366 0.416211
1 0.448463 0.440801 0.446655 0.453552 0.424352 0.448087 0.42616 0.433515
1 0.418927 0.462659 0.421338 0.448998 0.444244 0.457195 0.441832 0.470856
1 0.441832 0.478142 0.440627 0.48725 0.425558 0.481785 0.42616 0.473588
1 0.443038 0.492714 0.44123 0.504554 0.420133 0.497268 0.421941 0.485428
1 0.544304 0.663024 0.543098 0.676685 0.516576 0.67031 0.517782 0.657559
1 0.550934 0.605647 0.549126 0.618397 0.520796 0.611111 0.522604 0.59745
1 0.549126 0.379781 0.550934 0.367942 0.57384 0.374317 0.572031 0.387067
1 0.52381 0.591075 0.525618 0.576503 0.548523 0.583789 0.546715 0.59745
1 0.525618 0.57286 0.528029 0.558288 0.553345 0.566485 0.551537 0.580146
1 0.526823 0.551913 0.528632 0.538251 0.552743 0.546448 0.550934 0.560109
1 0.529234 0.532787 0.531043 0.520036 0.556962 0.529144 0.555756 0.541894
1 0.531043 0.51275 0.532851 0.5 0.558168 0.507286 0.556359 0.520947
1 0.567209 0.489071 0.564798 0.503643 0.537071 0.496357 0.538879 0.480874
1 0.566606 0.469945 0.564798 0.482696 0.538879 0.47541 0.540687 0.461749
1 0.572634 0.433515 0.570223 0.445355 0.543098 0.437158 0.544907 0.424408
1 0.545509 0.398907 0.547318 0.383424 0.577456 0.392532 0.575045 0.408925
1 0.538879 0.40255 0.537071 0.415301 0.514165 0.407104 0.515973 0.395264
1 0.543098 0.367031 0.541893 0.379781 0.518385 0.374317 0.520193 0.360656
1 0.740808 0.530055 0.742616 0.513661 0.776974 0.522769 0.774563 0.540984
1 0.615431 0.621129 0.617239 0.607468 0.644967 0.615665 0.643159 0.630237
1 0.640747 0.410747 0.643761 0.396175 0.672694 0.406193 0.670283 0.420765
1 0.636528 0.432605 0.638336 0.418033 0.666667 0.42623 0.664858 0.440801
1 0.63472 0.452641 0.637131 0.437158 0.670886 0.448087 0.667872 0.464481
1 0.632911 0.474499 0.63472 0.459016 0.668475 0.468124 0.666667 0.483607
1 0.6305 0.497268 0.631706 0.481785 0.659433 0.48725 0.658228 0.501821
1 0.629295 0.513661 0.631103 0.500911 0.660639 0.510929 0.658831 0.523679
1 0.661242 0.532787 0.660036 0.547359 0.628089 0.539162 0.629898 0.522769
1 0.622061 0.557377 0.62387 0.541894 0.657625 0.551913 0.654611 0.569217
1 0.657625 0.57286 0.655817 0.589253 0.624473 0.580146 0.626281 0.563752
1 0.610609 0.640255 0.61302 0.626594 0.649789 0.638434 0.646172 0.654827
1 0.648583 0.326958 0.651597 0.311475 0.687764 0.321494 0.68475 0.337887
1 0.639542 0.659381 0.637734 0.673042 0.610609 0.662113 0.61302 0.649362
1 0.609403 0.679417 0.611212 0.669399 0.632911 0.676685 0.631706 0.685792
1 0.724533 0.663024 0.727547 0.64663 0.76733 0.659381 0.764919 0.675774
1 0.721519 0.629326 0.720313 0.643898 0.687764 0.634791 0.690175 0.619308
1 0.726341 0.638434 0.728149 0.623862 0.758288 0.632058 0.757083 0.648452
1 0.729355 0.617486 0.731163 0.602004 0.765521 0.611111 0.76311 0.626594
1 0.732369 0.593807 0.73478 0.579235 0.76733 0.590164 0.766124 0.604736
1 0.734177 0.57286 0.736588 0.557377 0.772755 0.567395 0.770344 0.58561
1 0.736588 0.551002 0.738999 0.535519 0.769138 0.544627 0.767932 0.560109
1 0.646172 0.369763 0.649186 0.35337 0.682942 0.365209 0.68053 0.381603
1 0.622664 0.295082 0.625678 0.277778 0.657022 0.288707 0.654611 0.306922
1 0.544907 0.350638 0.543701 0.362477 0.520796 0.357013 0.521398 0.344262
1 0.617842 0.541894 0.616034 0.555556 0.592526 0.54827 0.594334 0.534608
1 0.517179 0.338798 0.51959 0.325137 0.544304 0.333333 0.541893 0.346995
1 0.61302 0.693078 0.614828 0.68306 0.6305 0.689435 0.628692 0.700364
1 0.602773 0.679417 0.600964 0.693989 0.57384 0.685792 0.575648 0.67122
1 0.605184 0.657559 0.603376 0.673042 0.578059 0.666667 0.579265 0.652095
1 0.607595 0.639344 0.605787 0.653005 0.579265 0.644809 0.581676 0.630237
1 0.6088 0.616576 0.608198 0.629326 0.582881 0.625683 0.583484 0.612022
1 0.61302 0.601093 0.610609 0.614754 0.584087 0.605647 0.586498 0.591075
1 0.614225 0.578324 0.612417 0.592896 0.587101 0.58561 0.589512 0.571949
1 0.585895 0.564663 0.587703 0.551913 0.614225 0.560109 0.612417 0.574681
1 0.620856 0.520947 0.619048 0.533698 0.593731 0.526412 0.595539 0.513661
1 0.614828 0.316029 0.617239 0.301457 0.644364 0.310565 0.641953 0.325137
1 0.622664 0.5 0.621459 0.51275 0.597348 0.507286 0.598553 0.495446
1 0.596142 0.489071 0.597951 0.476321 0.622061 0.483607 0.619048 0.497268
1 0.628692 0.464481 0.626884 0.478142 0.60217 0.471767 0.603978 0.458106
1 0.631103 0.448087 0.629898 0.459927 0.605787 0.45173 0.607595 0.440801
1 0.603978 0.432605 0.605787 0.418944 0.631103 0.42714 0.629295 0.439891
1 0.63472 0.408015 0.632911 0.421676 0.605787 0.411658 0.607595 0.398907
1 0.635925 0.388889 0.633514 0.401639 0.609403 0.392532 0.611212 0.380692
1 0.640747 0.349727 0.638939 0.362477 0.612417 0.35337 0.615431 0.340619
1 0.641953 0.32969 0.640145 0.342441 0.615431 0.335155 0.616637 0.322404
7 0.0765521 0.607468 0.10006 0.604736 0.105485 0.690346 0.079566 0.693989
