10 0.300173 0.904494 0.309948 0.906367 0.309373 0.981273 0.299597 0.977528
7 0.683726 0.350187 0.73663 0.359551 0.729155 0.7397 0.674526 0.73221
1 0.20414 0.423221 0.189764 0.417603 0.192639 0.290262 0.207591 0.297753
1 0.104658 0.382022 0.116734 0.385768 0.111558 0.483146 0.101208 0.479401
1 0.154112 0.514981 0.133985 0.509363 0.136285 0.275281 0.154112 0.279026
1 0.0609546 0.2603 0.0609546 0.299625 0.0276021 0.294007 0.0293272 0.254682
7 0.895917 0.376404 0.970673 0.38764 0.967223 0.750936 0.893042 0.743446
7 0.807361 0.372659 0.86889 0.374532 0.86544 0.737828 0.80276 0.737828
7 0.746981 0.361423 0.790109 0.365169 0.785509 0.7397 0.742381 0.73221
7 0.53594 0.322097 0.631972 0.337079 0.629672 0.728464 0.528465 0.709738
1 0.170788 0.374532 0.161012 0.372659 0.162162 0.28839 0.171363 0.290262
7 0.483611 0.333333 0.501438 0.333333 0.493387 0.818352 0.475561 0.816479
7 0.392179 0.316479 0.452559 0.325843 0.449109 0.672285 0.388154 0.668539
7 0.343876 0.318352 0.360552 0.318352 0.358252 0.689139 0.33985 0.685393
7 0.280046 0.305243 0.290397 0.307116 0.287522 0.728464 0.276596 0.728464
7 0.227142 0.305243 0.250144 0.305243 0.245543 0.737828 0.221392 0.728464
7 0.177688 0.28839 0.19494 0.292135 0.189764 0.734082 0.173663 0.73221
7 0.0977573 0.269663 0.163887 0.277154 0.158137 0.724719 0.0914319 0.707865
1 0.169638 0.505618 0.158712 0.501873 0.160437 0.41573 0.171363 0.419476
1 0.236343 0.41573 0.222542 0.413858 0.224267 0.301498 0.236918 0.303371
1 0.924094 0.546816 0.912593 0.543071 0.914319 0.441948 0.925819 0.445693
1 0.601495 0.533708 0.581369 0.529963 0.581944 0.337079 0.603795 0.340824
1 0.9954 0.486891 0.982749 0.483146 0.982749 0.382022 0.997125 0.382022
1 0.941921 0.340824 0.962622 0.344569 0.960897 0.588015 0.93847 0.588015
1 0.807361 0.52809 0.795285 0.522472 0.795285 0.441948 0.807936 0.441948
1 0.779758 0.544944 0.757332 0.539326 0.760782 0.312734 0.784359 0.320225
1 0.730305 0.554307 0.717654 0.552434 0.719379 0.445693 0.73318 0.449438
1 0.711328 0.514981 0.694652 0.511236 0.696952 0.363296 0.714779 0.368914
1 0.621047 0.438202 0.609546 0.428839 0.614721 0.314607 0.627372 0.325843
1 0.573893 0.533708 0.548016 0.529963 0.552616 0.2397 0.577918 0.245318
1 0.253594 0.413858 0.242093 0.402622 0.247269 0.312734 0.259919 0.322097
1 0.535365 0.543071 0.523289 0.548689 0.522714 0.458801 0.53479 0.455056
1 0.525014 0.284644 0.538815 0.284644 0.53709 0.419476 0.523864 0.41573
1 0.445083 0.402622 0.433583 0.402622 0.433007 0.305243 0.445083 0.305243
1 0.32835 0.52809 0.317424 0.516854 0.324324 0.438202 0.334675 0.447566
1 0.368028 0.449438 0.351926 0.445693 0.353652 0.331461 0.369178 0.333333
1 0.344451 0.406367 0.33295 0.400749 0.33525 0.308989 0.346176 0.312734
1 0.269695 0.378277 0.280621 0.376404 0.280046 0.468165 0.268545 0.468165
7 0.013226 0.290262 0.0655549 0.299625 0.0586544 0.698502 0.00862565 0.689139
