10 0.634973 0.433132 0.648087 0.42019 0.681967 0.44176 0.668852 0.454702
10 0.64918 0.421053 0.663388 0.405522 0.699454 0.423641 0.685246 0.440035
9 0.820765 0.143227 0.809836 0.156169 0.738798 0.113891 0.75082 0.100949
9 0.421858 0.681622 0.404372 0.672994 0.481967 0.570319 0.501639 0.57981
9 0.378142 0.581536 0.365027 0.593615 0.295082 0.548749 0.308197 0.535807
9 0.345355 0.588438 0.334426 0.602243 0.277596 0.568594 0.289617 0.554789
9 0.314754 0.604832 0.302732 0.615186 0.254645 0.589301 0.269945 0.574633
9 0.302732 0.627265 0.29071 0.64107 0.236066 0.608283 0.248087 0.595341
9 0.265574 0.645384 0.255738 0.655738 0.213115 0.628991 0.224044 0.618637
9 0.227322 0.685073 0.214208 0.698878 0.170492 0.672131 0.182514 0.658326
10 0.671038 0.201035 0.684153 0.186368 0.715847 0.205349 0.703825 0.220017
10 0.685246 0.183779 0.697268 0.169974 0.731148 0.19327 0.723497 0.205349
10 0.609836 0.289042 0.594536 0.302847 0.557377 0.280414 0.57377 0.262295
10 0.0513661 0.81277 0.0644809 0.798102 0.100546 0.820535 0.0863388 0.832614
10 0.0797814 0.830889 0.0666667 0.843831 0.0338798 0.823123 0.0480874 0.808456
10 0.0251366 0.837791 0.0371585 0.825712 0.0655738 0.844694 0.052459 0.85591
10 0.00874317 0.851596 0.0196721 0.839517 0.0491803 0.860224 0.0371585 0.871441
10 0.202186 0.968939 0.194536 0.981881 0.159563 0.965487 0.168306 0.952545
10 0.214208 0.952545 0.204372 0.96635 0.169399 0.949094 0.177049 0.935289
9 0.073224 0.903365 0.0918033 0.912856 0.0469945 0.968939 0.0251366 0.959448
9 0.569399 0.395168 0.556284 0.410699 0.486339 0.365833 0.498361 0.351165
9 0.568306 0.354616 0.557377 0.371009 0.502732 0.342537 0.518033 0.326143
10 0.95082 0.127696 0.951913 0.113028 0.995628 0.117343 0.995628 0.130285
10 0.95847 0.106989 0.95847 0.092321 0.995628 0.0940466 0.994536 0.108714
10 0.786885 0.278689 0.802186 0.263158 0.839344 0.285591 0.82623 0.300259
10 0.777049 0.295082 0.789071 0.280414 0.824044 0.301122 0.813115 0.313201
10 0.751913 0.321829 0.763934 0.305436 0.805464 0.327006 0.793443 0.342537
10 0.727869 0.346851 0.737705 0.334771 0.771585 0.35289 0.761749 0.365833
10 0.706011 0.358067 0.715847 0.345988 0.754098 0.36497 0.743169 0.376186
9 0.837158 0.122519 0.82623 0.132873 0.75847 0.0931838 0.772678 0.0793788
