1 0.0826297 0.868852 0.0778046 0.864299 0.0844391 0.847905 0.0892642 0.85337
1 0.0500603 0.870674 0.0482509 0.863388 0.0566948 0.857013 0.0591074 0.863388
1 0.602533 0.519126 0.607358 0.508197 0.630277 0.530055 0.625452 0.540073
1 0.621834 0.545537 0.619421 0.553734 0.598914 0.537341 0.602533 0.528233
1 0.591677 0.552823 0.595296 0.544627 0.612183 0.559199 0.609771 0.567395
1 0.58263 0.567395 0.587455 0.554645 0.61339 0.576503 0.609168 0.588342
1 0.576598 0.581056 0.58082 0.570128 0.605549 0.591075 0.601327 0.602914
1 0.570567 0.599271 0.574789 0.586521 0.597708 0.606557 0.593486 0.618397
1 0.58263 0.637523 0.575392 0.656648 0.531363 0.615665 0.539204 0.59745
1 0.656212 0.681239 0.650181 0.693989 0.624849 0.669399 0.630277 0.656648
1 0.66345 0.661202 0.658625 0.673042 0.630881 0.647541 0.635706 0.636612
1 0.677322 0.624772 0.6731 0.637523 0.645356 0.613843 0.651387 0.601093
1 0.685163 0.607468 0.680338 0.617486 0.657419 0.596539 0.661641 0.586521
1 0.696622 0.569217 0.691797 0.580146 0.669481 0.560109 0.674306 0.54918
1 0.69421 0.590164 0.689385 0.602004 0.661037 0.578324 0.665862 0.564663
1 0.722557 0.621129 0.717732 0.632969 0.6924 0.608379 0.696622 0.59745
1 0.68456 0.625683 0.689385 0.612933 0.711098 0.632058 0.706273 0.645719
1 0.676116 0.642987 0.680941 0.632058 0.708082 0.655738 0.703257 0.668488
1 0.686972 0.668488 0.683957 0.674863 0.670688 0.664845 0.674306 0.657559
1 0.664656 0.678506 0.668878 0.668488 0.689988 0.685792 0.685766 0.696721
1 0.656212 0.696721 0.661037 0.684882 0.688179 0.709472 0.683353 0.722222
1 0.61339 0.503643 0.617612 0.496357 0.633293 0.514572 0.630277 0.520947
1 0.596502 0.517304 0.593486 0.526412 0.572979 0.509107 0.577201 0.499089
1 0.589264 0.530055 0.586852 0.538251 0.569964 0.523679 0.572979 0.516393
1 0.525935 0.470856 0.528951 0.462659 0.545235 0.477231 0.54222 0.485428
1 0.451146 0.515483 0.446321 0.530965 0.410133 0.501821 0.414958 0.48725
1 0.492159 0.539162 0.489747 0.547359 0.476478 0.535519 0.479493 0.527322
1 0.498191 0.528233 0.494572 0.535519 0.481303 0.522769 0.484922 0.515483
1 0.503016 0.515483 0.498794 0.52459 0.486128 0.51184 0.489747 0.503643
1 0.507841 0.504554 0.504222 0.51275 0.490953 0.5 0.493969 0.491803
1 0.52111 0.464481 0.518094 0.472678 0.504825 0.459016 0.507841 0.45173
1 0.537998 0.42714 0.534982 0.435337 0.519903 0.421676 0.523522 0.413479
1 0.54041 0.444444 0.542823 0.437158 0.554282 0.448087 0.55187 0.455373
1 0.522919 0.48816 0.524729 0.481785 0.537394 0.489982 0.534982 0.497268
1 0.562726 0.534608 0.566345 0.526412 0.582027 0.540984 0.578408 0.550091
1 0.517491 0.500911 0.52111 0.493625 0.533172 0.505464 0.530157 0.51275
1 0.51146 0.513661 0.514475 0.506375 0.530157 0.520036 0.527141 0.528233
1 0.506634 0.526412 0.50965 0.519126 0.524125 0.530965 0.520507 0.539162
1 0.496984 0.551002 0.5 0.543716 0.512666 0.554645 0.510253 0.562842
1 0.512063 0.57286 0.506634 0.588342 0.466828 0.552823 0.472256 0.539162
1 0.563329 0.601093 0.559107 0.60929 0.54041 0.591985 0.544029 0.581967
1 0.568154 0.587432 0.564536 0.595628 0.544632 0.578324 0.548854 0.569217
1 0.575995 0.571949 0.571773 0.583789 0.55006 0.564663 0.554885 0.552823
1 0.616405 0.684882 0.62123 0.672131 0.646562 0.696721 0.64234 0.709472
1 0.677925 0.724044 0.673703 0.735883 0.648372 0.714936 0.652593 0.703097
1 0.745476 0.785974 0.739445 0.796903 0.714113 0.775046 0.718938 0.762295
7 0.58263 0.640255 0.54041 0.59745 0.588661 0.473588 0.63269 0.510018
1 0.897467 0.934426 0.887817 0.923497 0.90772 0.872495 0.917973 0.880692
1 0.913148 0.942623 0.902895 0.934426 0.921592 0.884335 0.931846 0.892532
1 0.924608 0.958106 0.915561 0.948998 0.935464 0.897996 0.945718 0.906193
1 0.954162 0.897086 0.965018 0.906193 0.943305 0.962659 0.932449 0.952641
7 0.954162 0.898907 0.933052 0.956284 0.864294 0.887978 0.88661 0.832423
7 0.858866 0.894353 0.825694 0.861566 0.868516 0.75592 0.904704 0.790528
7 0.773824 0.816029 0.717129 0.765938 0.765983 0.642077 0.823884 0.693989
7 0.675513 0.725865 0.622437 0.673953 0.676719 0.54827 0.726176 0.593807
7 0.506634 0.57286 0.474668 0.539162 0.522316 0.418033 0.554885 0.45082
1 0.87696 0.852459 0.88661 0.860656 0.869723 0.903461 0.860072 0.892532
7 0.446321 0.516393 0.416164 0.486339 0.466224 0.364299 0.494572 0.392532
7 0.380579 0.452641 0.297949 0.387067 0.337153 0.287796 0.420386 0.357013
7 0.238239 0.323315 0.207479 0.29235 0.235826 0.220401 0.267793 0.251366
7 0.195416 0.282332 0.185163 0.274135 0.211701 0.200364 0.222557 0.210383
7 0.178528 0.269581 0.135706 0.23133 0.162847 0.154827 0.208082 0.196721
7 0.124246 0.159381 0.105549 0.204918 0 0.106557 0.00120627 0.0355191
14 0.940893 0.741348 0.984922 0.782332 0.971653 0.81694 0.926417 0.775956
14 0.826297 0.618397 0.850422 0.639344 0.842581 0.663934 0.816647 0.641166
1 0.895657 0.859745 0.904101 0.865209 0.886007 0.912568 0.878166 0.905282
1 0.854041 0.887067 0.84801 0.899818 0.817853 0.872495 0.824487 0.857923
1 0.749698 0.765938 0.744873 0.778689 0.721954 0.758652 0.726779 0.747723
1 0.759349 0.769581 0.764777 0.75592 0.787696 0.776867 0.782871 0.790528
1 0.757539 0.752277 0.751508 0.762295 0.726176 0.738616 0.730398 0.726776
1 0.731001 0.71949 0.736429 0.70765 0.761158 0.73224 0.75573 0.74408
1 0.770205 0.717668 0.765983 0.726776 0.741858 0.704918 0.74608 0.6949
1 0.778649 0.700364 0.773824 0.710383 0.749095 0.687614 0.753317 0.675774
1 0.755127 0.67122 0.759952 0.659381 0.783474 0.682149 0.779252 0.692168
1 0.782268 0.716758 0.787093 0.704007 0.814234 0.727687 0.809409 0.740437
1 0.774427 0.735883 0.778046 0.724954 0.797346 0.743169 0.793727 0.753188
1 0.76538 0.750455 0.770205 0.737705 0.796743 0.761384 0.791315 0.773224
1 0.752714 0.786885 0.757539 0.775046 0.781665 0.795993 0.77684 0.807832
1 0.866104 0.867942 0.859469 0.881603 0.8269 0.851548 0.833534 0.837887
1 0.779855 0.818761 0.774427 0.832423 0.740651 0.803279 0.745476 0.788707
1 0.860072 0.766849 0.865501 0.754098 0.896261 0.786885 0.891435 0.800546
1 0.853438 0.788707 0.858866 0.775046 0.889626 0.8051 0.884198 0.817851
1 0.946321 0.836066 0.942702 0.843352 0.929433 0.82969 0.933052 0.823315
1 0.903498 0.852459 0.905911 0.846084 0.91918 0.856102 0.916164 0.864299
1 0.917973 0.867031 0.921592 0.859745 0.935464 0.871585 0.932449 0.879781
1 0.84801 0.813297 0.853438 0.800546 0.879976 0.826047 0.874548 0.838798
1 0.835344 0.82969 0.840772 0.817851 0.870929 0.845173 0.865501 0.857923
1 0.436068 0.498179 0.439686 0.489982 0.452352 0.5 0.449337 0.509107
1 0.442702 0.486339 0.446321 0.477231 0.460193 0.489071 0.457177 0.498179
1 0.458987 0.446266 0.461399 0.43898 0.472859 0.449909 0.46924 0.457195
1 0.339566 0.34153 0.341978 0.336066 0.350422 0.344262 0.348613 0.349727
1 0.393245 0.395264 0.390832 0.400729 0.381182 0.393443 0.382992 0.387978
1 0.389626 0.403461 0.387214 0.409836 0.378166 0.399818 0.381182 0.395264
1 0.312425 0.408015 0.317853 0.396175 0.342581 0.419854 0.337756 0.430783
1 0.3269 0.375228 0.329312 0.368852 0.337756 0.377049 0.335344 0.382514
1 0.329312 0.368852 0.331725 0.363388 0.339566 0.370674 0.337756 0.377049
1 0.331725 0.362477 0.333534 0.357013 0.342581 0.365209 0.339566 0.370674
1 0.334138 0.357013 0.33655 0.349727 0.344994 0.357923 0.342581 0.364299
1 0.337153 0.349727 0.338963 0.343352 0.34801 0.350638 0.345597 0.356102
1 0.341978 0.336066 0.344391 0.330601 0.352835 0.338798 0.351025 0.343352
1 0.399879 0.378871 0.397467 0.384335 0.387817 0.376138 0.390229 0.370674
1 0.344994 0.32878 0.347407 0.322404 0.35585 0.330601 0.353438 0.336976
1 0.343788 0.319672 0.340772 0.326958 0.327503 0.316029 0.330519 0.308743
1 0.347407 0.309654 0.344391 0.31694 0.332328 0.304189 0.334741 0.296903
1 0.357057 0.294171 0.351628 0.306922 0.328709 0.285974 0.332931 0.275046
1 0.340772 0.326958 0.338359 0.333333 0.325694 0.323315 0.328106 0.31694
1 0.33655 0.336976 0.333534 0.343352 0.321472 0.332423 0.324487 0.325137
1 0.31725 0.39071 0.308806 0.382514 0.322678 0.344262 0.330519 0.350638
1 0.258142 0.352459 0.262967 0.34153 0.284077 0.360656 0.279252 0.373406
1 0.395657 0.388889 0.393848 0.393443 0.382992 0.386157 0.384801 0.380692
1 0.405308 0.367942 0.402895 0.372495 0.392039 0.365209 0.394451 0.359745
1 0.27503 0.324226 0.277443 0.317851 0.295537 0.333333 0.293727 0.339709
1 0.452352 0.459016 0.455971 0.45082 0.469843 0.462659 0.466224 0.471767
1 0.0476478 0.808743 0.0422195 0.809654 0.0404101 0.79326 0.0458384 0.791439
7 0.035585 0.86612 0.0524729 0.882514 0.0229192 0.954463 0.00723764 0.938069
1 0.451749 0.43898 0.44813 0.445355 0.436068 0.433515 0.439686 0.425319
1 0.447527 0.449909 0.443908 0.458106 0.431242 0.446266 0.433655 0.43898
1 0.442099 0.461749 0.439686 0.469945 0.427021 0.459927 0.430639 0.45173
1 0.437274 0.473588 0.434258 0.481785 0.422799 0.471767 0.426417 0.462659
1 0.433052 0.486339 0.430036 0.493625 0.417973 0.483607 0.420989 0.47541
1 0.447527 0.469035 0.450543 0.461749 0.463209 0.473588 0.460193 0.479964
1 0.456574 0.42714 0.453559 0.434426 0.440893 0.422587 0.444511 0.415301
1 0.407117 0.356102 0.405308 0.361566 0.395054 0.356102 0.396864 0.349727
1 0.461399 0.41439 0.45778 0.421676 0.445718 0.409836 0.448733 0.40255
1 0.466828 0.420765 0.470446 0.413479 0.483715 0.42623 0.4807 0.434426
1 0.465621 0.40255 0.462002 0.409836 0.451146 0.399818 0.453559 0.392532
1 0.430639 0.374317 0.424608 0.367942 0.432449 0.346995 0.437877 0.352459
1 0.418577 0.380692 0.427624 0.387978 0.411339 0.434426 0.401689 0.425319
1 0.373945 0.321494 0.37877 0.325137 0.373341 0.338798 0.369119 0.334244
1 0.382388 0.32878 0.38661 0.331512 0.382388 0.345173 0.378166 0.34153
1 0.387817 0.335155 0.392642 0.338798 0.387817 0.352459 0.382992 0.348816
1 0.272014 0.32969 0.27503 0.324226 0.292521 0.340619 0.290109 0.346995
1 0.278649 0.312386 0.281062 0.306922 0.299156 0.323315 0.296743 0.32878
1 0.510856 0.491803 0.507841 0.499089 0.493366 0.485428 0.496984 0.477231
1 0.0458384 0.159381 0.0392039 0.153005 0.0518697 0.120219 0.0585042 0.126594
1 0.0693607 0.124772 0.0657419 0.12204 0.0699638 0.1102 0.0735826 0.112933
1 0.0657419 0.12204 0.062123 0.119308 0.0657419 0.106557 0.0693607 0.1102
1 0.0615199 0.118397 0.0579011 0.115665 0.062123 0.102914 0.0657419 0.105647
1 0.102533 0.166667 0.109168 0.173042 0.0971049 0.200364 0.0916767 0.1949
1 0.0934861 0.159381 0.100724 0.163024 0.0922799 0.193078 0.0856454 0.188525
1 0.0759952 0.177596 0.0699638 0.173042 0.079614 0.145719 0.0862485 0.152095
1 0.0699638 0.142077 0.0759952 0.14663 0.0693607 0.165756 0.0639324 0.161202
1 0.0603136 0.15847 0.0560917 0.153916 0.0633293 0.135701 0.0681544 0.140255
1 0.026538 0.0692168 0.0343788 0.075592 0.0205066 0.112933 0.013269 0.105647
1 0.0765983 0.132058 0.0729795 0.129326 0.0772014 0.115665 0.0808203 0.119308
1 0.0144753 0.0655738 0.022316 0.0737705 0.00844391 0.10929 0.00180941 0.102914
1 0.469843 0.3898 0.466828 0.397996 0.454765 0.388889 0.45778 0.380692
1 0.477081 0.376138 0.474065 0.384335 0.460193 0.371585 0.463209 0.363388
1 0.477081 0.397996 0.479493 0.391621 0.490953 0.401639 0.48854 0.408015
1 0.471049 0.408925 0.474668 0.400729 0.486731 0.412568 0.484318 0.419854
1 0.460796 0.432605 0.464415 0.424408 0.477684 0.438069 0.474668 0.445355
1 0.531363 0.438069 0.528347 0.445355 0.516285 0.435337 0.519903 0.42623
1 0.526538 0.45173 0.523522 0.459016 0.510253 0.447177 0.513269 0.43898
1 0.0723764 0.129326 0.0687575 0.124772 0.0735826 0.113843 0.0772014 0.116576
1 0.0802171 0.134791 0.0765983 0.132058 0.0814234 0.119308 0.0844391 0.12204
1 0.281665 0.306011 0.284077 0.299636 0.302171 0.314208 0.299759 0.320583
1 0.136309 0.227687 0.129674 0.220401 0.140531 0.190346 0.148372 0.196721
1 0.285283 0.295082 0.287696 0.288707 0.30579 0.304189 0.303981 0.310565
1 0.288902 0.287796 0.291315 0.281421 0.310012 0.295993 0.308203 0.303279
1 0.28468 0.269581 0.289505 0.258652 0.310012 0.275956 0.306393 0.287796
1 0.28649 0.245902 0.290109 0.235883 0.311218 0.255009 0.3076 0.265027
1 0.273824 0.259563 0.288902 0.272313 0.257539 0.362477 0.241255 0.346995
1 0.130881 0.246812 0.138118 0.23133 0.1731 0.26776 0.167672 0.282332
1 0.149578 0.233151 0.145959 0.230419 0.149578 0.216758 0.1538 0.21949
1 0.151387 0.234973 0.148975 0.229508 0.157419 0.222222 0.159228 0.228597
1 0.114596 0.167577 0.112183 0.164845 0.115802 0.153005 0.118818 0.155738
1 0.0832328 0.137523 0.0802171 0.134791 0.0850422 0.12204 0.088661 0.125683
1 0.112183 0.164845 0.108565 0.162113 0.112786 0.151184 0.115802 0.153916
1 0.108565 0.162113 0.104946 0.15847 0.109771 0.147541 0.112786 0.151184
1 0.104946 0.15847 0.101327 0.155738 0.105549 0.143898 0.109168 0.14663
1 0.10193 0.154827 0.0983112 0.152095 0.102533 0.140255 0.105549 0.142987
1 0.0989144 0.152095 0.0952955 0.149362 0.0989144 0.138434 0.10193 0.141166
1 0.0946924 0.150273 0.0916767 0.14663 0.0958987 0.134791 0.0989144 0.137523
1 0.0910736 0.145719 0.0868516 0.142077 0.0916767 0.130237 0.0952955 0.132969
1 0.0868516 0.141166 0.0832328 0.138434 0.088661 0.126594 0.0916767 0.129326
14 0.742461 0.071949 0.770808 0.0874317 0.764777 0.112022 0.735826 0.0965392
