9 0.743468 0.558499 0.741093 0.541575 0.77791 0.531273 0.781473 0.547461
10 0.576603 0.923473 0.563539 0.926416 0.557601 0.893304 0.569477 0.889625
9 0.135986 0.703458 0.151425 0.698308 0.163895 0.745401 0.146675 0.749816
9 0.118171 0.709345 0.134798 0.704194 0.144893 0.753495 0.128266 0.757174
10 0.0409739 0.25975 0.0546318 0.254599 0.064133 0.3039 0.0504751 0.307579
10 0.0665083 0.206034 0.0629454 0.192053 0.097981 0.182487 0.100356 0.197204
9 0.567696 0.703458 0.583729 0.698308 0.593824 0.743194 0.576603 0.749816
9 0.530285 0.706402 0.548694 0.701987 0.56057 0.752759 0.542755 0.759382
9 0.546912 0.555556 0.562945 0.550405 0.579572 0.618102 0.562352 0.624724
9 0.433492 0.593819 0.450713 0.588668 0.462589 0.647535 0.443587 0.65195
9 0.804632 0.619573 0.801663 0.603385 0.842637 0.593819 0.845606 0.610007
9 0.755938 0.601913 0.753563 0.585725 0.809976 0.571008 0.813539 0.587932
9 0.752375 0.579838 0.748219 0.562914 0.803444 0.546726 0.808195 0.564386
9 0.754157 0.535688 0.750594 0.518764 0.809976 0.502575 0.812945 0.518764
9 0.647268 0.473142 0.630048 0.478293 0.618765 0.410596 0.634798 0.405445
9 0.682898 0.460633 0.664489 0.463576 0.655582 0.395879 0.67399 0.391464
9 0.799287 0.323767 0.80285 0.337013 0.774941 0.34805 0.771378 0.334805
9 0.763658 0.328918 0.767221 0.342899 0.732779 0.357616 0.728622 0.342899
9 0.693587 0.347314 0.696556 0.363503 0.643705 0.377483 0.64133 0.361295
9 0.231591 0.757174 0.236342 0.779985 0.181116 0.795438 0.175772 0.771155
10 0.513064 0.726269 0.528504 0.721118 0.537411 0.757174 0.521971 0.764533
9 0.692399 0.654893 0.707245 0.651214 0.720309 0.701987 0.705463 0.707873
10 0.459026 0.0735835 0.469715 0.080206 0.459026 0.106696 0.449525 0.101545
9 0.670428 0.651214 0.684679 0.647535 0.703682 0.714496 0.68943 0.719647
9 0.650831 0.657837 0.667458 0.652686 0.681116 0.707138 0.666271 0.710817
9 0.631829 0.659308 0.647862 0.653422 0.666865 0.723326 0.652613 0.727741
9 0.615796 0.664459 0.632423 0.659308 0.650238 0.729213 0.634204 0.732892
9 0.598575 0.685798 0.618171 0.679176 0.631829 0.733628 0.61342 0.738779
9 0.450713 0.590876 0.464964 0.586461 0.47981 0.636497 0.464371 0.64312
9 0.46734 0.582046 0.482779 0.576895 0.497625 0.631347 0.482779 0.63429
9 0.502969 0.568801 0.519002 0.564386 0.533848 0.621781 0.515439 0.626196
9 0.565321 0.55482 0.581948 0.547461 0.599169 0.619573 0.582542 0.626196
9 0.522565 0.564386 0.54038 0.557763 0.554038 0.629875 0.534442 0.636497
9 0.62886 0.479765 0.611639 0.484915 0.5962 0.412804 0.616983 0.406917
9 0.557007 0.41869 0.57601 0.412804 0.593824 0.4805 0.57601 0.486387
9 0.415677 0.460633 0.432304 0.454746 0.444181 0.520235 0.428741 0.525386
9 0.450713 0.445916 0.46734 0.440029 0.482185 0.509198 0.465558 0.512877
10 0.579572 0.0397351 0.592043 0.0434143 0.582542 0.0706402 0.571259 0.0654893
10 0.400831 0.0883002 0.413895 0.0919794 0.405582 0.120677 0.393112 0.116998
10 0.438242 0.0794702 0.449525 0.084621 0.441805 0.111847 0.430523 0.108168
9 0.635392 0.295806 0.638361 0.311994 0.604513 0.323032 0.60095 0.306107
