1 0.0901181 0.697349 0.0975761 0.69514 0.101305 0.715022 0.0938471 0.717968
1 0.423866 0.393962 0.422001 0.387334 0.441889 0.38218 0.443132 0.388071
1 0.418894 0.372607 0.416408 0.365243 0.438782 0.358616 0.440646 0.366716
1 0.416408 0.362297 0.415165 0.353461 0.436296 0.34757 0.43816 0.356406
1 0.415786 0.349779 0.413922 0.343152 0.433188 0.337261 0.434431 0.344624
1 0.413922 0.33947 0.412679 0.332106 0.430081 0.327688 0.431324 0.335052
1 0.403978 0.333579 0.405842 0.341679 0.38844 0.346834 0.386576 0.338733
1 0.402113 0.324742 0.402735 0.332106 0.38844 0.335052 0.387197 0.327688
1 0.413922 0.329161 0.412057 0.32106 0.431324 0.315169 0.433188 0.32327
1 0.472343 0.303387 0.473586 0.310751 0.454941 0.317378 0.453698 0.309278
1 0.480423 0.309278 0.478558 0.301915 0.497825 0.296024 0.499068 0.304124
1 0.474208 0.315169 0.476072 0.322533 0.459913 0.327688 0.45867 0.319588
1 0.484152 0.321797 0.482287 0.314433 0.500311 0.308542 0.501554 0.316642
1 0.487259 0.332106 0.486016 0.324742 0.499689 0.32106 0.500932 0.328424
1 0.485395 0.345361 0.484152 0.337997 0.50404 0.33137 0.505283 0.33947
1 0.485395 0.368189 0.474208 0.37187 0.466128 0.333579 0.477937 0.329897
1 0.488502 0.356406 0.486638 0.348306 0.50404 0.343888 0.505283 0.351988
1 0.420758 0.384389 0.418894 0.376289 0.441268 0.370398 0.443132 0.379234
1 0.425109 0.40648 0.423244 0.397644 0.444997 0.391016 0.446861 0.400589
1 0.448104 0.555965 0.449347 0.565538 0.427595 0.569956 0.42573 0.561119
1 0.427595 0.416789 0.42573 0.407953 0.446861 0.402062 0.448726 0.410162
1 0.472965 0.580265 0.474829 0.592784 0.436296 0.60162 0.43381 0.588365
1 0.457427 0.578792 0.455562 0.570692 0.476694 0.564801 0.478558 0.573638
1 0.454941 0.56701 0.453698 0.558174 0.474829 0.553019 0.476072 0.561856
1 0.453698 0.555228 0.451833 0.547128 0.473586 0.540501 0.474829 0.549337
1 0.45059 0.543446 0.449347 0.53461 0.470479 0.529455 0.472343 0.538292
1 0.449347 0.531664 0.447483 0.523564 0.468614 0.518409 0.469857 0.527246
1 0.44624 0.519146 0.444375 0.510309 0.463021 0.506627 0.464885 0.513991
1 0.444375 0.5081 0.442511 0.499264 0.463642 0.493373 0.465507 0.502209
1 0.441889 0.496318 0.440025 0.488218 0.461156 0.483063 0.462399 0.491163
1 0.440025 0.484536 0.43816 0.476436 0.45867 0.469809 0.461156 0.478645
1 0.43816 0.47349 0.436296 0.46539 0.456184 0.460236 0.458048 0.468336
1 0.436296 0.460236 0.435674 0.451399 0.455562 0.446981 0.457427 0.455817
1 0.435053 0.44919 0.433188 0.440353 0.453076 0.435935 0.454941 0.444035
1 0.430702 0.438144 0.428838 0.429308 0.451212 0.42268 0.453076 0.43299
1 0.430081 0.427099 0.428216 0.419735 0.447483 0.413844 0.449347 0.420471
1 0.490988 0.368189 0.489745 0.359352 0.507147 0.35567 0.50839 0.36377
1 0.492231 0.380707 0.490988 0.37187 0.510876 0.365979 0.512741 0.374816
1 0.477315 0.378498 0.488502 0.374816 0.496582 0.421208 0.485395 0.424153
1 0.499068 0.403535 0.497203 0.394698 0.515848 0.388807 0.517713 0.397644
1 0.57862 0.470545 0.579863 0.479381 0.560597 0.4838 0.558732 0.4757
1 0.577377 0.459499 0.579242 0.466863 0.558732 0.472018 0.557489 0.46539
1 0.57427 0.448454 0.576134 0.456554 0.558111 0.460972 0.556868 0.452872
1 0.571784 0.438144 0.573027 0.445508 0.554382 0.450663 0.552517 0.443299
1 0.568055 0.415317 0.569919 0.423417 0.551274 0.428571 0.550031 0.421208
1 0.565569 0.405007 0.567433 0.413108 0.547545 0.418262 0.545681 0.410162
1 0.56184 0.38218 0.563704 0.39028 0.545681 0.395434 0.543816 0.388071
1 0.558732 0.37187 0.560597 0.379971 0.543195 0.384389 0.54133 0.377025
1 0.557489 0.362297 0.559354 0.369661 0.540709 0.374816 0.539466 0.367452
1 0.556246 0.349779 0.557489 0.357143 0.538844 0.363034 0.537601 0.35567
1 0.55376 0.338733 0.555625 0.346834 0.537601 0.351988 0.536358 0.344624
1 0.551896 0.327688 0.55376 0.336524 0.534493 0.342415 0.532629 0.332842
1 0.548788 0.318115 0.550653 0.326215 0.53325 0.330633 0.531386 0.32327
1 0.547545 0.306333 0.54941 0.314433 0.531386 0.319588 0.529521 0.311487
1 0.544438 0.295287 0.546302 0.303387 0.527035 0.310015 0.525171 0.301178
1 0.579863 0.483063 0.580485 0.488954 0.566812 0.4919 0.565569 0.486009
1 0.582349 0.4919 0.584214 0.500736 0.566812 0.505155 0.565569 0.496318
1 0.582971 0.504418 0.584214 0.511782 0.569919 0.515464 0.568055 0.5081
1 0.515848 0.492636 0.515227 0.484536 0.529521 0.482327 0.530764 0.490427
1 0.502797 0.426362 0.500932 0.417526 0.52082 0.412371 0.522063 0.421208
1 0.504661 0.437408 0.503418 0.430044 0.523306 0.42489 0.523928 0.43299
1 0.485395 0.427099 0.498446 0.423417 0.509012 0.4838 0.49596 0.488218
1 0.510255 0.461708 0.50839 0.454345 0.528278 0.447717 0.529521 0.455081
1 0.512741 0.472754 0.511498 0.46539 0.527035 0.460236 0.5289 0.466863
1 0.51647 0.482327 0.515227 0.474963 0.528278 0.470545 0.529521 0.477172
1 0.517713 0.505155 0.51647 0.497054 0.533872 0.491163 0.535736 0.5
1 0.587321 0.514728 0.589186 0.522091 0.569298 0.525773 0.568055 0.518409
1 0.520199 0.515464 0.518334 0.507364 0.538222 0.501473 0.540087 0.509573
1 0.522685 0.525773 0.52082 0.517673 0.540709 0.512518 0.542573 0.520619
1 0.525171 0.536819 0.523306 0.530191 0.541952 0.525037 0.543816 0.531664
1 0.520199 0.546392 0.510255 0.548601 0.502797 0.508837 0.512741 0.505891
1 0.507769 0.571429 0.505283 0.557437 0.541952 0.547128 0.544438 0.560383
1 0.527035 0.547128 0.525792 0.540501 0.544438 0.53461 0.546302 0.541973
1 0.451833 0.569956 0.453076 0.578056 0.428216 0.583947 0.426973 0.57511
1 0.445618 0.543446 0.446861 0.552283 0.423866 0.557437 0.422001 0.549337
1 0.551896 0.313697 0.550653 0.303387 0.571784 0.300442 0.573027 0.310015
1 0.200746 0.424153 0.205718 0.421208 0.21069 0.435935 0.205718 0.438881
1 0.225606 0.412371 0.2312 0.409426 0.23555 0.425626 0.229956 0.427835
1 0.233064 0.407216 0.239279 0.404271 0.244251 0.42268 0.238658 0.425626
1 0.241144 0.405007 0.24798 0.402062 0.252331 0.418999 0.246116 0.421208
1 0.249845 0.402062 0.255438 0.399116 0.259789 0.41458 0.254195 0.417526
1 0.257303 0.397644 0.263518 0.394698 0.26849 0.412371 0.262275 0.41458
1 0.317589 0.371134 0.320696 0.382916 0.290864 0.396171 0.287135 0.384389
1 0.322561 0.387334 0.325047 0.397644 0.298322 0.405007 0.296457 0.393962
1 0.328776 0.401325 0.331262 0.411635 0.302051 0.418999 0.300808 0.407953
1 0.33064 0.415317 0.333126 0.425626 0.307023 0.43299 0.305158 0.42268
1 0.333748 0.429308 0.336234 0.441826 0.308266 0.44919 0.30578 0.437408
1 0.336855 0.444772 0.339341 0.456554 0.308266 0.46539 0.307023 0.453608
1 0.341827 0.459499 0.344313 0.472018 0.313238 0.480854 0.310752 0.469072
1 0.316346 0.494109 0.314481 0.484536 0.341206 0.477172 0.34307 0.487482
1 0.316967 0.510309 0.315103 0.5 0.344313 0.4919 0.346178 0.502946
1 0.349907 0.505891 0.352393 0.518409 0.321318 0.527246 0.318832 0.514728
1 0.209447 0.420471 0.214419 0.417526 0.219391 0.43299 0.213176 0.435199
1 0.183965 0.430044 0.189559 0.427099 0.195774 0.446244 0.19018 0.44919
1 0.423866 0.544183 0.422001 0.53461 0.442511 0.529455 0.444375 0.539028
1 0.176507 0.433726 0.181479 0.430044 0.187073 0.447717 0.181479 0.450663
1 0.076445 0.621502 0.0745805 0.614875 0.0919826 0.608984 0.0932256 0.616348
1 0.0758235 0.613402 0.073959 0.606038 0.0901181 0.600147 0.0913611 0.608247
1 0.10752 0.594256 0.109385 0.602356 0.0919826 0.607511 0.0901181 0.600147
1 0.073959 0.606038 0.0720945 0.597938 0.0882536 0.592047 0.0901181 0.600147
1 0.0689869 0.589838 0.0677439 0.581738 0.0832815 0.57732 0.0851461 0.58542
1 0.21504 0.500736 0.222498 0.497054 0.231821 0.525037 0.224363 0.527982
1 0.203853 0.505155 0.211933 0.501473 0.220634 0.530191 0.211933 0.533873
1 0.192045 0.509573 0.200746 0.505891 0.209447 0.53461 0.200124 0.539028
1 0.180236 0.515464 0.188937 0.511046 0.19826 0.540501 0.188937 0.544183
1 0.169671 0.519146 0.177129 0.5162 0.185208 0.544919 0.17775 0.547865
1 0.158484 0.525037 0.166563 0.520619 0.175264 0.550074 0.167806 0.553756
1 0.148539 0.530928 0.155998 0.527246 0.163456 0.555228 0.156619 0.558174
1 0.144189 0.447717 0.149782 0.445508 0.154755 0.464654 0.149782 0.466863
1 0.159727 0.440353 0.16532 0.438144 0.170292 0.455817 0.164699 0.458027
1 0.167806 0.437408 0.174021 0.435199 0.178993 0.452872 0.1734 0.455817
1 0.353014 0.522828 0.3555 0.533873 0.325047 0.541237 0.323182 0.530191
1 0.354879 0.538292 0.357365 0.549337 0.328154 0.556701 0.32629 0.544919
1 0.356122 0.555965 0.357986 0.565538 0.331883 0.572165 0.330019 0.561856
1 0.360472 0.569956 0.362958 0.581001 0.331883 0.589838 0.329397 0.578056
1 0.334369 0.391753 0.332505 0.38218 0.354879 0.376289 0.356743 0.385125
1 0.328154 0.365243 0.325668 0.356406 0.349285 0.349043 0.351771 0.357879
1 0.410814 0.34757 0.412679 0.357879 0.389683 0.363034 0.387819 0.353461
1 0.411436 0.363034 0.4133 0.372607 0.393412 0.377761 0.391548 0.366716
1 0.395277 0.391016 0.394034 0.383652 0.413922 0.378498 0.415165 0.386598
1 0.416408 0.391016 0.418272 0.400589 0.39652 0.40648 0.395277 0.396907
1 0.417029 0.408689 0.418272 0.416053 0.40087 0.421208 0.399627 0.413844
1 0.422001 0.419735 0.423866 0.428571 0.400249 0.434462 0.398384 0.427099
1 0.425109 0.432253 0.426973 0.443299 0.402735 0.44919 0.40087 0.438881
1 0.407707 0.460972 0.406464 0.452872 0.428216 0.446244 0.430081 0.456554
1 0.430081 0.460972 0.431324 0.470545 0.409571 0.474963 0.407707 0.46539
1 0.43381 0.47349 0.435053 0.483063 0.411436 0.489691 0.409571 0.480854
1 0.435674 0.488218 0.437539 0.497054 0.413922 0.502946 0.412057 0.493373
1 0.436917 0.502946 0.438782 0.511782 0.418272 0.5162 0.416408 0.507364
1 0.438782 0.5162 0.440646 0.525773 0.418272 0.531664 0.416408 0.522828
1 0.336234 0.405744 0.333748 0.396171 0.357365 0.389543 0.359229 0.39838
1 0.359851 0.403535 0.361715 0.413108 0.33872 0.417526 0.338098 0.407953
1 0.342449 0.432253 0.339963 0.423417 0.362958 0.416053 0.364823 0.425626
1 0.36793 0.565538 0.365444 0.556701 0.384711 0.55081 0.387197 0.560383
1 0.362958 0.587629 0.364201 0.597938 0.336855 0.603829 0.335612 0.592784
1 0.366687 0.600884 0.369173 0.613402 0.339963 0.620029 0.337477 0.608247
1 0.399627 0.610457 0.402735 0.626657 0.348664 0.639175 0.345556 0.622239
1 0.374767 0.611193 0.372902 0.60162 0.393412 0.594993 0.395277 0.605302
1 0.394655 0.581738 0.39652 0.590574 0.373524 0.595729 0.371659 0.586156
1 0.369795 0.580265 0.36793 0.571429 0.387819 0.565538 0.389683 0.574374
1 0.36358 0.550074 0.362337 0.540501 0.382846 0.536819 0.384089 0.545655
1 0.344935 0.446981 0.34307 0.438144 0.362958 0.431517 0.364823 0.440353
1 0.384711 0.519882 0.387197 0.530191 0.361715 0.536082 0.359229 0.525773
1 0.357986 0.520619 0.356122 0.511782 0.378496 0.505891 0.380982 0.515464
1 0.354879 0.505891 0.353014 0.497054 0.375388 0.491163 0.377874 0.499264
1 0.352393 0.491163 0.349907 0.482327 0.373524 0.474963 0.37601 0.4838
1 0.349285 0.477172 0.347421 0.467599 0.368552 0.460972 0.370416 0.470545
1 0.346178 0.462445 0.344313 0.452135 0.368552 0.444772 0.370416 0.455081
1 0.551896 0.303387 0.550031 0.293814 0.568055 0.28866 0.569919 0.297496
1 0.556246 0.324006 0.554382 0.316642 0.573027 0.312224 0.57427 0.319588
1 0.0783095 0.628866 0.076445 0.621502 0.0932256 0.617084 0.0950901 0.623711
1 0.799254 0.367452 0.801119 0.374816 0.788689 0.378498 0.787446 0.37187
1 0.812927 0.421208 0.81417 0.428571 0.796768 0.43299 0.795525 0.425626
1 0.796147 0.474227 0.78931 0.464654 0.809198 0.446244 0.815413 0.455817
1 0.805469 0.513255 0.799254 0.504418 0.819764 0.481591 0.825979 0.491163
1 0.806091 0.522091 0.804226 0.511782 0.829708 0.504418 0.832194 0.514728
1 0.834058 0.519882 0.835923 0.528719 0.813549 0.536082 0.812306 0.527982
1 0.836544 0.536082 0.838409 0.544183 0.819764 0.549337 0.817899 0.541973
1 0.83903 0.546392 0.840273 0.554492 0.823493 0.560383 0.821007 0.552283
1 0.844002 0.563328 0.845867 0.571429 0.825357 0.57732 0.822871 0.569219
1 0.845867 0.57511 0.847732 0.583211 0.8266 0.589838 0.824736 0.581738
1 0.84711 0.587629 0.848975 0.594993 0.83468 0.598675 0.832815 0.591311
1 0.855811 0.627393 0.857676 0.634021 0.844002 0.639175 0.842138 0.632548
1 0.858919 0.636966 0.860783 0.643594 0.845867 0.648748 0.844002 0.642121
1 0.860783 0.648012 0.862026 0.654639 0.846489 0.658321 0.845245 0.651694
1 0.863269 0.656848 0.864512 0.663476 0.850218 0.66863 0.848353 0.661267
1 0.865755 0.667894 0.86762 0.674521 0.851461 0.67894 0.850218 0.672312
1 0.800497 0.378498 0.80174 0.384389 0.793039 0.387334 0.791796 0.38218
1 0.773773 0.446244 0.77688 0.45729 0.73959 0.468336 0.737104 0.456554
1 0.725917 0.305596 0.724674 0.298233 0.744562 0.293078 0.745805 0.300442
1 0.748912 0.435935 0.751398 0.447717 0.724052 0.455081 0.721566 0.444035
1 0.721566 0.306333 0.723431 0.317378 0.699814 0.322533 0.697949 0.311487
1 0.725917 0.32106 0.727781 0.332106 0.700435 0.33947 0.698571 0.329161
1 0.730889 0.326951 0.729646 0.319588 0.748291 0.313697 0.750155 0.321797
1 0.735239 0.336524 0.733996 0.329897 0.746426 0.326951 0.748291 0.332842
1 0.727781 0.337261 0.729646 0.34757 0.703543 0.354197 0.701057 0.343152
1 0.730889 0.351988 0.733375 0.361561 0.704164 0.369661 0.702921 0.360088
1 0.737725 0.359352 0.736482 0.352725 0.75637 0.346834 0.757613 0.354197
1 0.73151 0.368189 0.733375 0.376289 0.712244 0.381443 0.711001 0.37408
1 0.75637 0.371134 0.758235 0.377761 0.744562 0.381443 0.743319 0.374816
1 0.736482 0.381443 0.738347 0.391016 0.712865 0.39838 0.710379 0.388071
1 0.748912 0.41458 0.747048 0.407216 0.765693 0.402062 0.767557 0.409426
1 0.743319 0.408689 0.745183 0.418999 0.720323 0.427099 0.717216 0.416789
1 0.745805 0.423417 0.747669 0.43299 0.721566 0.440353 0.719702 0.430044
1 0.754506 0.435935 0.752641 0.428571 0.768179 0.42489 0.769422 0.431517
1 0.758235 0.446244 0.75637 0.439617 0.770665 0.435199 0.77253 0.442563
1 0.868863 0.689249 0.870727 0.696613 0.85519 0.701031 0.853325 0.693667
1 0.873213 0.699558 0.875078 0.706922 0.858297 0.712077 0.856433 0.705449
1 0.965196 0.298969 0.968303 0.310015 0.934121 0.325479 0.930392 0.314433
1 0.931013 0.28866 0.929149 0.281296 0.945308 0.277614 0.947172 0.284978
7 0.771287 0.448454 0.727781 0.461708 0.674332 0.198085 0.720323 0.181149
7 0.691734 0.4838 0.641392 0.5 0.592915 0.243004 0.640149 0.229013
7 0.743319 0.55081 0.784338 0.537555 0.8266 0.730486 0.783717 0.741532
7 0.67371 0.582474 0.712865 0.570692 0.752641 0.754786 0.714108 0.765832
7 0.607209 0.615611 0.647607 0.602356 0.682411 0.770987 0.642014 0.785714
7 0.529521 0.642857 0.57427 0.631811 0.609074 0.798233 0.565569 0.810015
7 0.45059 0.681149 0.499689 0.667894 0.531386 0.817378 0.484152 0.834315
7 0.354257 0.720177 0.4133 0.699558 0.444375 0.857143 0.384711 0.876289
7 0.254195 0.765096 0.308888 0.748159 0.333126 0.882916 0.280298 0.899116
7 0.279055 0.564801 0.304537 0.648748 0.187073 0.703976 0.16097 0.625184
7 0.255438 0.449926 0.269111 0.507364 0.155376 0.55891 0.141081 0.506627
7 0.261653 0.388071 0.269733 0.413108 0.147296 0.467599 0.14046 0.441826
7 0.612181 0.523564 0.573027 0.537555 0.520199 0.270987 0.559975 0.256996
7 0.545059 0.548601 0.506526 0.560383 0.454941 0.304124 0.493474 0.290133
7 0.476072 0.578056 0.431324 0.592047 0.384711 0.335052 0.428838 0.321797
7 0.750777 0.190722 0.767557 0.185567 0.806091 0.391753 0.792418 0.397644
7 0.812306 0.520619 0.836544 0.513255 0.88005 0.715022 0.857054 0.721649
1 0.878807 0.369661 0.876321 0.359352 0.906153 0.346834 0.90926 0.357143
1 0.886265 0.212077 0.880671 0.214286 0.873835 0.192931 0.880671 0.189985
1 0.952144 0.259941 0.95463 0.269514 0.927906 0.279087 0.92542 0.27025
1 0.922933 0.248895 0.920447 0.240795 0.941579 0.228277 0.944065 0.236377
1 0.919204 0.241532 0.913611 0.236377 0.922933 0.216495 0.928527 0.220913
1 0.914854 0.225331 0.903667 0.221649 0.911125 0.181149 0.922312 0.184094
1 0.87197 0.225331 0.863891 0.227541 0.857676 0.20324 0.865755 0.199558
1 0.880671 0.224595 0.873835 0.226068 0.868863 0.20324 0.875699 0.201031
1 0.899938 0.246686 0.890615 0.250368 0.881293 0.216495 0.891237 0.213549
1 0.900559 0.329161 0.902424 0.337261 0.878807 0.345361 0.876942 0.336524
1 0.876321 0.251105 0.876321 0.259205 0.856433 0.260677 0.856433 0.251841
1 0.865134 0.284978 0.862648 0.274669 0.886886 0.268041 0.889372 0.279087
1 0.885022 0.282032 0.886886 0.289396 0.870727 0.293814 0.868863 0.287187
1 0.893101 0.293078 0.896209 0.304124 0.870106 0.312224 0.86762 0.301915
1 0.876321 0.329897 0.873213 0.318115 0.901181 0.309278 0.904288 0.321797
1 0.894966 0.338733 0.898073 0.345361 0.882536 0.353461 0.88005 0.346834
1 0.729024 0.316642 0.727781 0.309278 0.746426 0.30486 0.747669 0.311487
1 0.719702 0.290869 0.721566 0.302651 0.697328 0.309278 0.694842 0.297496
1 0.557489 0.335052 0.556246 0.327688 0.573027 0.322533 0.574891 0.329897
1 0.648229 0.412371 0.650715 0.421944 0.630205 0.427835 0.628341 0.418262
1 0.645121 0.385125 0.647607 0.396171 0.621504 0.403535 0.61964 0.392489
1 0.641392 0.372607 0.643878 0.38218 0.620883 0.388071 0.618397 0.378498
1 0.638906 0.360825 0.640149 0.369661 0.617775 0.375552 0.615911 0.367452
1 0.637663 0.346097 0.639528 0.354934 0.617775 0.361561 0.615289 0.351988
1 0.632691 0.334315 0.634556 0.343152 0.612803 0.349043 0.61156 0.33947
1 0.608452 0.336524 0.607209 0.327688 0.630205 0.32106 0.631448 0.329897
1 0.627719 0.307069 0.629584 0.315906 0.608452 0.321797 0.606588 0.31296
1 0.626476 0.293814 0.628962 0.303387 0.605966 0.309278 0.604723 0.299705
1 0.622747 0.281296 0.62399 0.290869 0.602859 0.296024 0.601616 0.287187
1 0.620883 0.267305 0.622747 0.276141 0.598508 0.284242 0.596644 0.273932
1 0.617775 0.25405 0.619018 0.262887 0.598508 0.269514 0.596022 0.260677
1 0.614046 0.240795 0.615911 0.251105 0.593536 0.257732 0.591672 0.247423
1 0.610317 0.231222 0.61156 0.238586 0.593536 0.243741 0.592293 0.235641
1 0.620261 0.234904 0.618397 0.225331 0.640771 0.221649 0.642014 0.230486
1 0.623369 0.247423 0.621504 0.238586 0.643257 0.232695 0.645121 0.241532
1 0.646986 0.399853 0.64885 0.407953 0.627098 0.415317 0.625233 0.40648
1 0.605966 0.521355 0.609074 0.533137 0.577377 0.540501 0.575513 0.527982
1 0.722188 0.283505 0.720945 0.276878 0.740833 0.270987 0.742697 0.277614
1 0.612803 0.5081 0.614046 0.5162 0.595401 0.521355 0.593536 0.512518
1 0.559354 0.346834 0.557489 0.338733 0.577999 0.332842 0.579863 0.340943
1 0.56184 0.356406 0.559975 0.348306 0.576756 0.343888 0.57862 0.351988
1 0.563704 0.368189 0.562461 0.360825 0.579863 0.35567 0.581106 0.363034
1 0.56619 0.379234 0.564326 0.371134 0.584214 0.365979 0.585457 0.37408
1 0.568055 0.39028 0.56619 0.38218 0.585457 0.376289 0.587321 0.385125
1 0.570541 0.400589 0.568676 0.393225 0.5867 0.388807 0.588564 0.395434
1 0.572405 0.411635 0.570541 0.403535 0.591672 0.397644 0.592915 0.40648
1 0.576756 0.433726 0.574891 0.426362 0.592915 0.421208 0.594158 0.428571
1 0.57862 0.444772 0.576756 0.435935 0.596644 0.430044 0.598508 0.439617
1 0.581106 0.455081 0.579863 0.447717 0.59913 0.441826 0.600373 0.449926
1 0.582971 0.466127 0.581106 0.45729 0.59913 0.453608 0.600373 0.461708
1 0.584214 0.477909 0.582349 0.469072 0.60348 0.463918 0.605345 0.472754
1 0.587943 0.488218 0.5867 0.480854 0.602859 0.476436 0.604723 0.4838
1 0.589807 0.499264 0.587943 0.490427 0.606588 0.486009 0.608452 0.494109
1 0.59105 0.509573 0.589186 0.502209 0.605345 0.498527 0.607209 0.505155
1 0.627098 0.261414 0.625233 0.252577 0.6445 0.247423 0.645743 0.256259
1 0.627098 0.275405 0.625233 0.267305 0.64885 0.260677 0.650715 0.268778
1 0.630205 0.289396 0.628341 0.279823 0.64885 0.273932 0.650715 0.282769
1 0.633313 0.301915 0.631448 0.292342 0.651958 0.287187 0.653822 0.296024
1 0.65693 0.505891 0.654444 0.494109 0.689869 0.484536 0.692356 0.496318
1 0.779366 0.270987 0.781231 0.278351 0.768179 0.282032 0.766314 0.274669
1 0.770665 0.22975 0.77253 0.23785 0.758856 0.240795 0.757613 0.232695
1 0.699814 0.201031 0.7023 0.212077 0.677439 0.218704 0.675575 0.208395
1 0.709758 0.206922 0.707893 0.200295 0.722809 0.194404 0.724674 0.201031
1 0.710379 0.217231 0.708515 0.209867 0.72716 0.204713 0.728403 0.212077
1 0.703543 0.214286 0.70665 0.226804 0.679304 0.234904 0.676818 0.222386
1 0.706029 0.231222 0.708515 0.242268 0.684276 0.249632 0.681168 0.23785
1 0.713487 0.228277 0.712244 0.220913 0.726538 0.217231 0.728403 0.223859
1 0.71473 0.239323 0.713487 0.231959 0.728403 0.228277 0.729646 0.235641
1 0.717216 0.26215 0.715973 0.254786 0.734618 0.248895 0.736482 0.256259
1 0.711001 0.24595 0.713487 0.256996 0.684897 0.265832 0.682411 0.254786
1 0.712865 0.263623 0.715351 0.273196 0.691112 0.279823 0.689248 0.27025
1 0.71908 0.273196 0.717837 0.265832 0.737725 0.259941 0.738968 0.267305
1 0.690491 0.294551 0.688005 0.283505 0.71473 0.276878 0.717216 0.287923
1 0.663145 0.478645 0.665009 0.488218 0.641392 0.494109 0.639528 0.484536
1 0.669981 0.487482 0.667495 0.477172 0.687383 0.471281 0.689869 0.481591
1 0.666252 0.474227 0.664388 0.463918 0.686762 0.458027 0.688626 0.467599
1 0.650093 0.393225 0.648229 0.385125 0.670603 0.378498 0.672467 0.387334
1 0.633934 0.315169 0.632691 0.305596 0.653822 0.300442 0.655065 0.309278
1 0.637663 0.328424 0.635799 0.318115 0.655687 0.312224 0.658173 0.322533
1 0.640771 0.341679 0.638906 0.332106 0.660037 0.326215 0.661902 0.335788
1 0.642635 0.354934 0.640149 0.345361 0.665009 0.338733 0.667495 0.349043
1 0.645121 0.367452 0.643257 0.359352 0.664388 0.353461 0.666252 0.362297
1 0.648229 0.380707 0.646364 0.37187 0.667495 0.365979 0.66936 0.374816
1 0.653822 0.407216 0.651958 0.39838 0.674332 0.391753 0.676196 0.400589
1 0.660659 0.46539 0.663145 0.474963 0.640149 0.481591 0.638285 0.471281
1 0.655065 0.420471 0.653201 0.411635 0.677439 0.405007 0.679925 0.413844
1 0.651958 0.42489 0.653822 0.434462 0.63207 0.44109 0.630827 0.431517
1 0.658173 0.433726 0.656308 0.425626 0.678061 0.418999 0.679925 0.427835
1 0.655687 0.440353 0.65693 0.447717 0.634556 0.454345 0.632691 0.446244
1 0.660659 0.446244 0.658794 0.437408 0.679925 0.431517 0.682411 0.440353
1 0.662523 0.459499 0.66128 0.450663 0.683033 0.444772 0.684897 0.454345
1 0.112492 0.611193 0.113735 0.619293 0.0950901 0.624448 0.0938471 0.617084
1 0.0795525 0.637703 0.077688 0.629602 0.0950901 0.625184 0.0969546 0.632548
1 0.0770665 0.698085 0.0845245 0.695876 0.0882536 0.722386 0.0820385 0.724595
1 0.791796 0.670103 0.789932 0.661267 0.812306 0.654639 0.81417 0.663476
1 0.79739 0.697349 0.795525 0.689249 0.818521 0.681885 0.819764 0.689249
1 0.799876 0.710604 0.79739 0.701767 0.821628 0.694404 0.823493 0.70324
1 0.803605 0.723859 0.801119 0.714286 0.824114 0.707658 0.825979 0.717968
1 0.808577 0.737113 0.806712 0.727541 0.827222 0.721649 0.829708 0.731222
1 0.761964 0.550074 0.763828 0.557437 0.745805 0.563328 0.744562 0.555228
1 0.781852 0.525773 0.784338 0.539028 0.741454 0.552283 0.738347 0.539028
1 0.691734 0.580265 0.693599 0.588365 0.674332 0.594993 0.672467 0.586892
1 0.694842 0.592047 0.696706 0.599411 0.678061 0.605302 0.676196 0.597938
1 0.696085 0.603093 0.698571 0.611193 0.678682 0.61782 0.676818 0.60972
1 0.7023 0.62592 0.703543 0.633284 0.686762 0.639175 0.684897 0.631811
1 0.704786 0.637703 0.707272 0.645803 0.688005 0.65243 0.68614 0.64433
1 0.707272 0.662739 0.708515 0.670103 0.695463 0.673785 0.693599 0.666421
1 0.711622 0.673049 0.712865 0.681149 0.694842 0.686303 0.692977 0.67894
1 0.715351 0.684094 0.717216 0.692194 0.696706 0.698085 0.695463 0.689985
1 0.717837 0.695876 0.719702 0.703976 0.699814 0.709867 0.697949 0.702504
1 0.796768 0.683358 0.794904 0.674521 0.814792 0.667158 0.817278 0.67673
1 0.789932 0.655376 0.787446 0.645066 0.806091 0.639175 0.808577 0.649485
1 0.796147 0.724595 0.79739 0.731959 0.783717 0.736377 0.781852 0.729013
1 0.786203 0.642857 0.783717 0.632548 0.806091 0.625184 0.807955 0.63623
1 0.790553 0.701031 0.792418 0.709131 0.778123 0.712813 0.77688 0.705449
1 0.773773 0.702504 0.771908 0.69514 0.78931 0.689249 0.790553 0.696613
1 0.771287 0.692194 0.770044 0.685567 0.787446 0.679676 0.78931 0.686303
1 0.786824 0.666421 0.788067 0.675258 0.768179 0.681885 0.766314 0.673049
1 0.784338 0.654639 0.785581 0.662739 0.767557 0.66863 0.765693 0.661267
1 0.781231 0.642857 0.783095 0.651694 0.761964 0.657585 0.760099 0.649485
1 0.773773 0.608247 0.775637 0.616348 0.756992 0.622975 0.755127 0.614875
1 0.766314 0.572901 0.768179 0.581001 0.748912 0.587629 0.747048 0.578792
1 0.763828 0.561856 0.765693 0.569956 0.747048 0.574374 0.745805 0.567747
1 0.768179 0.55891 0.766314 0.550074 0.787446 0.543446 0.789932 0.553019
1 0.771287 0.573638 0.769422 0.565538 0.78931 0.55891 0.791175 0.567747
1 0.774394 0.586892 0.77253 0.578056 0.791796 0.572165 0.793661 0.581001
1 0.778123 0.600884 0.776259 0.591311 0.794282 0.586156 0.796147 0.594993
1 0.781852 0.614138 0.779988 0.605302 0.798011 0.599411 0.799876 0.608247
1 0.782474 0.628866 0.780609 0.619293 0.800497 0.612666 0.802362 0.622975
1 0.71908 0.707658 0.720945 0.715022 0.7023 0.720913 0.700435 0.713549
1 0.725295 0.729013 0.72716 0.73785 0.707893 0.744477 0.705407 0.735641
1 0.72716 0.741532 0.729024 0.748159 0.712244 0.753314 0.710379 0.746686
1 0.72716 0.753314 0.728403 0.760677 0.715351 0.764359 0.714108 0.756996
1 0.63207 0.648012 0.633934 0.656112 0.615911 0.662003 0.614046 0.653903
1 0.634556 0.659057 0.63642 0.667894 0.619018 0.673049 0.617775 0.664212
1 0.637663 0.671576 0.639528 0.679676 0.61964 0.686303 0.617775 0.678203
1 0.640149 0.683358 0.642014 0.691458 0.622747 0.697349 0.620883 0.689249
1 0.645121 0.705449 0.646986 0.714286 0.627719 0.720177 0.625855 0.712077
1 0.648229 0.716495 0.650715 0.726068 0.630827 0.732695 0.628341 0.723122
1 0.650093 0.729013 0.651958 0.737113 0.633934 0.742268 0.63207 0.734168
1 0.652579 0.739323 0.654444 0.748159 0.633934 0.754786 0.63207 0.74595
1 0.658173 0.761414 0.660037 0.769514 0.640149 0.776141 0.638906 0.768041
1 0.633313 0.632548 0.631448 0.623711 0.650715 0.61782 0.652579 0.626657
1 0.63642 0.643594 0.634556 0.63623 0.653822 0.629602 0.655065 0.637703
1 0.639528 0.653903 0.637663 0.646539 0.655065 0.641384 0.656308 0.648748
1 0.641392 0.666421 0.639528 0.659057 0.658173 0.653166 0.659416 0.661267
1 0.663145 0.663476 0.664388 0.671576 0.6445 0.677467 0.642635 0.670103
1 0.646364 0.689249 0.6445 0.681885 0.662523 0.67673 0.663766 0.684094
1 0.630205 0.635493 0.63207 0.64433 0.612803 0.650221 0.610938 0.642121
1 0.624612 0.612666 0.627098 0.620766 0.607831 0.627393 0.605966 0.619293
1 0.676196 0.581738 0.67371 0.569219 0.707893 0.558174 0.710379 0.570692
1 0.723431 0.702504 0.721566 0.69514 0.740211 0.688513 0.742076 0.696613
1 0.741454 0.769514 0.740211 0.763623 0.753263 0.758468 0.755127 0.765096
1 0.737104 0.759941 0.735239 0.753314 0.752641 0.748159 0.754506 0.754786
1 0.733375 0.748895 0.73151 0.740795 0.751398 0.734904 0.753263 0.742268
1 0.732753 0.735641 0.730889 0.729013 0.74394 0.723859 0.745183 0.731222
1 0.729024 0.726068 0.72716 0.718704 0.745805 0.712077 0.747669 0.71944
1 0.727781 0.714286 0.726538 0.706922 0.741454 0.701767 0.742697 0.709131
1 0.720945 0.691458 0.71908 0.684831 0.736482 0.67894 0.737725 0.685567
1 0.700435 0.597938 0.699192 0.590574 0.718459 0.584683 0.719702 0.592047
1 0.715973 0.667158 0.714108 0.659794 0.732753 0.653903 0.734618 0.661267
1 0.713487 0.655376 0.711622 0.648748 0.730267 0.642121 0.73151 0.649485
1 0.713487 0.642857 0.711622 0.635493 0.726538 0.630339 0.727781 0.637703
1 0.708515 0.632548 0.70665 0.62592 0.725295 0.620029 0.726538 0.627393
1 0.707272 0.620766 0.705407 0.613402 0.721566 0.608984 0.722809 0.615611
1 0.703543 0.60972 0.701678 0.602356 0.720323 0.595729 0.722188 0.603093
1 0.796147 0.71134 0.79739 0.71944 0.780609 0.724595 0.778745 0.716495
1 0.799254 0.734168 0.800497 0.740795 0.782474 0.746686 0.781231 0.739323
1 0.651336 0.712813 0.650093 0.705449 0.666874 0.700295 0.668738 0.707658
1 0.726538 0.991163 0.724674 0.983063 0.743319 0.977172 0.745183 0.985272
1 0.722188 0.969072 0.720945 0.960972 0.737725 0.955081 0.73959 0.962445
1 0.719702 0.95729 0.717837 0.949926 0.737725 0.944035 0.73959 0.951399
1 0.785581 0.96539 0.787446 0.972754 0.771908 0.978645 0.770044 0.971281
1 0.78496 0.951399 0.787446 0.961708 0.7688 0.968336 0.766314 0.959499
1 0.781852 0.941826 0.783717 0.949926 0.76445 0.956554 0.763207 0.948454
1 0.778745 0.930781 0.780609 0.938881 0.761342 0.946244 0.759478 0.937408
1 0.776259 0.917526 0.778123 0.927099 0.761964 0.933726 0.760099 0.92489
1 0.773151 0.908689 0.775016 0.916053 0.758235 0.921208 0.756992 0.91458
1 0.770665 0.896907 0.773151 0.905007 0.753263 0.911635 0.751398 0.902798
1 0.781852 0.913844 0.781231 0.905744 0.79739 0.900589 0.798633 0.908689
1 0.78496 0.925626 0.782474 0.916789 0.800497 0.910898 0.802362 0.919735
1 0.789932 0.948454 0.788689 0.940353 0.807334 0.935199 0.808577 0.943299
1 0.794904 0.972018 0.793661 0.963918 0.80982 0.958763 0.811684 0.966127
1 0.798011 0.9838 0.796768 0.974963 0.81417 0.970545 0.816035 0.977909
1 0.799254 0.994109 0.79739 0.986009 0.816656 0.980118 0.818521 0.988218
1 0.725295 0.980118 0.723431 0.972018 0.740833 0.966863 0.742697 0.974963
1 0.718459 0.945508 0.715973 0.936672 0.735239 0.930781 0.736482 0.939617
1 0.226227 0.494845 0.234929 0.490427 0.24363 0.519146 0.234929 0.523564
1 0.715351 0.932253 0.713487 0.925626 0.730889 0.920471 0.732753 0.928571
1 0.07023 0.701767 0.0770665 0.698822 0.081417 0.725331 0.075202 0.727541
1 0.0633934 0.703976 0.0696085 0.700295 0.0770665 0.727541 0.07023 0.730486
1 0.637663 0.959499 0.635799 0.950663 0.655687 0.943299 0.657551 0.952135
1 0.63207 0.980118 0.634556 0.989691 0.612803 0.998527 0.610317 0.988218
1 0.631448 0.96539 0.633313 0.974963 0.612181 0.982327 0.609695 0.97349
1 0.624612 0.939617 0.626476 0.948454 0.604102 0.955081 0.602859 0.946981
1 0.625233 0.952872 0.627098 0.961708 0.608452 0.969809 0.606588 0.960236
1 0.639528 0.972754 0.638285 0.963181 0.658173 0.956554 0.660037 0.96539
1 0.642014 0.986745 0.640149 0.977172 0.660659 0.971281 0.662523 0.980854
1 0.717837 0.97349 0.719702 0.981591 0.701678 0.987482 0.699814 0.979381
1 0.715973 0.960972 0.717837 0.969072 0.697949 0.977172 0.696085 0.969072
1 0.711622 0.950663 0.714108 0.959499 0.695463 0.96539 0.693599 0.955817
1 0.708515 0.938144 0.710379 0.946981 0.694842 0.952135 0.692977 0.944035
1 0.706029 0.927835 0.707272 0.934462 0.692977 0.940353 0.691112 0.933726
1 0.701057 0.917526 0.702921 0.92489 0.688626 0.930044 0.687383 0.92268
1 0.842138 0.888071 0.844002 0.896171 0.828465 0.902062 0.8266 0.894698
1 0.850218 0.904271 0.848975 0.897644 0.863891 0.893225 0.865134 0.899853
1 0.852704 0.91458 0.851461 0.907953 0.866998 0.902798 0.868863 0.909426
1 0.84711 0.910898 0.848353 0.918262 0.830329 0.924153 0.829086 0.916789
1 0.0602859 0.824742 0.0621504 0.814433 0.0845245 0.82106 0.081417 0.83137
1 0.1734 0.511046 0.165942 0.514728 0.159105 0.492636 0.165942 0.488954
1 0.182101 0.506627 0.175886 0.509573 0.169671 0.490427 0.175886 0.487482
1 0.192045 0.504418 0.184587 0.5081 0.17775 0.484536 0.185208 0.480854
1 0.200746 0.499264 0.194531 0.502946 0.186451 0.480854 0.193288 0.477172
1 0.211311 0.494845 0.203853 0.499264 0.196395 0.476436 0.203232 0.47349
1 0.220012 0.489691 0.214419 0.493373 0.208825 0.477909 0.213797 0.474963
1 0.215662 0.466863 0.221877 0.463918 0.228092 0.485272 0.221877 0.488218
1 0.237415 0.4838 0.2312 0.486009 0.224363 0.46539 0.2312 0.462445
1 0.246737 0.479381 0.239901 0.482327 0.23555 0.46539 0.241144 0.462445
1 0.255438 0.474963 0.248602 0.478645 0.243008 0.458027 0.249845 0.455081
1 0.263518 0.471281 0.257303 0.47349 0.251709 0.455081 0.257924 0.452872
1 0.257924 0.469072 0.269111 0.464654 0.277812 0.499264 0.26849 0.503682
1 0.248602 0.4838 0.257303 0.480118 0.266004 0.508837 0.257303 0.512518
1 0.238658 0.490427 0.246116 0.486745 0.254817 0.513991 0.246737 0.516937
14 0.944065 0.578056 1 0.555965 0.999378 0.597938 0.955873 0.615611
1 0.910503 0.89028 0.912989 0.899116 0.894966 0.905007 0.893101 0.896171
1 0.904288 0.868925 0.905531 0.876289 0.894966 0.879234 0.893723 0.871134
1 0.872592 0.999264 0.871349 0.9919 0.886265 0.987482 0.888129 0.994109
1 0.847732 0.92268 0.849596 0.930781 0.834058 0.936672 0.832194 0.928571
1 0.857676 0.935935 0.856433 0.929308 0.872592 0.923417 0.873835 0.930781
1 0.852082 0.932253 0.853947 0.94109 0.835301 0.947717 0.832815 0.938881
1 0.856433 0.955081 0.858297 0.963918 0.840273 0.971281 0.838409 0.962445
1 0.85954 0.967599 0.861405 0.9757 0.843381 0.983063 0.841516 0.974227
1 0.861405 0.979381 0.863891 0.988218 0.845245 0.994109 0.843381 0.986009
1 0.870106 0.988218 0.868863 0.982327 0.885643 0.976436 0.886886 0.983063
1 0.912989 0.902798 0.914854 0.910898 0.897452 0.916053 0.894344 0.907953
1 0.863891 0.967599 0.862648 0.960972 0.881293 0.955081 0.882536 0.962445
1 0.862648 0.958027 0.860783 0.948454 0.878185 0.944035 0.88005 0.952135
1 0.928527 0.970545 0.930392 0.978645 0.912368 0.984536 0.910503 0.976436
1 0.926663 0.958763 0.928527 0.967599 0.911125 0.974227 0.908639 0.96539
1 0.922312 0.948454 0.924177 0.955817 0.908017 0.962445 0.906153 0.955081
1 0.919826 0.936672 0.92169 0.944772 0.90491 0.950663 0.903045 0.942563
1 0.64885 0.701031 0.646986 0.692194 0.665009 0.68704 0.666874 0.695876
1 0.653201 0.725331 0.651336 0.717231 0.671846 0.71134 0.67371 0.718704
1 0.114978 0.635493 0.116843 0.642857 0.101305 0.647275 0.100062 0.640648
1 0.287756 0.835788 0.289621 0.843152 0.272219 0.849043 0.270354 0.840943
1 0.282784 0.815169 0.284649 0.822533 0.269111 0.826951 0.267247 0.820324
1 0.281541 0.803387 0.283406 0.811487 0.264761 0.816642 0.262896 0.808542
1 0.286513 0.776141 0.283406 0.764359 0.312617 0.757732 0.314481 0.768778
1 0.280298 0.799705 0.269111 0.802651 0.259167 0.759205 0.271597 0.755523
1 0.262896 0.797496 0.254195 0.800442 0.246737 0.768778 0.254817 0.766568
1 0.29335 0.611929 0.302672 0.607511 0.314481 0.645066 0.304537 0.649485
1 0.275326 0.612666 0.286513 0.608247 0.300186 0.655376 0.288999 0.659794
1 0.261653 0.625184 0.272219 0.619293 0.284649 0.656848 0.274705 0.662003
1 0.302672 0.603829 0.292107 0.608984 0.277812 0.567747 0.288378 0.562592
1 0.284027 0.597938 0.275948 0.60162 0.266625 0.572165 0.274705 0.568483
1 0.27284 0.603829 0.264139 0.607511 0.254817 0.578056 0.263518 0.574374
1 0.26041 0.608984 0.251088 0.614875 0.239279 0.578792 0.248602 0.574374
1 0.228713 0.588365 0.236172 0.583947 0.246116 0.614138 0.238036 0.618557
1 0.234929 0.620766 0.224984 0.62592 0.215662 0.59352 0.224984 0.589102
1 0.183344 0.642121 0.1734 0.646539 0.163456 0.612666 0.1734 0.607511
1 0.265382 0.840206 0.263518 0.83137 0.284027 0.825479 0.285892 0.833579
1 0.289621 0.846097 0.290864 0.853461 0.273462 0.858616 0.272219 0.851988
1 0.391548 0.726804 0.389683 0.717968 0.413922 0.710604 0.415786 0.720177
1 0.292728 0.857143 0.294593 0.864507 0.275948 0.870398 0.274083 0.863034
1 0.318832 0.894698 0.316967 0.887334 0.331883 0.882916 0.333748 0.889543
1 0.304537 0.886598 0.301429 0.876289 0.329397 0.867452 0.331883 0.877761
1 0.300808 0.87187 0.298322 0.860825 0.328154 0.852725 0.330019 0.86377
1 0.297079 0.857143 0.294593 0.845361 0.322561 0.836524 0.325047 0.848306
1 0.295836 0.840943 0.293971 0.830633 0.324425 0.820324 0.32629 0.830633
1 0.290864 0.826215 0.288378 0.813697 0.320696 0.803387 0.323804 0.815906
1 0.321939 0.787187 0.324425 0.799705 0.288378 0.810751 0.286513 0.798233
1 0.31821 0.771723 0.320696 0.782769 0.28527 0.794551 0.282784 0.781296
1 0.278434 0.763623 0.275948 0.751105 0.308888 0.741532 0.311374 0.753314
1 0.196395 0.849779 0.200746 0.840943 0.221255 0.857143 0.217526 0.865979
1 0.226227 0.900589 0.221255 0.913108 0.186451 0.888807 0.192666 0.876289
1 0.230578 0.878498 0.225606 0.891753 0.188316 0.866716 0.194531 0.853461
1 0.252331 0.899116 0.241144 0.902062 0.2312 0.861561 0.242387 0.857879
1 0.276569 0.885862 0.278434 0.893225 0.257303 0.899116 0.25606 0.891753
1 0.295214 0.867452 0.297079 0.875552 0.277812 0.881443 0.275948 0.873343
1 0.195152 0.63623 0.187694 0.639912 0.177129 0.608247 0.184587 0.604566
1 0.208204 0.631811 0.200124 0.63623 0.189559 0.603829 0.197017 0.600147
1 0.221877 0.62813 0.211933 0.631811 0.201367 0.597202 0.211933 0.592784
1 0.242387 0.62813 0.254817 0.623711 0.263518 0.656848 0.252331 0.661267
1 0.0546924 0.580265 0.0546924 0.587629 0.0391548 0.586892 0.0397763 0.578792
1 0.0577999 0.590574 0.0590429 0.597938 0.0447483 0.602356 0.0435053 0.594993
1 0.0590429 0.597938 0.0602859 0.605302 0.0453698 0.60972 0.0447483 0.602356
1 0.0590429 0.606038 0.0596644 0.613402 0.0459913 0.61782 0.0447483 0.610457
1 0.0602859 0.613402 0.0615289 0.620029 0.0484773 0.624448 0.0472343 0.61782
1 0.0627719 0.621502 0.0640149 0.628866 0.0509633 0.631811 0.0497203 0.624448
1 0.0646364 0.635493 0.0665009 0.642121 0.0522063 0.645803 0.0509633 0.639912
1 0.0677439 0.642121 0.0683654 0.649485 0.0534493 0.653903 0.0522063 0.647275
1 0.0683654 0.649485 0.07023 0.656848 0.0553139 0.66053 0.0540709 0.654639
1 0.0720945 0.656848 0.0733375 0.664212 0.0577999 0.667894 0.0565569 0.661267
1 0.0720945 0.664948 0.0733375 0.671576 0.0571784 0.675994 0.0565569 0.66863
1 0.0758235 0.671576 0.0770665 0.679676 0.0590429 0.684831 0.0571784 0.67673
1 0.0994406 0.675994 0.0969546 0.667158 0.118086 0.66053 0.11995 0.669367
1 0.0882536 0.670839 0.0870106 0.662739 0.105034 0.656848 0.106899 0.664948
1 0.083903 0.662739 0.08266 0.655376 0.0988191 0.650221 0.100684 0.657585
1 0.122436 0.60972 0.121815 0.602356 0.137974 0.597938 0.139217 0.605302
1 0.124922 0.617084 0.124301 0.60972 0.139217 0.605302 0.14046 0.611929
1 0.126787 0.624448 0.125544 0.617084 0.143567 0.611193 0.14481 0.618557
1 0.19018 0.731959 0.182722 0.734168 0.17775 0.700295 0.18583 0.699558
1 0.22747 0.633284 0.238036 0.627393 0.251088 0.671576 0.240522 0.67673
1 0.214419 0.647275 0.224984 0.642857 0.236172 0.680412 0.226849 0.684831
1 0.197638 0.653166 0.208204 0.648748 0.219391 0.692194 0.208825 0.696613
1 0.178993 0.654639 0.189559 0.649485 0.201367 0.690722 0.192045 0.69514
1 0.130516 0.646539 0.129273 0.638439 0.146675 0.633284 0.148539 0.641384
1 0.135488 0.661267 0.133623 0.65243 0.15289 0.646539 0.154755 0.655376
1 0.16097 0.705449 0.171535 0.701031 0.182101 0.740059 0.171535 0.744477
1 0.129894 0.631075 0.128651 0.623711 0.144189 0.619293 0.145432 0.626657
1 0.172778 0.779823 0.160348 0.782032 0.149161 0.725331 0.162834 0.722386
1 0.125544 0.715758 0.139217 0.71134 0.155376 0.775405 0.141703 0.779823
1 0.125544 0.740795 0.118707 0.741532 0.116843 0.718704 0.123679 0.718704
1 0.106899 0.689985 0.113114 0.68704 0.118086 0.709867 0.111249 0.712077
1 0.113735 0.688513 0.11995 0.686303 0.124922 0.708395 0.118707 0.710604
1 0.119329 0.683358 0.126787 0.680412 0.131759 0.704713 0.124922 0.707658
1 0.387197 0.713549 0.384089 0.701031 0.412679 0.692931 0.416408 0.704713
1 0.395898 0.740795 0.393412 0.730486 0.417651 0.723122 0.420137 0.732695
1 0.657551 0.735641 0.655687 0.728277 0.672467 0.723122 0.67371 0.730486
1 0.576756 0.749632 0.574891 0.740795 0.596022 0.734904 0.597887 0.743741
1 0.582349 0.776141 0.580485 0.767305 0.604102 0.761414 0.605345 0.769514
1 0.5867 0.789396 0.584835 0.78056 0.604102 0.775405 0.605966 0.784242
1 0.590429 0.802651 0.588564 0.793814 0.608452 0.787923 0.610317 0.79676
1 0.591672 0.815169 0.589807 0.806333 0.609074 0.801178 0.610317 0.810015
1 0.568055 0.709131 0.56619 0.701031 0.586078 0.693667 0.587943 0.702504
1 0.564947 0.694404 0.563083 0.686303 0.585457 0.67894 0.587321 0.687776
1 0.56184 0.681885 0.559354 0.673785 0.581728 0.665685 0.582971 0.674521
1 0.559354 0.666421 0.556868 0.656848 0.580485 0.649485 0.582971 0.659057
1 0.551274 0.655376 0.553139 0.663476 0.534493 0.670103 0.532629 0.661267
1 0.548167 0.645066 0.550031 0.651694 0.532629 0.658321 0.530764 0.650221
1 0.557489 0.650221 0.555625 0.642857 0.573027 0.637703 0.574891 0.645066
1 0.568055 0.618557 0.571162 0.632548 0.5289 0.647275 0.525792 0.634021
1 0.50839 0.83137 0.510876 0.840206 0.487881 0.848306 0.486016 0.838733
1 0.504661 0.817378 0.506526 0.828424 0.481666 0.836524 0.47918 0.825479
1 0.501554 0.805596 0.50404 0.813697 0.486016 0.820324 0.48353 0.812224
1 0.580485 0.762887 0.577999 0.753314 0.602859 0.746686 0.604723 0.755523
1 0.57427 0.736377 0.572405 0.727541 0.592915 0.721649 0.594779 0.72975
1 0.384089 0.718704 0.387197 0.731222 0.353636 0.740059 0.351771 0.727541
1 0.571162 0.723122 0.569298 0.713549 0.589807 0.706922 0.591672 0.716495
1 0.66128 0.757732 0.659416 0.749632 0.677439 0.743741 0.678682 0.751841
1 0.668117 0.767305 0.666874 0.761414 0.677439 0.758468 0.678682 0.763623
1 0.671224 0.778351 0.669981 0.772459 0.679925 0.768778 0.681168 0.774669
1 0.631448 0.620029 0.629584 0.611929 0.647607 0.606038 0.649472 0.614875
1 0.605345 0.615611 0.602859 0.603829 0.640771 0.592047 0.643878 0.603829
1 0.575513 0.77025 0.577999 0.779087 0.558732 0.785714 0.556868 0.776878
1 0.573027 0.759941 0.574891 0.767305 0.555625 0.773932 0.55376 0.765832
1 0.571784 0.747423 0.573648 0.755523 0.554382 0.761414 0.552517 0.753314
1 0.569298 0.735641 0.571162 0.743741 0.551274 0.750368 0.54941 0.741532
1 0.56619 0.724595 0.567433 0.731959 0.54941 0.73785 0.547545 0.730486
1 0.564947 0.712077 0.566812 0.720177 0.547545 0.726068 0.545681 0.717968
1 0.561218 0.700295 0.562461 0.709131 0.541952 0.715758 0.540087 0.706922
1 0.559354 0.689249 0.560597 0.697349 0.542573 0.70324 0.540709 0.69514
1 0.555625 0.678203 0.557489 0.686303 0.539466 0.692194 0.537601 0.684094
1 0.554382 0.666421 0.556246 0.674521 0.536979 0.681149 0.535115 0.673049
1 0.510255 0.826215 0.50839 0.816642 0.530764 0.809278 0.532629 0.818851
1 0.509012 0.812224 0.506526 0.803387 0.528278 0.796024 0.530764 0.805596
1 0.50404 0.797496 0.502175 0.789396 0.527035 0.782032 0.5289 0.790133
1 0.497825 0.789396 0.499689 0.799705 0.477315 0.806333 0.475451 0.79676
1 0.377253 0.850515 0.374767 0.838733 0.407085 0.828424 0.410814 0.840943
1 0.409571 0.846097 0.411436 0.857879 0.385954 0.864507 0.382846 0.853461
1 0.42573 0.867452 0.423244 0.857879 0.444997 0.849779 0.447483 0.860088
1 0.420137 0.851988 0.418272 0.843152 0.443132 0.835788 0.444997 0.844624
1 0.417029 0.837997 0.414543 0.829161 0.440646 0.820324 0.443132 0.829161
1 0.415786 0.824006 0.4133 0.813697 0.43816 0.80486 0.440646 0.815906
1 0.410193 0.810015 0.408328 0.801915 0.434431 0.792342 0.436917 0.801178
1 0.40895 0.79676 0.406464 0.785714 0.431324 0.778351 0.434431 0.78866
1 0.397141 0.782769 0.399627 0.793814 0.371659 0.801915 0.369173 0.790869
1 0.394655 0.767305 0.397763 0.778351 0.36793 0.786451 0.365444 0.775405
1 0.404599 0.782769 0.402735 0.773196 0.428216 0.762887 0.430702 0.774669
1 0.402113 0.768778 0.399627 0.757732 0.422001 0.751105 0.423866 0.761414
1 0.398384 0.755523 0.395277 0.745214 0.420137 0.737113 0.422001 0.747423
1 0.391548 0.750368 0.394034 0.76215 0.364201 0.770987 0.362337 0.759941
1 0.386576 0.736377 0.389683 0.746686 0.362337 0.754786 0.360472 0.744477
1 0.403978 0.813697 0.406464 0.826215 0.376631 0.833579 0.374767 0.822533
1 0.486638 0.657585 0.489124 0.670839 0.453698 0.680412 0.451833 0.666421
1 0.474829 0.678203 0.477315 0.689249 0.452455 0.696613 0.45059 0.686303
1 0.492853 0.743004 0.490988 0.733432 0.513362 0.726804 0.515848 0.735641
1 0.49596 0.775405 0.498446 0.784978 0.476072 0.792342 0.473586 0.782769
1 0.503418 0.783505 0.501554 0.774669 0.52082 0.768041 0.523306 0.777614
1 0.498446 0.769514 0.496582 0.761414 0.517091 0.755523 0.519577 0.762887
1 0.492231 0.76215 0.494717 0.771723 0.473586 0.778351 0.471722 0.768778
1 0.490367 0.748159 0.492853 0.758468 0.466128 0.766568 0.464264 0.755523
1 0.495339 0.756259 0.492853 0.747423 0.515227 0.739323 0.517091 0.749632
1 0.486638 0.735641 0.488502 0.744477 0.467371 0.751841 0.465507 0.742268
1 0.481044 0.68704 0.47918 0.678203 0.500311 0.671576 0.502175 0.680412
1 0.484773 0.71944 0.487259 0.72975 0.463642 0.737113 0.461156 0.726804
1 0.490367 0.729013 0.487881 0.720177 0.512119 0.712077 0.513984 0.720913
1 0.486638 0.715758 0.484152 0.705449 0.505904 0.698085 0.50839 0.709131
1 0.481044 0.705449 0.48353 0.715758 0.45867 0.724595 0.456184 0.714286
1 0.477315 0.692194 0.480423 0.702504 0.455562 0.710604 0.453698 0.700295
1 0.48353 0.701767 0.481666 0.692194 0.502797 0.685567 0.505283 0.69514
7 0.39652 0.611929 0.341206 0.627393 0.295214 0.382916 0.349907 0.361561
