10 0.505695 0.952381 0.504556 0.935574 0.552392 0.934641 0.55467 0.950514
9 0.682232 0.852474 0.703872 0.851541 0.701595 0.89169 0.681093 0.89169
9 0.51139 0.930906 0.513667 0.911298 0.563781 0.912232 0.563781 0.931839
5 0.883827 0.512605 1 0.515406 1 0.697479 0.878132 0.696545
4 0.299544 0.548086 0.394077 0.551821 0.384966 0.712418 0.291572 0.710551
4 0.440774 0.552754 0.535308 0.556489 0.526196 0.717087 0.431663 0.714286
4 0.587699 0.535948 0.682232 0.538749 0.67426 0.701214 0.580866 0.699346
4 0.742597 0.540616 0.83713 0.543417 0.829157 0.705882 0.734624 0.703081
4 0.783599 0.261438 0.876993 0.264239 0.870159 0.426704 0.776765 0.423903
4 0.602506 0.254902 0.6959 0.257703 0.687927 0.420168 0.595672 0.416433
4 0.448747 0.2493 0.54328 0.253035 0.537585 0.4155 0.440774 0.412698
