10 0.930524 0.0784314 0.91344 0.0737628 0.921412 0.0401494 0.940774 0.0429505
10 0.917995 0.126984 0.897494 0.123249 0.911162 0.0849673 0.928246 0.0896359
4 0.328018 0.251167 0.415718 0.219421 0.490888 0.370682 0.405467 0.40056
4 0.492027 0.194211 0.578588 0.163399 0.654897 0.314659 0.568337 0.344538
4 0.633257 0.146592 0.719818 0.114846 0.796128 0.266106 0.711845 0.295985
4 0.446469 0.482726 0.530752 0.451914 0.6082 0.603175 0.522779 0.633053
4 0.305239 0.529412 0.3918 0.500467 0.46697 0.650794 0.38041 0.678805
5 0.136674 0.596639 0.256264 0.557423 0.342825 0.727358 0.223235 0.768441
5 0.214123 0.806723 0.313212 0.773109 0.379271 0.906629 0.280182 0.941176
10 0.879271 0.323996 0.862187 0.321195 0.866743 0.287582 0.883827 0.290383
10 0.873576 0.373483 0.856492 0.371615 0.859909 0.336134 0.876993 0.338002
10 0.870159 0.421102 0.854214 0.420168 0.855353 0.388422 0.872437 0.388422
10 0.892938 0.550887 0.873576 0.549953 0.874715 0.510738 0.892938 0.511671
10 0.912301 0.575163 0.930524 0.575163 0.931663 0.607843 0.91344 0.606909
10 0.892938 0.812325 0.876993 0.815126 0.870159 0.782446 0.886105 0.780579
10 0.88041 0.727358 0.862187 0.727358 0.85877 0.690009 0.875854 0.689076
10 0.928246 0.955182 0.911162 0.957983 0.900911 0.92437 0.917995 0.921569
9 0.103645 0.492997 0.112756 0.509804 0.0694761 0.522876 0.0615034 0.507937
10 0.384966 0.931839 0.3918 0.946779 0.348519 0.962652 0.340547 0.948646
10 0.892938 0.256769 0.873576 0.255836 0.876993 0.219421 0.895216 0.221289
10 0.897494 0.214753 0.88041 0.212885 0.886105 0.179272 0.904328 0.182073
4 0.189066 0.29972 0.273349 0.268908 0.349658 0.417367 0.265376 0.449113
