10 0.851585 0.42739 0.85879 0.417279 0.878242 0.443934 0.871037 0.454044
10 0.788905 0.340993 0.79683 0.329044 0.818444 0.356618 0.810519 0.366728
5 0.197406 0.405331 0.260807 0.332721 0.356628 0.469669 0.289625 0.540441
4 0.45389 0.868566 0.5 0.816176 0.587896 0.941176 0.541066 0.993566
4 0.544669 0.766544 0.589337 0.714154 0.677233 0.839154 0.633285 0.889706
4 0.615994 0.680147 0.662824 0.627757 0.752161 0.753676 0.707493 0.806066
4 0.693084 0.596507 0.739914 0.542279 0.827089 0.667279 0.7817 0.71875
4 0.763689 0.895221 0.862392 0.784926 0.902738 0.842831 0.806196 0.954044
10 0.0835735 0.0854779 0.0907781 0.0955882 0.074928 0.11489 0.0670029 0.10386
10 0.0295389 0.145221 0.0367435 0.158088 0.0180115 0.181066 0.0100865 0.168199
10 0.0525937 0.561581 0.0612392 0.55239 0.0770893 0.574449 0.0684438 0.58364
10 0.119597 0.740809 0.110951 0.751838 0.0951009 0.72886 0.103746 0.717831
10 0.774496 0.190257 0.7817 0.204963 0.762968 0.225184 0.754323 0.212316
10 0.677233 0.265625 0.667867 0.279412 0.652017 0.257353 0.662104 0.243566
10 0.654179 0.151654 0.662824 0.142463 0.680115 0.167279 0.672911 0.176471
10 0.753602 0.158088 0.762968 0.170956 0.742795 0.193934 0.733429 0.182904
10 0.881844 0.470588 0.888329 0.462316 0.909222 0.488971 0.902738 0.497243
10 0.159942 0.000919118 0.167147 0.0101103 0.148415 0.0330882 0.14049 0.0220588
10 0.0742075 0.598346 0.0842939 0.584559 0.102305 0.612132 0.0929395 0.625
10 0.0979827 0.630515 0.105908 0.618566 0.12536 0.644301 0.116715 0.654412
10 0.111671 0.686581 0.102305 0.69761 0.0835735 0.671875 0.0929395 0.660846
10 0.0821326 0.690257 0.0727666 0.700368 0.054755 0.676471 0.065562 0.665441
10 0.0994236 0.712316 0.0900576 0.724265 0.0713256 0.702206 0.0835735 0.688419
10 0.159942 0.800551 0.150576 0.811581 0.133285 0.788603 0.141931 0.777574
10 0.139049 0.770221 0.128242 0.780331 0.110951 0.754596 0.121758 0.743566
10 0.270173 0.873162 0.278818 0.862132 0.299712 0.889706 0.291066 0.899816
10 0.73415 0.267463 0.742075 0.255515 0.761527 0.28125 0.754323 0.292279
10 0.674352 0.180147 0.682997 0.170037 0.700288 0.195772 0.690922 0.205882
10 0.810519 0.368566 0.817723 0.360294 0.837176 0.386949 0.82853 0.397059
5 0.0951009 0.254596 0.15634 0.181985 0.25072 0.317096 0.186599 0.386949
