10 0.941606 0.173242 0.923879 0.15952 0.936392 0.0994854 0.955162 0.113208
10 0.84463 0.521441 0.861314 0.533448 0.848801 0.591767 0.834202 0.57976
10 0.0750782 0.560892 0.0677789 0.593482 0.0229406 0.562607 0.0302398 0.531732
10 0.111575 0.734134 0.104275 0.759863 0.0698644 0.735849 0.076121 0.711835
10 0.417101 0.915952 0.410845 0.951973 0.368092 0.924528 0.375391 0.893654
10 0.456726 0.941681 0.449426 0.974271 0.410845 0.948542 0.417101 0.917667
10 0.808133 0.684391 0.823775 0.696398 0.810219 0.761578 0.79562 0.753002
10 0.861314 0.456261 0.875912 0.464837 0.863399 0.523156 0.848801 0.51458
4 0.678832 0.346484 0.764338 0.401372 0.695516 0.70669 0.608968 0.650086
4 0.570386 0.283019 0.65902 0.337907 0.588113 0.641509 0.502607 0.588336
4 0.44317 0.202401 0.528676 0.25729 0.458811 0.560892 0.373306 0.507719
4 0.336809 0.135506 0.4244 0.193825 0.351408 0.500858 0.263816 0.444254
4 0.192909 0.077187 0.280501 0.133791 0.208551 0.435678 0.123045 0.379074
