10 0.480461 0.0338279 0.475977 0.0243323 0.501602 0.0154303 0.505445 0.0249258
10 0.0794363 0.191691 0.0903267 0.188724 0.0980141 0.208902 0.0877643 0.211869
10 0.439462 0.14184 0.449712 0.137685 0.459962 0.159644 0.450352 0.163205
10 0.566304 0.11632 0.570788 0.126409 0.547085 0.134718 0.542601 0.124629
10 0.142217 0.294362 0.133889 0.286647 0.151826 0.27003 0.159513 0.278932
10 0.0967329 0.28546 0.0884049 0.278338 0.105061 0.262315 0.114029 0.269436
10 0.0493274 0.275964 0.0429212 0.267062 0.0608584 0.252819 0.0679052 0.260534
10 0.00512492 0.182789 0.0153748 0.178635 0.024984 0.200593 0.0140935 0.204154
10 0.053171 0.183976 0.0621397 0.181602 0.0679052 0.202967 0.0589366 0.204748
10 0.0345932 0.181602 0.0454837 0.178635 0.053171 0.200593 0.0429212 0.204154
10 0.111467 0.2 0.122357 0.196439 0.128764 0.217804 0.118514 0.221365
10 0.25048 0.0320475 0.262012 0.0278932 0.27034 0.0468843 0.26009 0.051632
10 0.139013 0.203561 0.150545 0.200593 0.156951 0.222552 0.14606 0.225519
4 0.777066 0.537685 0.825753 0.518694 0.869955 0.618991 0.819347 0.636795
4 0.713645 0.560831 0.764254 0.541246 0.807816 0.64095 0.756566 0.659347
4 0.648302 0.406528 0.69827 0.388724 0.740551 0.489021 0.691224 0.506825
4 0.709801 0.38457 0.76041 0.366172 0.803972 0.465282 0.753363 0.48368
4 0.643818 0.232641 0.694427 0.21365 0.737348 0.31276 0.68802 0.331751
4 0.58296 0.255193 0.634209 0.235015 0.675849 0.335312 0.626521 0.353116
3 0.52082 0.337685 0.569507 0.450445 0.450993 0.490801 0.401666 0.378042
10 0.42729 0.145994 0.436899 0.14184 0.44779 0.164392 0.436899 0.167953
10 0.0313901 0.807122 0.0262652 0.817211 0.0044843 0.805935 0.0102498 0.795846
10 0.0352338 0.794659 0.0307495 0.803561 0.0121717 0.794065 0.016656 0.785757
10 0.0409994 0.783383 0.0358744 0.792878 0.0140935 0.783976 0.0192184 0.773887
10 0.467008 0.134718 0.477899 0.131157 0.486227 0.152522 0.475336 0.156677
10 0.538117 0.109199 0.534273 0.0991098 0.557976 0.0913947 0.561819 0.10089
10 0.560538 0.102671 0.566304 0.113353 0.545163 0.122849 0.539398 0.11276
10 0.0518898 0.683086 0.0550929 0.694955 0.0269058 0.702671 0.0230621 0.691395
10 0.0390775 0.65816 0.0422806 0.668249 0.0224215 0.676558 0.0192184 0.666469
10 0.0307495 0.646884 0.0339526 0.656973 0.0115311 0.665875 0.00832799 0.65638
10 0.255605 0.29911 0.265855 0.296142 0.272902 0.316914 0.263293 0.320475
10 0.0217809 0.271217 0.0134529 0.261721 0.0313901 0.243323 0.04164 0.251632
10 0.0691864 0.277745 0.0608584 0.269436 0.078155 0.254006 0.086483 0.262315
10 0.0384369 0.272997 0.0288277 0.265875 0.0461243 0.249852 0.0538117 0.256973
10 0.0192184 0.180415 0.0320307 0.177448 0.0397181 0.201187 0.0269058 0.204154
10 0.04164 0.671217 0.044843 0.681899 0.024984 0.689021 0.0211403 0.678932
10 0.049968 0.696736 0.0518898 0.708012 0.0326714 0.71276 0.0288277 0.702077
10 0.0557335 0.719881 0.0589366 0.72997 0.0365151 0.736499 0.033312 0.727003
10 0.0589366 0.751929 0.0538117 0.762018 0.0320307 0.751335 0.0377963 0.74184
10 0.0512492 0.760831 0.0454837 0.77092 0.0256246 0.760831 0.0313901 0.751335
10 0.0442024 0.7727 0.0377963 0.782789 0.0185778 0.7727 0.0243434 0.762018
3 0.284433 0.807715 0.241512 0.69911 0.369635 0.664095 0.405509 0.769139
