9 0.955479 0.378161 0.969178 0.389655 0.952911 0.429885 0.938356 0.41954
10 0.900685 0.603448 0.912671 0.612644 0.898973 0.644828 0.887842 0.635632
10 0.850171 0.668966 0.83476 0.658621 0.851884 0.618391 0.866438 0.629885
10 0.821062 0.854023 0.833904 0.863218 0.820205 0.898851 0.807363 0.889655
10 0.175514 0.722989 0.167808 0.744828 0.139555 0.722989 0.14726 0.704598
10 0.0890411 0.926437 0.077911 0.914943 0.0924658 0.881609 0.106164 0.891954
10 0.0719178 0.966667 0.0607877 0.956322 0.0753425 0.922989 0.0873288 0.932184
10 0.116438 0.874713 0.100171 0.863218 0.117295 0.826437 0.130137 0.837931
10 0.493151 0.973563 0.486301 0.990805 0.45976 0.970115 0.467466 0.951724
10 0.4375 0.929885 0.429795 0.948276 0.401541 0.929885 0.409247 0.910345
10 0.398973 0.890805 0.390411 0.911494 0.363014 0.887356 0.370719 0.868966
10 0.403253 0.767816 0.410959 0.751724 0.435788 0.771264 0.429795 0.787356
10 0.315925 0.834483 0.308219 0.854023 0.280822 0.833333 0.287671 0.816092
10 0.0787671 0.650575 0.0719178 0.668966 0.0419521 0.645977 0.0505137 0.628736
10 0.146404 0.704598 0.138699 0.722989 0.110445 0.7 0.119007 0.682759
10 0.265411 0.66092 0.273116 0.644828 0.303082 0.668966 0.296233 0.686207
10 0.175514 0.593103 0.182363 0.574713 0.212329 0.598851 0.204623 0.616092
4 0.702911 0.606897 0.768836 0.66092 0.688356 0.847126 0.621575 0.794253
4 0.618151 0.53908 0.684932 0.593103 0.60274 0.78046 0.537671 0.728736
4 0.53339 0.473563 0.600171 0.525287 0.518836 0.713793 0.452055 0.662069
4 0.447774 0.405747 0.514555 0.45977 0.431507 0.647126 0.366438 0.595402
4 0.362158 0.33908 0.427226 0.393103 0.34589 0.58046 0.279966 0.527586
4 0.844178 0.281609 0.909247 0.334483 0.828767 0.522989 0.762842 0.471264
14 0.664384 0.213793 0.733733 0.271264 0.673801 0.416092 0.600171 0.36092
14 0.565925 0.0977011 0.642123 0.15977 0.561644 0.335632 0.488014 0.277011
10 0.879281 0.713793 0.893836 0.722989 0.880137 0.763218 0.867295 0.756322
10 0.869007 0.618391 0.858733 0.606897 0.872432 0.57931 0.882705 0.588506
9 0.858733 0.764368 0.871575 0.774713 0.857021 0.812644 0.842466 0.802299
10 0.88613 0.57931 0.874144 0.568966 0.890411 0.527586 0.903253 0.53908
9 0.827055 0.670115 0.84161 0.678161 0.827911 0.717241 0.811644 0.706897
9 0.809075 0.72069 0.821062 0.727586 0.807363 0.767816 0.795377 0.757471
9 0.788527 0.767816 0.802226 0.777011 0.785959 0.81954 0.77226 0.809195
9 0.770548 0.812644 0.784247 0.822989 0.768836 0.862069 0.755993 0.852874
9 0.747432 0.870115 0.759418 0.88046 0.742295 0.91954 0.732877 0.910345
9 0.620719 0.914943 0.649829 0.93908 0.642123 0.955172 0.614726 0.929885
9 0.582192 0.883908 0.610445 0.906897 0.60274 0.922989 0.575342 0.901149
9 0.547945 0.857471 0.577055 0.87931 0.569349 0.897701 0.541096 0.874713
9 0.516267 0.833333 0.545377 0.857471 0.537671 0.874713 0.508562 0.850575
9 0.473459 0.798851 0.504281 0.824138 0.497432 0.84023 0.46661 0.814943
9 0.441781 0.772414 0.470034 0.794253 0.461473 0.811494 0.434075 0.789655
9 0.373288 0.718391 0.399829 0.741379 0.392123 0.757471 0.364726 0.734483
9 0.244007 0.775862 0.27226 0.798851 0.264555 0.818391 0.235445 0.795402
9 0.131849 0.78046 0.14726 0.793103 0.134418 0.833333 0.118151 0.81954
9 0.196918 0.742529 0.22774 0.768966 0.221747 0.786207 0.190068 0.76092
9 0.1875 0.677011 0.213185 0.696552 0.204623 0.714943 0.179795 0.693103
9 0.229452 0.610345 0.255137 0.627586 0.249144 0.644828 0.222603 0.628736
9 0.130137 0.529885 0.155822 0.552874 0.148973 0.567816 0.123288 0.547126
10 0.976027 0.0517241 0.962329 0.0413793 0.976884 0.0045977 0.991438 0.0137931
10 0.975171 0.385057 0.95976 0.372414 0.976027 0.332184 0.989726 0.344828
10 0.910103 0.526437 0.89726 0.514943 0.912671 0.477011 0.924658 0.487356
10 0.929795 0.481609 0.917808 0.472414 0.931507 0.436782 0.944349 0.445977
10 0.940925 0.58046 0.952055 0.588506 0.935788 0.626437 0.923801 0.617241
3 0.211473 0.467816 0.067637 0.365517 0.151541 0.173563 0.297089 0.283908
