7 0.150588 0.102544 0.163575 0.114109 0.152134 0.134927 0.140074 0.122976
7 0.679344 0.871627 0.665739 0.880493 0.658009 0.864688 0.671923 0.855436
7 0.0565863 0.824595 0.0568955 0.810332 0.0674088 0.810332 0.0670996 0.824595
7 0.0562771 0.844641 0.0556586 0.836546 0.0658627 0.835389 0.0667904 0.843485
7 0.063389 0.883963 0.05906 0.870856 0.0732839 0.864688 0.0773036 0.877795
7 0.131416 0.91596 0.120284 0.90825 0.125232 0.897456 0.136673 0.90478
7 0.657699 0.949884 0.655535 0.935621 0.680272 0.930995 0.682437 0.945644
7 0.616574 0.910563 0.608225 0.917116 0.599258 0.897456 0.607297 0.890902
7 0.640383 0.897841 0.626469 0.905551 0.619048 0.884734 0.633271 0.877409
7 0.662028 0.886276 0.646568 0.893601 0.640383 0.87394 0.656153 0.867001
14 0.136054 0.777564 0.143166 0.775636 0.145331 0.789129 0.138219 0.790671
7 0.702536 0.860062 0.692641 0.866615 0.683983 0.845798 0.694496 0.839244
7 0.725417 0.844641 0.715832 0.850039 0.707174 0.829221 0.716759 0.823824
7 0.768707 0.8165 0.758503 0.824595 0.749227 0.80532 0.75974 0.798381
7 0.788806 0.805705 0.776129 0.814187 0.767471 0.794526 0.781076 0.786045
7 0.812616 0.791056 0.802103 0.799152 0.793754 0.779877 0.804886 0.772938
7 0.834879 0.803392 0.85034 0.789514 0.858998 0.806091 0.845393 0.819969
7 0.835189 0.764456 0.827767 0.776407 0.816636 0.765613 0.823129 0.754048
7 0.0544218 0.776407 0.0544218 0.764842 0.0680272 0.764456 0.0680272 0.777178
7 0.0528757 0.743254 0.0538033 0.727833 0.0640074 0.727833 0.0636982 0.744025
7 0.883735 0.720123 0.891156 0.712028 0.904453 0.728219 0.897959 0.737857
7 0.0618429 0.419815 0.0621521 0.404395 0.0723562 0.404395 0.0723562 0.4202
7 0.0686456 0.145335 0.0711194 0.126446 0.0822511 0.128373 0.0800866 0.146877
7 0.067718 0.217425 0.0680272 0.201619 0.0797774 0.201619 0.0794682 0.217425
7 0.0664811 0.250964 0.0667904 0.237471 0.0785405 0.237471 0.0785405 0.251735
7 0.0646259 0.290285 0.0652443 0.271396 0.0769944 0.271396 0.076376 0.291442
7 0.0621521 0.32421 0.0624613 0.30532 0.0739023 0.304934 0.0742115 0.323439
7 0.0602968 0.357363 0.0602968 0.338859 0.072047 0.338473 0.0714286 0.357363
7 0.0599876 0.395914 0.05906 0.380879 0.0717378 0.380108 0.0729746 0.395528
7 0.0606061 0.446029 0.0615337 0.433308 0.0723562 0.434464 0.0714286 0.448342
7 0.0519481 0.710486 0.0525665 0.690054 0.0649351 0.69121 0.0646259 0.712028
7 0.05906 0.48458 0.0599876 0.473015 0.0726654 0.4734 0.0726654 0.485736
7 0.0562771 0.51542 0.0565863 0.508867 0.0705009 0.510023 0.0705009 0.516962
7 0.0578231 0.547417 0.0584416 0.537779 0.0695733 0.538165 0.0692641 0.548188
7 0.0572047 0.574017 0.0575139 0.564379 0.0683364 0.56515 0.0683364 0.575173
7 0.0559678 0.615266 0.0562771 0.59946 0.0670996 0.599846 0.0664811 0.615266
7 0.0544218 0.646106 0.0550402 0.629144 0.0652443 0.62953 0.0646259 0.647263
7 0.0541126 0.676947 0.0544218 0.659985 0.0652443 0.660756 0.0646259 0.678103
7 0.857452 0.722822 0.852195 0.732845 0.839518 0.723207 0.844156 0.71357
7 0.869511 0.698921 0.864564 0.7101 0.851577 0.701234 0.857143 0.690054
7 0.177798 0.125675 0.189239 0.136083 0.176562 0.156901 0.165739 0.148805
7 0.36611 0.276407 0.379716 0.284888 0.372294 0.304549 0.358998 0.296839
7 0.534632 0.371627 0.549165 0.380108 0.540198 0.401311 0.526592 0.393215
7 0.505566 0.361604 0.520408 0.368543 0.514842 0.388204 0.499691 0.380493
7 0.482684 0.346955 0.493816 0.354279 0.487013 0.373169 0.475572 0.36623
7 0.46444 0.33616 0.470006 0.340786 0.461967 0.360447 0.456092 0.356592
7 0.436611 0.320355 0.448361 0.327294 0.440322 0.347726 0.428571 0.340015
7 0.41342 0.308019 0.424552 0.314958 0.417749 0.333462 0.406308 0.327294
7 0.385281 0.289514 0.39765 0.297224 0.390538 0.316114 0.37786 0.308019
7 0.340445 0.257517 0.353741 0.266384 0.344465 0.290671 0.329932 0.280648
7 0.584106 0.398612 0.596784 0.404009 0.589981 0.42714 0.577613 0.421357
7 0.320656 0.242483 0.327149 0.24788 0.317873 0.267926 0.310451 0.262529
14 0.260977 0.234002 0.266852 0.238242 0.25974 0.253277 0.253865 0.249036
7 0.295609 0.223593 0.305813 0.231689 0.296846 0.250578 0.286333 0.243254
7 0.265615 0.202776 0.281076 0.214726 0.270872 0.234387 0.25603 0.223593
7 0.248918 0.186199 0.258813 0.195066 0.247372 0.215497 0.237786 0.207787
7 0.228819 0.170779 0.239332 0.178874 0.227891 0.201619 0.217687 0.192753
7 0.209029 0.152274 0.222325 0.164225 0.210575 0.186584 0.196351 0.174634
7 0.558442 0.385505 0.572047 0.392444 0.564935 0.413261 0.55133 0.406708
7 0.619666 0.415574 0.630179 0.422513 0.621831 0.441789 0.611317 0.433693
7 0.884354 0.677718 0.875077 0.687355 0.864564 0.672321 0.87384 0.661912
7 0.852814 0.484194 0.868275 0.487664 0.864564 0.510794 0.849412 0.508096
7 0.910019 0.658828 0.903216 0.664996 0.892393 0.645335 0.899196 0.639553
7 0.949907 0.66808 0.959493 0.66037 0.964131 0.672321 0.955473 0.67926
7 0.930736 0.630301 0.927335 0.639553 0.915894 0.63377 0.919604 0.624133
7 0.978664 0.648419 0.985158 0.643793 0.991342 0.656901 0.985776 0.662298
7 0.950835 0.597918 0.947124 0.617579 0.930736 0.611411 0.934137 0.593678
7 0.904453 0.494217 0.919913 0.502699 0.912492 0.523901 0.898578 0.517733
7 0.880025 0.48882 0.892393 0.493061 0.888374 0.513493 0.876314 0.510023
7 0.823438 0.487664 0.840136 0.487664 0.840445 0.508867 0.823129 0.508481
7 0.635127 0.421742 0.64966 0.427911 0.642857 0.451812 0.628633 0.445258
7 0.805813 0.483809 0.818491 0.486507 0.816636 0.508481 0.803649 0.506554
7 0.781694 0.482267 0.797464 0.485351 0.794991 0.507325 0.778912 0.505012
7 0.761905 0.476099 0.775819 0.479954 0.7718 0.50347 0.757576 0.5
7 0.730365 0.465305 0.742733 0.468774 0.739332 0.489206 0.726345 0.485736
7 0.710575 0.456438 0.722016 0.461449 0.717378 0.481496 0.705009 0.476484
7 0.682746 0.442174 0.694805 0.447957 0.688002 0.472629 0.675943 0.467618
7 0.660792 0.435235 0.672851 0.441789 0.665739 0.462992 0.654298 0.458365
7 0.0386518 0.0370085 0.0488559 0.0462606 0.038961 0.0643793 0.0293754 0.0562837
