10 0.345133 0.0550996 0.346239 0.0797186 0.301991 0.0785463 0.301991 0.0550996
10 0.756637 0.955451 0.756637 0.935522 0.803097 0.934349 0.803097 0.955451
10 0.625 0.892145 0.603982 0.890973 0.606195 0.851114 0.627212 0.852286
10 0.378319 0.924971 0.397124 0.923798 0.396018 0.962485 0.378319 0.962485
10 0.330752 0.920281 0.35177 0.920281 0.349558 0.963658 0.329646 0.963658
4 0.709071 0.390387 0.801991 0.393904 0.79646 0.609613 0.700221 0.607268
4 0.589602 0.385698 0.685841 0.390387 0.681416 0.603751 0.584071 0.601407
4 0.466814 0.383353 0.561947 0.385698 0.55531 0.601407 0.457965 0.599062
4 0.349558 0.377491 0.44469 0.382181 0.438053 0.59789 0.34292 0.595545
4 0.225664 0.375147 0.320796 0.378664 0.314159 0.594373 0.21792 0.589683
4 0.108407 0.369285 0.20354 0.37163 0.195796 0.589683 0.100664 0.584994
