7 0.759857 0.947414 0.780765 0.942555 0.810036 0.968277 0.790323 0.973135
1 0.0937873 0.0871678 0.0991637 0.086882 0.101553 0.0940269 0.0961768 0.0945985
1 0.0645161 0.0651615 0.0698925 0.0645899 0.0728793 0.0711632 0.0681004 0.071449
1 0.170848 0.0554444 0.164875 0.0557302 0.163082 0.0503001 0.168459 0.0497285
1 0.201314 0.0543012 0.195341 0.054587 0.193548 0.0482995 0.200119 0.0480137
1 0.195938 0.0565876 0.202509 0.0563018 0.204301 0.0640183 0.19773 0.0640183
1 0.155317 0.0568734 0.14994 0.0571592 0.147551 0.0503001 0.154122 0.0500143
1 0.177419 0.0803087 0.171446 0.0805945 0.169654 0.0740211 0.17503 0.0737354
1 0.218041 0.0800229 0.224014 0.0797371 0.225806 0.0874536 0.219833 0.0877394
1 0.145759 0.0820234 0.140382 0.0823092 0.13859 0.0757359 0.143967 0.0754501
1 0.146953 0.108317 0.14098 0.108602 0.13859 0.101458 0.143967 0.101172
1 0.158303 0.110031 0.164277 0.109746 0.166069 0.116605 0.160096 0.117176
1 0.19773 0.105459 0.191756 0.105744 0.189964 0.0988854 0.195938 0.0983138
1 0.205496 0.104887 0.199522 0.105459 0.197133 0.098028 0.203704 0.0977422
1 0.191756 0.108317 0.19773 0.107745 0.199522 0.114318 0.192951 0.11489
1 0.199522 0.107173 0.205496 0.106888 0.207885 0.114033 0.202509 0.114604
1 0.225209 0.107459 0.232378 0.107173 0.232975 0.115747 0.225806 0.116033
1 0.202509 0.134038 0.195341 0.13461 0.192951 0.126893 0.200119 0.126322
1 0.207288 0.138039 0.207288 0.134896 0.225806 0.134896 0.225209 0.138039
1 0.114695 0.084024 0.109319 0.0845956 0.106332 0.0777365 0.111708 0.0774507
1 0.0639188 0.0900257 0.0692951 0.0897399 0.0710872 0.09517 0.0651135 0.0954558
1 0.743728 0.975993 0.750896 0.974278 0.764038 0.987139 0.756272 0.988854
1 0.0902031 0.114033 0.0967742 0.113747 0.0985663 0.120892 0.0919952 0.121463
1 0.571685 0.876822 0.577061 0.875393 0.584827 0.882252 0.57945 0.883967
1 0.580645 0.87425 0.587216 0.872821 0.594982 0.880823 0.589606 0.882252
1 0.589008 0.873964 0.593787 0.872821 0.602151 0.878823 0.597372 0.880537
1 0.504182 0.761932 0.510155 0.760789 0.519713 0.768505 0.514337 0.77022
1 0.515532 0.757359 0.522103 0.755644 0.533453 0.765647 0.527479 0.767076
1 0.612903 0.773078 0.603943 0.775364 0.586619 0.76136 0.597372 0.758502
1 0.601553 0.758788 0.608124 0.757359 0.620669 0.767934 0.612903 0.769648
1 0.574671 0.841669 0.57945 0.840526 0.587814 0.847385 0.583035 0.848814
1 0.608124 0.865104 0.603345 0.866533 0.595579 0.860532 0.601553 0.858817
1 0.624851 0.861961 0.618877 0.86339 0.609916 0.855387 0.616487 0.853958
1 0.640382 0.857674 0.635006 0.859388 0.626045 0.851386 0.632616 0.849957
7 0.635603 0.849386 0.652927 0.866247 0.562724 0.889397 0.544803 0.872821
1 0.629032 0.862818 0.634409 0.861389 0.643369 0.869963 0.637993 0.871392
1 0.636798 0.861961 0.642174 0.860532 0.651135 0.868248 0.646356 0.869677
1 0.0800478 0.112032 0.0734767 0.112604 0.0710872 0.104887 0.0776583 0.104601
1 0.0573477 0.115462 0.0639188 0.115462 0.0639188 0.122892 0.057945 0.122892
1 0.0740741 0.11489 0.0800478 0.114604 0.0824373 0.121749 0.0752688 0.122321
1 0.15233 0.135181 0.145161 0.136039 0.142174 0.128608 0.148148 0.128037
1 0.100956 0.139183 0.0937873 0.139183 0.0925926 0.130895 0.0991637 0.130895
1 0.0842294 0.139183 0.0782557 0.139754 0.0752688 0.133181 0.0818399 0.132609
1 0.0746714 0.140612 0.0681004 0.140612 0.0681004 0.132895 0.0740741 0.132895
1 0.191756 0.198342 0.18638 0.198914 0.18399 0.192341 0.189964 0.192055
1 0.180406 0.200629 0.174432 0.200629 0.173835 0.192626 0.180406 0.192626
1 0.186977 0.202629 0.192951 0.202344 0.194743 0.210917 0.188769 0.211489
1 0.175627 0.202629 0.182198 0.202344 0.184588 0.212061 0.178017 0.212346
1 0.171446 0.200629 0.164277 0.200915 0.161888 0.191483 0.169654 0.191483
1 0.159498 0.200629 0.153524 0.2012 0.15233 0.192055 0.158901 0.191769
1 0.155317 0.204344 0.162485 0.204344 0.163082 0.212346 0.155914 0.212346
1 0.143967 0.204344 0.151135 0.203773 0.153524 0.21349 0.146953 0.214061
1 0.14994 0.200629 0.143967 0.200915 0.142772 0.192912 0.148746 0.192626
1 0.135006 0.206345 0.142174 0.206059 0.143369 0.215204 0.136201 0.215204
1 0.139785 0.201486 0.133214 0.201772 0.130824 0.193198 0.137395 0.192912
1 0.124253 0.206345 0.130824 0.205773 0.133811 0.214347 0.126643 0.214919
1 0.113501 0.20663 0.120072 0.206345 0.121864 0.214347 0.11589 0.214919
1 0.103345 0.20663 0.110514 0.206059 0.112903 0.215204 0.105137 0.21549
1 0.0937873 0.207488 0.100358 0.207202 0.102748 0.216062 0.0955795 0.216348
1 0.083632 0.208631 0.0896057 0.207774 0.09319 0.218348 0.0872162 0.21892
1 0.0985663 0.203773 0.0925926 0.203773 0.0913978 0.19577 0.0973716 0.19577
1 0.201314 0.198342 0.195341 0.198342 0.193548 0.190054 0.200119 0.189769
1 0.195938 0.202915 0.201912 0.202629 0.204301 0.210632 0.198327 0.210917
1 0.206691 0.200629 0.213262 0.200343 0.214456 0.208631 0.207885 0.209203
1 0.156511 0.167762 0.163082 0.167476 0.164875 0.175193 0.158901 0.175765
1 0.0669056 0.141183 0.0603345 0.141755 0.0573477 0.133467 0.0639188 0.132895
1 0.0394265 0.164904 0.0448029 0.164333 0.0489845 0.170049 0.0430108 0.171192
1 0.112306 0.16519 0.112903 0.168048 0.0973716 0.169191 0.0961768 0.166047
1 0.0322581 0.175479 0.0394265 0.174907 0.0406213 0.184053 0.0352449 0.184053
1 0.0549582 0.175193 0.0615293 0.174907 0.0633214 0.182909 0.0567503 0.183195
1 0.0728793 0.183481 0.0669056 0.183767 0.0645161 0.174336 0.0704898 0.174336
1 0.136798 0.169477 0.142772 0.169477 0.143369 0.177765 0.136798 0.177765
1 0.185185 0.166905 0.191756 0.166619 0.194743 0.174336 0.188172 0.174907
1 0.259857 0.216919 0.253883 0.217491 0.250299 0.209774 0.25687 0.208917
1 0.198327 0.166047 0.204898 0.165762 0.206691 0.174336 0.200119 0.174907
1 0.237157 0.162904 0.243728 0.162332 0.246714 0.17062 0.240741 0.171192
1 0.253883 0.195199 0.248507 0.195484 0.246117 0.188625 0.252091 0.188625
1 0.240741 0.19577 0.234767 0.19577 0.23417 0.188625 0.240143 0.188625
1 0.221625 0.196913 0.215054 0.197199 0.213262 0.189197 0.219833 0.188625
1 0.225209 0.199486 0.230585 0.198628 0.235364 0.20663 0.229391 0.207774
1 0.216846 0.2012 0.22282 0.200915 0.224014 0.208345 0.218041 0.208631
1 0.580048 0.885967 0.573477 0.887396 0.563919 0.879108 0.57049 0.877394
1 0.567503 0.887968 0.562724 0.889111 0.554958 0.882824 0.560932 0.881395
1 0.600358 0.868534 0.594385 0.869391 0.588411 0.861675 0.594982 0.860817
1 0.461768 0.71106 0.468339 0.70906 0.482079 0.720777 0.47491 0.722778
7 0.0860215 0.0262932 0.078853 0.026579 0.0734767 0.000571592 0.0800478 0.000571592
7 0.116487 0.0245785 0.109916 0.02515 0.103943 0 0.109916 0.000285796
7 0.147551 0.0237211 0.14098 0.0240069 0.135006 0 0.14098 0.000285796
7 0.00716846 0.0783081 0.00179211 0.0771649 0.0358423 0.00114318 0.0430108 0.00228637
5 0.185783 0.579308 0.240143 0.565304 0.256272 0.579308 0.203106 0.593598
1 0.335125 0.525007 0.349462 0.521292 0.377539 0.543298 0.36141 0.547871
1 0.399044 0.563304 0.390084 0.565304 0.371565 0.550729 0.381123 0.548157
1 0.396057 0.573021 0.40681 0.569877 0.427718 0.586739 0.415173 0.589597
1 0.413978 0.592169 0.426523 0.58874 0.458184 0.612175 0.445639 0.616176
1 0.498208 0.625893 0.492832 0.620749 0.525687 0.612175 0.531661 0.617891
1 0.415771 0.673049 0.42055 0.677622 0.39307 0.685339 0.388292 0.680766
1 0.387694 0.726207 0.379928 0.728494 0.365591 0.716205 0.373357 0.714204
1 0.399642 0.724207 0.393668 0.725922 0.38411 0.717919 0.390681 0.716205
1 0.39546 0.728208 0.402031 0.726493 0.412784 0.735353 0.406213 0.737068
1 0.405018 0.725064 0.410992 0.723635 0.419355 0.731066 0.413381 0.732495
1 0.428315 0.71992 0.434289 0.718777 0.443847 0.726493 0.438471 0.728208
1 0.441458 0.715919 0.446237 0.71449 0.455197 0.721921 0.449821 0.72335
7 0.423536 0.667619 0.428315 0.671335 0.342891 0.693055 0.338112 0.689626
7 0.459976 0.695342 0.483871 0.717348 0.394863 0.739926 0.370968 0.718491
7 0.548984 0.728208 0.513142 0.696771 0.653524 0.662761 0.688769 0.691626
7 0.714456 0.931123 0.724612 0.941412 0.644564 0.961989 0.633214 0.951129
7 0.0519713 0.0974564 0.0489845 0.0808803 0.22043 0.0694484 0.224612 0.0874536
7 0.0471924 0.12375 0.0412186 0.106888 0.227599 0.09517 0.231183 0.112604
7 0.0316607 0.146613 0.0280765 0.136039 0.232378 0.123178 0.237754 0.13461
7 0.0412186 0.184338 0.037037 0.164333 0.240143 0.151186 0.247909 0.172049
7 0.0501792 0.219777 0.0459976 0.197771 0.249701 0.185482 0.256272 0.206345
7 0.0615293 0.257788 0.0531661 0.232924 0.258065 0.220634 0.266428 0.245499
7 0.072282 0.304087 0.0663082 0.275793 0.270609 0.264075 0.278375 0.291798
7 0.893668 0.911689 0.899642 0.91569 0.792115 0.945127 0.786738 0.941412
7 0.513142 0.741926 0.537037 0.764218 0.446834 0.786796 0.423536 0.765076
7 0.762246 0.917691 0.732378 0.889111 0.875149 0.854244 0.905615 0.882538
7 0.695341 0.902544 0.705496 0.912546 0.617682 0.93541 0.605735 0.925693
7 0.664875 0.87625 0.681601 0.891398 0.59319 0.914833 0.577061 0.898828
7 0.687575 0.851386 0.657706 0.825379 0.803465 0.791083 0.830346 0.816519
7 0.605137 0.822235 0.620669 0.837668 0.532258 0.85996 0.515532 0.845956
7 0.614695 0.787654 0.587216 0.762218 0.728196 0.727922 0.758065 0.752215
7 0.566906 0.788797 0.580645 0.801658 0.493429 0.824235 0.477897 0.810803
1 0.466547 0.721921 0.461171 0.72335 0.450418 0.714204 0.455795 0.713061
1 0.488053 0.715347 0.482676 0.717062 0.473118 0.709346 0.478495 0.707917
1 0.569892 0.875107 0.563919 0.876822 0.554958 0.869677 0.560932 0.867676
1 0.473118 0.703058 0.468339 0.704487 0.459379 0.697342 0.464755 0.695913
1 0.549582 0.803658 0.544205 0.805373 0.53405 0.797942 0.540024 0.796513
1 0.55914 0.802229 0.553763 0.803944 0.543608 0.795942 0.548984 0.794513
1 0.546595 0.787082 0.555556 0.785081 0.572282 0.799085 0.564516 0.801086
1 0.580645 0.796513 0.574671 0.797942 0.565114 0.790226 0.57049 0.788511
1 0.527479 0.8511 0.522103 0.852529 0.51374 0.845384 0.519116 0.843955
1 0.539427 0.848528 0.53405 0.849957 0.524492 0.841955 0.529869 0.840526
1 0.5454 0.846813 0.540621 0.847957 0.532855 0.840812 0.538232 0.839383
1 0.554958 0.844241 0.550179 0.845956 0.540024 0.838525 0.545998 0.836811
1 0.561529 0.842812 0.556153 0.843955 0.547192 0.836525 0.552569 0.83481
1 0.57049 0.840526 0.565114 0.841955 0.555556 0.834524 0.560932 0.832809
1 0.561529 0.830523 0.567503 0.829094 0.576464 0.837668 0.571087 0.839097
1 0.586022 0.835953 0.581243 0.837668 0.571087 0.830237 0.577061 0.828522
1 0.602151 0.832238 0.597372 0.833667 0.587814 0.82595 0.59319 0.824521
1 0.60454 0.832809 0.609319 0.83138 0.61828 0.838811 0.612903 0.84024
1 0.582437 0.839383 0.587814 0.837954 0.594982 0.844241 0.590203 0.84567
1 0.550777 0.847099 0.556153 0.84567 0.563919 0.852243 0.557945 0.853672
1 0.557348 0.877679 0.551971 0.879108 0.543011 0.871963 0.548984 0.870534
1 0.520311 0.800514 0.528076 0.7988 0.537634 0.807374 0.530466 0.809374
1 0.528674 0.811089 0.521505 0.812804 0.507168 0.801086 0.514934 0.799371
1 0.514934 0.813089 0.507766 0.81509 0.498208 0.806516 0.505376 0.804516
1 0.507168 0.756216 0.501195 0.757931 0.487455 0.746785 0.494624 0.744784
1 0.46595 0.706773 0.459976 0.708488 0.448029 0.698485 0.455197 0.696771
1 0.452808 0.710489 0.447431 0.711632 0.437873 0.703915 0.44325 0.702486
1 0.440263 0.773364 0.434886 0.775079 0.423536 0.765076 0.42951 0.763647
1 0.453405 0.770506 0.446834 0.772221 0.434289 0.761932 0.441458 0.759931
1 0.462366 0.767076 0.456392 0.768791 0.44325 0.758502 0.449821 0.756788
1 0.484468 0.76136 0.478495 0.763361 0.467742 0.755073 0.474313 0.753358
1 0.496416 0.757073 0.491039 0.758788 0.480884 0.751358 0.486858 0.749643
1 0.518519 0.751929 0.51374 0.753358 0.504779 0.746213 0.509558 0.744784
1 0.507168 0.82395 0.502987 0.82052 0.526284 0.814518 0.529869 0.817376
1 0.528674 0.751072 0.523895 0.752787 0.514337 0.74507 0.519713 0.743641
1 0.436679 0.777937 0.445639 0.775936 0.462366 0.790226 0.452808 0.792798
1 0.471924 0.768505 0.478495 0.766791 0.48865 0.776222 0.482079 0.778222
1 0.479689 0.765933 0.485066 0.763933 0.497611 0.773364 0.491637 0.775079
1 0.494026 0.763075 0.500597 0.76136 0.510155 0.770506 0.503584 0.772221
1 0.506571 0.817091 0.500597 0.81852 0.493429 0.811946 0.498805 0.810517
1 0.492832 0.819377 0.487455 0.821378 0.47491 0.811089 0.482079 0.809088
1 0.0890084 0.20463 0.0818399 0.20463 0.0806452 0.196056 0.088411 0.196056
1 0.0782557 0.20463 0.072282 0.204916 0.0704898 0.197199 0.0764636 0.196913
1 0.0692951 0.20663 0.062724 0.206916 0.0615293 0.197771 0.0681004 0.197771
1 0.588411 0.904544 0.583632 0.906545 0.574074 0.899686 0.578853 0.897971
1 0.654719 0.923978 0.659498 0.928551 0.631422 0.935982 0.62724 0.931123
1 0.67264 0.924264 0.667861 0.920549 0.697133 0.913404 0.701314 0.917405
1 0.684588 0.915119 0.679211 0.916262 0.670251 0.908545 0.676225 0.906831
1 0.699522 0.910832 0.694146 0.912261 0.685185 0.905116 0.691159 0.903687
1 0.667264 0.918834 0.661888 0.920263 0.654122 0.91369 0.659498 0.912261
1 0.65233 0.922264 0.646356 0.923978 0.637993 0.916548 0.643967 0.915119
1 0.617085 0.931695 0.611708 0.932838 0.602748 0.925121 0.608722 0.923407
1 0.665472 0.887111 0.671446 0.885682 0.679211 0.892255 0.673238 0.893684
1 0.662485 0.885682 0.657109 0.887396 0.648148 0.87968 0.654122 0.878251
1 0.652927 0.887968 0.648148 0.889397 0.639785 0.881966 0.645759 0.880537
1 0.637993 0.891969 0.632616 0.893398 0.623656 0.886253 0.629032 0.884538
1 0.62724 0.896828 0.632019 0.895399 0.640382 0.902258 0.635006 0.903401
1 0.619474 0.899114 0.624851 0.897971 0.630824 0.903973 0.625448 0.905116
1 0.610514 0.900829 0.616487 0.8994 0.624253 0.906545 0.61828 0.90826
1 0.61589 0.897685 0.609916 0.899686 0.599164 0.891969 0.605137 0.889969
1 0.602151 0.902258 0.607527 0.900829 0.61589 0.90826 0.609916 0.909974
1 0.594982 0.90483 0.599164 0.903401 0.609319 0.910546 0.60454 0.911975
1 0.630824 0.949128 0.637395 0.947699 0.646953 0.955987 0.640382 0.958274
1 0.658901 0.955416 0.651732 0.957131 0.642772 0.948843 0.650538 0.946842
1 0.666069 0.953415 0.66129 0.954558 0.65233 0.947414 0.657109 0.945985
1 0.884707 0.863675 0.876344 0.865962 0.859618 0.853101 0.869176 0.850529
1 0.841697 0.872821 0.834528 0.875107 0.822581 0.864533 0.830346 0.862818
1 0.859618 0.87082 0.852449 0.872535 0.839307 0.861103 0.84767 0.859388
1 0.866786 0.866533 0.860215 0.868248 0.848268 0.858531 0.856033 0.856816
1 0.83871 0.878823 0.845281 0.877394 0.856631 0.887682 0.85006 0.889111
1 0.876941 0.88511 0.867384 0.887682 0.853644 0.875965 0.863202 0.873392
1 0.864994 0.872535 0.871565 0.87082 0.882915 0.880537 0.876344 0.882252
1 0.88172 0.869677 0.889486 0.867962 0.900836 0.878251 0.894863 0.880252
1 0.893668 0.910546 0.896057 0.913118 0.882915 0.916548 0.879331 0.91369
1 0.674432 0.951415 0.669056 0.952844 0.660693 0.945127 0.666069 0.943412
1 0.866786 0.913975 0.873357 0.91912 0.826165 0.931981 0.820191 0.926836
1 0.853644 0.914547 0.856631 0.917119 0.841099 0.92112 0.838112 0.918548
1 0.688769 0.954558 0.685185 0.951415 0.703704 0.94627 0.707288 0.9497
1 0.650538 0.96399 0.646953 0.960274 0.675627 0.953415 0.679211 0.957416
1 0.715651 0.94084 0.70908 0.942841 0.698327 0.934553 0.704898 0.932552
1 0.707288 0.942841 0.701912 0.94427 0.692951 0.937411 0.698327 0.935696
1 0.683393 0.949128 0.677419 0.950843 0.666069 0.941698 0.67264 0.939697
1 0.599761 0.91569 0.593787 0.917119 0.584827 0.909117 0.591398 0.907688
1 0.606332 0.900257 0.600358 0.901686 0.591995 0.894256 0.597969 0.892827
1 0.851852 0.894256 0.842294 0.896542 0.82736 0.881395 0.836918 0.87968
1 0.658303 0.665333 0.646356 0.669048 0.617682 0.648185 0.631422 0.643898
1 0.481481 0.258645 0.482079 0.262075 0.464158 0.263218 0.462963 0.259503
1 0.467742 0.265219 0.472521 0.264361 0.476703 0.270363 0.471326 0.27122
1 0.462963 0.266076 0.468339 0.266076 0.470131 0.274078 0.464158 0.273793
1 0.45221 0.266933 0.456989 0.267219 0.455795 0.274364 0.450418 0.273793
1 0.447431 0.265504 0.452808 0.266362 0.449223 0.273221 0.44325 0.272078
1 0.44325 0.264933 0.442055 0.262075 0.458781 0.260932 0.459379 0.264075
1 0.4319 0.26036 0.430705 0.257502 0.447431 0.255502 0.448029 0.25836
1 0.431302 0.257216 0.430108 0.254358 0.443847 0.252929 0.445042 0.255502
1 0.428315 0.254073 0.427718 0.251215 0.442055 0.250071 0.442055 0.253215
1 0.424134 0.251215 0.423536 0.248357 0.438471 0.247499 0.439068 0.250071
1 0.379928 0.248357 0.385902 0.247213 0.390084 0.253787 0.38411 0.25493
1 0.383513 0.259217 0.389486 0.258645 0.394265 0.266362 0.388292 0.267505
1 0.39307 0.258074 0.399044 0.257502 0.402628 0.266076 0.396655 0.266648
1 0.399642 0.256645 0.406213 0.256073 0.4092 0.264933 0.402628 0.265504
1 0.489247 0.275221 0.490442 0.277794 0.477897 0.279223 0.476105 0.27665
1 0.489845 0.278079 0.491039 0.280937 0.477897 0.282366 0.476105 0.279508
1 0.491039 0.280937 0.492234 0.283795 0.476105 0.28551 0.474313 0.282652
1 0.480884 0.255787 0.481481 0.25836 0.465352 0.259789 0.46356 0.257216
1 0.476703 0.252929 0.477897 0.255216 0.46356 0.256931 0.462366 0.254644
1 0.472521 0.250071 0.474313 0.252644 0.459976 0.25493 0.458184 0.252358
1 0.57945 0.699057 0.564516 0.703344 0.53644 0.681338 0.550777 0.677051
1 0.657109 0.679337 0.651732 0.680766 0.641577 0.671906 0.647551 0.670763
1 0.646356 0.681623 0.63859 0.683338 0.623656 0.67162 0.632616 0.669334
1 0.596774 0.665905 0.610514 0.663047 0.632616 0.683624 0.620669 0.686768
1 0.580048 0.671906 0.593787 0.668763 0.614695 0.687625 0.602748 0.690769
1 0.598566 0.692198 0.591398 0.694484 0.578256 0.683052 0.586619 0.680766
1 0.58184 0.701915 0.5908 0.699343 0.608722 0.715633 0.598566 0.718491
1 0.549582 0.708202 0.55914 0.705344 0.581243 0.723921 0.571087 0.726493
1 0.557945 0.705059 0.547192 0.707631 0.523297 0.687053 0.535245 0.683624
1 0.471924 0.247213 0.473118 0.249786 0.456989 0.252072 0.4546 0.2495
1 0.418757 0.238925 0.416368 0.235496 0.436081 0.233495 0.438471 0.236925
1 0.46595 0.234067 0.467742 0.237211 0.450418 0.238925 0.448029 0.235782
1 0.415771 0.232638 0.414576 0.229208 0.4319 0.228351 0.432497 0.231495
1 0.456392 0.223778 0.456989 0.226922 0.441458 0.228351 0.440263 0.225493
1 0.455795 0.226922 0.456392 0.22978 0.44325 0.231209 0.441458 0.228351
1 0.462963 0.231781 0.46356 0.234353 0.451016 0.235496 0.449821 0.232924
1 0.471326 0.243784 0.473118 0.246642 0.4546 0.2495 0.452808 0.246642
1 0.814217 0.867391 0.821983 0.86539 0.833931 0.877679 0.826165 0.879394
1 0.792115 0.887968 0.786141 0.889683 0.771804 0.878251 0.778375 0.876822
1 0.0651135 0.21006 0.0716846 0.209774 0.0728793 0.217777 0.0657109 0.218062
1 0.0943847 0.285796 0.0866189 0.286082 0.083632 0.276365 0.0913978 0.275793
1 0.260454 0.227494 0.261649 0.230637 0.248507 0.232066 0.246714 0.229208
1 0.226404 0.234924 0.23178 0.234353 0.235364 0.242069 0.229391 0.242641
1 0.23178 0.277794 0.224612 0.278079 0.22282 0.267791 0.229988 0.267505
1 0.221625 0.278079 0.215054 0.278651 0.212067 0.270935 0.218638 0.270363
1 0.207885 0.278937 0.200119 0.279223 0.19773 0.269791 0.204898 0.269506
1 0.197133 0.28008 0.190562 0.280652 0.188172 0.271506 0.194743 0.270935
1 0.183393 0.282366 0.173835 0.282652 0.171446 0.270649 0.179809 0.270077
1 0.17503 0.285224 0.183393 0.284939 0.185783 0.296085 0.177419 0.296656
1 0.16129 0.285796 0.170848 0.285224 0.175627 0.299228 0.165472 0.2998
1 0.171446 0.281509 0.164277 0.282081 0.160693 0.272649 0.168459 0.271792
1 0.157109 0.28351 0.149343 0.283795 0.146953 0.271792 0.155317 0.271792
1 0.146356 0.283795 0.137395 0.284367 0.135006 0.272935 0.143369 0.272649
1 0.126045 0.289225 0.133811 0.28894 0.136798 0.2998 0.128435 0.300086
1 0.14994 0.286939 0.158303 0.286368 0.16129 0.297799 0.152927 0.298085
1 0.0878136 0.307231 0.0782557 0.307802 0.0746714 0.291226 0.0842294 0.29094
1 0.0585424 0.289225 0.0681004 0.288654 0.0716846 0.304944 0.062724 0.305516
1 0.0681004 0.286082 0.0597372 0.286653 0.0573477 0.276365 0.0657109 0.276079
1 0.219235 0.232924 0.212067 0.233209 0.210872 0.224636 0.217443 0.22435
1 0.209677 0.233209 0.203106 0.233209 0.201912 0.225207 0.207885 0.224921
1 0.200717 0.250643 0.192354 0.251215 0.188172 0.238068 0.197133 0.237496
1 0.0985663 0.243498 0.10693 0.242641 0.112306 0.25493 0.103943 0.255502
1 0.0501792 0.219491 0.0436081 0.219777 0.041816 0.210346 0.0489845 0.210346
1 0.0477897 0.206916 0.041816 0.207774 0.0382318 0.1992 0.0442055 0.198342
1 0.0459976 0.244356 0.0561529 0.243498 0.0609319 0.25836 0.051374 0.258931
1 0.0746714 0.244641 0.0824373 0.243784 0.0866189 0.256073 0.078853 0.256931
1 0.0824373 0.240354 0.0758662 0.24064 0.0752688 0.232066 0.0812425 0.232066
1 0.09319 0.239783 0.0872162 0.24064 0.083632 0.233209 0.0890084 0.232638
1 0.107527 0.239783 0.100956 0.240069 0.0985663 0.230352 0.106332 0.230066
1 0.122461 0.254073 0.114098 0.254358 0.112306 0.243212 0.120669 0.242927
1 0.176822 0.237496 0.185783 0.237496 0.188769 0.250929 0.179211 0.2515
1 0.117682 0.23864 0.111708 0.238925 0.108722 0.228923 0.115293 0.228637
1 0.126045 0.242069 0.132616 0.241212 0.137993 0.252358 0.130824 0.253215
1 0.13859 0.24064 0.148148 0.240069 0.151135 0.252929 0.142174 0.253787
1 0.144564 0.236925 0.139188 0.237782 0.133811 0.229208 0.139188 0.228351
1 0.159498 0.236639 0.153524 0.236925 0.151135 0.230352 0.157706 0.22978
1 0.152927 0.240926 0.159498 0.24064 0.16129 0.250357 0.154719 0.250929
1 0.18399 0.234924 0.178017 0.23521 0.175627 0.226922 0.182198 0.226636
1 0.0704898 0.275793 0.0782557 0.275507 0.0806452 0.286368 0.0728793 0.286653
1 0.105735 0.285796 0.0979689 0.286082 0.0955795 0.274936 0.10454 0.27465
1 0.782557 0.890254 0.774791 0.892255 0.756272 0.878251 0.765233 0.875965
1 0.696535 0.700772 0.684588 0.703915 0.660096 0.682767 0.673238 0.679337
1 0.718638 0.830523 0.725209 0.829094 0.735364 0.84024 0.729988 0.841383
1 0.732378 0.826236 0.740143 0.824235 0.757467 0.838239 0.748507 0.840526
1 0.738351 0.821663 0.73178 0.823664 0.716249 0.811946 0.724014 0.809946
1 0.749701 0.819377 0.741935 0.821663 0.727599 0.809946 0.735364 0.807945
1 0.762843 0.815662 0.756272 0.817662 0.743728 0.805373 0.750299 0.803944
1 0.771804 0.811946 0.764636 0.813947 0.750896 0.802515 0.758065 0.800514
1 0.787933 0.80623 0.781959 0.808231 0.770609 0.7988 0.777778 0.797371
1 0.768817 0.816805 0.774791 0.81509 0.789725 0.827379 0.783751 0.829094
1 0.784946 0.812804 0.792115 0.810803 0.804659 0.822235 0.796894 0.82395
1 0.810633 0.807659 0.818399 0.805659 0.831541 0.816805 0.823775 0.819091
1 0.81362 0.8008 0.806452 0.802801 0.795102 0.79337 0.80227 0.791369
1 0.799881 0.80623 0.793309 0.807945 0.778973 0.796513 0.786141 0.794513
1 0.728196 0.881966 0.738949 0.879394 0.75687 0.897113 0.747909 0.899114
1 0.750299 0.901115 0.758662 0.898542 0.776583 0.913118 0.766428 0.915976
1 0.761649 0.898828 0.768817 0.897113 0.781362 0.907402 0.774791 0.909688
1 0.776583 0.89397 0.783751 0.891969 0.797491 0.903401 0.79092 0.905402
1 0.811828 0.903115 0.804062 0.905687 0.787933 0.892255 0.795699 0.890254
1 0.727001 0.842241 0.719833 0.843955 0.707288 0.833381 0.715651 0.83138
1 0.691756 0.836239 0.698327 0.834524 0.710872 0.84567 0.705496 0.847385
1 0.706691 0.850815 0.698327 0.853387 0.680406 0.839668 0.688769 0.837096
1 0.684588 0.755359 0.691756 0.753358 0.704301 0.763647 0.697133 0.765933
1 0.639188 0.687053 0.648746 0.684481 0.666667 0.700486 0.657706 0.703058
1 0.624851 0.690769 0.634409 0.688768 0.64994 0.701629 0.639785 0.704201
1 0.667861 0.741069 0.677419 0.739068 0.689964 0.751358 0.681004 0.753358
1 0.735364 0.760503 0.727001 0.763361 0.708483 0.749643 0.718041 0.746785
1 0.740143 0.738211 0.732975 0.740211 0.715651 0.726207 0.725209 0.723921
1 0.726404 0.742212 0.719235 0.743927 0.702509 0.730494 0.710275 0.728494
1 0.716249 0.744784 0.709677 0.746785 0.695341 0.735067 0.703106 0.733067
1 0.642174 0.766219 0.650538 0.763647 0.671446 0.777365 0.662485 0.780509
1 0.72043 0.826236 0.715651 0.827665 0.698925 0.814233 0.704301 0.812804
1 0.632019 0.767648 0.639785 0.765647 0.653524 0.777079 0.644564 0.779651
1 0.61828 0.773078 0.626045 0.771077 0.636798 0.782223 0.629032 0.784224
1 0.617085 0.75393 0.624851 0.752215 0.637395 0.764218 0.630227 0.766219
1 0.649343 0.762218 0.64098 0.764504 0.624253 0.749643 0.633811 0.747642
1 0.688172 0.835096 0.681601 0.837382 0.665472 0.825093 0.67264 0.822807
1 0.701912 0.831666 0.690562 0.83481 0.666667 0.816519 0.678614 0.813661
1 0.712664 0.828808 0.704898 0.830809 0.686977 0.817376 0.694743 0.81509
7 0.0633214 0.0717348 0.0591398 0.0557302 0.214456 0.0460131 0.219235 0.0614461
