1 0.471547 0.429148 0.468401 0.429652 0.467544 0.412506 0.470689 0.412002
1 0.349156 0.515381 0.342579 0.516894 0.340578 0.480081 0.346869 0.479576
1 0.424078 0.559758 0.419788 0.561271 0.416071 0.535048 0.421218 0.533535
1 0.427223 0.526979 0.42322 0.528492 0.420932 0.505799 0.425508 0.504286
1 0.421504 0.527484 0.416929 0.528996 0.414927 0.507816 0.419788 0.506304
1 0.415213 0.527988 0.411496 0.528996 0.40978 0.509834 0.414069 0.508321
1 0.410638 0.531014 0.40692 0.532526 0.404633 0.512355 0.408636 0.510842
1 0.396626 0.572869 0.391478 0.574382 0.388047 0.544125 0.39348 0.542108
1 0.380612 0.544629 0.384901 0.543116 0.387475 0.565305 0.3829 0.566818
1 0.381184 0.568835 0.376609 0.570852 0.374035 0.547655 0.378896 0.545638
1 0.400343 0.535048 0.396054 0.536561 0.393766 0.515885 0.398055 0.514372
1 0.389191 0.537569 0.384615 0.538578 0.382042 0.518406 0.386617 0.516894
1 0.390335 0.663641 0.396626 0.667675 0.390049 0.707514 0.383758 0.703984
1 0.374607 0.69995 0.368316 0.695411 0.375465 0.658094 0.382328 0.663137
1 0.366028 0.694907 0.360309 0.691377 0.367172 0.653555 0.374035 0.658094
1 0.358307 0.686838 0.352588 0.6823 0.358593 0.649521 0.364884 0.65406
1 0.350014 0.683308 0.345153 0.679274 0.351444 0.645487 0.357163 0.649017
1 0.650272 0.701462 0.654275 0.705497 0.648842 0.723651 0.645124 0.719617
1 0.666571 0.674231 0.669145 0.679274 0.661996 0.690872 0.659422 0.685325
1 0.658279 0.684821 0.656277 0.680282 0.663426 0.669188 0.665428 0.674735
1 0.652559 0.678265 0.650558 0.67171 0.659136 0.662128 0.661138 0.66818
1 0.665428 0.666667 0.662568 0.659102 0.673434 0.643469 0.676008 0.652547
1 0.647412 0.630862 0.649128 0.636914 0.641693 0.647504 0.639691 0.641452
1 0.430369 0.532022 0.435516 0.530005 0.437804 0.555219 0.433228 0.557237
1 0.430941 0.500252 0.434944 0.499244 0.437232 0.522945 0.433514 0.523954
1 0.446955 0.517902 0.443809 0.518911 0.442093 0.501261 0.445811 0.500252
1 0.513583 0.625315 0.50958 0.620777 0.518158 0.595058 0.522448 0.600101
1 0.36946 0.501261 0.364598 0.503278 0.362025 0.477559 0.366886 0.476046
1 0.346011 0.473021 0.340292 0.474029 0.33829 0.447302 0.343723 0.445789
1 0.345725 0.449823 0.350872 0.448815 0.352874 0.474534 0.348013 0.476046
1 0.360881 0.472012 0.355448 0.474029 0.352874 0.446293 0.357735 0.445285
1 0.367172 0.470499 0.362882 0.472516 0.359737 0.443772 0.364598 0.441755
1 0.374607 0.468482 0.370317 0.469995 0.367172 0.442259 0.371747 0.440746
1 0.379754 0.464952 0.376323 0.465961 0.373463 0.440746 0.377752 0.439233
1 0.52016 0.632879 0.516157 0.628845 0.524735 0.601109 0.529311 0.606152
1 0.540463 0.580938 0.544467 0.585981 0.536746 0.608674 0.532742 0.604135
1 0.518158 0.588502 0.514727 0.584468 0.521018 0.564801 0.524735 0.568835
1 0.452388 0.517902 0.448098 0.518911 0.445811 0.496722 0.450386 0.495714
1 0.512725 0.583964 0.50958 0.579929 0.515871 0.561271 0.519016 0.564801
1 0.508436 0.578921 0.505862 0.575391 0.510152 0.563288 0.513011 0.566818
1 0.506148 0.580938 0.511009 0.586485 0.502145 0.610187 0.497855 0.605144
1 0.499285 0.577912 0.503289 0.582451 0.496426 0.604135 0.492136 0.599597
1 0.486989 0.563288 0.490134 0.566818 0.484987 0.584468 0.481842 0.580938
1 0.480412 0.578417 0.477266 0.575391 0.481842 0.559254 0.485273 0.562784
1 0.460395 0.532022 0.459823 0.521432 0.478982 0.515381 0.47984 0.525971
1 0.45153 0.523954 0.456391 0.522945 0.459251 0.552698 0.454389 0.553707
1 0.444667 0.524458 0.449528 0.522945 0.452388 0.550681 0.44724 0.552698
1 0.645696 0.625315 0.647126 0.630358 0.639405 0.637922 0.637689 0.633384
1 0.607378 0.619768 0.610523 0.616238 0.616528 0.629349 0.613669 0.633384
1 0.616814 0.570348 0.61996 0.565809 0.627109 0.582451 0.623963 0.587998
1 0.774664 0.787695 0.770947 0.78114 0.779811 0.760968 0.783529 0.766515
1 0.747498 0.718608 0.750929 0.723147 0.742065 0.741805 0.738633 0.737267
1 0.769803 0.734241 0.767515 0.730207 0.774092 0.715582 0.776666 0.719617
1 0.756363 0.727685 0.759508 0.732728 0.750929 0.752395 0.747498 0.747352
1 0.759508 0.734745 0.76294 0.739284 0.756935 0.757438 0.753217 0.7529
1 0.761224 0.766011 0.758078 0.761473 0.765513 0.741805 0.768945 0.746344
1 0.766657 0.769541 0.763798 0.765003 0.769803 0.74937 0.772948 0.753908
1 0.77352 0.74231 0.770375 0.737267 0.778096 0.720625 0.781527 0.726172
1 0.775522 0.755421 0.778667 0.760464 0.771804 0.776601 0.768373 0.77055
1 0.77638 0.748865 0.772662 0.743318 0.784387 0.720121 0.787818 0.725668
1 0.78553 0.767524 0.78982 0.773071 0.782099 0.792738 0.777524 0.786687
1 0.738919 0.729198 0.734344 0.721634 0.750357 0.691377 0.754933 0.699445
1 0.796397 0.746848 0.799828 0.752395 0.792679 0.768533 0.788962 0.762985
1 0.796683 0.776097 0.793537 0.772567 0.800114 0.754917 0.803546 0.759455
1 0.801544 0.78114 0.798399 0.776601 0.805262 0.758951 0.808979 0.764498
1 0.805548 0.7882 0.801544 0.782653 0.812125 0.75643 0.816414 0.762481
1 0.791822 0.806354 0.78839 0.801815 0.794967 0.783661 0.798685 0.788704
1 0.796111 0.812405 0.792679 0.807867 0.799542 0.790721 0.80326 0.79526
1 0.801258 0.818961 0.798399 0.814927 0.80469 0.799294 0.807549 0.803328
1 0.817844 0.766011 0.821561 0.771054 0.811553 0.794755 0.807835 0.788704
1 0.809551 0.800807 0.81384 0.80585 0.806691 0.826021 0.802688 0.820978
1 0.763798 0.703984 0.766657 0.709531 0.759222 0.724155 0.756077 0.719112
1 0.544753 0.659607 0.540463 0.654564 0.548756 0.631367 0.55276 0.636409
1 0.622534 0.591024 0.619674 0.594049 0.613097 0.577408 0.615957 0.573374
1 0.63054 0.708018 0.626823 0.70348 0.633686 0.685325 0.636832 0.68936
1 0.617958 0.597075 0.614813 0.601614 0.60795 0.584972 0.611381 0.580434
1 0.613383 0.603127 0.610237 0.607665 0.601945 0.590015 0.605662 0.584468
1 0.603946 0.616238 0.600515 0.620777 0.59308 0.602622 0.596511 0.597579
1 0.593938 0.627837 0.59022 0.631871 0.582213 0.612204 0.586217 0.607665
1 0.593652 0.643974 0.59165 0.638427 0.599371 0.629349 0.601373 0.635401
1 0.589076 0.636914 0.585645 0.639939 0.579068 0.622289 0.581927 0.617751
1 0.584501 0.640948 0.581927 0.644982 0.574778 0.628341 0.577638 0.624307
1 0.555333 0.630862 0.550758 0.625315 0.559337 0.601614 0.563054 0.606152
1 0.63483 0.715078 0.631112 0.711548 0.637118 0.692385 0.640549 0.695915
1 0.623106 0.701462 0.61996 0.697428 0.625965 0.677761 0.629397 0.681291
1 0.554761 0.637922 0.559337 0.641957 0.551902 0.665658 0.547612 0.660615
1 0.619674 0.735754 0.615385 0.730711 0.622534 0.708018 0.626823 0.713061
1 0.611667 0.690368 0.607378 0.68583 0.615385 0.662632 0.619388 0.66818
1 0.608236 0.680282 0.60366 0.675744 0.610523 0.655572 0.614813 0.660111
1 0.594796 0.709531 0.590792 0.704488 0.597941 0.683308 0.60223 0.688351
1 0.601087 0.67524 0.597941 0.67171 0.603088 0.656077 0.60652 0.659607
1 0.595939 0.672718 0.59308 0.669692 0.597941 0.654564 0.600801 0.658094
1 0.584787 0.671205 0.589648 0.677257 0.582499 0.698941 0.577638 0.693394
1 0.569345 0.6823 0.565056 0.67524 0.574492 0.655068 0.578782 0.661624
1 0.566772 0.650025 0.571633 0.655068 0.563912 0.679274 0.559337 0.673727
1 0.363168 0.503278 0.359165 0.505295 0.355448 0.480081 0.359737 0.478568
1 0.243637 0.435199 0.249357 0.439233 0.243637 0.468482 0.237632 0.464448
1 0.822133 0.809884 0.81813 0.804337 0.827566 0.783157 0.831284 0.788704
1 0.255648 0.476551 0.250786 0.473525 0.255648 0.449319 0.260509 0.452849
1 0.0474693 0.489662 0.0437518 0.506304 0.00714898 0.482602 0.0108665 0.466465
1 0.0483271 0.362582 0.0426079 0.359052 0.049185 0.327282 0.0546182 0.330812
1 0.056048 0.332829 0.0606234 0.335855 0.05662 0.359052 0.0517587 0.356531
1 0.0820703 0.375693 0.077209 0.372668 0.0823563 0.34594 0.0866457 0.348966
1 0.0929368 0.347958 0.0889334 0.343923 0.0946526 0.323248 0.098942 0.326778
1 0.104947 0.356026 0.100086 0.353001 0.104089 0.331316 0.108951 0.333838
1 0.119245 0.364599 0.1161 0.362078 0.120389 0.342915 0.123534 0.345436
1 0.136117 0.376198 0.131827 0.374181 0.135259 0.354513 0.139548 0.357035
1 0.107521 0.389309 0.103517 0.386788 0.107235 0.364599 0.111238 0.366616
1 0.0569059 0.500756 0.0529025 0.498235 0.0569059 0.476551 0.0611953 0.479576
1 0.0657707 0.468986 0.0729196 0.472012 0.0663426 0.511346 0.0594796 0.507816
1 0.0729196 0.514372 0.0686303 0.511851 0.0723477 0.489662 0.0766371 0.491679
1 0.0812125 0.484115 0.0880755 0.487645 0.0812125 0.521432 0.0754933 0.517398
1 0.0889334 0.493192 0.0946526 0.496218 0.0892193 0.526979 0.0829282 0.523449
1 0.0975122 0.492688 0.104089 0.495714 0.0977981 0.530005 0.091507 0.525971
1 0.103803 0.538578 0.098656 0.535048 0.103803 0.506808 0.108951 0.509834
1 0.112382 0.543621 0.106663 0.540091 0.112382 0.509329 0.117815 0.512355
1 0.120389 0.510338 0.12668 0.513868 0.120675 0.546142 0.114956 0.543621
1 0.129826 0.513364 0.136117 0.516894 0.130112 0.548159 0.12382 0.544125
1 0.136689 0.558749 0.130683 0.555219 0.137261 0.517398 0.144124 0.520928
1 0.144695 0.528492 0.150415 0.532022 0.144695 0.561775 0.13869 0.558245
1 0.0314555 0.0958144 0.042322 0.0973273 0.0346011 0.214322 0.0240206 0.212305
7 0.95539 0.870903 0.963397 0.88704 0.901916 1 0.885902 1.0005
7 0.896197 0.856278 0.866743 0.817448 0.923935 0.685325 0.952245 0.726172
7 0.349728 0.509834 0.344009 0.444781 0.462396 0.409481 0.469545 0.469491
7 0.145267 0.276349 0.137261 0.319718 0.0569059 0.271306 0.0646268 0.227433
7 0.136689 0.350983 0.126966 0.402925 0.0383186 0.347958 0.049471 0.298033
7 0.173577 0.256682 0.18187 0.217347 0.271661 0.273323 0.263941 0.315683
7 0.154704 0.343419 0.166428 0.288452 0.258507 0.346445 0.246497 0.403933
7 0.155276 0.417045 0.161853 0.386788 0.23992 0.435703 0.234201 0.467474
7 0.358021 0.329803 0.349442 0.371155 0.267944 0.318709 0.277095 0.27534
7 0.329425 0.396369 0.319703 0.447302 0.251072 0.399899 0.261081 0.352496
7 0.323134 0.490166 0.316557 0.520928 0.239062 0.470499 0.244781 0.439233
7 0.372033 0.398891 0.368602 0.372163 0.444381 0.348462 0.446955 0.371659
7 0.381756 0.576904 0.376323 0.518911 0.472691 0.490671 0.477838 0.548159
7 0.832142 0.991931 0.812983 0.965204 0.87332 0.835098 0.889048 0.856783
1 0.220475 0.655068 0.339434 0.72819 0.330569 0.780131 0.209322 0.700454
7 0.0466114 0.506808 0.0534744 0.472012 0.214184 0.563792 0.207607 0.603631
7 0.401487 0.679778 0.394338 0.716087 0.21018 0.603631 0.218187 0.565809
1 0.47841 0.749874 0.600801 0.909228 0.586503 0.940494 0.462968 0.783157
7 0.664856 0.709531 0.64684 0.766011 0.474121 0.584972 0.492422 0.530509
7 0.581641 0.652042 0.571061 0.622289 0.618244 0.561775 0.630255 0.589007
7 0.494138 0.408976 0.521876 0.401412 0.530455 0.478568 0.501001 0.488149
7 0.736917 0.733232 0.758364 0.692385 0.869603 0.844175 0.851015 0.885527
7 0.67944 0.776097 0.701458 0.724155 0.838433 0.910237 0.814412 0.962683
1 0.160137 0.569844 0.154418 0.564801 0.161281 0.532022 0.167286 0.535552
1 0.167572 0.576399 0.161567 0.572365 0.168144 0.536561 0.173577 0.539082
1 0.177009 0.538578 0.184158 0.542612 0.177295 0.578921 0.170718 0.574382
1 0.107807 0.27534 0.103803 0.272819 0.107521 0.252143 0.11181 0.255169
1 0.142408 0.22239 0.145839 0.224407 0.142694 0.240545 0.138976 0.238527
1 0.146697 0.224407 0.150129 0.226425 0.147269 0.244579 0.143838 0.242562
1 0.152702 0.228442 0.156706 0.230459 0.15356 0.248109 0.149557 0.246092
1 0.139262 0.29299 0.135831 0.289965 0.13869 0.272819 0.142694 0.27534
1 0.129254 0.28946 0.125536 0.286939 0.129826 0.264246 0.134115 0.267272
1 0.140978 0.325265 0.136403 0.321735 0.141264 0.298033 0.145839 0.301059
1 0.134687 0.296016 0.139262 0.298033 0.135259 0.320222 0.131255 0.3177
1 0.124106 0.290973 0.128396 0.293495 0.124678 0.313666 0.120675 0.311145
1 0.112954 0.279879 0.109236 0.277862 0.112382 0.25769 0.1161 0.259708
1 0.0969402 0.267272 0.0932228 0.26475 0.0980841 0.245083 0.102088 0.248109
1 0.132113 0.23651 0.128968 0.234493 0.132113 0.215835 0.135545 0.218356
1 0.0869317 0.262229 0.0829282 0.259708 0.0869317 0.238527 0.091221 0.241553
1 0.0714898 0.257186 0.0749214 0.259708 0.0714898 0.279375 0.0677724 0.276349
1 0.0651987 0.279879 0.0611953 0.276349 0.0663426 0.255673 0.0700601 0.258195
1 0.0526165 0.264246 0.0471833 0.260716 0.0540463 0.230963 0.0591936 0.235502
1 0.287103 0.502269 0.285102 0.513868 0.267372 0.501765 0.26966 0.491175
1 0.288819 0.498235 0.285102 0.495209 0.289677 0.471004 0.29368 0.473525
1 0.281956 0.493696 0.277095 0.491175 0.281956 0.464448 0.286817 0.467978
1 0.26823 0.485124 0.263655 0.481594 0.268516 0.457388 0.273377 0.461422
1 0.245353 0.484619 0.247355 0.476551 0.262225 0.486132 0.260223 0.494705
1 0.136689 0.219869 0.139834 0.221886 0.136689 0.239032 0.133257 0.237015
1 0.126108 0.212809 0.129826 0.21533 0.127538 0.228442 0.123534 0.225416
1 0.193309 0.544629 0.199886 0.548159 0.193595 0.583964 0.186446 0.580434
1 0.341436 0.679778 0.336002 0.676248 0.342007 0.648008 0.346869 0.652042
1 0.230483 0.610691 0.225336 0.606657 0.231627 0.575391 0.23706 0.579425
1 0.239348 0.586989 0.245353 0.592032 0.23992 0.616742 0.233915 0.612708
1 0.247355 0.621281 0.241636 0.617247 0.247641 0.584468 0.253646 0.588502
1 0.256506 0.625819 0.2505 0.622794 0.255648 0.587494 0.262225 0.590519
1 0.264226 0.590519 0.269946 0.594049 0.263083 0.628341 0.257649 0.623802
1 0.279382 0.601614 0.284816 0.605144 0.279382 0.633888 0.274235 0.629854
1 0.304261 0.620777 0.309694 0.624811 0.302831 0.654564 0.297684 0.65053
1 0.313983 0.613212 0.320846 0.616742 0.31141 0.659607 0.304833 0.65406
1 0.325994 0.669188 0.320275 0.665154 0.325708 0.632879 0.331999 0.636914
1 0.098656 0.188603 0.0952245 0.186082 0.0995139 0.166415 0.102945 0.168936
1 0.142408 0.213313 0.138976 0.210792 0.142408 0.192637 0.145839 0.195159
1 0.104947 0.192637 0.100658 0.189107 0.104947 0.167927 0.108951 0.170449
1 0.077209 0.174483 0.0732056 0.171457 0.0769231 0.15179 0.0809265 0.154816
1 0.0672005 0.150782 0.0740635 0.154816 0.0677724 0.189612 0.0606234 0.184569
1 0.0937947 0.192133 0.0972262 0.194655 0.0946526 0.210792 0.0909351 0.20827
1 0.104661 0.198689 0.108093 0.20121 0.105233 0.21886 0.101802 0.215835
1 0.114956 0.205749 0.118673 0.20827 0.115814 0.224912 0.112096 0.22239
1 0.11038 0.171962 0.114956 0.174483 0.110952 0.19415 0.106663 0.191125
1 0.116385 0.194655 0.112954 0.192637 0.115528 0.178013 0.118673 0.18003
1 0.136403 0.212809 0.132399 0.209279 0.136403 0.188603 0.140692 0.191629
1 0.822705 0.773575 0.826995 0.779627 0.816986 0.801311 0.812697 0.794755
1 0.811839 0.831064 0.808979 0.826525 0.815556 0.811397 0.818416 0.815935
1 0.441521 0.414019 0.446669 0.411498 0.4501 0.440746 0.445239 0.442763
1 0.233915 0.269289 0.230769 0.266768 0.234201 0.248613 0.237918 0.251135
1 0.180726 0.329299 0.176151 0.326273 0.181298 0.299042 0.185588 0.301563
1 0.155276 0.316188 0.160423 0.319718 0.155276 0.344932 0.149843 0.340393
1 0.182156 0.431669 0.177581 0.428643 0.183014 0.403933 0.187017 0.407463
1 0.157278 0.429652 0.159279 0.420575 0.178439 0.433686 0.176437 0.443268
1 0.187589 0.449823 0.189877 0.440746 0.206463 0.451841 0.204461 0.460414
1 0.207321 0.460414 0.209036 0.451336 0.225908 0.462935 0.22362 0.472012
1 0.227624 0.458396 0.223334 0.455371 0.228482 0.431165 0.232199 0.434191
1 0.22219 0.454362 0.218187 0.452345 0.222476 0.428643 0.226766 0.431165
1 0.214756 0.450328 0.210752 0.447806 0.215899 0.422088 0.220189 0.424609
1 0.208464 0.445789 0.204175 0.443268 0.209036 0.420071 0.213612 0.423096
1 0.200743 0.441251 0.197026 0.438729 0.201601 0.414523 0.205033 0.417045
1 0.195596 0.438225 0.190449 0.435199 0.19531 0.411498 0.200172 0.414019
1 0.270232 0.385275 0.266514 0.382249 0.27109 0.361069 0.274807 0.363591
1 0.277095 0.361573 0.281384 0.364095 0.276809 0.386283 0.272805 0.383258
1 0.282528 0.367625 0.286245 0.370146 0.282528 0.391326 0.278524 0.388301
1 0.287961 0.396369 0.283672 0.393848 0.288247 0.369642 0.292251 0.372668
1 0.293394 0.375189 0.297684 0.377711 0.29368 0.399899 0.289391 0.397378
1 0.299685 0.402925 0.295396 0.399899 0.299114 0.379223 0.303689 0.381745
1 0.276523 0.393848 0.281098 0.397378 0.276523 0.420071 0.271661 0.417045
1 0.271661 0.414019 0.2668 0.410993 0.270232 0.391326 0.275093 0.393848
1 0.26537 0.387292 0.269374 0.389309 0.265656 0.412506 0.261081 0.409481
1 0.160709 0.34947 0.156706 0.346445 0.162139 0.321735 0.166142 0.32476
1 0.173863 0.358548 0.16986 0.356026 0.175293 0.328795 0.179297 0.331316
1 0.19388 0.33535 0.189019 0.332829 0.19388 0.309128 0.198742 0.312658
1 0.244209 0.277358 0.240778 0.27534 0.243923 0.260716 0.247355 0.263238
1 0.213612 0.263238 0.217901 0.265759 0.213898 0.284922 0.209608 0.281896
1 0.208464 0.259203 0.212468 0.261725 0.20875 0.279375 0.205319 0.276853
1 0.204461 0.257186 0.207607 0.259203 0.204175 0.276853 0.201029 0.274836
1 0.198742 0.25416 0.201887 0.256178 0.199028 0.272819 0.195596 0.271306
1 0.184158 0.245587 0.187303 0.247605 0.183872 0.265255 0.18044 0.262733
1 0.172719 0.23651 0.177295 0.239536 0.172434 0.260716 0.167858 0.256178
1 0.224478 0.268785 0.228482 0.271306 0.224192 0.28946 0.219903 0.28593
1 0.228768 0.273828 0.232199 0.27534 0.229339 0.29299 0.225908 0.290973
1 0.239634 0.27887 0.243351 0.281392 0.240492 0.298538 0.236202 0.295512
1 0.249643 0.280383 0.245639 0.277862 0.249071 0.259708 0.25336 0.262229
1 0.194738 0.369642 0.189877 0.366112 0.194738 0.343419 0.1996 0.34594
1 0.254504 0.262733 0.257649 0.26475 0.253932 0.2824 0.250786 0.280383
1 0.259079 0.287443 0.255362 0.285426 0.259079 0.265759 0.262797 0.26828
1 0.263369 0.28946 0.260223 0.286435 0.264798 0.269793 0.267944 0.272315
1 0.226766 0.357539 0.221904 0.354009 0.227624 0.32829 0.232485 0.33182
1 0.233915 0.366112 0.23849 0.369642 0.233915 0.395361 0.228768 0.391326
1 0.219903 0.390318 0.21447 0.386788 0.220761 0.358043 0.225908 0.361069
1 0.214184 0.355522 0.218187 0.358548 0.21447 0.380232 0.209894 0.377711
1 0.219903 0.353001 0.215899 0.350479 0.220475 0.325265 0.224764 0.32829
1 0.206463 0.344932 0.202173 0.341906 0.207607 0.316692 0.21161 0.319718
1 0.293394 0.432678 0.289105 0.429652 0.293394 0.406959 0.29797 0.409481
1 0.310266 0.411498 0.305977 0.408472 0.310266 0.385779 0.315127 0.388301
1 0.322276 0.393343 0.326852 0.396369 0.322562 0.418053 0.317701 0.415028
1 0.399199 0.462935 0.404061 0.461422 0.406062 0.483106 0.402059 0.484619
1 0.290535 0.312658 0.294824 0.315179 0.290535 0.337368 0.285959 0.334342
1 0.285673 0.309128 0.289677 0.311649 0.285673 0.330308 0.281956 0.327282
1 0.280812 0.304589 0.284244 0.30711 0.279954 0.32829 0.276237 0.325769
1 0.271947 0.301059 0.276237 0.304085 0.271947 0.32476 0.267658 0.32123
1 0.389191 0.463439 0.383758 0.465456 0.380898 0.436208 0.386617 0.434695
1 0.396912 0.460918 0.391192 0.462935 0.387761 0.434191 0.393766 0.432173
1 0.404919 0.456884 0.399771 0.458396 0.396912 0.429148 0.401773 0.427131
1 0.411782 0.454866 0.40692 0.455875 0.404061 0.427635 0.408922 0.426626
1 0.410924 0.460414 0.414641 0.458901 0.417215 0.479072 0.413497 0.480585
1 0.394338 0.466969 0.398341 0.464952 0.400629 0.485124 0.396626 0.486132
1 0.305691 0.345436 0.301115 0.341906 0.305119 0.321735 0.309694 0.324256
1 0.388047 0.466969 0.39205 0.465456 0.394338 0.487645 0.390335 0.489158
1 0.382614 0.470499 0.386903 0.467978 0.389191 0.489158 0.384615 0.490671
1 0.370031 0.473021 0.374607 0.471508 0.37718 0.497731 0.372605 0.498739
1 0.422362 0.457388 0.426651 0.455371 0.428653 0.475038 0.42465 0.476551
1 0.428081 0.454362 0.432371 0.452849 0.434658 0.472516 0.430369 0.474534
1 0.4338 0.453354 0.437518 0.452345 0.43952 0.471508 0.435802 0.472012
1 0.439806 0.451336 0.444095 0.449823 0.446383 0.471004 0.441807 0.472012
1 0.450672 0.447806 0.454961 0.445789 0.457535 0.467978 0.453246 0.469491
1 0.43523 0.444781 0.430655 0.445789 0.427509 0.420575 0.432943 0.419062
1 0.295396 0.313666 0.299685 0.316188 0.295968 0.336863 0.291393 0.333838
1 0.290821 0.306606 0.286817 0.304589 0.290535 0.284922 0.294538 0.287948
1 0.328281 0.396873 0.332285 0.398891 0.328853 0.421079 0.324278 0.418053
1 0.366028 0.381745 0.36946 0.380232 0.371747 0.397378 0.36803 0.398891
1 0.323134 0.447302 0.319131 0.444781 0.322848 0.423601 0.327138 0.426626
1 0.316843 0.419566 0.321418 0.422592 0.317415 0.443268 0.313126 0.440746
1 0.310552 0.416541 0.315127 0.420071 0.310838 0.441251 0.306548 0.437721
1 0.305405 0.413515 0.309408 0.415532 0.304833 0.437216 0.300829 0.434191
1 0.299114 0.409985 0.303117 0.412506 0.299114 0.433182 0.295396 0.430156
1 0.414355 0.379223 0.410352 0.380736 0.407778 0.361069 0.411782 0.359556
1 0.392336 0.386788 0.387761 0.388301 0.385473 0.368129 0.390049 0.365608
1 0.387475 0.388301 0.3829 0.389813 0.380898 0.368633 0.385759 0.367121
1 0.381756 0.389309 0.376894 0.390822 0.374607 0.369138 0.379468 0.367121
1 0.437518 0.379223 0.436946 0.374181 0.444095 0.371155 0.444953 0.376702
1 0.305405 0.316188 0.301401 0.31417 0.305977 0.29299 0.309694 0.295512
1 0.352588 0.347958 0.356877 0.350479 0.352588 0.373676 0.348013 0.371155
1 0.34115 0.346445 0.344581 0.348462 0.341436 0.366112 0.337718 0.363591
1 0.33686 0.341402 0.340864 0.343923 0.33686 0.363086 0.332857 0.360061
1 0.332285 0.336359 0.336288 0.339385 0.331713 0.360061 0.327424 0.356531
1 0.336288 0.336863 0.332285 0.334342 0.33686 0.313162 0.341436 0.316692
1 0.327424 0.302572 0.331999 0.305093 0.327138 0.326273 0.323134 0.322743
1 0.321418 0.33182 0.325422 0.334846 0.321132 0.354513 0.317129 0.351992
1 0.315985 0.323752 0.311982 0.32123 0.315985 0.299546 0.32056 0.302572
1 0.310266 0.32123 0.306548 0.318205 0.310552 0.298033 0.314841 0.301059
1 0.239348 0.274332 0.235631 0.271306 0.239348 0.251639 0.243065 0.254665
1 0.229339 0.266263 0.225622 0.263742 0.229053 0.244579 0.233057 0.2471
1 0.820703 0.814927 0.823849 0.820978 0.815556 0.839637 0.812125 0.835098
1 0.224192 0.242057 0.227624 0.244579 0.223906 0.263238 0.220475 0.260716
1 0.818416 0.918306 0.822991 0.924861 0.810981 0.954614 0.80612 0.946041
1 0.800114 0.951589 0.795539 0.944528 0.809837 0.913767 0.814698 0.920323
1 0.8167 0.915784 0.812983 0.910741 0.821561 0.890066 0.825565 0.896117
1 0.815556 0.880484 0.819846 0.88704 0.811267 0.907211 0.807263 0.901664
1 0.803546 0.910237 0.807549 0.916288 0.796683 0.940494 0.792965 0.935451
1 0.798971 0.898638 0.802974 0.904186 0.792108 0.930408 0.787532 0.923853
1 0.805548 0.901664 0.801544 0.895613 0.809837 0.874433 0.814412 0.880484
1 0.806405 0.864851 0.809837 0.86939 0.800972 0.892083 0.796969 0.886536
1 0.794395 0.891578 0.797827 0.897126 0.786388 0.92234 0.783243 0.916793
1 0.788104 0.881997 0.792679 0.888553 0.779239 0.917801 0.77495 0.910741
1 0.801544 0.857287 0.80469 0.86233 0.794681 0.885527 0.79125 0.881493
1 0.788676 0.875441 0.785244 0.870398 0.793823 0.850227 0.797255 0.854261
1 0.788676 0.843671 0.792679 0.848714 0.784387 0.867373 0.780669 0.86233
1 0.782671 0.874433 0.786388 0.87998 0.774378 0.906203 0.770947 0.90116
1 0.776952 0.868381 0.780669 0.873928 0.769231 0.898134 0.765799 0.893091
1 0.770661 0.859304 0.77495 0.864347 0.764941 0.890066 0.760366 0.884014
1 0.772948 0.854261 0.769803 0.84821 0.776952 0.833081 0.780097 0.838124
1 0.777238 0.861321 0.774092 0.856783 0.782385 0.836107 0.785816 0.84115
1 0.760652 0.84468 0.763798 0.849218 0.752645 0.875946 0.749214 0.870398
1 0.747498 0.868886 0.743494 0.861826 0.754361 0.838628 0.758364 0.84468
1 0.742351 0.856783 0.738633 0.850731 0.749214 0.828543 0.753503 0.834594
1 0.83157 0.902168 0.83443 0.907211 0.827566 0.920323 0.824707 0.915784
1 0.824421 0.925366 0.828996 0.931417 0.815842 0.959657 0.811839 0.953606
1 0.81384 0.980333 0.816986 0.972264 0.830712 0.991427 0.827852 0.998487
1 0.850443 0.855774 0.853303 0.860313 0.845582 0.875946 0.843294 0.870398
1 0.819846 0.84821 0.815556 0.842663 0.824421 0.820978 0.828138 0.82703
1 0.832428 0.787191 0.837003 0.794251 0.826137 0.816944 0.822419 0.810893
1 0.832142 0.825013 0.828138 0.818961 0.838433 0.793747 0.843008 0.800807
1 0.837289 0.832073 0.833572 0.826525 0.842436 0.807363 0.845868 0.812405
1 0.843294 0.838628 0.840435 0.834594 0.84787 0.81644 0.850729 0.820474
1 0.852159 0.822491 0.855305 0.827534 0.84787 0.843671 0.844438 0.838124
1 0.851015 0.849218 0.848442 0.84468 0.855876 0.828038 0.858736 0.833081
1 0.862454 0.859808 0.860166 0.856278 0.867029 0.840141 0.869317 0.843671
1 0.841293 0.870398 0.838719 0.865356 0.845868 0.850731 0.848727 0.855774
1 0.855305 0.864851 0.857878 0.868886 0.851587 0.882501 0.849013 0.878467
1 0.815842 0.967221 0.81956 0.958649 0.839005 0.983359 0.835001 0.99294
1 0.839577 0.843671 0.842436 0.84821 0.835287 0.863338 0.832428 0.857791
1 0.834715 0.836107 0.838433 0.84115 0.830998 0.859304 0.827281 0.854261
1 0.871032 0.900151 0.868173 0.907716 0.854447 0.887544 0.858164 0.87998
1 0.864169 0.86586 0.867601 0.859304 0.878753 0.875946 0.875608 0.88351
1 0.855305 0.900151 0.857592 0.895613 0.864455 0.905698 0.862454 0.909733
1 0.855876 0.940998 0.852445 0.949571 0.836717 0.927887 0.840721 0.919314
1 0.834144 0.937973 0.837003 0.931921 0.848442 0.949067 0.845582 0.956127
1 0.826423 0.946041 0.829854 0.939486 0.847012 0.963691 0.843866 0.972264
1 0.838719 0.971256 0.835859 0.978316 0.823277 0.959153 0.826709 0.951589
1 0.757792 0.797277 0.761796 0.802824 0.752645 0.8235 0.748642 0.817953
1 0.745782 0.817953 0.742351 0.812405 0.751215 0.793243 0.754647 0.79879
1 0.741207 0.811397 0.737775 0.806354 0.747212 0.784165 0.750643 0.789713
1 0.879897 0.831064 0.883329 0.824004 0.897341 0.84468 0.893337 0.85174
1 0.907063 0.777105 0.909065 0.771558 0.919073 0.785174 0.9165 0.790721
1 0.894481 0.761473 0.897055 0.756934 0.903632 0.770045 0.901344 0.773575
1 0.893909 0.798285 0.897055 0.790721 0.911067 0.810893 0.907349 0.818961
1 0.907635 0.822995 0.903918 0.831568 0.890478 0.811901 0.893909 0.803328
1 0.889906 0.772063 0.892193 0.76702 0.898484 0.775593 0.896197 0.78114
1 0.897055 0.785174 0.894481 0.790721 0.884186 0.775088 0.88676 0.769037
1 0.893337 0.79173 0.891049 0.796773 0.882471 0.783661 0.885044 0.778618
1 0.890192 0.797781 0.888762 0.802824 0.879897 0.792234 0.881613 0.787191
1 0.884472 0.820474 0.887904 0.812405 0.903918 0.835098 0.900772 0.843167
1 0.866171 0.818961 0.868173 0.813918 0.87618 0.826021 0.874178 0.83056
1 0.467258 0.75996 0.464684 0.789713 0.384615 0.75643 0.388905 0.729702
1 0.871032 0.802824 0.873892 0.796773 0.883329 0.811397 0.880469 0.817448
1 0.88676 0.807363 0.884186 0.812405 0.876752 0.795764 0.879611 0.792234
1 0.182442 0.24004 0.178153 0.237519 0.183014 0.215835 0.187303 0.21886
1 0.192737 0.246596 0.189305 0.244579 0.192737 0.225416 0.196454 0.227937
1 0.198456 0.248613 0.194738 0.246092 0.19817 0.227937 0.201887 0.229955
1 0.204175 0.249622 0.199886 0.2471 0.203603 0.228442 0.207607 0.230963
1 0.209322 0.253656 0.205891 0.251135 0.20875 0.235502 0.212182 0.237519
1 0.21447 0.256178 0.210466 0.253656 0.213898 0.234997 0.217901 0.237519
1 0.218759 0.240545 0.222476 0.243066 0.218759 0.260716 0.215613 0.258699
1 0.91507 0.761473 0.916786 0.75643 0.924221 0.767524 0.921933 0.772567
1 0.488133 0.750378 0.484701 0.774584 0.428367 0.73878 0.4338 0.714574
1 0.735774 0.853757 0.732056 0.848714 0.741779 0.8235 0.746068 0.829551
1 0.710895 0.776097 0.715184 0.782148 0.704604 0.807363 0.700315 0.801311
1 0.73177 0.841654 0.728625 0.835098 0.736917 0.81644 0.740635 0.822491
1 0.732628 0.804841 0.736917 0.811901 0.725479 0.836611 0.721762 0.828543
1 0.726051 0.798285 0.730912 0.804337 0.720332 0.831064 0.71547 0.824004
1 0.728625 0.79526 0.725765 0.790217 0.73463 0.771054 0.737489 0.776097
1 0.71547 0.786183 0.720046 0.792234 0.710037 0.817448 0.705462 0.811397
1 0.724621 0.785174 0.72119 0.779123 0.730054 0.760464 0.733486 0.766011
1 0.722333 0.759455 0.725479 0.76349 0.720618 0.778114 0.717186 0.774584
1 0.714327 0.77408 0.711181 0.768533 0.71976 0.74937 0.723191 0.753908
1 0.715184 0.738275 0.719188 0.743822 0.710323 0.766011 0.706034 0.760464
1 0.704032 0.768533 0.708607 0.77408 0.697455 0.804337 0.693166 0.798285
1 0.60509 0.801815 0.613097 0.815935 0.575922 0.876954 0.568773 0.861321
1 0.698027 0.761977 0.702888 0.768533 0.692308 0.792738 0.688018 0.785678
1 0.700029 0.755421 0.696311 0.749874 0.704318 0.732728 0.708035 0.73878
1 0.680297 0.776601 0.67515 0.768533 0.688018 0.739284 0.69288 0.747352
1 0.694881 0.942007 0.696883 0.934947 0.710323 0.950076 0.708035 0.957136
1 0.686589 0.945537 0.69002 0.936964 0.709179 0.960666 0.705748 0.970247
1 0.66314 0.914271 0.666857 0.906203 0.680869 0.928896 0.677152 0.935956
1 0.662282 0.898638 0.666857 0.889057 0.690592 0.924861 0.685731 0.935451
7 0.577638 0.562279 0.572491 0.552194 0.597941 0.514372 0.603088 0.525971
1 0.599657 0.458901 0.60366 0.466969 0.589648 0.487645 0.586217 0.479576
7 0.0700601 0.198185 0.0780669 0.153303 0.161853 0.203732 0.154704 0.250126
