1 0.820549 0.927717 0.809856 0.925637 0.81497 0.890276 0.826592 0.892876
1 0.249186 0.24077 0.256625 0.236609 0.266853 0.26209 0.258484 0.266251
1 0.272431 0.230369 0.280335 0.225689 0.290098 0.24961 0.282194 0.25377
1 0.293352 0.217369 0.301255 0.213209 0.310553 0.235049 0.303115 0.23973
1 0.322641 0.23765 0.314737 0.24181 0.30265 0.211648 0.310553 0.207488
1 0.315202 0.202808 0.324035 0.198648 0.335658 0.230369 0.326825 0.235049
1 0.378894 0.206448 0.37099 0.210608 0.358903 0.183567 0.366806 0.179407
1 0.389121 0.199688 0.381218 0.204368 0.37006 0.178887 0.378894 0.174207
1 0.380288 0.172647 0.369596 0.177847 0.355649 0.143006 0.366341 0.137806
1 0.364017 0.173687 0.356113 0.177327 0.345886 0.151326 0.354254 0.147166
1 0.322641 0.157046 0.330544 0.152366 0.343561 0.183567 0.334728 0.187207
1 0.301255 0.171607 0.309159 0.167447 0.320781 0.196048 0.312413 0.199688
1 0.329149 0.188768 0.321711 0.191888 0.312413 0.168487 0.319851 0.163807
1 0.290563 0.179407 0.298466 0.175767 0.308694 0.202288 0.30079 0.205928
1 0.286843 0.213729 0.27894 0.217889 0.268712 0.192408 0.276616 0.188248
1 0.27708 0.219449 0.269177 0.223609 0.255695 0.195008 0.264063 0.189288
1 0.264528 0.225689 0.25616 0.229849 0.244537 0.203328 0.252441 0.199688
1 0.253371 0.231929 0.246397 0.235569 0.234775 0.209048 0.242213 0.205928
1 0.240818 0.23765 0.23338 0.24129 0.222687 0.215289 0.23059 0.211128
1 0.23245 0.24337 0.224547 0.24701 0.211994 0.221529 0.221292 0.215809
1 0.2106 0.25585 0.202232 0.26001 0.190144 0.232969 0.198047 0.228289
1 0.197583 0.26209 0.189679 0.265731 0.178057 0.236609 0.185495 0.231929
1 0.187355 0.266771 0.179451 0.270931 0.167364 0.24441 0.176197 0.23973
1 0.175267 0.272491 0.167829 0.277691 0.156671 0.25117 0.16411 0.24701
1 0.165969 0.278731 0.158066 0.283411 0.146444 0.25897 0.154347 0.25429
1 0.142724 0.291732 0.134356 0.295892 0.123663 0.269891 0.132032 0.265211
1 0.130637 0.298492 0.122269 0.302652 0.111576 0.276131 0.119479 0.271971
1 0.119944 0.303692 0.111576 0.307332 0.100883 0.280811 0.109716 0.276131
1 0.106927 0.310452 0.0990237 0.314093 0.088331 0.288612 0.0962343 0.284971
1 0.0971641 0.332293 0.102743 0.328653 0.108787 0.344254 0.103208 0.347374
1 0.103208 0.320853 0.109716 0.317213 0.119014 0.339574 0.111111 0.343214
1 0.258949 0.234529 0.267782 0.230889 0.27708 0.25637 0.269642 0.26053
1 0.293352 0.328653 0.300325 0.324493 0.311018 0.344254 0.30265 0.349974
1 0.142259 0.328653 0.134821 0.332293 0.125058 0.306292 0.132497 0.303172
1 0.30172 0.353614 0.295212 0.357254 0.283589 0.332813 0.291027 0.328653
1 0.30172 0.287572 0.308694 0.283931 0.317062 0.304732 0.309623 0.308372
1 0.309159 0.312012 0.30172 0.316173 0.291027 0.293292 0.298931 0.288612
1 0.297536 0.316693 0.290098 0.320853 0.2808 0.297452 0.288238 0.293292
1 0.289168 0.323973 0.282194 0.327093 0.271502 0.303172 0.27894 0.298492
1 0.251511 0.310972 0.257555 0.307332 0.268247 0.332813 0.261274 0.336453
1 0.25802 0.340614 0.251511 0.344254 0.241283 0.319293 0.247792 0.315653
1 0.247792 0.343734 0.241283 0.347374 0.231055 0.324493 0.237564 0.320333
1 0.237564 0.351014 0.230126 0.354654 0.221292 0.330213 0.227336 0.326573
1 0.212459 0.334373 0.218503 0.330733 0.227801 0.352574 0.220828 0.356214
1 0.218038 0.361414 0.2106 0.364535 0.200837 0.340094 0.20874 0.335933
1 0.209205 0.366615 0.201767 0.370255 0.191539 0.346334 0.198977 0.341654
1 0.197118 0.371815 0.190144 0.375455 0.181311 0.353094 0.18782 0.349454
1 0.172013 0.356734 0.179451 0.353094 0.187355 0.375455 0.180381 0.378575
1 0.144119 0.391056 0.13854 0.394176 0.132961 0.379095 0.13761 0.375975
1 0.156671 0.393656 0.148768 0.397816 0.1404 0.373375 0.147838 0.369215
1 0.167364 0.387936 0.160391 0.391056 0.151093 0.367655 0.158531 0.363495
1 0.172943 0.390016 0.178987 0.386375 0.188749 0.410296 0.181311 0.413937
1 0.199907 0.405096 0.193398 0.408736 0.183636 0.386375 0.189679 0.382215
1 0.221757 0.396776 0.214784 0.400936 0.204556 0.377015 0.211065 0.372335
1 0.311948 0.412897 0.305904 0.416537 0.297071 0.395736 0.30358 0.392616
1 0.213854 0.370775 0.220828 0.367135 0.23059 0.390016 0.223152 0.394176
1 0.224547 0.364015 0.23059 0.360374 0.239888 0.384295 0.232915 0.387936
1 0.233845 0.359334 0.239888 0.355694 0.248257 0.377535 0.241283 0.381175
1 0.261274 0.374415 0.253371 0.379095 0.244073 0.354134 0.250581 0.349454
1 0.253371 0.346854 0.260809 0.343214 0.269642 0.367135 0.261739 0.371295
1 0.264063 0.341654 0.271502 0.338014 0.2808 0.361414 0.272431 0.365055
1 0.272896 0.335933 0.27987 0.332293 0.289168 0.355694 0.282194 0.359334
1 0.329614 0.334373 0.32357 0.338534 0.313343 0.316693 0.319851 0.313573
1 0.321246 0.339054 0.314737 0.343214 0.304045 0.321893 0.310553 0.317733
1 0.113901 0.310972 0.121804 0.306292 0.133891 0.335933 0.124593 0.340614
1 0.137146 0.301092 0.145049 0.296412 0.155277 0.323973 0.147373 0.327613
1 0.804742 0.927197 0.794049 0.924077 0.799628 0.890276 0.810786 0.892876
1 0.116225 0.195528 0.123663 0.191888 0.132032 0.214769 0.125058 0.219449
1 0.101813 0.212689 0.107392 0.209568 0.115295 0.228809 0.108322 0.232449
1 0.0846118 0.224129 0.0906555 0.220489 0.0966992 0.23869 0.0901906 0.24129
7 0.781497 0.786791 0.76941 0.797712 0.733147 0.75195 0.743375 0.74051
7 0.529521 0.353614 0.526732 0.333333 0.583914 0.323453 0.587634 0.343734
7 0.538354 0.385335 0.538819 0.378575 0.590423 0.389496 0.589493 0.396776
7 0.522083 0.410816 0.526267 0.405616 0.562994 0.434737 0.560205 0.439938
7 0.549512 0.176287 0.615528 0.151326 0.622966 0.183567 0.55881 0.208008
7 0.716876 0.160686 0.74477 0.172127 0.729428 0.215809 0.702464 0.203328
7 0.904695 0.291212 0.915853 0.219449 0.999535 0.236089 1 0.310452
7 0.814505 0.24181 0.823338 0.279771 0.780102 0.294332 0.769874 0.25325
7 0.847978 0.336973 0.851232 0.344254 0.807066 0.365575 0.803347 0.358294
7 0.892143 0.401456 0.900046 0.342174 0.99814 0.362454 0.987913 0.420697
7 0.872152 0.527821 0.880986 0.469579 0.980474 0.487259 0.973036 0.546542
7 0.821478 0.529901 0.816829 0.535621 0.781032 0.50234 0.785216 0.4961
7 0.795909 0.554342 0.793119 0.565263 0.741516 0.554342 0.744305 0.543942
7 0.809391 0.587624 0.811251 0.594904 0.762901 0.611024 0.761506 0.603744
7 0.852627 0.653666 0.86053 0.594904 0.962343 0.614665 0.95165 0.672907
7 0.834031 0.781071 0.843794 0.724389 0.944212 0.74259 0.932125 0.801872
7 0.754533 0.809672 0.750814 0.817993 0.712692 0.802392 0.715946 0.791992
7 0.735007 0.873115 0.737331 0.880395 0.699675 0.898076 0.697815 0.890796
7 0.761041 0.904316 0.766155 0.909516 0.736402 0.951118 0.728963 0.944878
7 0.794049 0.889236 0.832171 0.896516 0.821478 0.956318 0.782892 0.947998
7 0.503022 0.631825 0.503952 0.623505 0.559275 0.633385 0.558345 0.642226
7 0.482566 0.705148 0.51232 0.693708 0.530451 0.75195 0.500232 0.762871
7 0.410972 0.560062 0.41655 0.565263 0.367271 0.624545 0.360762 0.618305
7 0.4649 0.401976 0.484426 0.444098 0.293817 0.545502 0.273361 0.5013
7 0.441655 0.317733 0.462111 0.361934 0.225941 0.48778 0.207345 0.440458
7 0.404928 0.230889 0.426313 0.278211 0.143654 0.432137 0.121804 0.382735
7 0.356578 0.143526 0.382148 0.200728 0.0948396 0.353614 0.0706648 0.296412
1 0.124128 0.224649 0.117155 0.227769 0.110646 0.209568 0.11669 0.205928
1 0.145049 0.212689 0.137146 0.217369 0.122734 0.184607 0.130637 0.179927
1 0.167829 0.319813 0.159461 0.324493 0.146908 0.295892 0.155277 0.291212
1 0.166434 0.198648 0.158531 0.203328 0.146444 0.175767 0.154347 0.170567
1 0.177127 0.309932 0.171083 0.313053 0.160391 0.289652 0.166434 0.285491
1 0.170153 0.282891 0.177127 0.278731 0.18782 0.304212 0.179916 0.308372
1 0.181776 0.276651 0.189679 0.271971 0.200837 0.297972 0.192469 0.301612
1 0.212924 0.297452 0.204556 0.302132 0.192004 0.270931 0.200837 0.266251
1 0.254765 0.268851 0.247327 0.272491 0.236634 0.24857 0.244073 0.24389
1 0.245467 0.273531 0.238494 0.277171 0.227336 0.25325 0.233845 0.24857
1 0.204091 0.264171 0.21153 0.26001 0.224547 0.289652 0.215714 0.294852
1 0.172478 0.151846 0.164575 0.155486 0.153417 0.127925 0.16132 0.123765
1 0.163645 0.120125 0.172013 0.115445 0.18503 0.144566 0.175732 0.149766
1 0.192469 0.136765 0.18503 0.140406 0.176662 0.119605 0.183171 0.115445
1 0.200837 0.180447 0.191539 0.185127 0.178987 0.155486 0.18689 0.150286
1 0.189679 0.148206 0.197583 0.144046 0.209205 0.170567 0.200837 0.174727
1 0.223152 0.170047 0.215249 0.174727 0.200837 0.143526 0.209205 0.138326
1 0.229196 0.122205 0.222687 0.125845 0.213389 0.102964 0.220828 0.099844
1 0.239424 0.117005 0.231985 0.121685 0.220828 0.0936037 0.228266 0.0894436
1 0.23431 0.0868435 0.241748 0.0832033 0.250581 0.108684 0.243608 0.111804
1 0.263133 0.104004 0.254765 0.108164 0.242678 0.0806032 0.251046 0.075403
1 0.252906 0.0722829 0.261274 0.0676027 0.272896 0.0951638 0.264993 0.099844
1 0.264993 0.0681227 0.274291 0.0639626 0.286843 0.0962038 0.27801 0.100364
1 0.279405 0.138846 0.270572 0.144566 0.256625 0.114925 0.265458 0.109724
1 0.268247 0.145606 0.259879 0.151326 0.246862 0.120645 0.2543 0.115965
1 0.2543 0.147166 0.245932 0.151326 0.236169 0.130005 0.245002 0.124805
1 0.242678 0.153406 0.234775 0.157566 0.224082 0.133645 0.23245 0.127925
1 0.235704 0.163287 0.226871 0.168487 0.212459 0.137806 0.220363 0.132605
1 0.207345 0.133125 0.199442 0.137285 0.188749 0.113885 0.196188 0.110244
1 0.189679 0.186687 0.180846 0.192408 0.166434 0.161726 0.175732 0.156526
1 0.174802 0.186687 0.168294 0.190328 0.158531 0.167967 0.16504 0.163807
1 0.161785 0.156006 0.154812 0.159646 0.144584 0.137285 0.150628 0.132605
1 0.139935 0.166927 0.134356 0.169527 0.127848 0.154446 0.132961 0.151846
1 0.327755 0.301612 0.320781 0.305252 0.309159 0.279771 0.317062 0.275611
1 0.333333 0.306292 0.338912 0.303172 0.345421 0.318253 0.339842 0.321373
1 0.34821 0.291212 0.341237 0.294852 0.331939 0.270931 0.338912 0.267811
1 0.949326 0.25949 0.939563 0.25741 0.944212 0.228809 0.953975 0.230889
1 0.941887 0.301612 0.932589 0.299532 0.938633 0.265211 0.947466 0.266771
1 0.95537 0.304732 0.945142 0.302132 0.950721 0.267291 0.960948 0.269371
1 0.967457 0.310972 0.956764 0.307332 0.963273 0.270411 0.972571 0.273011
1 0.891678 0.396256 0.880056 0.394176 0.884705 0.358294 0.896327 0.359334
1 0.908415 0.370775 0.899117 0.369735 0.902836 0.343214 0.911669 0.344774
1 0.898652 0.374935 0.907485 0.376495 0.902836 0.407176 0.893073 0.404576
1 0.912134 0.378055 0.920502 0.379615 0.916318 0.406656 0.907485 0.404576
1 0.926546 0.414977 0.916318 0.412897 0.922362 0.380655 0.931195 0.382735
1 0.939563 0.414457 0.930265 0.411856 0.934449 0.387415 0.944212 0.388976
1 0.945607 0.388976 0.95351 0.390536 0.950256 0.412897 0.941887 0.411336
1 0.93166 0.377015 0.923291 0.374415 0.927476 0.347894 0.935844 0.349974
1 0.945142 0.378055 0.935844 0.375975 0.940958 0.347894 0.950256 0.349974
1 0.95165 0.349974 0.960483 0.351534 0.95537 0.378575 0.946536 0.375975
1 0.971641 0.381175 0.962343 0.379095 0.966527 0.353094 0.97536 0.355174
1 0.964668 0.422777 0.95444 0.419657 0.960019 0.390016 0.969317 0.392096
1 0.937238 0.50546 0.928405 0.5039 0.933054 0.478939 0.941423 0.480499
1 0.95258 0.50962 0.943747 0.50754 0.947466 0.477899 0.957229 0.479459
1 0.960948 0.50754 0.954905 0.50598 0.957694 0.4909 0.963273 0.49298
1 0.946072 0.548622 0.936309 0.546022 0.941423 0.518981 0.950256 0.521061
1 0.917248 0.51222 0.924686 0.513261 0.921432 0.538742 0.913529 0.537181
1 0.905625 0.539262 0.898187 0.537181 0.902371 0.51118 0.910274 0.512741
1 0.895862 0.538742 0.886564 0.536661 0.891678 0.50546 0.900511 0.50754
1 0.879126 0.5013 0.888424 0.50338 0.88331 0.537702 0.873082 0.535101
1 0.870758 0.534581 0.860995 0.533021 0.866574 0.50182 0.875872 0.50442
1 0.901906 0.50026 0.894003 0.49818 0.896792 0.473219 0.90609 0.474779
1 0.888424 0.49766 0.880056 0.4961 0.88424 0.468019 0.892608 0.469579
1 0.875872 0.50234 0.866109 0.49974 0.872617 0.465939 0.88145 0.468019
1 0.851232 0.658866 0.838215 0.656266 0.847048 0.606344 0.859135 0.608944
1 0.774059 0.549662 0.775453 0.541342 0.799163 0.546542 0.797768 0.554862
1 0.930265 0.299532 0.920037 0.297452 0.926081 0.263131 0.935844 0.264691
1 0.933519 0.218409 0.943282 0.220489 0.937238 0.25741 0.927011 0.25481
1 0.381218 0.309412 0.374709 0.312533 0.364017 0.289132 0.370525 0.284971
1 0.918642 0.216329 0.92887 0.217889 0.923291 0.25481 0.913993 0.25221
1 0.756392 0.944358 0.746629 0.936037 0.76569 0.908996 0.773594 0.916277
1 0.748954 0.923037 0.74291 0.916797 0.757322 0.898596 0.763366 0.904836
1 0.725709 0.814353 0.729428 0.804992 0.751743 0.815913 0.748024 0.825273
1 0.742445 0.767031 0.751743 0.75871 0.777778 0.789392 0.76848 0.799272
1 0.777313 0.773271 0.773594 0.777951 0.762436 0.764951 0.767085 0.76079
1 0.844723 0.786271 0.83589 0.783671 0.840539 0.75663 0.849372 0.75819
1 0.829382 0.74831 0.839609 0.75091 0.834496 0.778471 0.824733 0.775351
1 0.841004 0.74051 0.834496 0.73947 0.837285 0.722309 0.843794 0.723869
1 0.849372 0.75247 0.841004 0.75039 0.846583 0.721789 0.854486 0.723869
1 0.874477 0.75663 0.866109 0.75507 0.869363 0.729069 0.877731 0.730629
1 0.863319 0.75507 0.854951 0.75351 0.859135 0.728029 0.867503 0.729069
1 0.887494 0.76027 0.878661 0.75819 0.88331 0.729069 0.892608 0.730629
1 0.854486 0.76183 0.86239 0.762871 0.859135 0.786271 0.850767 0.784711
1 0.880521 0.799272 0.870293 0.796672 0.877266 0.765991 0.886564 0.768071
1 0.902836 0.768591 0.912599 0.770151 0.90795 0.799792 0.898187 0.798232
1 0.898652 0.75767 0.890748 0.75507 0.895397 0.730629 0.903766 0.732709
1 0.913529 0.763911 0.904231 0.76131 0.909344 0.732709 0.918642 0.734789
1 0.861925 0.659386 0.853556 0.657306 0.85867 0.630265 0.867039 0.631825
1 0.876337 0.661466 0.867503 0.659906 0.873082 0.631825 0.880986 0.633905
1 0.883775 0.631825 0.891678 0.633385 0.887029 0.662507 0.878196 0.660946
1 0.901906 0.663547 0.893538 0.661466 0.897257 0.635465 0.905625 0.636505
1 0.912599 0.670307 0.903766 0.669267 0.907485 0.638586 0.916318 0.640146
1 0.926081 0.676547 0.916318 0.674467 0.920967 0.640666 0.93073 0.642226
1 0.867503 0.624545 0.8596 0.622985 0.863784 0.595944 0.872152 0.597504
1 0.90702 0.628185 0.899117 0.626105 0.902371 0.601144 0.911669 0.602704
1 0.913529 0.599584 0.922362 0.601664 0.918642 0.631825 0.909809 0.629745
1 0.92794 0.602704 0.937238 0.604264 0.932589 0.634945 0.923291 0.632865
1 0.941423 0.0618825 0.940028 0.0514821 0.967922 0.0468019 0.969781 0.0572023
1 0.909809 0.25169 0.900976 0.24961 0.90609 0.218409 0.915853 0.219969
1 0.825662 0.351014 0.821013 0.341134 0.845653 0.328653 0.849372 0.338014
1 0.799163 0.299532 0.796839 0.289132 0.823803 0.279771 0.826592 0.290172
1 0.752208 0.162767 0.748489 0.175247 0.716411 0.161206 0.72013 0.149246
1 0.58345 0.163807 0.580195 0.152886 0.610414 0.141446 0.614133 0.151846
1 0.239424 0.451898 0.23245 0.455538 0.225477 0.436297 0.231985 0.432137
1 0.250116 0.446698 0.243143 0.448778 0.236634 0.430057 0.242678 0.426417
1 0.25802 0.442538 0.251511 0.445658 0.244537 0.425377 0.250581 0.422257
1 0.235239 0.459698 0.241283 0.456578 0.248257 0.473219 0.242213 0.476859
1 0.25523 0.451378 0.261739 0.447738 0.268712 0.465419 0.262204 0.468539
1 0.265923 0.446698 0.271502 0.443578 0.27708 0.458138 0.271502 0.461258
1 0.2543 0.419657 0.260344 0.416017 0.266853 0.433697 0.261274 0.436297
1 0.275221 0.433177 0.269642 0.436297 0.262204 0.417577 0.268247 0.413937
1 0.285914 0.425377 0.2808 0.428497 0.273361 0.411336 0.27894 0.408216
1 0.289633 0.429537 0.296606 0.425897 0.306369 0.447738 0.298931 0.451898
1 0.309159 0.424857 0.313808 0.422257 0.320781 0.435257 0.315667 0.438898
1 0.354254 0.399896 0.359833 0.396776 0.366341 0.410816 0.360298 0.413937
1 0.345886 0.392616 0.340307 0.395736 0.333798 0.378575 0.339377 0.376495
1 0.365411 0.383775 0.359368 0.387415 0.351 0.369215 0.357508 0.365575
1 0.360762 0.392616 0.366806 0.388976 0.375639 0.407176 0.369131 0.410816
1 0.372385 0.389496 0.377499 0.386895 0.384937 0.403016 0.379358 0.406656
1 0.388656 0.378575 0.394235 0.374935 0.402139 0.393656 0.396095 0.396776
1 0.392841 0.370255 0.385402 0.373895 0.377034 0.352054 0.384472 0.348934
1 0.401674 0.365055 0.3947 0.368695 0.385402 0.347894 0.392841 0.343734
1 0.397025 0.373895 0.402603 0.370255 0.411437 0.389496 0.405858 0.392096
1 0.403533 0.340614 0.408647 0.338014 0.415156 0.353614 0.410507 0.357254
1 0.433287 0.355694 0.439331 0.352574 0.447234 0.370255 0.441655 0.373375
1 0.469084 0.353614 0.459321 0.359854 0.444444 0.327093 0.453278 0.322413
1 0.381683 0.24545 0.387727 0.24233 0.396095 0.262611 0.389121 0.266251
1 0.410507 0.25637 0.405393 0.25949 0.397025 0.24337 0.402139 0.23921
1 0.437936 0.274571 0.427243 0.281851 0.407252 0.234009 0.41748 0.228809
1 0.421664 0.280811 0.416086 0.283931 0.408182 0.267811 0.413296 0.264171
1 0.393305 0.271971 0.400279 0.267811 0.410042 0.291212 0.402139 0.295372
1 0.37285 0.282371 0.380753 0.278211 0.390051 0.302132 0.383078 0.306292
1 0.351464 0.49558 0.358438 0.49194 0.366341 0.512741 0.358903 0.516381
1 0.334728 0.49454 0.329149 0.49714 0.322176 0.479979 0.328219 0.476859
1 0.308229 0.50598 0.304045 0.50858 0.299396 0.49714 0.303115 0.49454
1 0.546722 0.414977 0.543468 0.420697 0.529986 0.409776 0.53324 0.404576
1 0.547652 0.176287 0.544398 0.164847 0.575546 0.152886 0.579265 0.165367
1 0.532311 0.336453 0.521618 0.342694 0.501627 0.295372 0.512785 0.289132
1 0.543933 0.347894 0.545328 0.341134 0.563924 0.345294 0.562529 0.352574
1 0.568108 0.373895 0.566248 0.384815 0.539284 0.379615 0.541144 0.369215
1 0.564389 0.390536 0.562529 0.401456 0.53417 0.393656 0.536495 0.383255
1 0.507671 0.726469 0.496978 0.730109 0.487215 0.698908 0.496978 0.694228
1 0.516504 0.722829 0.509066 0.725949 0.498838 0.695788 0.506741 0.692148
1 0.526267 0.712949 0.518828 0.716589 0.51139 0.695268 0.517434 0.692148
1 0.459786 0.686427 0.450953 0.680187 0.467689 0.651066 0.476058 0.657306
7 0.461646 0.648466 0.467225 0.653146 0.438401 0.702548 0.431892 0.696828
7 0.434682 0.635465 0.438866 0.631305 0.458391 0.657306 0.454207 0.660946
1 0.524872 0.634425 0.523942 0.641186 0.508601 0.638586 0.50953 0.631825
1 0.505811 0.603744 0.503022 0.595424 0.525337 0.587624 0.527662 0.596984
1 0.545793 0.427977 0.540679 0.437337 0.516504 0.418617 0.523013 0.409256
1 0.353324 0.485179 0.34728 0.4883 0.339842 0.470619 0.345886 0.467499
1 0.490005 0.432657 0.480707 0.437858 0.468154 0.410296 0.476523 0.405616
1 0.465365 0.432657 0.472338 0.427977 0.481636 0.447738 0.474198 0.451898
1 0.458391 0.439938 0.463505 0.436817 0.470014 0.451378 0.4649 0.453978
1 0.425384 0.447218 0.41841 0.450338 0.411437 0.431097 0.417015 0.427457
1 0.435611 0.441498 0.430033 0.445138 0.422129 0.427977 0.427708 0.424337
1 0.44026 0.448258 0.446769 0.445138 0.454672 0.462819 0.448164 0.465939
1 0.411901 0.459698 0.419805 0.455538 0.429103 0.478939 0.42027 0.482579
1 0.403533 0.49818 0.39749 0.50182 0.386332 0.476859 0.392841 0.473219
1 0.392841 0.49662 0.387727 0.50026 0.377964 0.481019 0.383078 0.477899
1 0.367736 0.485179 0.37378 0.481539 0.383543 0.50078 0.377034 0.50442
1 0.359833 0.48934 0.365411 0.486219 0.374709 0.5065 0.369131 0.50962
1 0.390516 0.466459 0.384007 0.470099 0.375639 0.450858 0.383078 0.447218
1 0.371455 0.475299 0.365876 0.478419 0.357508 0.460218 0.363552 0.457618
7 0.266853 0.0696828 0.290098 0.127925 0.137146 0.209048 0.111111 0.149766
