14 0.942703 0.903755 0.961622 0.893178 0.967568 0.901639 0.949189 0.913802
1 0.267027 0.612903 0.268649 0.606029 0.289189 0.611846 0.287027 0.619249
1 0.348649 0.680063 0.345946 0.687467 0.32 0.681121 0.321622 0.673718
1 0.322162 0.67266 0.323784 0.665256 0.348649 0.671602 0.346486 0.679006
1 0.319459 0.664728 0.317297 0.671074 0.295135 0.664728 0.297838 0.657324
1 0.321622 0.65468 0.319459 0.662084 0.300541 0.657324 0.303784 0.649921
1 0.327027 0.650978 0.32973 0.642517 0.358378 0.650978 0.354595 0.659968
1 0.323784 0.646748 0.320541 0.653622 0.296757 0.64569 0.301081 0.637229
1 0.325946 0.635114 0.324865 0.643046 0.303243 0.639344 0.304865 0.630883
1 0.332973 0.63247 0.334595 0.624008 0.363243 0.630354 0.361622 0.638815
1 0.332432 0.615547 0.330811 0.622951 0.305405 0.619778 0.306486 0.610788
1 0.264324 0.620836 0.266486 0.61449 0.286486 0.620307 0.283784 0.627181
1 0.26973 0.602856 0.271892 0.595981 0.292432 0.601798 0.28973 0.60973
1 0.223243 0.866737 0.217297 0.869381 0.211892 0.854574 0.217838 0.852459
1 0.335135 0.608673 0.332432 0.615019 0.31027 0.608673 0.312973 0.601269
1 0.341081 0.611846 0.343784 0.603384 0.371351 0.612374 0.368649 0.619778
1 0.337297 0.599154 0.335135 0.607086 0.311892 0.60074 0.314595 0.592808
1 0.271892 0.594923 0.275135 0.586991 0.295676 0.593337 0.292432 0.601269
1 0.341622 0.599683 0.343784 0.592279 0.371892 0.60074 0.36973 0.608144
1 0.314595 0.590164 0.317297 0.581703 0.34 0.588577 0.337297 0.59651
1 0.275135 0.585405 0.277297 0.578001 0.297297 0.58276 0.294054 0.590164
1 0.317838 0.579059 0.321622 0.572184 0.342703 0.579588 0.338919 0.58752
1 0.322162 0.571126 0.323784 0.564781 0.345405 0.570069 0.343243 0.576415
1 0.302162 0.567953 0.299459 0.57377 0.279459 0.566896 0.282162 0.561079
1 0.316757 0.673189 0.313514 0.681121 0.291892 0.675304 0.295135 0.666843
1 0.291351 0.683236 0.293514 0.675833 0.313514 0.681121 0.311351 0.687996
1 0.317297 0.691169 0.32 0.682708 0.345405 0.691698 0.342162 0.699101
1 0.385946 0.661026 0.397838 0.662084 0.397838 0.709677 0.385405 0.709149
1 0.461622 0.289265 0.460541 0.282919 0.473514 0.279746 0.474595 0.285563
1 0.418378 0.298784 0.427027 0.29614 0.436757 0.321523 0.427568 0.324696
10 0.511351 0.22422 0.512973 0.231623 0.496757 0.236912 0.494595 0.230566
1 0.34 0.950291 0.331892 0.947647 0.339459 0.92385 0.347568 0.926494
1 0.364865 0.921735 0.361622 0.918562 0.367568 0.912745 0.370811 0.915918
1 0.420541 0.863035 0.422703 0.86568 0.416757 0.870968 0.413514 0.868324
1 0.398378 0.864093 0.395676 0.855103 0.423784 0.8477 0.425946 0.855103
1 0.374054 0.830249 0.369189 0.818614 0.409189 0.805923 0.412432 0.81597
1 0.408649 0.788472 0.409189 0.783712 0.417297 0.78477 0.416216 0.789529
1 0.434595 0.767319 0.427027 0.770492 0.417838 0.743522 0.427027 0.741407
1 0.396216 0.752512 0.406486 0.750397 0.414595 0.774722 0.405946 0.777895
1 0.367027 0.788472 0.363784 0.777366 0.395676 0.76679 0.398919 0.778424
1 0.388649 0.755685 0.391351 0.764675 0.365405 0.773136 0.362703 0.764146
1 0.281622 0.761502 0.282703 0.750925 0.318378 0.755685 0.317297 0.765732
1 0.301622 0.749339 0.302703 0.740878 0.328649 0.742993 0.328108 0.751454
1 0.338378 0.722898 0.335135 0.73083 0.307568 0.722369 0.31027 0.713908
1 0.310811 0.712322 0.313514 0.704389 0.340541 0.714437 0.336757 0.72184
1 0.428649 0.699101 0.421081 0.702274 0.412973 0.679006 0.421622 0.675833
1 0.400541 0.681121 0.41027 0.681121 0.411892 0.713379 0.401622 0.713379
1 0.416757 0.648863 0.424324 0.646748 0.43027 0.666314 0.422703 0.667901
1 0.42 0.670016 0.413514 0.67266 0.407027 0.654151 0.414054 0.651507
1 0.351892 0.57377 0.354054 0.564252 0.382162 0.571126 0.38 0.580116
1 0.347027 0.556848 0.345946 0.565838 0.321622 0.561608 0.323243 0.552618
1 0.305405 0.556319 0.303784 0.564252 0.282162 0.56055 0.282703 0.552089
10 0.291892 0.445267 0.29027 0.440508 0.301622 0.438392 0.302162 0.443152
10 0.296757 0.427816 0.296757 0.432047 0.287027 0.433633 0.285946 0.428874
10 0.294595 0.407721 0.3 0.407192 0.301622 0.418297 0.296216 0.418826
10 0.295135 0.419884 0.28973 0.419884 0.288649 0.408778 0.293514 0.40825
10 0.289189 0.42147 0.283784 0.421999 0.282703 0.410894 0.287568 0.409836
10 0.282703 0.421999 0.277297 0.421999 0.276757 0.410365 0.281622 0.409836
1 0.307568 0.393971 0.304324 0.387626 0.321081 0.379164 0.323784 0.384981
1 0.308108 0.38551 0.303784 0.379164 0.318919 0.370175 0.323243 0.375992
1 0.308108 0.375463 0.304324 0.369117 0.320541 0.360656 0.323243 0.366473
1 0.308108 0.367002 0.304324 0.361713 0.318919 0.351666 0.322162 0.356954
1 0.309189 0.355896 0.305946 0.351137 0.320541 0.340561 0.324324 0.345849
10 0.286486 0.373347 0.291351 0.373347 0.291892 0.383924 0.287027 0.383924
10 0.280541 0.377578 0.285405 0.377578 0.285946 0.388683 0.280541 0.388683
10 0.286486 0.359598 0.292432 0.360127 0.290811 0.370703 0.285405 0.370175
10 0.279459 0.364886 0.284865 0.364357 0.284865 0.374934 0.279459 0.375463
1 0.30973 0.346378 0.306486 0.340561 0.321081 0.331571 0.324324 0.336859
1 0.315676 0.326811 0.312432 0.323109 0.319459 0.316235 0.322703 0.319937
1 0.307027 0.333686 0.301622 0.330513 0.311892 0.31412 0.316757 0.317292
1 0.301081 0.334744 0.295676 0.334215 0.297838 0.317821 0.303784 0.31835
10 0.285946 0.315177 0.287568 0.319408 0.278919 0.323638 0.276757 0.319408
10 0.301622 0.297726 0.303243 0.303014 0.291892 0.308302 0.28973 0.303014
1 0.278378 0.552089 0.273514 0.552618 0.272432 0.540984 0.277297 0.540984
10 0.3 0.433104 0.300541 0.437864 0.29027 0.439979 0.289189 0.434691
10 0.291892 0.465362 0.291351 0.460074 0.301081 0.459016 0.301622 0.463776
1 0.353514 0.538868 0.351892 0.547329 0.327027 0.543099 0.328649 0.534109
1 0.358919 0.344791 0.351892 0.344791 0.353514 0.326811 0.361081 0.326282
1 0.278378 0.547329 0.281081 0.539926 0.304865 0.546272 0.301622 0.553675
1 0.329189 0.532522 0.331351 0.525119 0.354054 0.529878 0.351892 0.537811
1 0.329189 0.521946 0.331892 0.513485 0.356757 0.521417 0.353514 0.528821
1 0.332432 0.483871 0.335676 0.488102 0.326486 0.496563 0.322703 0.492332
1 0.337297 0.47065 0.336757 0.464833 0.35027 0.463776 0.34973 0.469593
1 0.387568 0.447382 0.38973 0.438921 0.422162 0.447911 0.420541 0.456372
1 0.403784 0.425172 0.406486 0.418826 0.421622 0.424114 0.419459 0.429931
1 0.412432 0.40825 0.415676 0.401375 0.434595 0.40825 0.432432 0.415124
1 0.355676 0.383924 0.361622 0.387097 0.355676 0.402961 0.34973 0.400317
1 0.344324 0.379164 0.346486 0.37229 0.362703 0.377049 0.361622 0.383395
1 0.38973 0.377049 0.382162 0.374405 0.388649 0.352723 0.396216 0.355368
1 0.375676 0.375992 0.368649 0.373876 0.375676 0.352723 0.382703 0.355896
1 0.366486 0.351666 0.373514 0.355368 0.365946 0.374405 0.358378 0.371761
1 0.358919 0.371232 0.35027 0.371232 0.35027 0.347435 0.359459 0.347435
1 0.393514 0.324696 0.397838 0.322052 0.402162 0.327869 0.398919 0.330513
1 0.408649 0.301428 0.416216 0.298784 0.422162 0.31835 0.416216 0.320994
1 0.414595 0.323109 0.407568 0.325225 0.399459 0.303543 0.405946 0.301957
1 0.402703 0.324167 0.396216 0.325754 0.389189 0.307774 0.395676 0.30513
1 0.394054 0.328926 0.387027 0.330513 0.380541 0.309889 0.387568 0.307774
1 0.37027 0.314648 0.377297 0.312004 0.383784 0.328926 0.376757 0.330513
1 0.375676 0.333686 0.37027 0.335272 0.365946 0.323638 0.371351 0.321523
1 0.42973 0.294553 0.438919 0.29138 0.449189 0.318879 0.439459 0.321523
1 0.473514 0.311475 0.464324 0.315706 0.451351 0.287678 0.460541 0.284506
1 0.502703 0.281861 0.498919 0.270227 0.535676 0.259122 0.539459 0.26917
1 0.495676 0.56055 0.490811 0.563723 0.481081 0.545743 0.487568 0.543099
1 0.477838 0.568482 0.471892 0.570598 0.464865 0.554204 0.470811 0.552089
1 0.467027 0.571655 0.461081 0.57377 0.455135 0.556319 0.461081 0.554733
1 0.458378 0.574828 0.452973 0.576943 0.446486 0.559492 0.452973 0.557377
1 0.427568 0.575357 0.423243 0.576943 0.42 0.56954 0.423243 0.567425
1 0.438378 0.58276 0.432973 0.583818 0.428108 0.564252 0.434054 0.563194
1 0.446486 0.584347 0.452432 0.581174 0.464324 0.60074 0.457838 0.604442
1 0.437297 0.586991 0.446486 0.583818 0.453514 0.606029 0.444865 0.609201
1 0.432432 0.594395 0.438378 0.594923 0.438919 0.60973 0.432432 0.610259
1 0.428649 0.611846 0.419459 0.611846 0.418378 0.576415 0.428649 0.576415
1 0.561622 0.492332 0.555676 0.493919 0.54973 0.476467 0.554595 0.474352
1 0.552973 0.495505 0.547027 0.49762 0.539459 0.47964 0.545946 0.477525
1 0.542703 0.498149 0.536757 0.499736 0.530811 0.481756 0.537297 0.480698
1 0.535676 0.503437 0.529189 0.505024 0.522162 0.487044 0.528649 0.484929
1 0.548649 0.469593 0.542703 0.472237 0.536757 0.45743 0.543243 0.455315
1 0.541081 0.472766 0.535135 0.47541 0.528108 0.459545 0.534595 0.45743
1 0.532432 0.47541 0.526486 0.478054 0.52 0.462189 0.526486 0.460074
1 0.524324 0.478583 0.517838 0.480698 0.511351 0.465891 0.517838 0.463247
1 0.502703 0.46642 0.509189 0.464305 0.516216 0.481227 0.509189 0.4844
1 0.512973 0.489688 0.518378 0.487573 0.524324 0.503437 0.518919 0.506081
1 0.505946 0.490217 0.511351 0.489688 0.515676 0.50661 0.508649 0.507668
1 0.494595 0.495505 0.501622 0.492861 0.508108 0.508726 0.500541 0.51137
1 0.484324 0.566367 0.478919 0.567425 0.474054 0.548916 0.478919 0.547858
1 0.503243 0.558964 0.497297 0.56055 0.491351 0.543628 0.497297 0.542041
1 0.475676 0.500793 0.481081 0.498678 0.489189 0.514543 0.482703 0.516658
1 0.477838 0.57377 0.484324 0.571655 0.491351 0.592279 0.484865 0.594923
1 0.425405 0.674246 0.434595 0.673189 0.44 0.699101 0.42973 0.700687
1 0.489189 0.647805 0.482703 0.650978 0.474595 0.631941 0.481622 0.629825
1 0.477297 0.652036 0.471892 0.653094 0.465405 0.631412 0.472432 0.629297
1 0.469189 0.654151 0.463243 0.656795 0.455135 0.636171 0.462162 0.634056
1 0.457297 0.657853 0.450811 0.658382 0.447027 0.639873 0.453514 0.639344
1 0.434595 0.643046 0.444324 0.640402 0.449189 0.661555 0.441081 0.664728
1 0.44 0.664199 0.432973 0.666314 0.426486 0.646748 0.433514 0.643575
1 0.568649 0.566367 0.562162 0.568482 0.555135 0.548387 0.561622 0.545743
1 0.554595 0.52036 0.561622 0.519302 0.567027 0.536224 0.56 0.538868
1 0.556757 0.54257 0.551892 0.543628 0.545405 0.525648 0.551351 0.524061
1 0.54973 0.544157 0.544865 0.546801 0.536757 0.527763 0.542703 0.526177
1 0.539459 0.548387 0.534054 0.549974 0.528108 0.532522 0.534595 0.530936
1 0.544324 0.551031 0.551351 0.549445 0.558378 0.569011 0.551351 0.572184
1 0.536757 0.554204 0.542703 0.553146 0.548108 0.57377 0.541622 0.574828
1 0.532973 0.548916 0.528108 0.55156 0.518919 0.535695 0.524324 0.533051
1 0.520541 0.554733 0.515135 0.556319 0.510811 0.536224 0.517297 0.535695
1 0.514054 0.554204 0.508649 0.557377 0.5 0.540455 0.504865 0.537282
1 0.525946 0.558964 0.532973 0.557377 0.537297 0.574299 0.530811 0.575886
1 0.517838 0.562136 0.525405 0.56055 0.53027 0.57853 0.521622 0.580645
1 0.505946 0.564252 0.512432 0.562665 0.518378 0.580116 0.511892 0.581174
1 0.497297 0.567953 0.504324 0.565838 0.510811 0.586991 0.502703 0.588049
1 0.487568 0.496563 0.493514 0.496034 0.497297 0.512427 0.491892 0.514014
1 0.468108 0.505024 0.474595 0.50238 0.48 0.517187 0.473514 0.519302
1 0.54 0.257536 0.545946 0.256478 0.551351 0.268641 0.544865 0.271285
1 0.508108 0.39027 0.515676 0.388683 0.524324 0.413009 0.515135 0.415124
1 0.501622 0.420941 0.495676 0.423057 0.487027 0.400846 0.495135 0.398731
1 0.492432 0.423057 0.485405 0.425701 0.475676 0.402433 0.483243 0.39926
1 0.469189 0.405605 0.476216 0.402961 0.484324 0.42623 0.476757 0.429402
1 0.565946 0.334215 0.559459 0.336859 0.551351 0.315177 0.557838 0.313062
1 0.56973 0.302485 0.564865 0.304072 0.559459 0.289265 0.564865 0.287678
1 0.563243 0.30513 0.557297 0.307245 0.552432 0.29138 0.558378 0.289794
1 0.549189 0.308831 0.543784 0.311475 0.538919 0.297726 0.544324 0.295611
1 0.53027 0.296668 0.536216 0.294553 0.541622 0.310947 0.535135 0.313062
1 0.534054 0.313591 0.528108 0.315706 0.524324 0.301428 0.530811 0.30037
1 0.527568 0.316764 0.521081 0.31835 0.517297 0.304601 0.522703 0.303014
1 0.545405 0.343205 0.538378 0.345849 0.52973 0.322052 0.537838 0.319408
1 0.496757 0.312004 0.502162 0.310418 0.505946 0.322581 0.5 0.324696
1 0.514054 0.319937 0.508649 0.323638 0.502162 0.308831 0.508108 0.306187
1 0.509189 0.328926 0.516216 0.326282 0.527027 0.350608 0.518919 0.353252
1 0.5 0.332099 0.506486 0.329984 0.512973 0.351137 0.504865 0.353781
1 0.448649 0.369646 0.447568 0.375992 0.423243 0.371761 0.425405 0.364357
1 0.423784 0.360656 0.426486 0.351137 0.452432 0.359069 0.44973 0.36753
1 0.482703 0.307774 0.495676 0.307245 0.498919 0.35431 0.485946 0.354839
1 0.561622 0.250661 0.567568 0.249075 0.571892 0.263882 0.565946 0.265468
1 0.565946 0.266526 0.559459 0.26917 0.554595 0.254892 0.56 0.253305
1 0.548108 0.25542 0.552973 0.253305 0.557838 0.267583 0.552432 0.26917
1 0.514054 0.415653 0.505946 0.418826 0.496757 0.396087 0.504865 0.393443
1 0.438919 0.397144 0.435135 0.405605 0.413514 0.39926 0.415676 0.390799
1 0.455135 0.524061 0.454595 0.528821 0.445946 0.528821 0.445405 0.523533
1 0.442162 0.388683 0.438919 0.396616 0.416757 0.39027 0.419459 0.38128
1 0.458378 0.503966 0.465946 0.504495 0.467568 0.527234 0.458919 0.527234
1 0.490811 0.488102 0.485405 0.490746 0.478378 0.476467 0.484324 0.474352
1 0.47027 0.476996 0.476757 0.474881 0.482703 0.492332 0.476216 0.494447
1 0.460541 0.481227 0.468108 0.478054 0.474054 0.496034 0.466486 0.49762
1 0.463784 0.498149 0.458378 0.499736 0.454595 0.485457 0.46 0.4844
1 0.442162 0.489159 0.454595 0.489688 0.455676 0.524061 0.443243 0.523533
1 0.561081 0.405605 0.567027 0.404548 0.571892 0.419355 0.565405 0.420941
1 0.552432 0.408778 0.558919 0.407192 0.564324 0.424114 0.558378 0.425172
1 0.544324 0.411423 0.550811 0.409836 0.555676 0.42623 0.55027 0.428345
1 0.535135 0.414595 0.540541 0.41248 0.547568 0.427287 0.541622 0.429402
1 0.538378 0.429402 0.532432 0.431518 0.527568 0.417768 0.533514 0.415653
1 0.522703 0.437335 0.516216 0.438921 0.51027 0.422528 0.516757 0.420941
1 0.501081 0.426758 0.506486 0.424643 0.512973 0.438921 0.508108 0.441565
1 0.458378 0.406134 0.471351 0.406134 0.46973 0.451084 0.457297 0.450026
1 0.494054 0.43046 0.500541 0.428874 0.505405 0.442623 0.498378 0.444738
1 0.477297 0.434691 0.482703 0.432047 0.488649 0.44844 0.482162 0.450555
1 0.479459 0.454257 0.472973 0.453728 0.474054 0.438921 0.479459 0.438921
1 0.564324 0.395558 0.556757 0.398202 0.54973 0.377049 0.557838 0.375463
1 0.539459 0.379164 0.546486 0.37652 0.555135 0.401904 0.548108 0.404019
1 0.544865 0.406134 0.537297 0.40825 0.529189 0.387097 0.536757 0.384453
1 0.518378 0.388683 0.527027 0.386039 0.534595 0.409307 0.525405 0.411423
1 0.273514 0.556848 0.275676 0.563194 0.258378 0.568482 0.256216 0.561608
1 0.282703 0.344262 0.276757 0.343733 0.277297 0.329455 0.282703 0.328926
10 0.261081 0.317821 0.263784 0.322052 0.252973 0.328926 0.24973 0.324167
1 0.0113514 0.62348 0.00918919 0.61872 0.0172973 0.615019 0.0194595 0.619778
1 0.0551351 0.597039 0.0589189 0.607086 0.0313514 0.621364 0.0264865 0.613432
1 0.120541 0.599154 0.125405 0.606557 0.0994595 0.619249 0.0956757 0.611846
1 0.151351 0.590164 0.154595 0.595981 0.132432 0.608144 0.129189 0.602327
1 0.13027 0.601798 0.125946 0.595981 0.145405 0.584876 0.148649 0.590693
1 0.111892 0.581703 0.114595 0.588049 0.0908108 0.599683 0.0875676 0.593337
1 0.0848649 0.591222 0.08 0.582232 0.105946 0.571126 0.109189 0.579059
1 0.154054 0.568482 0.154595 0.562136 0.167568 0.563194 0.167027 0.569011
1 0.134595 0.565838 0.135676 0.561608 0.142703 0.563723 0.141622 0.567953
1 0.165405 0.552089 0.16973 0.552618 0.169189 0.562136 0.164865 0.562136
1 0.161081 0.551031 0.165946 0.55156 0.165405 0.561079 0.161081 0.561079
1 0.157297 0.551031 0.161622 0.55156 0.161081 0.561079 0.156757 0.56055
1 0.148649 0.55156 0.152973 0.55156 0.152432 0.561608 0.148108 0.561608
1 0.14 0.551031 0.144865 0.551031 0.143784 0.561079 0.138919 0.56055
1 0.111351 0.549974 0.114595 0.548916 0.116757 0.554733 0.112973 0.555791
1 0.108649 0.548916 0.111892 0.549445 0.111892 0.555791 0.108649 0.555791
1 0.105405 0.549445 0.108649 0.549445 0.109189 0.555791 0.106486 0.555791
1 0.00378378 0.562665 0.0113514 0.560021 0.0172973 0.579059 0.00918919 0.581174
1 0.012973 0.552089 0.0205405 0.55156 0.0227027 0.574299 0.0145946 0.575357
1 0.0345946 0.571126 0.027027 0.570598 0.0281081 0.548387 0.0356757 0.548916
1 0.0432432 0.566896 0.0362162 0.565838 0.0367568 0.544157 0.0448649 0.544157
1 0.0513514 0.564252 0.0437838 0.563194 0.0454054 0.540984 0.052973 0.541512
1 0.0372973 0.630883 0.0335135 0.622951 0.0578378 0.610788 0.0616216 0.61872
1 0.0264865 0.624008 0.0302703 0.633527 0.00432432 0.647277 0.000540541 0.636171
1 0.0664865 0.562665 0.0594595 0.56055 0.0659459 0.534109 0.0740541 0.535695
1 0.0421622 0.641988 0.0383784 0.633527 0.0627027 0.620836 0.067027 0.628768
1 0.0589189 0.71285 0.0627027 0.711264 0.0648649 0.716552 0.0616216 0.718667
1 0.0345946 0.727657 0.0389189 0.725542 0.0427027 0.732946 0.0383784 0.73559
1 0.0508108 0.718667 0.0545946 0.716552 0.06 0.725542 0.0551351 0.728186
1 0.104324 0.689053 0.107027 0.694342 0.0897297 0.705447 0.0864865 0.699101
1 0.0627027 0.692226 0.0686486 0.702803 0.04 0.719725 0.0335135 0.709677
1 0.0967568 0.678477 0.100541 0.687996 0.0740541 0.700687 0.0697297 0.692226
1 0.0924324 0.664728 0.0978378 0.674775 0.0681081 0.689582 0.0632432 0.681121
1 0.0567568 0.681121 0.0610811 0.690111 0.0302703 0.707033 0.0243243 0.697515
1 0.0843243 0.659439 0.0875676 0.667372 0.0643243 0.680592 0.0589189 0.673189
1 0.08 0.648863 0.0848649 0.657324 0.0578378 0.670545 0.0524324 0.661026
1 0.0172973 0.682708 0.0145946 0.673189 0.0448649 0.658382 0.0491892 0.667372
1 0.146486 0.64569 0.14973 0.653094 0.125405 0.664728 0.121081 0.656795
1 0.141081 0.636171 0.145405 0.643575 0.118919 0.657324 0.114595 0.649921
1 0.158919 0.626124 0.160541 0.630883 0.151351 0.634585 0.149189 0.629297
1 0.135135 0.627181 0.139459 0.634056 0.112973 0.648863 0.109189 0.640402
1 0.145405 0.629825 0.142162 0.62348 0.163243 0.613432 0.165946 0.619249
1 0.141622 0.622422 0.137297 0.617134 0.153514 0.608673 0.156216 0.613961
1 0.131892 0.619778 0.135676 0.626653 0.111892 0.638815 0.108108 0.630354
1 0.0140541 0.670545 0.00918919 0.659439 0.0356757 0.648334 0.04 0.657853
1 0.00540541 0.661026 0.00108108 0.651507 0.0340541 0.635643 0.0383784 0.646219
1 0.047027 0.651507 0.0432432 0.643046 0.0681081 0.630883 0.0718919 0.638287
1 0.0583784 0.562136 0.0513514 0.56055 0.0572973 0.536224 0.0643243 0.53834
1 0.0821622 0.56055 0.0740541 0.560021 0.0745946 0.534109 0.0832432 0.534638
1 0.0654054 0.717081 0.0691892 0.715494 0.0713514 0.720254 0.0681081 0.72184
10 0.156757 0.406134 0.159459 0.400846 0.169189 0.406134 0.166486 0.410894
10 0.102162 0.402961 0.0989189 0.39926 0.109189 0.392385 0.111351 0.396087
10 0.0416216 0.393443 0.0475676 0.391327 0.0513514 0.400317 0.0459459 0.402433
9 0.0827027 0.419355 0.0772973 0.413538 0.0913514 0.401904 0.0962162 0.407192
7 0.337297 0.955579 0.359459 0.902168 0.416757 0.925965 0.394054 0.980434
14 0.451892 0.97303 0.460541 0.971444 0.463784 0.991539 0.455135 0.993654
7 0.237297 0.930724 0.247568 0.972501 0.211892 0.980434 0.201081 0.936542
7 0.215135 0.841354 0.234595 0.899524 0.189189 0.918033 0.164324 0.859334
7 0.000540541 0.809096 0.052973 0.80698 0.0545946 0.866208 0.00162162 0.86991
7 0.469189 0.275516 0.480541 0.309889 0.377297 0.34532 0.363243 0.310418
7 0.243784 0.761502 0.195676 0.744051 0.253514 0.560021 0.299459 0.572713
7 0.211351 0.655209 0.177297 0.646748 0.202703 0.570069 0.233514 0.579588
7 0.211351 0.705447 0.125405 0.74881 0.0454054 0.597567 0.130811 0.554733
7 0.103243 0.69064 0.0383784 0.723956 0.000540541 0.649921 0.0627027 0.616605
7 0.322703 0.765204 0.267027 0.746695 0.327568 0.550502 0.384324 0.567425
7 0.418378 0.80698 0.398378 0.751983 0.734054 0.640402 0.755676 0.700159
7 0.417838 0.808038 0.376216 0.822845 0.356216 0.766261 0.396216 0.752512
7 0.397838 0.712322 0.380541 0.661026 0.907027 0.487044 0.924865 0.541512
7 0.428108 0.612903 0.412973 0.571655 0.906486 0.407192 0.923784 0.447911
7 0.455676 0.527234 0.442162 0.488102 0.887027 0.342147 0.897838 0.380222
7 0.47027 0.454257 0.452973 0.41248 0.862703 0.274987 0.876757 0.318879
7 0.512973 0.351666 0.499459 0.310418 0.833514 0.200423 0.847568 0.241142
9 0.0875676 0.43046 0.0837838 0.424643 0.102162 0.410365 0.106486 0.415124
10 0.12 0.427816 0.122703 0.423057 0.132973 0.428874 0.13027 0.432575
10 0.0572973 0.53358 0.0535135 0.537811 0.0443243 0.531465 0.0491892 0.526705
10 0.138378 0.424643 0.135676 0.428874 0.125405 0.424114 0.127568 0.419355
10 0.0372973 0.539926 0.0340541 0.544685 0.0248649 0.538868 0.0275676 0.534109
10 0.00108108 0.521946 0.00432432 0.518244 0.0124324 0.524061 0.00972973 0.527763
10 0.00432432 0.517187 0.00594595 0.512427 0.0162162 0.516658 0.0140541 0.520888
10 0.00972973 0.510841 0.012973 0.506081 0.0216216 0.51137 0.0178378 0.516658
1 0.133514 0.464305 0.137838 0.465891 0.134595 0.475939 0.12973 0.474352
10 0.107027 0.482285 0.112973 0.481756 0.114595 0.49339 0.108649 0.494447
10 0.0972973 0.491803 0.103243 0.491803 0.103784 0.503437 0.0978378 0.503966
10 0.0908108 0.494447 0.0962162 0.494447 0.0967568 0.505024 0.0913514 0.505024
10 0.0740541 0.505024 0.0794595 0.505024 0.08 0.516129 0.0745946 0.516129
10 0.0848649 0.498149 0.0902703 0.49762 0.0913514 0.508726 0.0854054 0.509783
10 0.0767568 0.503437 0.0724324 0.503437 0.0713514 0.492861 0.0767568 0.492861
10 0.0713514 0.507668 0.067027 0.507668 0.0664865 0.497091 0.0713514 0.49762
10 0.0605405 0.500793 0.0659459 0.500793 0.0659459 0.512956 0.0610811 0.512956
10 0.0421622 0.483871 0.0443243 0.478583 0.0545946 0.482285 0.0518919 0.487573
10 0.0594595 0.463776 0.0621622 0.458488 0.0756757 0.466949 0.072973 0.471708
10 0.067027 0.460603 0.0691892 0.455315 0.08 0.462189 0.0772973 0.46642
10 0.0718919 0.456372 0.0751351 0.451613 0.087027 0.457959 0.0843243 0.462718
10 0.0913514 0.454257 0.0886486 0.459016 0.0783784 0.453728 0.0810811 0.44844
10 0.1 0.446325 0.0983784 0.450555 0.0891892 0.445796 0.0918919 0.441565
9 0.0227027 0.460074 0.0189189 0.454257 0.0345946 0.442094 0.0389189 0.446854
10 0.0443243 0.439979 0.0410811 0.435219 0.0518919 0.427287 0.0545946 0.431518
1 0.0810811 0.708091 0.0843243 0.705447 0.0875676 0.710206 0.0843243 0.712322
1 0.150811 0.720783 0.153514 0.728715 0.124865 0.742464 0.120541 0.733474
1 0.269189 0.351137 0.263784 0.350608 0.264865 0.337388 0.27027 0.337388
1 0.177297 0.460074 0.174595 0.462718 0.167027 0.455843 0.16973 0.452671
10 0.241622 0.483871 0.236216 0.484929 0.233514 0.47541 0.238378 0.474881
10 0.233514 0.493919 0.229189 0.494976 0.228108 0.4844 0.232432 0.4844
10 0.227568 0.496563 0.222703 0.498149 0.221081 0.486515 0.225946 0.485457
10 0.215135 0.500264 0.210811 0.499207 0.213514 0.487573 0.217838 0.489159
10 0.208649 0.500264 0.203243 0.499207 0.205405 0.489159 0.210811 0.490217
1 0.271892 0.57853 0.271892 0.583818 0.255135 0.583818 0.254595 0.577472
1 0.268649 0.585933 0.268108 0.592279 0.25027 0.590164 0.251351 0.583818
1 0.267027 0.595452 0.265946 0.601269 0.24973 0.598625 0.250811 0.59175
1 0.227568 0.572713 0.227027 0.565309 0.245946 0.566367 0.245405 0.572713
1 0.171892 0.552618 0.175676 0.55156 0.178919 0.561608 0.174054 0.563194
1 0.18973 0.558435 0.19027 0.554204 0.199459 0.556319 0.198378 0.561079
1 0.177838 0.567425 0.179459 0.560021 0.202703 0.565309 0.200541 0.573242
1 0.217838 0.57377 0.217838 0.580116 0.2 0.578001 0.2 0.571655
1 0.225405 0.573242 0.233514 0.575357 0.227568 0.601798 0.218378 0.598625
1 0.214595 0.583289 0.212973 0.589635 0.196216 0.586991 0.197297 0.579588
1 0.212973 0.590164 0.211892 0.59651 0.190811 0.593337 0.192432 0.585933
1 0.245405 0.604971 0.246486 0.598096 0.264324 0.602327 0.262703 0.609201
1 0.262162 0.610788 0.260541 0.615547 0.247568 0.612374 0.248649 0.607086
1 0.260541 0.616605 0.258919 0.62348 0.242703 0.619778 0.244324 0.612903
1 0.224865 0.607615 0.224324 0.602327 0.230811 0.601798 0.231351 0.606557
1 0.22 0.626653 0.20973 0.624008 0.216216 0.60074 0.226486 0.604442
1 0.178919 0.459545 0.174595 0.460603 0.171892 0.450555 0.176216 0.450026
1 0.17027 0.446325 0.173514 0.449498 0.167568 0.457959 0.163243 0.454786
1 0.262162 0.630354 0.264324 0.622422 0.283784 0.629297 0.281622 0.636171
10 0.226486 0.463247 0.223784 0.468006 0.214595 0.462189 0.217297 0.458488
10 0.245405 0.349551 0.25027 0.350079 0.25027 0.360656 0.244865 0.360656
10 0.278378 0.377049 0.274054 0.377049 0.272973 0.365944 0.277838 0.366473
10 0.271892 0.380751 0.267027 0.380222 0.267027 0.369117 0.271351 0.369646
10 0.260541 0.37229 0.265946 0.372819 0.265946 0.383924 0.260541 0.383395
10 0.274054 0.379693 0.28 0.380222 0.280541 0.392385 0.275135 0.391856
10 0.263243 0.386039 0.268108 0.386568 0.267568 0.396087 0.262703 0.396616
10 0.254595 0.37652 0.259459 0.377049 0.259459 0.388154 0.254595 0.388154
10 0.235676 0.404019 0.241081 0.404019 0.242703 0.415124 0.237297 0.415653
10 0.191892 0.382866 0.195676 0.379164 0.201622 0.384981 0.198919 0.388154
10 0.200541 0.352195 0.202703 0.356425 0.194054 0.362242 0.191351 0.358012
10 0.164865 0.3633 0.162703 0.35854 0.171892 0.353781 0.173514 0.35854
10 0.18 0.391327 0.183243 0.387097 0.191892 0.392385 0.189189 0.396616
10 0.175135 0.395558 0.177297 0.391327 0.185405 0.395558 0.183243 0.399788
10 0.167027 0.397673 0.17027 0.392914 0.179459 0.39926 0.175676 0.40349
10 0.208108 0.406134 0.214054 0.406134 0.214595 0.416182 0.209189 0.416711
10 0.234595 0.421999 0.229189 0.42147 0.228649 0.409836 0.234054 0.410365
10 0.232973 0.445796 0.230811 0.448969 0.222162 0.443681 0.224324 0.439979
10 0.227568 0.447911 0.225405 0.452142 0.216216 0.447382 0.218378 0.442623
10 0.244865 0.453199 0.242162 0.456901 0.232973 0.450555 0.235135 0.446325
10 0.238919 0.456372 0.236757 0.460603 0.227568 0.455315 0.22973 0.451084
10 0.232432 0.461132 0.22973 0.464833 0.221081 0.459016 0.223784 0.454786
1 0.208108 0.606557 0.206486 0.613432 0.18973 0.609201 0.191351 0.602327
1 0.256216 0.63247 0.254054 0.638815 0.238378 0.634585 0.239459 0.62771
1 0.117297 0.736118 0.121622 0.734532 0.124324 0.741935 0.12 0.743522
1 0.307027 0.705976 0.306486 0.71285 0.284865 0.708091 0.285946 0.700687
1 0.238919 0.689582 0.237838 0.681121 0.264865 0.682708 0.264865 0.69064
1 0.302162 0.720254 0.302162 0.727129 0.278378 0.726071 0.278378 0.71761
1 0.279459 0.732946 0.279459 0.726071 0.3 0.728186 0.3 0.735061
1 0.275676 0.739291 0.277838 0.731888 0.298919 0.738234 0.296216 0.745637
1 0.164865 0.701745 0.161622 0.695928 0.176757 0.687996 0.18 0.693813
1 0.22973 0.686938 0.22973 0.693813 0.21027 0.691698 0.21027 0.684823
1 0.163243 0.71285 0.160541 0.704918 0.177838 0.697515 0.181081 0.70386
1 0.236216 0.696457 0.238919 0.687996 0.260541 0.693813 0.258919 0.701745
1 0.233514 0.704918 0.235676 0.696986 0.260541 0.704389 0.257838 0.713379
1 0.226486 0.701745 0.225946 0.70862 0.205405 0.707562 0.205946 0.69963
1 0.162162 0.723427 0.158919 0.717081 0.176216 0.70862 0.178378 0.714437
1 0.296216 0.744051 0.296216 0.749868 0.276757 0.748281 0.277297 0.741407
1 0.232432 0.71761 0.236216 0.709149 0.255135 0.716023 0.251351 0.725013
1 0.225946 0.728715 0.228649 0.719196 0.252432 0.725542 0.25027 0.735061
1 0.220541 0.7266 0.220541 0.734003 0.2 0.733474 0.2 0.726071
1 0.216216 0.734532 0.216216 0.741935 0.195135 0.742464 0.195135 0.734532
1 0.177297 0.720783 0.18 0.726071 0.164865 0.736118 0.161081 0.730301
1 0.222162 0.75357 0.223243 0.74458 0.248108 0.747753 0.247027 0.756742
1 0.197297 0.751454 0.198378 0.74458 0.219459 0.745637 0.219459 0.751983
1 0.0210811 0.817557 0.0205405 0.823903 0.00162162 0.825489 0.00108108 0.818086
1 0.127027 0.763088 0.119459 0.753041 0.158378 0.731359 0.163784 0.741407
1 0.282703 0.714966 0.284324 0.708091 0.305405 0.713908 0.303784 0.720254
1 0.165405 0.694342 0.161622 0.688525 0.179459 0.677948 0.182703 0.683236
1 0.203784 0.61449 0.202162 0.620307 0.185946 0.615547 0.187568 0.609201
1 0.284865 0.699101 0.285946 0.691169 0.308649 0.69487 0.307568 0.703332
1 0.201622 0.622422 0.2 0.628239 0.185946 0.624537 0.187568 0.618191
1 0.260541 0.641988 0.260541 0.634585 0.281622 0.636171 0.281081 0.644104
1 0.253514 0.640402 0.252432 0.646748 0.237297 0.641988 0.239459 0.636171
1 0.24973 0.647805 0.248649 0.654151 0.233514 0.649921 0.235135 0.643046
1 0.256757 0.648863 0.258378 0.64146 0.278919 0.647805 0.277297 0.65468
1 0.255135 0.657853 0.256216 0.650978 0.276757 0.655209 0.276216 0.662084
1 0.24973 0.655738 0.248649 0.662612 0.232432 0.659968 0.233514 0.652565
1 0.218919 0.647277 0.211351 0.649392 0.205946 0.628768 0.214054 0.627181
1 0.196757 0.630354 0.206486 0.629825 0.208108 0.654151 0.197838 0.655209
1 0.171892 0.629825 0.174054 0.636171 0.152973 0.645161 0.14973 0.638287
1 0.172432 0.636171 0.176216 0.641988 0.157838 0.651507 0.153514 0.645161
1 0.161081 0.659968 0.157297 0.652565 0.175135 0.645161 0.177838 0.651507
1 0.179459 0.649921 0.182703 0.655738 0.165405 0.665785 0.161622 0.660497
1 0.169189 0.673189 0.165405 0.667372 0.181081 0.659439 0.184324 0.665256
1 0.151351 0.654151 0.155135 0.662612 0.129189 0.676362 0.124865 0.667901
1 0.137297 0.682708 0.132973 0.675304 0.156216 0.662612 0.160541 0.670016
1 0.251892 0.666843 0.253514 0.659439 0.272973 0.66367 0.271892 0.671074
1 0.166486 0.683236 0.163243 0.676891 0.177838 0.668958 0.181081 0.674775
1 0.249189 0.678477 0.249189 0.672131 0.268108 0.67266 0.268108 0.679535
1 0.243784 0.669487 0.243243 0.676891 0.218378 0.675304 0.218378 0.666843
1 0.289189 0.691698 0.290811 0.684823 0.31027 0.690111 0.309189 0.696457
1 0.455135 0.664728 0.463243 0.662084 0.471351 0.682708 0.463243 0.685352
1 0.467027 0.661026 0.476757 0.658382 0.483243 0.685352 0.474054 0.687996
1 0.495135 0.680592 0.487027 0.683236 0.477297 0.656795 0.485946 0.654151
1 0.821622 0.289265 0.828108 0.286621 0.836757 0.308302 0.829189 0.312004
1 0.768649 0.303014 0.777838 0.300899 0.784865 0.325754 0.776757 0.328398
1 0.774054 0.329984 0.766486 0.332628 0.76 0.313062 0.767027 0.310418
1 0.763784 0.334215 0.757297 0.33633 0.748108 0.312004 0.755135 0.308831
1 0.736216 0.314648 0.743784 0.312004 0.753514 0.334215 0.743784 0.337388
1 0.743784 0.339503 0.736216 0.342676 0.728108 0.319937 0.735135 0.317821
1 0.731351 0.343733 0.724324 0.345849 0.717838 0.320465 0.725946 0.318879
1 0.804324 0.326282 0.808649 0.324167 0.815676 0.337916 0.81027 0.340561
1 0.798378 0.32734 0.804324 0.326811 0.807568 0.342147 0.801081 0.342676
1 0.788649 0.334215 0.794054 0.332099 0.799459 0.344262 0.792973 0.346378
1 0.78 0.334744 0.786486 0.332628 0.791892 0.346378 0.785405 0.347964
1 0.762703 0.338974 0.768649 0.336859 0.774054 0.353252 0.768108 0.354839
1 0.753514 0.342147 0.76 0.340032 0.767027 0.356425 0.760541 0.359598
1 0.747027 0.344791 0.751892 0.343205 0.757297 0.356425 0.75027 0.35854
1 0.74973 0.361713 0.743243 0.364357 0.737838 0.347964 0.744324 0.345849
1 0.728108 0.350079 0.735135 0.347964 0.741622 0.365415 0.733514 0.36753
1 0.72 0.353252 0.727027 0.351137 0.733514 0.36753 0.727568 0.370175
1 0.838919 0.355896 0.844865 0.354839 0.84973 0.370703 0.843243 0.37229
1 0.82973 0.358012 0.836216 0.356425 0.842162 0.372819 0.835135 0.374934
1 0.833514 0.375992 0.828649 0.378107 0.821622 0.361185 0.826486 0.359598
1 0.838919 0.379693 0.845405 0.378107 0.851892 0.3945 0.846486 0.397144
1 0.83027 0.382337 0.836216 0.380222 0.843784 0.400317 0.836216 0.401904
1 0.794595 0.322581 0.787568 0.325225 0.781081 0.306187 0.788108 0.303543
1 0.832973 0.284506 0.840541 0.28239 0.846486 0.30037 0.838919 0.302485
1 0.815676 0.381809 0.80973 0.382866 0.804865 0.367002 0.810811 0.365415
1 0.814595 0.322052 0.819459 0.320465 0.824324 0.333686 0.817838 0.335272
1 0.892432 0.590164 0.885405 0.595981 0.871892 0.580116 0.878378 0.574828
1 0.881081 0.599154 0.875676 0.602856 0.862703 0.586462 0.868108 0.58276
1 0.870811 0.604442 0.865946 0.609201 0.853514 0.595981 0.858378 0.59175
9 0.958378 0.638287 0.952432 0.637229 0.954054 0.619249 0.961081 0.619778
1 0.887568 0.662612 0.889189 0.654151 0.913514 0.657853 0.912973 0.666843
1 0.888108 0.675833 0.889189 0.667901 0.912973 0.671602 0.911892 0.679535
1 0.883243 0.696986 0.890811 0.693813 0.900541 0.710206 0.893514 0.714437
1 0.768649 0.236912 0.763243 0.239027 0.757838 0.225278 0.763784 0.222634
1 0.760541 0.239027 0.755135 0.241142 0.751351 0.226864 0.756216 0.225278
1 0.753514 0.238498 0.748108 0.240613 0.742703 0.228451 0.748649 0.226335
1 0.732973 0.248017 0.726486 0.250661 0.721622 0.235325 0.727568 0.23321
1 0.725946 0.25119 0.72 0.253305 0.714595 0.237969 0.721622 0.236383
1 0.781081 0.238498 0.788108 0.236383 0.795676 0.259651 0.788108 0.261766
1 0.770811 0.241671 0.777297 0.239556 0.785405 0.261237 0.776757 0.263353
1 0.765405 0.269699 0.758378 0.272343 0.74973 0.249075 0.756757 0.24643
1 0.737297 0.252776 0.744865 0.250132 0.752432 0.267054 0.744865 0.270227
1 0.729189 0.25542 0.737838 0.253305 0.744324 0.274987 0.735676 0.277631
1 0.717297 0.261766 0.723784 0.259122 0.734595 0.278689 0.728108 0.282919
1 0.838919 0.314648 0.844324 0.313062 0.850811 0.327869 0.844324 0.329984
1 0.830811 0.316235 0.836216 0.315177 0.843243 0.332099 0.836216 0.333686
1 0.832973 0.334215 0.828108 0.335801 0.822703 0.320994 0.828108 0.319408
1 0.824865 0.379164 0.818919 0.38128 0.812973 0.364886 0.818919 0.3633
1 0.808108 0.382337 0.802162 0.384453 0.796757 0.370175 0.802162 0.368059
1 0.911892 0.568482 0.905946 0.573242 0.894054 0.56055 0.899459 0.555791
1 0.808108 0.437335 0.815135 0.435219 0.821622 0.454786 0.814054 0.456901
1 0.803243 0.460603 0.798378 0.462189 0.790811 0.445267 0.796216 0.442623
1 0.794054 0.463247 0.787568 0.465362 0.781622 0.447382 0.789189 0.445267
1 0.784865 0.46642 0.778378 0.468535 0.771892 0.450026 0.778919 0.447911
1 0.776216 0.469593 0.769189 0.471708 0.763243 0.452671 0.77027 0.450555
1 0.765946 0.468006 0.760541 0.470122 0.753514 0.456372 0.76 0.454257
1 0.744865 0.459016 0.751892 0.45743 0.756757 0.474352 0.74973 0.476996
1 0.74973 0.478054 0.743243 0.480169 0.736757 0.462718 0.742162 0.461132
1 0.725946 0.465891 0.733514 0.463776 0.74 0.480698 0.732973 0.483871
1 0.730811 0.4844 0.724865 0.486515 0.718919 0.470122 0.724865 0.468006
1 0.721622 0.487573 0.715135 0.489159 0.708649 0.471708 0.715135 0.469064
1 0.768108 0.478054 0.774054 0.475939 0.780541 0.493919 0.772973 0.496034
1 0.771351 0.499207 0.764324 0.501322 0.757838 0.481227 0.764324 0.479112
1 0.749189 0.483871 0.755135 0.482285 0.761081 0.502909 0.754054 0.504495
1 0.737838 0.489688 0.744324 0.488102 0.751351 0.505024 0.744324 0.508197
1 0.743243 0.509783 0.736216 0.512956 0.727568 0.491274 0.735135 0.48863
1 0.718378 0.493919 0.725405 0.491803 0.735135 0.514014 0.727027 0.517715
1 0.724324 0.515071 0.716757 0.517187 0.708649 0.49762 0.716757 0.494976
1 0.831351 0.509254 0.838378 0.507668 0.845946 0.529878 0.838919 0.531994
1 0.836757 0.531994 0.829189 0.534638 0.821081 0.513485 0.828108 0.51137
1 0.84 0.545214 0.845405 0.542041 0.851892 0.554733 0.845405 0.557377
1 0.844865 0.564781 0.837297 0.566896 0.82973 0.543099 0.837297 0.540984
1 0.799459 0.440508 0.805946 0.438921 0.811892 0.45743 0.805405 0.459545
1 0.829189 0.451613 0.823784 0.453728 0.817297 0.435219 0.823243 0.433633
1 0.799459 0.387097 0.792973 0.389212 0.788108 0.373876 0.794054 0.371761
1 0.808649 0.487044 0.801622 0.48863 0.796757 0.472237 0.802703 0.470122
1 0.782703 0.389741 0.776757 0.392385 0.771351 0.379164 0.777838 0.377049
1 0.768108 0.398731 0.760541 0.400846 0.754054 0.384453 0.760541 0.381809
1 0.736757 0.386568 0.743784 0.384453 0.749189 0.402961 0.741622 0.404548
1 0.73027 0.390799 0.736757 0.389212 0.741622 0.407192 0.734054 0.40825
1 0.720541 0.396087 0.727568 0.3945 0.733514 0.409307 0.726486 0.411951
1 0.710811 0.396087 0.718378 0.393971 0.725405 0.411951 0.718378 0.414067
1 0.811351 0.388683 0.818919 0.387626 0.825946 0.407721 0.816757 0.409307
1 0.816216 0.40825 0.809189 0.410365 0.802703 0.391856 0.808649 0.389741
1 0.798378 0.415124 0.790811 0.418297 0.783243 0.398731 0.79027 0.396087
1 0.765946 0.406663 0.770811 0.40349 0.78 0.418826 0.774054 0.422528
1 0.757838 0.406663 0.764324 0.405077 0.76973 0.420412 0.762162 0.421999
1 0.745946 0.410365 0.752432 0.407721 0.761081 0.423585 0.754595 0.427287
1 0.738919 0.413538 0.747027 0.411423 0.753514 0.428874 0.744324 0.432047
1 0.734054 0.434691 0.726486 0.437335 0.721081 0.419355 0.727568 0.416711
1 0.724324 0.439979 0.718378 0.442094 0.711892 0.424643 0.717297 0.422528
1 0.715676 0.43945 0.709189 0.442094 0.703243 0.425172 0.709189 0.422528
1 0.846486 0.445796 0.841081 0.447911 0.836757 0.43046 0.842703 0.429402
1 0.834054 0.456901 0.840541 0.454257 0.848649 0.473295 0.842162 0.476467
1 0.825946 0.460074 0.831892 0.458488 0.838378 0.475939 0.831892 0.477525
1 0.814595 0.462718 0.821081 0.460074 0.82973 0.478583 0.822703 0.481756
1 0.807027 0.464305 0.814595 0.463247 0.819459 0.482813 0.811351 0.484929
1 0.901622 0.577472 0.896216 0.582232 0.882162 0.567953 0.887568 0.563194
1 0.977297 0.558435 0.976216 0.564781 0.94973 0.563194 0.949189 0.555791
1 0.817297 0.53834 0.810811 0.540455 0.803784 0.521946 0.81027 0.519302
10 0.957838 0.161819 0.952432 0.162348 0.949189 0.149656 0.954595 0.148599
1 0.938919 0.115812 0.941622 0.121629 0.926486 0.13009 0.923243 0.124802
1 0.963243 0.0877842 0.962162 0.0936013 0.947027 0.0920148 0.948108 0.0861978
1 0.816757 0.168694 0.822162 0.167636 0.827027 0.181386 0.821081 0.182972
1 0.808649 0.169223 0.815135 0.167636 0.82 0.180857 0.814595 0.182972
1 0.813514 0.184558 0.807568 0.186674 0.801622 0.171867 0.807568 0.169751
1 0.795135 0.173982 0.8 0.172924 0.804324 0.185087 0.8 0.186145
1 0.788649 0.176626 0.793514 0.174511 0.798378 0.186674 0.792973 0.189318
1 0.791892 0.190904 0.785946 0.19302 0.781081 0.17927 0.785946 0.176626
1 0.774054 0.181386 0.780541 0.17927 0.784324 0.192491 0.777838 0.194077
1 0.765946 0.183501 0.771892 0.181914 0.776757 0.195664 0.771351 0.19725
1 0.758919 0.185616 0.764865 0.183501 0.77027 0.198308 0.763243 0.200423
1 0.751892 0.187731 0.757838 0.186145 0.762162 0.199894 0.756757 0.20201
1 0.744865 0.190375 0.751351 0.18826 0.756216 0.201481 0.74973 0.204125
1 0.731351 0.194606 0.736757 0.192491 0.741081 0.205182 0.735676 0.207298
1 0.821081 0.202538 0.827027 0.200423 0.831892 0.21523 0.825405 0.217345
1 0.817838 0.220518 0.812432 0.222105 0.806486 0.206769 0.812432 0.204654
1 0.811351 0.222105 0.804865 0.225278 0.798919 0.210999 0.804865 0.208355
1 0.796757 0.227393 0.790811 0.228979 0.786486 0.216288 0.792432 0.214172
1 0.789189 0.228979 0.783784 0.231623 0.778378 0.217345 0.784324 0.21523
1 0.783243 0.231623 0.777297 0.233739 0.771892 0.221047 0.777297 0.218403
1 0.865405 0.247488 0.857297 0.250132 0.850811 0.231095 0.857838 0.228451
1 0.892973 0.127975 0.895135 0.133263 0.879459 0.13908 0.877297 0.133792
10 0.970811 0.17028 0.96973 0.163934 0.984324 0.161819 0.984324 0.167636
1 0.838919 0.244844 0.83027 0.248546 0.822162 0.224749 0.829189 0.222634
10 0.934054 0.180328 0.928649 0.181914 0.924324 0.171338 0.929189 0.169223
1 0.233514 0.889476 0.226486 0.891592 0.220541 0.875727 0.225946 0.873083
1 0.254595 0.971973 0.246486 0.974088 0.242162 0.951877 0.25027 0.950291
1 0.235676 0.926494 0.241622 0.925436 0.247027 0.94183 0.24 0.944474
10 0.92973 0.351666 0.925946 0.349022 0.934054 0.338974 0.937297 0.342147
10 0.927027 0.346378 0.923243 0.344262 0.930811 0.333686 0.935135 0.33633
10 0.925405 0.337916 0.921622 0.334744 0.928108 0.326282 0.931892 0.328926
10 0.922703 0.332628 0.917838 0.329984 0.925946 0.320465 0.92973 0.323638
10 0.918919 0.32734 0.915676 0.323638 0.923784 0.31412 0.927568 0.316764
10 0.904865 0.294553 0.903243 0.289265 0.917297 0.285034 0.918378 0.289794
10 0.902703 0.28715 0.902162 0.282919 0.911892 0.279217 0.913514 0.283448
10 0.955135 0.248546 0.956216 0.252776 0.946486 0.255949 0.944865 0.25119
10 0.942703 0.244315 0.940541 0.240085 0.951892 0.235325 0.953514 0.238498
10 0.891351 0.252776 0.892432 0.248017 0.903243 0.250132 0.902162 0.254892
10 0.981081 0.225278 0.976216 0.226864 0.972432 0.216288 0.976757 0.214701
10 0.941622 0.232152 0.939459 0.227393 0.949189 0.223691 0.95027 0.228451
10 0.943784 0.213115 0.945946 0.218403 0.932973 0.223162 0.930811 0.217874
10 0.985946 0.220518 0.981081 0.222105 0.977297 0.210999 0.981622 0.209942
10 0.994054 0.207298 0.989189 0.208355 0.986486 0.197779 0.990811 0.196721
10 0.932973 0.209413 0.930811 0.204654 0.944324 0.198837 0.946486 0.203067
10 0.975676 0.18826 0.976216 0.192491 0.965405 0.195664 0.963243 0.190375
10 0.931892 0.20201 0.92973 0.197779 0.941081 0.192491 0.942703 0.196721
1 0.834595 0.221576 0.841622 0.219461 0.847568 0.241142 0.84 0.243258
1 0.827568 0.248017 0.82 0.250661 0.812432 0.228451 0.82 0.225806
1 0.850811 0.534638 0.856757 0.533051 0.862162 0.549974 0.855676 0.552089
1 0.884324 0.433104 0.878919 0.435748 0.871892 0.41724 0.877838 0.415653
1 0.852432 0.422528 0.859459 0.419884 0.866486 0.438921 0.859459 0.441565
1 0.857838 0.442094 0.851892 0.444738 0.844324 0.42623 0.850811 0.424114
1 0.930811 0.426758 0.932973 0.436806 0.897838 0.445796 0.895676 0.436806
1 0.898378 0.44844 0.905405 0.446854 0.908649 0.458488 0.902162 0.460603
1 0.898378 0.456901 0.890811 0.460074 0.882162 0.440508 0.889189 0.437864
1 0.863243 0.445796 0.870811 0.443681 0.877838 0.462189 0.87027 0.464305
1 0.853514 0.450555 0.861081 0.448969 0.865946 0.466949 0.86 0.469064
1 0.965405 0.519831 0.958378 0.519302 0.958919 0.505553 0.964865 0.505553
1 0.906486 0.467478 0.916757 0.465362 0.928649 0.504495 0.918919 0.507139
1 0.89027 0.492861 0.897297 0.490746 0.902703 0.50661 0.894595 0.508726
1 0.880541 0.492861 0.888649 0.490746 0.894054 0.512956 0.886486 0.515071
1 0.883243 0.517187 0.876757 0.518773 0.872432 0.498678 0.879459 0.497091
1 0.861622 0.501322 0.868649 0.499207 0.875135 0.518244 0.867568 0.52036
1 0.840541 0.503437 0.847568 0.501322 0.855676 0.525119 0.847568 0.527763
1 0.955676 0.527234 0.94973 0.526705 0.951351 0.512427 0.956757 0.512956
1 0.903784 0.531994 0.898919 0.533051 0.895135 0.518773 0.899459 0.517715
1 0.885946 0.523004 0.891892 0.52036 0.897838 0.535167 0.891351 0.537282
1 0.868649 0.527763 0.874595 0.525648 0.882162 0.543628 0.874054 0.546272
1 0.872973 0.549445 0.865946 0.552618 0.858919 0.534638 0.864865 0.531994
1 0.939459 0.546801 0.932432 0.546801 0.932973 0.528292 0.939459 0.528292
1 0.93027 0.553675 0.923784 0.553146 0.925405 0.535167 0.931892 0.535167
1 0.875676 0.435219 0.86973 0.437335 0.863243 0.419884 0.86973 0.417768
1 0.894595 0.429931 0.889189 0.432575 0.882162 0.414067 0.887568 0.411951
1 0.791892 0.236383 0.798919 0.233739 0.806486 0.254892 0.798378 0.257007
1 0.897838 0.40349 0.904324 0.401375 0.912432 0.423057 0.904865 0.425172
1 0.84973 0.274987 0.857838 0.271814 0.865946 0.294553 0.857838 0.297197
1 0.858378 0.300899 0.850811 0.304072 0.842703 0.28239 0.84973 0.279746
1 0.874595 0.299313 0.88 0.297197 0.884865 0.308831 0.879459 0.310418
1 0.863784 0.30513 0.86973 0.303014 0.874595 0.317292 0.868649 0.319408
1 0.855135 0.308831 0.861622 0.306716 0.867027 0.322052 0.860541 0.324167
1 0.848649 0.311475 0.855135 0.310418 0.858919 0.324167 0.851892 0.326282
1 0.900541 0.349551 0.894595 0.352195 0.887027 0.334744 0.892973 0.332099
1 0.891892 0.356425 0.884865 0.359069 0.877297 0.337388 0.884324 0.334744
1 0.882703 0.35854 0.877838 0.360656 0.872432 0.345849 0.878378 0.343733
1 0.875135 0.362242 0.868649 0.364357 0.862703 0.347435 0.869189 0.34532
1 0.855135 0.349022 0.861622 0.346906 0.867027 0.3633 0.86 0.365944
1 0.846486 0.351666 0.852973 0.350079 0.858378 0.366473 0.851351 0.368588
1 0.90973 0.379164 0.903243 0.38128 0.896216 0.361713 0.903243 0.359598
1 0.885946 0.365944 0.891892 0.363829 0.897838 0.380222 0.89027 0.381809
1 0.856757 0.373876 0.862703 0.371761 0.868649 0.389741 0.863243 0.391856
1 0.848649 0.37652 0.855135 0.374405 0.86 0.389741 0.853514 0.391327
10 0.942703 0.39027 0.938919 0.387097 0.946486 0.379164 0.949189 0.382337
10 0.943784 0.397144 0.940541 0.3945 0.947027 0.386568 0.95027 0.389212
1 0.906486 0.392385 0.914054 0.389741 0.921081 0.408778 0.914054 0.411951
10 0.957297 0.43046 0.954054 0.426758 0.961081 0.420412 0.963784 0.423585
10 0.960541 0.436806 0.956757 0.433633 0.966486 0.423585 0.96973 0.426758
1 0.836757 0.573242 0.828108 0.575886 0.816757 0.545743 0.825946 0.543628
1 0.806486 0.54257 0.8 0.544157 0.794054 0.526705 0.801081 0.525119
1 0.508108 0.64146 0.5 0.643575 0.492973 0.62348 0.501622 0.621364
1 0.692432 0.29614 0.684865 0.299313 0.675135 0.272871 0.682162 0.270227
1 0.635135 0.287678 0.641622 0.286092 0.64973 0.306187 0.642162 0.30936
1 0.625405 0.289794 0.633514 0.288207 0.638919 0.305658 0.63027 0.308302
1 0.631351 0.317821 0.622703 0.320994 0.614595 0.297726 0.621622 0.294553
1 0.618919 0.315706 0.611351 0.319408 0.603243 0.297726 0.610811 0.294553
1 0.592432 0.301428 0.6 0.298255 0.608649 0.321523 0.600541 0.324696
1 0.581081 0.304601 0.59027 0.301957 0.598919 0.326811 0.58973 0.329984
1 0.586486 0.32734 0.578919 0.329984 0.571892 0.307774 0.58 0.30513
1 0.561622 0.311475 0.569189 0.30936 0.577838 0.331571 0.56973 0.334215
1 0.718378 0.253834 0.711892 0.254892 0.709189 0.240613 0.715135 0.239556
1 0.711892 0.254363 0.705946 0.257536 0.7 0.244315 0.705946 0.241671
1 0.697297 0.259651 0.692432 0.260709 0.688108 0.248546 0.692973 0.247488
1 0.68973 0.261237 0.684324 0.263353 0.68 0.249075 0.684865 0.247488
1 0.683243 0.262295 0.678919 0.263882 0.673514 0.251719 0.678378 0.250132
1 0.675676 0.267054 0.67027 0.268112 0.666486 0.256478 0.671892 0.254892
1 0.66973 0.269699 0.664324 0.271814 0.658919 0.258065 0.664324 0.255949
1 0.662703 0.271814 0.656757 0.2734 0.651351 0.259122 0.656757 0.257007
1 0.655135 0.2734 0.64973 0.274987 0.644324 0.262824 0.64973 0.26018
1 0.634054 0.281861 0.628649 0.282919 0.622703 0.26917 0.629189 0.266526
1 0.627027 0.283977 0.622162 0.286092 0.616216 0.2734 0.622162 0.270756
1 0.608649 0.274458 0.614054 0.272871 0.62 0.286621 0.614595 0.289265
1 0.601622 0.277102 0.608108 0.274987 0.612432 0.288736 0.605946 0.290323
1 0.647027 0.283977 0.654595 0.28239 0.659459 0.304601 0.651351 0.306187
1 0.703243 0.290851 0.694054 0.294024 0.686486 0.269699 0.695135 0.267054
1 0.583784 0.298255 0.578378 0.299841 0.574054 0.286621 0.579459 0.284506
1 0.712432 0.28715 0.704324 0.289265 0.696757 0.266526 0.704865 0.264939
1 0.649189 0.395558 0.643784 0.398202 0.636757 0.383395 0.641622 0.38128
1 0.618919 0.387626 0.625405 0.384981 0.631351 0.398731 0.624865 0.401904
1 0.594054 0.395558 0.601081 0.393971 0.605405 0.408778 0.598919 0.410894
1 0.586486 0.399788 0.591892 0.397144 0.598919 0.41248 0.592973 0.415124
1 0.577838 0.399788 0.584324 0.398202 0.588108 0.413009 0.581081 0.414595
1 0.568649 0.40349 0.575676 0.401375 0.580541 0.416182 0.574054 0.418297
1 0.707568 0.326282 0.717297 0.325225 0.723784 0.347435 0.713514 0.349551
1 0.702162 0.353252 0.695676 0.356425 0.684865 0.332628 0.692973 0.329455
1 0.691351 0.356425 0.683243 0.359598 0.674595 0.335272 0.683784 0.332628
1 0.662162 0.337916 0.670811 0.334744 0.68 0.358012 0.670811 0.361185
1 0.668649 0.364886 0.662162 0.366473 0.654595 0.343205 0.661622 0.341618
1 0.66 0.367002 0.652973 0.370175 0.643784 0.347964 0.651351 0.34532
1 0.634595 0.373347 0.632973 0.375992 0.626486 0.371761 0.628108 0.368588
1 0.645946 0.368588 0.638919 0.369646 0.634595 0.35431 0.641081 0.352723
1 0.64 0.372819 0.631892 0.375992 0.622703 0.35431 0.62973 0.351137
1 0.611892 0.359598 0.620541 0.356425 0.628649 0.377578 0.621081 0.380751
1 0.607568 0.383924 0.599459 0.386568 0.591351 0.361713 0.6 0.359598
1 0.581622 0.368059 0.59027 0.365944 0.597297 0.388683 0.589189 0.391327
1 0.57027 0.373347 0.577838 0.370703 0.585405 0.391327 0.577838 0.395029
1 0.576757 0.393971 0.569189 0.397673 0.558378 0.373876 0.567027 0.370703
1 0.722703 0.282919 0.715135 0.284506 0.708649 0.262824 0.715135 0.261237
1 0.598378 0.292967 0.592432 0.295082 0.587027 0.279746 0.592973 0.277631
1 0.576757 0.301428 0.57027 0.302485 0.567027 0.286092 0.572973 0.284506
1 0.661622 0.372819 0.668108 0.371232 0.672973 0.38551 0.665946 0.387626
1 0.555676 0.748281 0.56 0.746166 0.564324 0.752512 0.559459 0.755156
1 0.556216 0.734003 0.558919 0.74458 0.528108 0.75357 0.524865 0.743522
1 0.525405 0.756214 0.528108 0.764675 0.495135 0.77578 0.491892 0.765732
1 0.493514 0.764675 0.48973 0.755685 0.52 0.745108 0.522703 0.75357
1 0.430811 0.808567 0.42973 0.801163 0.458919 0.792702 0.460541 0.801692
1 0.428108 0.79799 0.425946 0.790058 0.454054 0.781068 0.456216 0.789001
1 0.452432 0.768905 0.454595 0.778953 0.425405 0.787414 0.422162 0.777895
1 0.572432 0.721311 0.564865 0.724484 0.554054 0.698572 0.562703 0.69487
1 0.561622 0.727129 0.553514 0.728715 0.547027 0.70386 0.555676 0.702274
1 0.510811 0.710206 0.520541 0.706504 0.531351 0.736118 0.521622 0.73982
1 0.518378 0.740878 0.512432 0.742993 0.506486 0.727129 0.512432 0.725013
1 0.494054 0.720254 0.503243 0.719196 0.509189 0.743522 0.5 0.745108
1 0.472432 0.728715 0.480541 0.726071 0.488108 0.749339 0.48 0.753041
1 0.461622 0.731359 0.471351 0.728715 0.478378 0.755156 0.46973 0.7578
1 0.465946 0.752512 0.460541 0.754627 0.452973 0.738763 0.459459 0.736118
1 0.456757 0.760444 0.449189 0.763088 0.44 0.738234 0.447568 0.736118
1 0.572432 0.618191 0.567568 0.619778 0.561622 0.601269 0.567027 0.599683
1 0.565946 0.621893 0.56 0.62348 0.552973 0.604971 0.558919 0.602856
1 0.541622 0.608144 0.548108 0.606557 0.555135 0.625066 0.548649 0.628239
1 0.545946 0.629297 0.540541 0.631412 0.533514 0.610788 0.539459 0.608673
1 0.536216 0.631941 0.53027 0.634056 0.524865 0.615019 0.530811 0.613961
1 0.51027 0.64569 0.518919 0.643575 0.527027 0.668429 0.517297 0.671074
1 0.531351 0.764146 0.528108 0.755685 0.555135 0.746695 0.558378 0.755156
1 0.562703 0.758329 0.564865 0.767319 0.536216 0.776838 0.532973 0.768377
1 0.716757 0.199365 0.722703 0.197779 0.726486 0.208884 0.721081 0.211528
1 0.562703 0.771021 0.564324 0.776838 0.543243 0.786356 0.539459 0.780011
1 0.696216 0.208355 0.701081 0.20624 0.706486 0.217874 0.701622 0.220518
1 0.68973 0.209413 0.695676 0.208355 0.698919 0.221576 0.693514 0.223162
1 0.681622 0.212057 0.687568 0.210471 0.692432 0.222634 0.687027 0.225278
1 0.684865 0.226864 0.680541 0.228451 0.675135 0.214701 0.68 0.213115
1 0.662162 0.218932 0.667568 0.217874 0.67027 0.232152 0.664865 0.232681
1 0.653514 0.221047 0.659459 0.219461 0.664865 0.233739 0.658919 0.235854
1 0.647568 0.223691 0.652432 0.222105 0.657838 0.236912 0.651892 0.238498
1 0.639459 0.226335 0.644865 0.22422 0.651351 0.237969 0.645405 0.240613
1 0.631892 0.227922 0.637838 0.226335 0.643784 0.2422 0.636757 0.244315
1 0.624865 0.230037 0.63027 0.228451 0.635135 0.241671 0.63027 0.243786
1 0.618378 0.232681 0.624324 0.231095 0.628649 0.244315 0.623243 0.24643
1 0.610811 0.234796 0.616216 0.232681 0.621622 0.246959 0.616216 0.249603
1 0.604324 0.236912 0.609189 0.234796 0.614595 0.249603 0.609189 0.25119
1 0.596216 0.240085 0.602162 0.237969 0.608108 0.252776 0.602162 0.254892
1 0.590811 0.2422 0.596216 0.240085 0.6 0.252247 0.595135 0.254363
1 0.582703 0.244844 0.587568 0.242729 0.593514 0.255949 0.588108 0.258065
1 0.575676 0.246959 0.581622 0.244844 0.586486 0.26018 0.580541 0.262824
1 0.569189 0.248546 0.575135 0.246959 0.579459 0.260709 0.574054 0.262824
14 0.476216 0.866737 0.492432 0.866737 0.492432 0.881015 0.476216 0.881015
10 0.478919 0.972501 0.477297 0.968271 0.487568 0.966155 0.488649 0.970915
10 0.46973 0.966684 0.475135 0.967742 0.474054 0.978847 0.468649 0.978318
1 0.652432 0.377578 0.658378 0.374405 0.665946 0.388683 0.66 0.391856
1 0.66973 0.370703 0.676216 0.368588 0.682162 0.382866 0.676216 0.38551
1 0.798378 0.544157 0.791351 0.547329 0.783243 0.526705 0.79027 0.524061
1 0.657838 0.693813 0.650811 0.696457 0.641081 0.671602 0.648649 0.668958
1 0.637297 0.701216 0.629189 0.704389 0.619459 0.679006 0.627568 0.675304
1 0.627027 0.704389 0.618378 0.707033 0.610811 0.68165 0.619459 0.679006
1 0.587568 0.689053 0.596216 0.686409 0.603784 0.709677 0.595135 0.712322
1 0.595135 0.714966 0.585405 0.718667 0.576757 0.691698 0.585946 0.689053
1 0.567027 0.695928 0.574595 0.693813 0.583243 0.718667 0.575676 0.72184
1 0.607027 0.61449 0.613514 0.611846 0.624324 0.635114 0.616757 0.638287
1 0.613514 0.638287 0.606486 0.64146 0.596216 0.617134 0.603784 0.61449
1 0.604324 0.643575 0.597838 0.647277 0.585946 0.621893 0.593514 0.61872
1 0.708649 0.570598 0.702162 0.572713 0.696757 0.557377 0.703243 0.555262
1 0.68973 0.581174 0.683243 0.583289 0.677838 0.563194 0.684324 0.561608
1 0.680541 0.580645 0.675676 0.582232 0.671351 0.570069 0.675676 0.568482
1 0.67027 0.58752 0.664865 0.589635 0.657838 0.570598 0.663243 0.569011
1 0.662703 0.590693 0.655676 0.592808 0.649189 0.572713 0.655676 0.570598
1 0.652432 0.593866 0.645405 0.595981 0.639459 0.576415 0.647027 0.574299
1 0.644324 0.595981 0.638919 0.599154 0.628108 0.580116 0.635135 0.577472
1 0.62 0.582232 0.626486 0.580116 0.632973 0.599683 0.625946 0.601798
1 0.623784 0.602856 0.617297 0.604971 0.611351 0.586462 0.617297 0.584347
1 0.614054 0.6055 0.606486 0.608144 0.6 0.588049 0.608108 0.585405
1 0.603784 0.60973 0.598378 0.611846 0.590811 0.591222 0.597838 0.588577
1 0.579459 0.595981 0.586486 0.593337 0.594595 0.612903 0.587568 0.615547
1 0.585946 0.615547 0.578919 0.618191 0.571351 0.599154 0.578378 0.59651
1 0.647027 0.697515 0.639459 0.700687 0.631892 0.675833 0.638919 0.673189
1 0.651892 0.667372 0.660541 0.665256 0.66973 0.689582 0.660541 0.692755
1 0.690811 0.476996 0.697297 0.474881 0.704865 0.49339 0.697297 0.496034
1 0.662703 0.66367 0.67027 0.662084 0.679459 0.68588 0.670811 0.688525
1 0.774054 0.530936 0.781081 0.528821 0.787027 0.546801 0.779459 0.548387
1 0.779459 0.551031 0.772432 0.553675 0.764324 0.534109 0.771892 0.530936
1 0.755135 0.537811 0.761622 0.535695 0.766486 0.553675 0.760541 0.555791
1 0.747027 0.540455 0.752432 0.53834 0.756757 0.551031 0.751351 0.552618
1 0.739459 0.563194 0.733514 0.565838 0.725946 0.547329 0.731892 0.545214
1 0.727568 0.565309 0.721081 0.567425 0.716216 0.550502 0.722162 0.548387
1 0.720541 0.570069 0.714595 0.572184 0.707027 0.553675 0.713514 0.551031
1 0.755676 0.607615 0.747568 0.610788 0.732432 0.576943 0.742703 0.573242
1 0.724865 0.611846 0.715135 0.615547 0.703243 0.583289 0.714054 0.579059
1 0.711892 0.607615 0.704324 0.611317 0.694595 0.585405 0.702162 0.58276
1 0.72973 0.652565 0.724324 0.652565 0.723243 0.64146 0.728649 0.640931
1 0.723784 0.638815 0.734054 0.635643 0.743784 0.665256 0.732432 0.668958
1 0.72 0.671074 0.711892 0.673718 0.703784 0.649392 0.713514 0.646219
14 0.8 0.790587 0.825946 0.787414 0.828108 0.800106 0.803243 0.804865
1 0.749189 0.750925 0.745946 0.742464 0.775676 0.731888 0.779459 0.740878
1 0.716757 0.762031 0.712973 0.752512 0.743243 0.742464 0.746486 0.750925
1 0.651351 0.783712 0.647568 0.775251 0.677838 0.764675 0.680541 0.773136
1 0.621622 0.792702 0.618919 0.78477 0.643243 0.776309 0.645946 0.785299
1 0.695135 0.655209 0.702703 0.652565 0.711892 0.676362 0.703243 0.679006
1 0.682162 0.655209 0.691892 0.653094 0.701081 0.680063 0.691892 0.683236
1 0.672432 0.661555 0.681081 0.658382 0.69027 0.683236 0.682162 0.686409
1 0.712432 0.489159 0.706486 0.491803 0.699459 0.474352 0.705946 0.471708
1 0.694054 0.496563 0.687568 0.498149 0.681622 0.480698 0.688649 0.479112
1 0.68 0.365944 0.685946 0.364886 0.69027 0.38128 0.683784 0.382337
1 0.631892 0.449498 0.638378 0.44844 0.642703 0.463776 0.635676 0.465362
1 0.613514 0.454257 0.62 0.452671 0.624865 0.47065 0.618378 0.472237
1 0.602162 0.458488 0.608108 0.456372 0.614595 0.471179 0.608649 0.474352
1 0.583784 0.464305 0.59027 0.46166 0.597838 0.478583 0.591351 0.481756
1 0.577838 0.468006 0.584324 0.466949 0.588108 0.4844 0.581081 0.485986
1 0.565946 0.47065 0.571351 0.468535 0.579459 0.484929 0.572973 0.487573
1 0.708649 0.417768 0.703243 0.420412 0.696216 0.402433 0.701622 0.400317
1 0.687027 0.405077 0.694054 0.40349 0.698919 0.418826 0.692973 0.420941
1 0.681622 0.426758 0.676216 0.427287 0.672432 0.413009 0.677838 0.411951
1 0.675676 0.429402 0.668649 0.430989 0.662162 0.414595 0.669189 0.41248
1 0.666486 0.431518 0.660541 0.434162 0.654595 0.41724 0.660541 0.415653
1 0.647027 0.421999 0.652973 0.419884 0.658378 0.434691 0.650811 0.436806
1 0.637297 0.424114 0.644324 0.421999 0.64973 0.436806 0.642703 0.438921
1 0.641081 0.439979 0.635676 0.442094 0.62973 0.427287 0.635135 0.424643
1 0.625405 0.444738 0.618378 0.447911 0.611351 0.43046 0.618378 0.427287
1 0.585405 0.435748 0.592432 0.433633 0.599459 0.453199 0.592432 0.455843
1 0.591351 0.456372 0.585946 0.458488 0.577838 0.442094 0.583784 0.438921
1 0.583243 0.459016 0.577297 0.461132 0.571351 0.444209 0.577297 0.442094
1 0.564865 0.463776 0.559459 0.465891 0.553514 0.452142 0.559459 0.450026
1 0.723784 0.369646 0.717838 0.371232 0.711892 0.356954 0.717838 0.35431
1 0.715676 0.373876 0.70973 0.374934 0.704865 0.359069 0.71027 0.357483
1 0.687568 0.364886 0.692973 0.362771 0.697838 0.377049 0.691892 0.378636
1 0.620541 0.453199 0.626486 0.450555 0.634595 0.468006 0.628649 0.471179
1 0.66973 0.455843 0.664324 0.457959 0.656757 0.440508 0.663243 0.438392
1 0.698919 0.501322 0.705405 0.498678 0.711892 0.516658 0.705405 0.519302
1 0.680541 0.453199 0.674054 0.455315 0.667027 0.437335 0.672973 0.435219
1 0.69027 0.503437 0.697297 0.501851 0.703784 0.521946 0.695676 0.523533
1 0.671892 0.483342 0.678919 0.480698 0.685946 0.49762 0.679459 0.500264
1 0.680541 0.507139 0.687027 0.504495 0.693514 0.523533 0.687568 0.526177
1 0.645946 0.489159 0.652973 0.487573 0.656216 0.503437 0.649189 0.504495
1 0.658919 0.514014 0.666486 0.510841 0.675676 0.530936 0.668108 0.534109
1 0.666486 0.534109 0.658378 0.536224 0.651892 0.518244 0.658378 0.516129
1 0.640541 0.519831 0.647568 0.517715 0.656216 0.537811 0.648649 0.539926
1 0.632432 0.522475 0.639459 0.52036 0.645405 0.540455 0.638919 0.54257
1 0.620541 0.526705 0.628649 0.524061 0.637297 0.544157 0.629189 0.547329
1 0.64 0.512956 0.633514 0.514543 0.627568 0.498149 0.633514 0.495505
1 0.623784 0.519302 0.615676 0.523004 0.607568 0.505553 0.615676 0.50238
1 0.603784 0.526705 0.597297 0.528292 0.591892 0.510841 0.598378 0.508726
1 0.580541 0.511898 0.587568 0.509783 0.594054 0.528292 0.587568 0.530936
1 0.617297 0.549974 0.610811 0.552618 0.603243 0.533051 0.61027 0.529878
1 0.592432 0.537282 0.601081 0.534638 0.606486 0.553675 0.599459 0.555791
1 0.584324 0.539397 0.591892 0.537282 0.597838 0.556848 0.58973 0.558964
1 0.572432 0.543099 0.580541 0.540455 0.587568 0.558964 0.58 0.562136
1 0.576216 0.532522 0.56973 0.534638 0.563784 0.519831 0.56973 0.517187
1 0.692973 0.427816 0.7 0.425701 0.706486 0.442094 0.7 0.444738
1 0.685946 0.430989 0.692432 0.429931 0.696757 0.447382 0.690811 0.448969
1 0.688649 0.450555 0.682162 0.452671 0.675135 0.433633 0.681081 0.431518
7 0.512973 0.285034 0.505405 0.262824 0.819459 0.159704 0.826486 0.180857
