1 0.751503 0.0262258 0.746827 0.0313569 0.722111 0.0171038 0.725451 0.0125428
1 0.317301 0.360889 0.324649 0.353478 0.346693 0.374002 0.338677 0.380844
1 0.233133 0.309008 0.239145 0.304447 0.255845 0.320981 0.249165 0.326112
1 0.221777 0.31642 0.229793 0.311859 0.248497 0.331243 0.239813 0.336374
1 0.213761 0.327822 0.219105 0.322691 0.238477 0.336374 0.231797 0.342645
1 0.192385 0.338655 0.198397 0.334094 0.214429 0.351197 0.207749 0.355188
1 0.340013 0.345496 0.347361 0.339795 0.368737 0.360319 0.360053 0.366591
1 0.329325 0.352908 0.338677 0.347206 0.356713 0.368301 0.347361 0.374572
1 0.299933 0.378563 0.305945 0.374572 0.317969 0.387685 0.311957 0.391676
1 0.655311 0.801596 0.661991 0.799316 0.671343 0.810718 0.663995 0.814709
1 0.355377 0.379133 0.362057 0.374572 0.380094 0.394527 0.372077 0.399658
1 0.343353 0.385975 0.351369 0.381414 0.368069 0.401368 0.360721 0.406499
1 0.321309 0.403079 0.329325 0.397948 0.346693 0.416762 0.338677 0.421893
1 0.309285 0.40764 0.316633 0.403079 0.333333 0.423033 0.325317 0.427024
1 0.283233 0.380274 0.292585 0.374572 0.311957 0.397948 0.303273 0.403649
1 0.255845 0.392816 0.265865 0.385975 0.290581 0.412771 0.281229 0.419042
1 0.247829 0.303307 0.253841 0.299886 0.266533 0.314709 0.258517 0.3187
1 0.207081 0.281642 0.214429 0.276511 0.233801 0.296465 0.225117 0.302166
1 0.253841 0.294755 0.261189 0.289624 0.277221 0.306157 0.269873 0.311859
1 0.263861 0.289054 0.270541 0.283922 0.287909 0.302166 0.279893 0.306727
1 0.239145 0.263398 0.246493 0.257697 0.264529 0.275941 0.255845 0.281072
1 0.285905 0.275371 0.292585 0.27138 0.309285 0.289054 0.301269 0.293615
1 0.294589 0.266819 0.301937 0.261688 0.319973 0.280502 0.312625 0.286203
1 0.273213 0.244014 0.279225 0.239453 0.295925 0.256556 0.288577 0.261117
1 0.305277 0.259977 0.311957 0.254846 0.328657 0.27309 0.321977 0.278221
1 0.281229 0.234322 0.288577 0.22919 0.307281 0.250285 0.297929 0.254846
1 0.317301 0.254846 0.321977 0.250855 0.337341 0.265108 0.331997 0.270239
1 0.293253 0.230331 0.299265 0.2252 0.316633 0.242873 0.309953 0.247434
1 0.324649 0.246294 0.331997 0.240593 0.349365 0.259407 0.341349 0.264538
1 0.336005 0.237742 0.344689 0.233181 0.361389 0.251995 0.353373 0.256556
1 0.347361 0.22919 0.353373 0.224629 0.370741 0.242873 0.363393 0.247434
1 0.325317 0.206385 0.331997 0.201824 0.348697 0.220068 0.341349 0.224629
1 0.334669 0.200114 0.340681 0.194983 0.358717 0.212087 0.352037 0.217218
1 0.297929 0.415621 0.305277 0.41106 0.315297 0.423033 0.309285 0.428164
1 0.275217 0.429875 0.285237 0.424173 0.301937 0.445838 0.293921 0.450969
1 0.266533 0.437856 0.274549 0.433865 0.289245 0.451539 0.280561 0.45553
1 0.348029 0.599202 0.357381 0.59293 0.376086 0.616876 0.367401 0.623147
1 0.487642 0.291904 0.49499 0.286773 0.511022 0.306727 0.503006 0.311288
1 0.452906 0.275371 0.459586 0.27081 0.473614 0.285633 0.46827 0.290194
1 0.49833 0.284493 0.50835 0.279932 0.523046 0.301026 0.514362 0.305587
1 0.465598 0.267389 0.47495 0.263398 0.489646 0.281642 0.482298 0.286203
1 0.473614 0.257697 0.48163 0.250855 0.503674 0.27366 0.494322 0.280502
1 0.354041 0.219498 0.362725 0.213227 0.383434 0.234892 0.375418 0.241733
10 0.364061 0.929304 0.367401 0.935006 0.355377 0.942417 0.351369 0.937286
10 0.368737 0.936146 0.372077 0.940707 0.362057 0.947548 0.358049 0.943558
10 0.372745 0.941847 0.37809 0.946408 0.366065 0.95439 0.361389 0.950399
10 0.323981 0.957811 0.328657 0.95439 0.338009 0.964082 0.333333 0.967503
10 0.275885 0.950969 0.272545 0.945268 0.285905 0.938426 0.289245 0.944128
10 0.258517 0.959521 0.253841 0.95382 0.268537 0.945268 0.271877 0.950399
1 0.352705 0.631129 0.362057 0.625998 0.37809 0.646522 0.368737 0.651653
1 0.328657 0.602052 0.338009 0.596921 0.358717 0.622007 0.348029 0.626568
1 0.309953 0.605473 0.305945 0.597491 0.327989 0.587229 0.331997 0.594641
1 0.231797 0.422463 0.239813 0.417332 0.256513 0.435006 0.249165 0.440137
1 0.345357 0.533067 0.350033 0.529076 0.362057 0.542759 0.356045 0.54618
1 0.313961 0.557583 0.322645 0.553022 0.336005 0.571266 0.327321 0.576397
1 0.253173 0.530217 0.257849 0.526226 0.267869 0.535348 0.261857 0.539339
1 0.264529 0.542189 0.272545 0.536488 0.291249 0.558153 0.282565 0.563854
1 0.286573 0.529076 0.294589 0.522805 0.313961 0.542759 0.305277 0.548461
1 0.301937 0.522235 0.309953 0.517104 0.323981 0.534778 0.315965 0.539339
1 0.313961 0.518244 0.319305 0.514253 0.329993 0.526226 0.324649 0.530217
1 0.313961 0.502851 0.325317 0.496009 0.347361 0.521095 0.337341 0.527936
1 0.334001 0.50171 0.340013 0.496579 0.356045 0.512543 0.349365 0.518244
1 0.182365 0.443558 0.191717 0.437856 0.215097 0.463512 0.203741 0.470353
1 0.233133 0.460091 0.239813 0.45439 0.257181 0.474914 0.249833 0.480046
1 0.209753 0.437856 0.218437 0.432155 0.234469 0.449259 0.226453 0.45496
1 0.243821 0.452109 0.250501 0.447548 0.267869 0.466363 0.259185 0.471494
1 0.221777 0.427594 0.229793 0.423033 0.242485 0.438426 0.235137 0.442987
1 0.0554442 0.386545 0.0614562 0.384265 0.0668003 0.394527 0.0614562 0.397377
10 0.187041 0.705245 0.192385 0.702965 0.199733 0.714367 0.195057 0.717218
10 0.192385 0.718358 0.187041 0.721209 0.179693 0.709806 0.184369 0.706956
1 0.0734803 0.142531 0.0768203 0.1374 0.0935204 0.144242 0.0901804 0.149943
1 0.0193721 0.223489 0.0233801 0.217788 0.0407482 0.22577 0.0354041 0.232041
1 0.0240481 0.216078 0.0273881 0.210376 0.0434202 0.217788 0.0394122 0.223489
1 0.000668003 0.203535 0.00400802 0.199544 0.0173681 0.206385 0.0140281 0.210946
1 0.0293921 0.207526 0.0327321 0.202395 0.0494322 0.209236 0.0460922 0.214937
1 0.00334001 0.196123 0.00668003 0.190422 0.0233801 0.196693 0.0187041 0.202395
1 0.012024 0.177879 0.0153641 0.172178 0.0307281 0.177879 0.0267201 0.184151
1 0.0200401 0.169897 0.0247161 0.164196 0.0414162 0.173888 0.0367401 0.17959
1 0.0480962 0.18244 0.0514362 0.177309 0.0668003 0.185291 0.0627923 0.190992
1 0.0260521 0.161916 0.0307281 0.156214 0.0494322 0.165336 0.0454242 0.171038
1 0.0581162 0.166477 0.0614562 0.161345 0.0768203 0.169327 0.0728123 0.175029
1 0.0374081 0.147092 0.0407482 0.140821 0.0581162 0.148233 0.0547762 0.153934
1 0.0641283 0.158495 0.0681363 0.153364 0.0821643 0.160205 0.0781563 0.166477
1 0.0400802 0.1374 0.0454242 0.132269 0.0614562 0.140821 0.0574482 0.146522
1 0.0674683 0.150513 0.0708083 0.144812 0.0875084 0.153364 0.0841683 0.159065
1 0.0480962 0.130559 0.0514362 0.124857 0.0674683 0.131699 0.0641283 0.1374
1 0.104876 0.344356 0.114896 0.337514 0.142285 0.36374 0.132933 0.371152
1 0.0781563 0.13455 0.0821643 0.128848 0.0981964 0.1374 0.0935204 0.143672
1 0.0835003 0.126568 0.0875084 0.120867 0.10354 0.128278 0.0995324 0.133979
1 0.0888444 0.118586 0.0928524 0.112315 0.108884 0.120867 0.104876 0.126568
1 0.0801603 0.117446 0.0768203 0.122577 0.0574482 0.113455 0.0621242 0.107184
1 0.0955244 0.111174 0.0981964 0.106613 0.111556 0.112885 0.108884 0.117446
1 0.0627923 0.104903 0.0674683 0.100342 0.0828323 0.109464 0.0788243 0.114595
1 0.0681363 0.0974914 0.0708083 0.0917902 0.0881764 0.0992018 0.0848363 0.105473
1 0.0794923 0.0826682 0.0821643 0.0775371 0.100868 0.0843786 0.0975284 0.0906499
1 0.00133601 0.0729761 0.00467602 0.0667047 0.0240481 0.0752566 0.0207081 0.0809578
1 0.0360721 0.0530217 0.0327321 0.059293 0.0133601 0.0524515 0.0167001 0.04561
7 0.774215 0.607754 0.854375 0.704105 0.524382 0.90707 0.450902 0.8187
7 0.560454 0.357469 0.678023 0.503991 0.382098 0.689282 0.273213 0.542189
7 0.479626 0.260547 0.514362 0.304447 0.225117 0.492588 0.189713 0.450399
7 0.334669 0.197834 0.375418 0.240023 0.149633 0.397948 0.11356 0.357469
1 0.00868403 0.240593 0.0126921 0.235462 0.0287241 0.241733 0.0247161 0.248005
1 0.130261 0.346066 0.134937 0.341505 0.150969 0.356328 0.144957 0.360889
1 0.171009 0.723489 0.175685 0.720639 0.181697 0.72805 0.177021 0.730901
10 0.0875084 0.656784 0.0915164 0.651653 0.10354 0.660205 0.0988644 0.664766
10 0.124916 0.738312 0.130261 0.736032 0.136273 0.745724 0.131597 0.748005
10 0.138945 0.72748 0.144957 0.7252 0.151637 0.736032 0.146961 0.738312
10 0.146961 0.678449 0.141617 0.68187 0.133601 0.669897 0.138277 0.667047
10 0.124248 0.677309 0.126921 0.672748 0.138277 0.678449 0.134937 0.68244
1 0.00467602 0.714367 0.00734803 0.705245 0.0400802 0.711517 0.0374081 0.721209
1 0.0187041 0.706385 0.0200401 0.697263 0.0507682 0.702965 0.0474282 0.712087
1 0.0313961 0.698974 0.0327321 0.689852 0.0641283 0.693273 0.0621242 0.702965
1 0.0507682 0.692132 0.0514362 0.68301 0.0814963 0.686431 0.0801603 0.695553
1 0.0627923 0.68301 0.0641283 0.674458 0.0961924 0.677879 0.0955244 0.687571
1 0.00734803 0.676169 0.000668003 0.673888 0.00534402 0.658495 0.0133601 0.660205
1 0.0167001 0.6813 0.00668003 0.679019 0.0160321 0.654504 0.0260521 0.657355
1 0.0293921 0.676739 0.0213761 0.675029 0.0293921 0.653934 0.0380762 0.656784
1 0.0501002 0.668757 0.0394122 0.668187 0.0440882 0.642531 0.0547762 0.643101
1 0.0607882 0.657925 0.0534402 0.656784 0.0581162 0.63512 0.0661323 0.63569
10 0.0841683 0.631699 0.0888444 0.629989 0.0948564 0.640821 0.0901804 0.643101
1 0.140281 0.336944 0.147629 0.332383 0.163661 0.350627 0.156313 0.355188
10 0.0748163 0.63512 0.0794923 0.632839 0.0861723 0.642531 0.0801603 0.645382
1 0.0714763 0.654504 0.0641283 0.653934 0.0674683 0.633409 0.0748163 0.63455
1 0.10688 0.438997 0.112892 0.437286 0.12024 0.451539 0.11356 0.45382
1 0.124916 0.436716 0.118904 0.439567 0.111556 0.427594 0.118236 0.424743
1 0.0647963 0.377993 0.0708083 0.374572 0.0841683 0.391676 0.0774883 0.395097
1 0.142953 0.374572 0.148297 0.369441 0.163661 0.385975 0.158317 0.390536
1 0.152305 0.367161 0.157649 0.36317 0.175017 0.380274 0.168337 0.384835
1 0.162325 0.360889 0.168337 0.355758 0.187041 0.374572 0.179693 0.379704
1 0.174349 0.355758 0.179693 0.350627 0.199733 0.368301 0.194389 0.373432
1 0.183033 0.347777 0.189045 0.342645 0.207081 0.358039 0.201069 0.36374
1 0.191049 0.303307 0.197061 0.298746 0.211089 0.311859 0.205745 0.31699
1 0.173681 0.32041 0.179025 0.315849 0.191717 0.327822 0.185705 0.332383
1 0.158985 0.321551 0.167001 0.31699 0.183701 0.336944 0.175685 0.342075
1 0.149633 0.329532 0.156313 0.324401 0.174349 0.343216 0.166333 0.348347
1 0.465598 0.306157 0.472946 0.301596 0.489646 0.32041 0.48163 0.325542
1 0.432198 0.290764 0.438878 0.285633 0.455578 0.302737 0.448898 0.307868
1 0.45491 0.31699 0.460922 0.312429 0.47161 0.323831 0.465598 0.327822
1 0.605878 0.708096 0.61189 0.703535 0.629259 0.722349 0.62191 0.72748
1 0.671343 0.751995 0.677355 0.748005 0.688043 0.761117 0.681363 0.763968
1 0.643287 0.77366 0.649299 0.768529 0.664663 0.784493 0.657983 0.789054
1 0.607882 0.749145 0.613226 0.745724 0.621242 0.755986 0.615898 0.758837
1 0.615898 0.743444 0.620574 0.739453 0.629927 0.748575 0.625251 0.751995
1 0.721443 0.72748 0.726119 0.723489 0.738143 0.737742 0.732131 0.741163
1 0.664663 0.72919 0.669339 0.7252 0.678691 0.734892 0.674015 0.738312
1 0.653975 0.717218 0.657983 0.713797 0.667335 0.722919 0.662659 0.72577
1 0.706079 0.709236 0.711423 0.705815 0.722779 0.719498 0.716767 0.722919
1 0.686039 0.700114 0.692719 0.697263 0.698731 0.706956 0.692051 0.709236
1 0.637943 0.699544 0.643287 0.695553 0.651971 0.705245 0.646627 0.708666
1 0.575818 0.766249 0.582498 0.762258 0.593854 0.776511 0.587174 0.780502
1 0.674015 0.665336 0.681363 0.660775 0.697395 0.679019 0.689379 0.684151
1 0.659987 0.675029 0.665999 0.670468 0.682031 0.688712 0.675351 0.693273
1 0.646627 0.68244 0.653975 0.676739 0.670007 0.693843 0.661991 0.698974
1 0.599198 0.717788 0.604542 0.713797 0.61857 0.72862 0.61189 0.732611
1 0.662659 0.740023 0.667335 0.737172 0.674015 0.745154 0.669339 0.747434
1 0.579158 0.722919 0.587842 0.717788 0.604542 0.738883 0.59519 0.744014
1 0.570474 0.733751 0.57849 0.72805 0.593186 0.746294 0.584502 0.750855
1 0.559118 0.746864 0.56513 0.743444 0.57515 0.756556 0.569806 0.759977
1 0.53841 0.747434 0.547094 0.741733 0.566466 0.762258 0.556446 0.768529
1 0.559118 0.542759 0.567134 0.538198 0.582498 0.557583 0.573814 0.561574
1 0.545758 0.525086 0.55177 0.521095 0.56513 0.536488 0.557782 0.539909
1 0.60521 0.515964 0.613226 0.511973 0.629927 0.533067 0.621242 0.537628
1 0.60521 0.491448 0.610554 0.488597 0.619906 0.5 0.612558 0.503421
1 0.660655 0.481756 0.668003 0.476625 0.685371 0.497149 0.676687 0.502851
1 0.632599 0.478335 0.643955 0.472064 0.671343 0.506271 0.660655 0.512543
1 0.54175 0.49943 0.547762 0.495439 0.55845 0.507412 0.55177 0.511403
1 0.586506 0.497719 0.595858 0.492018 0.610554 0.511973 0.60187 0.515964
1 0.562458 0.465222 0.569806 0.460091 0.584502 0.478905 0.575818 0.483466
1 0.577822 0.460091 0.587174 0.45496 0.605878 0.477195 0.596526 0.483466
1 0.695391 0.761688 0.700735 0.756556 0.722779 0.77423 0.716099 0.781072
1 0.633935 0.783352 0.640615 0.777651 0.653975 0.791334 0.647295 0.795325
1 0.617902 0.450399 0.625251 0.445838 0.635939 0.460661 0.627255 0.463512
1 0.722779 0.747434 0.730127 0.744584 0.741483 0.763968 0.734135 0.766819
1 0.619238 0.81699 0.625919 0.812429 0.640615 0.827822 0.632599 0.832953
1 0.611222 0.834664 0.615898 0.833523 0.621242 0.841505 0.615898 0.842645
1 0.605878 0.824971 0.613894 0.8187 0.631263 0.835804 0.623914 0.842075
1 0.559786 0.8187 0.564462 0.814139 0.577822 0.826112 0.57181 0.830673
1 0.539746 0.813569 0.545758 0.808438 0.560454 0.825542 0.552438 0.829532
1 0.557114 0.833523 0.564462 0.829532 0.574482 0.841505 0.567134 0.845496
1 0.57181 0.849487 0.577822 0.845496 0.59185 0.860889 0.58517 0.86488
1 0.54175 0.86203 0.549098 0.858039 0.566466 0.875713 0.55845 0.882554
1 0.808951 0.996579 0.800267 1 0.790247 0.984607 0.798263 0.981186
1 0.887108 0.978905 0.87976 0.982326 0.871743 0.969783 0.878424 0.965792
1 0.733467 0.922463 0.722779 0.927024 0.712091 0.90935 0.722779 0.905359
1 0.816967 0.870582 0.808951 0.873432 0.798931 0.856899 0.806279 0.854048
1 0.839011 0.802166 0.830995 0.806727 0.819639 0.792474 0.826987 0.787913
1 0.683367 0.77195 0.692051 0.765108 0.710755 0.783352 0.702739 0.789624
1 0.762191 0.721779 0.769539 0.716648 0.785571 0.734322 0.776887 0.738312
1 0.590514 0.783352 0.597194 0.779932 0.607214 0.793044 0.600534 0.795895
1 0.829659 0.693273 0.836339 0.688712 0.848363 0.702965 0.842351 0.706956
1 0.756179 0.693843 0.762191 0.688712 0.780227 0.709236 0.772879 0.713797
1 0.735471 0.687571 0.741483 0.684151 0.751503 0.694983 0.744155 0.698404
1 0.814963 0.675599 0.819639 0.672178 0.831663 0.685291 0.826319 0.689282
1 0.822979 0.669897 0.830327 0.665336 0.841015 0.678449 0.834335 0.68301
1 0.802271 0.660775 0.806279 0.658495 0.814963 0.667617 0.809619 0.669897
1 0.803607 0.650513 0.809619 0.645382 0.820975 0.656214 0.814963 0.660775
1 0.738811 0.628848 0.746159 0.623147 0.761523 0.639681 0.753507 0.644812
1 0.752839 0.611745 0.762859 0.606613 0.781563 0.629418 0.772211 0.63569
1 0.716099 0.647092 0.722111 0.644242 0.730127 0.655074 0.724783 0.659065
1 0.59853 0.810148 0.603874 0.806727 0.612558 0.81642 0.606546 0.82041
1 0.603874 0.798176 0.609886 0.794755 0.621242 0.807868 0.61523 0.812429
1 0.663995 0.795895 0.670675 0.791904 0.680695 0.804447 0.674015 0.808438
1 0.585838 0.793615 0.590514 0.790764 0.599198 0.800456 0.593854 0.802737
1 0.552438 0.449259 0.559118 0.445838 0.56847 0.458381 0.561122 0.461231
1 0.601202 0.430445 0.609218 0.426454 0.620574 0.440707 0.612558 0.445268
1 0.423514 0.298176 0.430194 0.293615 0.445558 0.309578 0.43821 0.313569
1 0.49165 0.440137 0.499666 0.434436 0.517702 0.45667 0.509018 0.461802
1 0.42151 0.541049 0.426854 0.537058 0.435538 0.54732 0.428858 0.550741
1 0.386774 0.505701 0.395458 0.50057 0.41483 0.523375 0.40481 0.527936
1 0.40481 0.50171 0.41483 0.496579 0.43821 0.523375 0.428858 0.530787
1 0.379426 0.473204 0.38811 0.468643 0.40147 0.484607 0.394122 0.489168
1 0.455578 0.49943 0.46159 0.496579 0.472278 0.509692 0.465598 0.512543
1 0.436206 0.477765 0.442218 0.474344 0.452906 0.486887 0.445558 0.490308
1 0.464262 0.490878 0.470942 0.486887 0.48163 0.5 0.474282 0.503421
1 0.446894 0.470353 0.454242 0.465792 0.467602 0.481186 0.460254 0.485747
1 0.513694 0.466363 0.519038 0.461802 0.531062 0.475485 0.524382 0.479475
1 0.494322 0.465792 0.501002 0.460661 0.513026 0.475485 0.506346 0.479475
1 0.400802 0.457241 0.409486 0.452109 0.424182 0.470924 0.416166 0.475485
1 0.412158 0.449829 0.42151 0.444698 0.43821 0.465222 0.428858 0.470353
1 0.42151 0.440707 0.42819 0.436146 0.448898 0.457811 0.440214 0.462372
1 0.480294 0.447548 0.486306 0.443558 0.498998 0.458381 0.49165 0.462372
1 0.442886 0.425314 0.452238 0.419612 0.472946 0.443558 0.464262 0.448689
1 0.486974 0.534778 0.493654 0.532497 0.499666 0.54333 0.493654 0.54561
1 0.458918 0.421893 0.466266 0.417332 0.482298 0.435006 0.474282 0.439567
1 0.470274 0.417332 0.47829 0.411631 0.493654 0.429875 0.486306 0.434436
1 0.504342 0.393957 0.513694 0.388826 0.529058 0.40935 0.519706 0.414481
1 0.517034 0.388826 0.52505 0.384265 0.54175 0.401938 0.532398 0.40707
1 0.527054 0.377423 0.536406 0.373432 0.55177 0.395097 0.543086 0.400228
1 0.370073 0.377423 0.376754 0.373432 0.38811 0.386545 0.382098 0.390536
1 0.375418 0.36545 0.384102 0.360319 0.402806 0.379704 0.392786 0.385405
1 0.409486 0.343216 0.420174 0.337514 0.435538 0.356899 0.426186 0.36317
1 0.364061 0.331813 0.372077 0.326112 0.390782 0.345496 0.382098 0.351767
1 0.42151 0.335234 0.427522 0.330103 0.44489 0.349487 0.437542 0.354048
1 0.378758 0.324971 0.386106 0.32041 0.398798 0.336374 0.39145 0.340935
1 0.43153 0.328392 0.439546 0.322691 0.45825 0.343216 0.449566 0.348917
1 0.410154 0.305017 0.415498 0.300456 0.429526 0.315279 0.423514 0.31984
1 0.447562 0.323261 0.45491 0.31927 0.466266 0.334664 0.460254 0.338084
1 0.380762 0.554732 0.387442 0.550171 0.406146 0.571836 0.39813 0.576967
1 0.509018 0.54333 0.513694 0.540479 0.52171 0.550741 0.517034 0.553592
1 0.614562 0.423033 0.623914 0.416192 0.641951 0.438997 0.631263 0.445268
1 0.503674 0.81642 0.509018 0.812999 0.517702 0.823261 0.51169 0.826682
1 0.593854 0.400228 0.602538 0.395667 0.616566 0.41106 0.607214 0.416762
1 0.537742 0.411631 0.546426 0.405929 0.565798 0.429304 0.556446 0.436146
1 0.567802 0.394527 0.577154 0.388255 0.599866 0.416192 0.589178 0.422463
1 0.579826 0.381414 0.586506 0.377423 0.600534 0.393957 0.593854 0.397948
1 0.559786 0.356328 0.567802 0.350627 0.58851 0.374002 0.579158 0.379704
1 0.549098 0.36431 0.557114 0.358039 0.57515 0.380844 0.565798 0.385975
1 0.539746 0.374002 0.54843 0.369441 0.563126 0.388255 0.554442 0.392816
1 0.527722 0.482896 0.534402 0.479475 0.543086 0.490308 0.537742 0.495439
1 0.537074 0.874572 0.542418 0.870582 0.553106 0.884265 0.546426 0.887685
1 0.524382 0.858039 0.531062 0.855188 0.53841 0.867161 0.532398 0.870011
1 0.531062 0.850057 0.535738 0.846636 0.543086 0.856328 0.53841 0.859749
1 0.51169 0.843216 0.517702 0.839795 0.526386 0.852338 0.520374 0.855188
1 0.529726 0.798746 0.534402 0.795325 0.543086 0.805017 0.537074 0.807868
1 0.464262 0.807298 0.470274 0.803877 0.48163 0.81699 0.475618 0.820981
1 0.475618 0.801026 0.48163 0.797035 0.492318 0.810148 0.486306 0.813569
1 0.374081 0.574116 0.384102 0.568415 0.405478 0.596351 0.395458 0.602052
1 0.482298 0.792474 0.48831 0.789054 0.501002 0.801596 0.49499 0.806157
1 0.492318 0.783352 0.501002 0.778791 0.51503 0.797035 0.507014 0.801596
1 0.520374 0.769669 0.527722 0.765108 0.540414 0.779361 0.533734 0.784493
1 0.529726 0.761117 0.536406 0.755986 0.54843 0.77081 0.541082 0.7748
1 0.38811 0.649373 0.397462 0.643672 0.418838 0.667047 0.408818 0.673888
1 0.372745 0.628848 0.379426 0.625428 0.393454 0.643101 0.386774 0.647662
1 0.422178 0.626568 0.42819 0.622007 0.445558 0.644242 0.43821 0.648233
1 0.430194 0.615165 0.440882 0.610604 0.460254 0.63455 0.450902 0.640821
1 0.402138 0.602052 0.40815 0.598062 0.422846 0.616306 0.416166 0.620296
1 0.416834 0.599202 0.422178 0.595211 0.433534 0.608894 0.427522 0.612885
1 0.433534 0.554732 0.440214 0.552452 0.45157 0.568415 0.444222 0.571266
1 0.50501 0.568415 0.51503 0.561003 0.537742 0.588369 0.527722 0.594641
1 0.460254 0.567845 0.469606 0.563284 0.483634 0.583808 0.474282 0.588369
1 0.402806 0.583808 0.40815 0.579247 0.420842 0.593501 0.41483 0.596921
7 0.0814963 0.0803877 0.122912 0.103193 0.00200401 0.281642 0.000668003 0.202965
