7 0.903695 0.910605 0.874621 0.932515 0.860085 0.890009 0.888855 0.867222
7 0.931859 0.853199 0.916111 0.877301 0.896729 0.851884 0.91278 0.828659
7 0.957299 0.779141 0.947608 0.802366 0.930648 0.787905 0.940642 0.764242
7 0.991217 0.691937 0.973349 0.737511 0.948819 0.717353 0.965778 0.670026
7 0.963053 0.327783 0.978195 0.368536 0.957904 0.382997 0.943973 0.340929
7 0.804967 0.20596 0.83192 0.213409 0.82768 0.258983 0.798607 0.253287
7 0.744094 0.226117 0.748031 0.226117 0.746517 0.280894 0.742277 0.280456
7 0.648092 0.181858 0.698667 0.202892 0.687765 0.254601 0.63719 0.233129
7 0.599334 0.21078 0.603876 0.212095 0.600545 0.243208 0.595397 0.241893
7 0.495457 0.19851 0.500909 0.197195 0.505754 0.244084 0.500303 0.245399
7 0.46487 0.200701 0.476378 0.197634 0.480921 0.248028 0.470624 0.250219
7 0.381587 0.177476 0.407329 0.180105 0.4043 0.251096 0.377044 0.248028
7 0.319503 0.156442 0.32556 0.154689 0.337371 0.243646 0.331617 0.245399
7 0.248334 0.0876424 0.288613 0.110868 0.274985 0.166521 0.230164 0.138475
7 0.0745003 0.12752 0.0823743 0.12489 0.096911 0.208589 0.0905512 0.211656
7 0.0299818 0.143295 0.0348274 0.141981 0.0442156 0.217791 0.0393701 0.219982
