7 0.574879 0.275914 0.571014 0.267401 0.764251 0.257386 0.766184 0.265398
7 0.522705 0.318978 0.521739 0.310966 0.731401 0.302454 0.733333 0.310466
7 0.441546 0.366049 0.439614 0.355533 0.686957 0.345018 0.689855 0.354532
7 0.676329 0.900351 0.571981 0.867301 0.603865 0.845769 0.704348 0.88032
7 0.490821 0.839259 0.483092 0.831247 0.55942 0.809715 0.569082 0.817727
7 0.393237 0.802203 0.383575 0.795694 0.45314 0.765148 0.464734 0.771157
7 0.311111 0.74011 0.249275 0.706059 0.322705 0.677516 0.375845 0.711567
7 0.28599 0.664497 0.250242 0.620431 0.331401 0.604907 0.361353 0.648973
7 0.166184 0.608913 0.151691 0.573861 0.316908 0.555333 0.328502 0.585879
7 0.468599 0.442163 0.614493 0.438157 0.616425 0.471207 0.469565 0.474712
7 0.569082 0.408112 0.573913 0.402103 0.692754 0.426139 0.687923 0.432148
7 0.562319 0.391087 0.560386 0.384076 0.738164 0.370556 0.73913 0.377066
7 0.644444 0.221332 0.630918 0.217827 0.691787 0.15323 0.705314 0.157236
