1 0.964167 0.496528 0.97213 0.5 0.970139 0.568287 0.961845 0.564815
7 0.881221 0.538194 0.862641 0.530093 0.863305 0.46412 0.882548 0.47338
7 0.462177 0.612269 0.476111 0.614583 0.475448 0.701389 0.461181 0.697917
7 0.509954 0.630787 0.526875 0.638889 0.52422 0.717593 0.507299 0.711806
7 0.564366 0.638889 0.578301 0.642361 0.575979 0.724537 0.562376 0.71875
7 0.608825 0.643519 0.622429 0.645833 0.621765 0.736111 0.607498 0.731481
7 0.647644 0.652778 0.676178 0.659722 0.676178 0.726852 0.646649 0.715278
7 0.707697 0.668981 0.725946 0.674769 0.724287 0.722222 0.705707 0.71412
7 0.757797 0.677083 0.770737 0.68287 0.768414 0.730324 0.75647 0.725694
7 0.794625 0.688657 0.815528 0.695602 0.813869 0.755787 0.79363 0.752315
7 0.857001 0.706019 0.877571 0.711806 0.876244 0.775463 0.855342 0.769676
7 0.905773 0.716435 0.926344 0.724537 0.925348 0.784722 0.904114 0.778935
7 0.951559 0.732639 0.977439 0.738426 0.976111 0.798611 0.950896 0.793981
7 0.987724 0.550926 0.970471 0.543981 0.970803 0.493056 0.988388 0.5
7 0.931652 0.553241 0.906768 0.543981 0.909091 0.479167 0.932648 0.487269
7 0.828799 0.527778 0.81221 0.519676 0.812873 0.461806 0.830458 0.466435
7 0.371267 0.600694 0.383875 0.603009 0.383212 0.68287 0.369277 0.679398
7 0.781354 0.53125 0.764764 0.521991 0.766755 0.447917 0.784008 0.452546
7 0.73789 0.50463 0.718646 0.496528 0.719642 0.43287 0.739549 0.438657
7 0.678169 0.482639 0.661248 0.47338 0.663238 0.412037 0.680491 0.418981
7 0.633709 0.471065 0.616788 0.466435 0.618447 0.394676 0.636364 0.402778
7 0.521898 0.431713 0.522561 0.403935 0.559721 0.41088 0.55939 0.436343
7 0.500995 0.439815 0.482747 0.430556 0.484738 0.364583 0.502322 0.37037
7 0.439947 0.451389 0.413072 0.445602 0.413072 0.380787 0.440279 0.385417
7 0.371267 0.436343 0.333776 0.421296 0.336098 0.353009 0.374253 0.369213
7 0.311214 0.391204 0.307565 0.390046 0.308228 0.350694 0.31221 0.350694
7 0.290644 0.384259 0.273391 0.378472 0.274718 0.340278 0.291639 0.347222
7 0.246184 0.37037 0.220969 0.364583 0.222296 0.324074 0.246848 0.329861
7 0.192435 0.362269 0.173855 0.357639 0.174851 0.309028 0.192767 0.3125
7 0.150299 0.362269 0.13935 0.359954 0.140677 0.274306 0.151294 0.277778
7 0.414399 0.608796 0.428003 0.613426 0.426344 0.696759 0.413736 0.693287
7 0.309555 0.579861 0.329463 0.585648 0.327472 0.648148 0.307565 0.640046
1 0.948573 0.784722 0.940279 0.78125 0.942933 0.712963 0.950896 0.716435
1 0.302256 0.577546 0.302256 0.555556 0.320836 0.553241 0.320504 0.578704
1 0.912741 0.493056 0.919376 0.49537 0.917717 0.548611 0.912077 0.546296
1 0.807233 0.457176 0.815196 0.461806 0.81221 0.533565 0.804247 0.527778
1 0.712342 0.449074 0.720305 0.452546 0.717983 0.517361 0.709688 0.515046
1 0.739217 0.444444 0.747843 0.446759 0.745189 0.527778 0.736563 0.525463
1 0.785667 0.462963 0.793298 0.466435 0.791639 0.534722 0.784008 0.53125
1 0.850033 0.826389 0.843729 0.822917 0.844393 0.773148 0.851029 0.775463
1 0.822495 0.756944 0.814864 0.75463 0.815528 0.684028 0.824154 0.686343
1 0.755806 0.737269 0.747843 0.734954 0.749171 0.668981 0.75647 0.672454
1 0.735236 0.728009 0.726609 0.726852 0.727605 0.664352 0.735567 0.666667
1 0.682814 0.721065 0.675182 0.717593 0.676178 0.652778 0.684804 0.655093
1 0.655607 0.434028 0.661248 0.435185 0.659257 0.491898 0.653948 0.489583
1 0.637027 0.416667 0.645322 0.421296 0.642668 0.490741 0.635368 0.489583
1 0.392502 0.664352 0.383875 0.662037 0.385202 0.599537 0.393497 0.600694
1 0.294625 0.630787 0.285999 0.628472 0.28633 0.560185 0.296284 0.563657
7 0.265096 0.569444 0.285335 0.576389 0.28434 0.628472 0.263769 0.623843
1 0.247512 0.33912 0.255806 0.341435 0.254147 0.407407 0.244857 0.403935
1 0.265428 0.607639 0.258129 0.606481 0.258461 0.545139 0.266092 0.545139
1 0.247512 0.631944 0.238885 0.627315 0.241208 0.543981 0.250166 0.548611
1 0.194758 0.31713 0.203716 0.319444 0.20073 0.395833 0.192104 0.392361
1 0.152289 0.277778 0.161248 0.280093 0.158925 0.364583 0.151294 0.361111
1 0.147976 0.592593 0.139018 0.592593 0.13935 0.525463 0.148308 0.52662
1 0.110153 0.541667 0.110816 0.512731 0.131719 0.513889 0.131387 0.542824
1 0.0461181 0.55787 0.0371599 0.556713 0.0384871 0.491898 0.047777 0.494213
1 0.0958859 0.284722 0.103849 0.288194 0.10219 0.351852 0.0942269 0.349537
7 0.0291971 0.491898 0.0384871 0.49537 0.0351692 0.590278 0.026211 0.587963
7 0.125083 0.539352 0.140345 0.543981 0.139018 0.607639 0.124088 0.604167
7 0.15428 0.528935 0.198076 0.539352 0.19708 0.600694 0.152621 0.590278
7 0.219973 0.550926 0.239881 0.560185 0.238553 0.611111 0.218646 0.604167
7 0.0942269 0.354167 0.084937 0.351852 0.0859323 0.243056 0.0948905 0.243056
