7 0.975971 0.398263 0.978842 0.389578 0.982772 0.493797 0.980203 0.502481
7 0.276409 0.512407 0.278827 0.507444 0.281396 0.66129 0.278827 0.665012
7 0.457458 0.296526 0.46441 0.296526 0.463956 0.431762 0.457005 0.42804
7 0.427082 0.282878 0.434034 0.280397 0.435847 0.53598 0.429651 0.544665
7 0.413783 0.299007 0.41741 0.296526 0.418921 0.472705 0.415898 0.475186
7 0.399426 0.344913 0.401995 0.341191 0.404564 0.498759 0.401995 0.501241
7 0.380384 0.356079 0.385371 0.354839 0.386278 0.528536 0.380837 0.531017
7 0.338673 0.435484 0.342149 0.436725 0.341998 0.552109 0.338673 0.555831
7 0.31948 0.450372 0.323258 0.44665 0.324165 0.564516 0.320689 0.569479
7 0.261297 0.534739 0.264621 0.534739 0.266435 0.671216 0.262959 0.672457
7 0.48859 0.300248 0.491915 0.297767 0.492066 0.411911 0.488892 0.411911
7 0.247544 0.542184 0.251927 0.539702 0.253136 0.673697 0.248602 0.67866
7 0.234245 0.456576 0.237419 0.455335 0.237419 0.719603 0.234094 0.718362
7 0.214599 0.361042 0.218981 0.359801 0.220342 0.73201 0.215506 0.734491
7 0.187849 0.234491 0.192383 0.234491 0.190267 0.681141 0.18528 0.682382
7 0.14765 0.419355 0.151882 0.421836 0.15037 0.73201 0.145836 0.73201
7 0.0970228 0.346154 0.101254 0.347395 0.100045 0.728288 0.0958138 0.729529
7 0.0631706 0.328784 0.0680066 0.330025 0.066042 0.728288 0.0619616 0.727047
7 0.476802 0.30273 0.47922 0.30273 0.479371 0.433002 0.476349 0.433002
7 0.508387 0.299007 0.515793 0.295285 0.517002 0.409429 0.509596 0.413151
7 0.960103 0.420596 0.963276 0.415633 0.964788 0.590571 0.961614 0.591811
7 0.73825 0.380893 0.741272 0.379653 0.742179 0.540943 0.739157 0.543424
7 0.934714 0.375931 0.938794 0.373449 0.940608 0.656328 0.936225 0.658809
7 0.908267 0.522333 0.911894 0.51861 0.913254 0.636476 0.909324 0.640199
7 0.88998 0.612903 0.894363 0.617866 0.892701 0.734491 0.888469 0.730769
7 0.826961 0.384615 0.830739 0.384615 0.831948 0.616625 0.828472 0.621588
7 0.791144 0.32134 0.797642 0.323821 0.796736 0.548387 0.790086 0.545906
7 0.772253 0.330025 0.777996 0.333747 0.77588 0.580645 0.769533 0.576923
7 0.756234 0.352357 0.757594 0.349876 0.758652 0.471464 0.756838 0.472705
7 0.719813 0.425558 0.7248 0.426799 0.724498 0.545906 0.719813 0.545906
7 0.528789 0.323821 0.534683 0.326303 0.535137 0.415633 0.528789 0.418114
7 0.692912 0.41067 0.700771 0.405707 0.702433 0.51737 0.69397 0.524814
7 0.685658 0.413151 0.689285 0.416873 0.687321 0.529777 0.683996 0.528536
7 0.653166 0.415633 0.658002 0.414392 0.658002 0.445409 0.653015 0.44665
7 0.603899 0.399504 0.611606 0.411911 0.609491 0.504963 0.601481 0.497519
7 0.580475 0.373449 0.584857 0.375931 0.584555 0.444169 0.580172 0.444169
7 0.566722 0.332506 0.573069 0.333747 0.572163 0.42928 0.566269 0.42804
7 0.544507 0.308933 0.552365 0.307692 0.55297 0.421836 0.545111 0.42804
7 0.0332477 0.477667 0.0367236 0.485112 0.0314342 0.653846 0.0278072 0.646402
