10 0.106535 0.91224 0.114593 0.91455 0.111012 0.960739 0.102954 0.957275
1 0.162489 0.576212 0.152193 0.562356 0.160251 0.51963 0.170098 0.530023
1 0.424799 0.550808 0.414951 0.535797 0.42256 0.490762 0.431961 0.503464
1 0.338406 0.621247 0.326768 0.608545 0.335273 0.545035 0.346016 0.554273
1 0.0774396 0.415704 0.0680394 0.406467 0.0756491 0.354503 0.0854969 0.366051
7 0.899731 0.454965 0.92256 0.452656 0.925246 0.937644 0.902865 0.943418
7 0.811101 0.512702 0.851388 0.505774 0.859445 0.983834 0.822739 0.988453
7 0.722471 0.720554 0.735452 0.721709 0.732766 0.995381 0.721128 0.995381
7 0.740376 0.369515 0.759624 0.374134 0.7547 0.620092 0.736347 0.616628
7 0.62444 0.378753 0.638765 0.389145 0.58863 0.886836 0.575649 0.877598
7 0.510743 0.467667 0.538048 0.47806 0.519696 0.770208 0.495076 0.76097
7 0.434199 0.494226 0.44718 0.513857 0.385855 0.841801 0.370188 0.823326
7 0.316025 0.540416 0.33393 0.562356 0.296777 0.786374 0.277081 0.765589
7 0.167413 0.54157 0.189794 0.56582 0.165175 0.718245 0.140555 0.690531
7 0.0559534 0.337182 0.0756491 0.359122 0.0465533 0.553118 0.0237243 0.530023
