14 0.795405 0.000515198 0.811816 0.000515198 0.811816 0.015456 0.795405 0.015456
7 0.988512 0.0489438 0.978665 0.0607934 0.945842 0.0355487 0.955689 0.0247295
7 0.939825 0.206595 0.931619 0.215353 0.872538 0.163318 0.880744 0.15456
7 0.971554 0.323029 0.962801 0.330242 0.849015 0.215353 0.858862 0.20711
7 0.917943 0.424523 0.905908 0.438434 0.791028 0.319423 0.805252 0.308604
7 0.830963 0.541989 0.821663 0.550747 0.724289 0.451314 0.734683 0.44204
7 0.780635 0.569294 0.760394 0.587841 0.681619 0.503349 0.70186 0.486347
7 0.738512 0.611025 0.730853 0.618753 0.663567 0.54611 0.671225 0.539928
7 0.693107 0.653272 0.678884 0.666151 0.602845 0.586811 0.621444 0.572901
7 0.660832 0.726945 0.652079 0.733642 0.551422 0.618238 0.559628 0.611025
7 0.600656 0.729521 0.592998 0.736734 0.523523 0.659969 0.530635 0.653272
7 0.531182 0.752705 0.522429 0.761463 0.448578 0.683668 0.45733 0.675425
7 0.343545 0.817105 0.330963 0.821226 0.294858 0.722823 0.308534 0.718187
7 0.286652 0.86914 0.278446 0.874807 0.228118 0.786193 0.237418 0.781556
7 0.228118 0.899536 0.217177 0.905719 0.163567 0.81762 0.173961 0.810922
7 0.0640044 0.919114 0.0563457 0.924781 0.00164114 0.854714 0.00875274 0.849047
