1 0.906396 0.636477 0.910296 0.631886 0.927457 0.63606 0.924337 0.641068
1 0.854134 0.653589 0.843994 0.652337 0.847894 0.641068 0.858814 0.642738
7 0.361934 0.164441 0.382995 0.17571 0.265211 0.243322 0.24571 0.233306
7 0.558502 0.210351 0.592824 0.226628 0.445398 0.320952 0.411076 0.304674
7 0.536661 0.290484 0.549142 0.293823 0.50858 0.345576 0.49454 0.343489
7 0.594384 0.335559 0.602964 0.338481 0.587363 0.356427 0.578003 0.353923
7 0.75195 0.288815 0.776911 0.300501 0.674727 0.374374 0.648206 0.362688
7 0.830733 0.317613 0.848674 0.32596 0.736349 0.409015 0.714509 0.401085
7 0.99766 0.611436 0.972699 0.622287 0.891576 0.571786 0.914977 0.560935
7 0.932917 0.631052 0.929017 0.635643 0.787832 0.610184 0.790172 0.605175
7 0.775351 0.606845 0.773011 0.610184 0.625585 0.591402 0.627145 0.587646
7 0.867395 0.649833 0.863495 0.657763 0.74493 0.640651 0.74805 0.632304
7 0.74181 0.637312 0.74337 0.641068 0.594384 0.653172 0.592044 0.648581
7 0.673947 0.684891 0.673167 0.688648 0.592824 0.681553 0.594384 0.678214
7 0.73791 0.830968 0.729329 0.839316 0.582683 0.799249 0.591264 0.791736
7 0.723089 0.859349 0.718409 0.864775 0.565523 0.834725 0.569423 0.828881
7 0.702028 0.944908 0.695008 0.962437 0.534321 0.944491 0.541342 0.926127
1 0.546022 0.233306 0.539002 0.238314 0.525741 0.232053 0.532761 0.227045
1 0.736349 0.301753 0.726209 0.296327 0.74259 0.283806 0.75195 0.288397
7 0.265211 0.114775 0.285491 0.126043 0.138066 0.209516 0.119345 0.198664
