4 0.886401 0.841463 0.904316 0.834495 0.912459 0.915505 0.894137 0.922474
7 0.514251 0.601045 0.524837 0.597561 0.53013 0.654181 0.521173 0.658537
7 0.136401 0.820557 0.144544 0.817073 0.15228 0.921603 0.145358 0.923345
7 0.186482 0.795296 0.211319 0.789199 0.217834 0.881533 0.190961 0.885017
7 0.254886 0.804007 0.265472 0.804878 0.263029 0.877178 0.252443 0.875436
7 0.285016 0.792683 0.303746 0.785714 0.308632 0.865854 0.290717 0.872822
7 0.326954 0.769164 0.341612 0.761324 0.346498 0.839721 0.333469 0.843206
7 0.364414 0.777003 0.371743 0.771777 0.384772 0.849303 0.378257 0.85453
7 0.405537 0.740418 0.416124 0.739547 0.419788 0.801394 0.409609 0.804007
7 0.449919 0.692509 0.457248 0.682927 0.470684 0.72561 0.462541 0.736934
7 0.476792 0.646341 0.485749 0.635889 0.49715 0.692509 0.489414 0.700348
7 0.609935 0.50784 0.615228 0.506098 0.621336 0.585366 0.615635 0.587108
4 0.863192 0.851916 0.881107 0.844077 0.888844 0.925087 0.871336 0.932056
7 0.620928 0.453833 0.638844 0.446864 0.650651 0.569686 0.632329 0.577526
7 0.666124 0.382404 0.675081 0.380662 0.686482 0.537456 0.677932 0.539199
7 0.690961 0.404181 0.70114 0.402439 0.710098 0.519164 0.699919 0.520906
7 0.721091 0.343206 0.733713 0.33885 0.74715 0.498258 0.734935 0.501742
7 0.772394 0.366725 0.784609 0.364983 0.793567 0.499129 0.781759 0.500871
7 0.797638 0.385889 0.807818 0.381533 0.817997 0.491289 0.809039 0.493031
7 0.826954 0.29878 0.836319 0.293554 0.858713 0.445993 0.849756 0.452962
7 0.864414 0.277875 0.872964 0.273519 0.887215 0.418118 0.879072 0.421603
7 0.897394 0.255226 0.901466 0.254355 0.910016 0.394599 0.906352 0.394599
7 0.105456 0.813589 0.113599 0.810976 0.125 0.95993 0.117671 0.962544
