7 0.464812 0.963796 0.479542 0.944597 0.530278 0.948985 0.515548 0.969281
7 0.486088 0.924849 0.495908 0.912233 0.559738 0.916621 0.553191 0.929238
7 0.291326 0.0746023 0.302782 0.0597916 0.486088 0.0674712 0.481178 0.0828305
7 0.309329 0.115195 0.312602 0.104224 0.440262 0.108612 0.436989 0.119035
7 0.304419 0.170049 0.317512 0.15853 0.399345 0.166758 0.391162 0.179375
7 0.281506 0.221613 0.292962 0.210642 0.394435 0.219419 0.384615 0.231487
7 0.332242 0.375754 0.317512 0.360395 0.374795 0.354361 0.391162 0.370817
7 0.333879 0.410313 0.317512 0.395502 0.397709 0.386725 0.412439 0.401536
7 0.415712 0.481624 0.402619 0.467361 0.456628 0.462425 0.468085 0.478332
7 0.472995 0.544707 0.464812 0.528799 0.517185 0.526056 0.525368 0.541415
7 0.505728 0.587493 0.494272 0.571585 0.554828 0.568294 0.563011 0.58475
7 0.509002 0.596818 0.505728 0.591882 0.564648 0.588042 0.567921 0.592979
7 0.533552 0.637411 0.530278 0.6226 0.582651 0.620954 0.589198 0.635217
7 0.545008 0.687877 0.541735 0.680746 0.603928 0.676906 0.607201 0.684586
7 0.563011 0.712562 0.558101 0.703236 0.607201 0.700494 0.612111 0.709819
7 0.600655 0.765222 0.589198 0.747669 0.625205 0.744926 0.635025 0.761931
7 0.582651 0.795941 0.592471 0.782776 0.646481 0.786067 0.636661 0.800329
7 0.569558 0.837082 0.571195 0.826111 0.636661 0.827756 0.633388 0.839276
7 0.527005 0.889194 0.558101 0.868349 0.615385 0.876029 0.584288 0.89797
14 0.525368 0.0921558 0.561375 0.0800878 0.577741 0.0866703 0.545008 0.0981898
