7 0.777109 0.742857 0.779934 0.753383 0.778214 0.851128 0.77539 0.842105
7 0.413975 0.0210526 0.418765 0.0345865 0.415817 0.178947 0.410782 0.162406
7 0.49429 0.156391 0.496991 0.160902 0.495026 0.321805 0.491956 0.312782
7 0.476483 0.18797 0.47943 0.193985 0.477465 0.305263 0.474886 0.299248
7 0.466904 0.165414 0.470588 0.17594 0.469115 0.27218 0.465185 0.261654
7 0.450203 0.087218 0.454501 0.0962406 0.452904 0.24812 0.448729 0.240602
7 0.430922 0.0736842 0.434975 0.0887218 0.432273 0.225564 0.428098 0.210526
7 0.423063 0.0556391 0.42515 0.0616541 0.422326 0.18797 0.420238 0.178947
7 0.405747 0.0150376 0.408081 0.0195489 0.406238 0.148872 0.40366 0.141353
7 0.511728 0.189474 0.516149 0.201504 0.51357 0.360902 0.509026 0.348872
7 0.377134 0.00150376 0.379467 0.00150376 0.378116 0.133835 0.375906 0.12782
7 0.384993 0.00300752 0.387327 0.00150376 0.385853 0.142857 0.383642 0.13985
14 0.336608 0.132331 0.341029 0.144361 0.340538 0.166917 0.336117 0.154887
7 0.106226 0 0.107823 0.00150376 0.111261 0.181955 0.109788 0.186466
7 0.0934545 0.0255639 0.0982439 0.0180451 0.100086 0.209023 0.0954194 0.216541
7 0.0434729 0.0556391 0.046543 0.0526316 0.0494904 0.366917 0.0462974 0.372932
7 0.502886 0.169925 0.507061 0.181955 0.504482 0.33985 0.500184 0.32782
7 0.538499 0.230075 0.541447 0.23609 0.538868 0.413534 0.536043 0.406015
7 0.78632 0.730827 0.789144 0.742857 0.786565 0.873684 0.783372 0.863158
8 0.767408 0.00150376 0.778214 0.00150376 0.759671 0.998496 0.749232 1.0015
7 0.79553 0.754887 0.797618 0.760902 0.796267 0.866165 0.794056 0.86015
7 0.811495 0.846617 0.814073 0.852632 0.8126 0.932331 0.810266 0.926316
7 0.826722 0.830075 0.82967 0.839098 0.827705 0.95188 0.825003 0.942857
7 0.842196 0.867669 0.844283 0.878195 0.841705 0.990977 0.83974 0.983459
7 0.856687 0.900752 0.860862 0.908271 0.85988 0.996992 0.85595 0.990977
7 0.876213 0.903759 0.87916 0.912782 0.877932 1 0.874985 0.998496
7 0.734127 0.64812 0.736584 0.654135 0.734496 0.801504 0.732163 0.796992
7 0.546727 0.329323 0.548815 0.333835 0.547341 0.440602 0.545254 0.43609
7 0.688935 0.568421 0.691391 0.57594 0.689549 0.711278 0.687093 0.706767
7 0.680707 0.535338 0.683777 0.541353 0.681813 0.694737 0.679111 0.691729
7 0.647427 0.473684 0.650252 0.478195 0.648164 0.646617 0.645217 0.642105
7 0.632199 0.439098 0.634533 0.443609 0.632077 0.619549 0.629743 0.613534
7 0.61034 0.4 0.612551 0.406015 0.610217 0.568421 0.60813 0.562406
7 0.556429 0.284211 0.559499 0.291729 0.557043 0.451128 0.554096 0.440602
7 0.0332801 0.0706767 0.0361046 0.0676692 0.0391748 0.37594 0.0359818 0.381955
