7 0.64369 0.711538 0.654352 0.708974 0.656583 0.955128 0.646169 0.960256
7 0.328044 0.488462 0.312175 0.485897 0.316638 0.241026 0.331267 0.248718
7 0.588148 0.35 0.579221 0.339744 0.587156 0.024359 0.596578 0.0282051
7 0.565584 0.352564 0.554178 0.355128 0.553434 0.0141026 0.565088 0.0141026
7 0.538557 0.355128 0.53211 0.355128 0.529631 0.0179487 0.536077 0.0166667
7 0.523184 0.360256 0.518969 0.362821 0.514753 0.0269231 0.519464 0.025641
7 0.499132 0.369231 0.493181 0.373077 0.485247 0.0141026 0.491446 0.0102564
7 0.465658 0.383333 0.454748 0.384615 0.454996 0.1 0.464914 0.1
7 0.248698 0.480769 0.237292 0.480769 0.237044 0.292308 0.247706 0.289744
7 0.670717 0.329487 0.66551 0.326923 0.669477 0.0230769 0.674932 0.024359
7 0.219192 0.526923 0.205554 0.521795 0.209273 0.305128 0.223903 0.311538
7 0.191669 0.537179 0.177535 0.533333 0.179519 0.411538 0.194148 0.417949
7 0.162906 0.498718 0.157451 0.496154 0.161666 0.312821 0.166873 0.314103
7 0.138359 0.558974 0.124969 0.55641 0.128936 0.314103 0.142574 0.320513
7 0.117778 0.491026 0.113315 0.489744 0.115547 0.335897 0.120258 0.338462
7 0.104389 0.55641 0.0902554 0.571795 0.0828168 0.420513 0.097694 0.401282
7 0.650384 0.328205 0.637987 0.326923 0.640714 0.0269231 0.654352 0.0307692
7 0.71634 0.326923 0.705926 0.321795 0.708902 0.0653846 0.719564 0.0653846
7 0.662286 0.707692 0.668485 0.707692 0.671212 0.917949 0.665262 0.919231
7 0.959583 0.246154 0.951401 0.251282 0.94669 0.0564103 0.955616 0.0487179
7 0.698735 0.7 0.705678 0.698718 0.709645 0.966667 0.702703 0.967949
7 0.754773 0.671795 0.764939 0.669231 0.769402 0.996154 0.757997 0.998718
7 0.777089 0.671795 0.782544 0.669231 0.785272 0.99359 0.780312 0.994872
7 0.794198 0.670513 0.800893 0.669231 0.805852 0.978205 0.798165 0.978205
7 0.811059 0.705128 0.816514 0.703846 0.819241 0.932051 0.813538 0.932051
7 0.847508 0.65641 0.854203 0.651282 0.857178 0.860256 0.849988 0.862821
7 0.934044 0.275641 0.924126 0.279487 0.920655 0.0807692 0.931317 0.0769231
7 0.743119 0.311538 0.72973 0.310256 0.731217 0.0820513 0.745103 0.0846154
7 0.896107 0.278205 0.891148 0.278205 0.89214 0.108974 0.897347 0.107692
7 0.883461 0.285897 0.878006 0.284615 0.87875 0.101282 0.884453 0.101282
7 0.861641 0.289744 0.851971 0.292308 0.852715 0.110256 0.861641 0.108974
7 0.837094 0.294872 0.827672 0.294872 0.827424 0.158974 0.83759 0.157692
7 0.818993 0.280769 0.812299 0.279487 0.812794 0.147436 0.819241 0.146154
7 0.801636 0.317949 0.795934 0.320513 0.79519 0.108974 0.801141 0.107692
7 0.0213241 0.615385 0.00595091 0.624359 0.000743863 0.389744 0.0151252 0.380769
