14 0.915423 0.433298 0.950802 0.417542 0.959093 0.433824 0.922609 0.449055
7 0.589276 0.51313 0.597015 0.505252 0.608071 0.516282 0.600332 0.523109
7 0.543947 0.557248 0.551686 0.549895 0.562742 0.560399 0.556108 0.567227
7 0.521835 0.57458 0.530127 0.567227 0.543394 0.581408 0.535655 0.588235
7 0.457711 0.625525 0.466003 0.618697 0.480376 0.634979 0.47319 0.640756
7 0.432283 0.642857 0.440575 0.636029 0.457159 0.650735 0.449972 0.658613
7 0.385296 0.685399 0.393588 0.678571 0.408513 0.693803 0.401327 0.700105
7 0.359315 0.704832 0.367054 0.696954 0.386954 0.713761 0.378662 0.721113
7 0.316197 0.745798 0.32283 0.738971 0.343836 0.757353 0.33665 0.764181
7 0.296849 0.766807 0.304588 0.759979 0.32283 0.777311 0.316197 0.784139
7 0.250967 0.809349 0.258706 0.802521 0.274185 0.816702 0.266998 0.823529
7 0.229961 0.826681 0.238253 0.819853 0.249862 0.834559 0.242123 0.839811
7 0.205638 0.852941 0.213378 0.845063 0.226092 0.855567 0.2178 0.863445
7 0.187949 0.87395 0.195688 0.866071 0.208402 0.877626 0.200663 0.884979
7 0.172471 0.89916 0.180763 0.891807 0.19016 0.901261 0.183527 0.908088
7 0.144831 0.940651 0.15644 0.927521 0.170813 0.940651 0.158651 0.953782
7 0.130459 0.969013 0.138751 0.958508 0.153123 0.969538 0.145937 0.979517
7 0.567164 0.534664 0.575456 0.526786 0.586512 0.537815 0.579878 0.544643
7 0.606965 0.490546 0.615257 0.482668 0.628524 0.494748 0.620785 0.503151
14 0.80597 0.592962 0.829187 0.585609 0.835268 0.602941 0.813156 0.610294
7 0.63571 0.469013 0.642897 0.46166 0.656164 0.471639 0.648977 0.479517
14 0.665008 0.978992 0.695412 0.967962 0.70094 0.985294 0.671089 0.995798
14 0.542289 0.769958 0.567717 0.759454 0.577667 0.778887 0.55058 0.789916
7 0.682698 0.419643 0.689884 0.411765 0.702045 0.421218 0.695412 0.429622
7 0.730238 0.377101 0.737977 0.369748 0.749585 0.380252 0.742952 0.387605
7 0.749033 0.358718 0.75843 0.349265 0.76838 0.360294 0.758983 0.368697
7 0.788834 0.31355 0.797125 0.306197 0.806523 0.315126 0.799337 0.323004
7 0.812604 0.289391 0.820343 0.281513 0.830846 0.290966 0.822001 0.298319
7 0.839138 0.258929 0.846877 0.251576 0.857933 0.26208 0.851299 0.268908
7 0.858485 0.240021 0.866224 0.231618 0.876727 0.241071 0.870094 0.248424
7 0.880597 0.217962 0.887783 0.210609 0.897734 0.219538 0.8911 0.226366
7 0.898286 0.197479 0.908237 0.188025 0.918187 0.196954 0.908237 0.206408
7 0.919845 0.171218 0.928137 0.16334 0.93864 0.172269 0.931454 0.180672
7 0.940299 0.149685 0.946932 0.141282 0.957988 0.150735 0.95246 0.158088
7 0.968491 0.122374 0.977336 0.116071 0.98618 0.127101 0.977888 0.133403
7 0.656716 0.434874 0.665561 0.426471 0.682145 0.441176 0.674406 0.449055
7 0.111111 1 0.11885 0.985819 0.13267 0.992647 0.128248 1
