10 0.811734 0.89493 0.797723 0.898604 0.788967 0.875092 0.803853 0.871418
4 0.751313 0.634093 0.82049 0.617193 0.859895 0.739897 0.793345 0.755327
4 0.279335 0.305658 0.347636 0.289493 0.388792 0.412197 0.319615 0.429096
4 0.367776 0.28435 0.437828 0.268185 0.476357 0.391624 0.408932 0.407054
4 0.254816 0.531227 0.325744 0.514328 0.366025 0.637766 0.295972 0.653196
4 0.345884 0.509919 0.414186 0.49302 0.454466 0.616458 0.38704 0.631888
4 0.434326 0.488611 0.503503 0.472447 0.544658 0.595885 0.475482 0.611315
4 0.305604 0.739162 0.37303 0.722998 0.415061 0.844967 0.347636 0.861132
4 0.394921 0.717855 0.463222 0.70022 0.504378 0.825129 0.435201 0.840558
4 0.528021 0.686995 0.596322 0.670096 0.639229 0.793534 0.570053 0.807494
4 0.662872 0.653931 0.730298 0.638501 0.773205 0.76047 0.704904 0.778104
10 0.543783 0.204262 0.537653 0.19324 0.564799 0.182219 0.571804 0.192506
10 0.570053 0.255694 0.562172 0.244673 0.590193 0.229978 0.597198 0.240265
10 0.551664 0.224835 0.545534 0.213079 0.573555 0.201323 0.579685 0.212344
10 0.559545 0.242469 0.550788 0.229978 0.577058 0.216752 0.584939 0.227774
10 0.58669 0.307862 0.577058 0.296841 0.598949 0.280676 0.608581 0.290963
10 0.714536 0.262307 0.69965 0.264511 0.694396 0.240265 0.707531 0.237325
10 0.777583 0.243204 0.762697 0.246877 0.75394 0.221896 0.768827 0.218957
10 0.603327 0.346804 0.594571 0.335048 0.621716 0.316679 0.631349 0.326231
10 0.595447 0.3277 0.585814 0.315944 0.612084 0.29831 0.621716 0.307127
10 0.692644 0.270389 0.676883 0.272594 0.670753 0.244673 0.686515 0.241734
10 0.69965 0.315944 0.683012 0.317414 0.677758 0.290963 0.694396 0.288758
4 0.188266 0.326231 0.258319 0.310801 0.299475 0.433505 0.229422 0.449669
