2 0.177253 0.321507 0.199637 0.321507 0.199637 0.32886 0.177253 0.32886
0 0.682396 0.344669 0.623109 0.313235 0.725348 0.297243 0.786449 0.324265
0 0.347247 0.179228 0.293406 0.150551 0.394434 0.132904 0.451301 0.161949
0 0.411978 0.211581 0.362976 0.181801 0.4634 0.16636 0.514822 0.195588
0 0.839685 0.256618 0.779794 0.226654 0.880823 0.210846 0.937084 0.237684
0 0.69147 0.190257 0.647308 0.159743 0.748336 0.144853 0.801573 0.174265
0 0.630974 0.157537 0.581972 0.126103 0.683001 0.109926 0.733212 0.139706
0 0.564428 0.124632 0.511797 0.0941176 0.614035 0.0792279 0.663037 0.10625
0 0.502117 0.0909926 0.445251 0.0606618 0.546279 0.0457721 0.594071 0.0746324
0 0.753781 0.376654 0.693285 0.346691 0.794313 0.330331 0.848155 0.35864
2 0.115547 0.287132 0.14761 0.287132 0.14761 0.295037 0.115547 0.295037
0 0.817907 0.410662 0.756806 0.380331 0.864489 0.363235 0.917725 0.392279
0 0.740472 0.536765 0.745312 0.50386 0.865094 0.505699 0.856019 0.538603
0 0.741077 0.576103 0.749546 0.543015 0.860859 0.545037 0.8536 0.579044
0 0.735027 0.613419 0.742287 0.58125 0.854204 0.583088 0.84997 0.615809
0 0.734422 0.652941 0.736842 0.621324 0.854204 0.622243 0.8536 0.654596
0 0.712644 0.748346 0.725348 0.716176 0.837266 0.718566 0.830611 0.750735
0 0.68663 0.980147 0.6951 0.947059 0.813672 0.950368 0.806413 0.982904
0 0.275862 0.145772 0.22323 0.115993 0.323654 0.100184 0.376286 0.129228
