10 0.11955 0.533214 0.108298 0.541293 0.0956399 0.510772 0.106892 0.501795
10 0.199015 0.245961 0.187764 0.254039 0.176512 0.224417 0.188467 0.21544
10 0.200422 0.376122 0.189873 0.385099 0.177918 0.358169 0.187764 0.349192
10 0.132208 0.288151 0.12166 0.293537 0.115331 0.270197 0.125176 0.264811
14 0.364979 0.229803 0.496484 0.236086 0.491561 0.355476 0.359353 0.346499
4 0.587904 0.279174 0.648383 0.28456 0.640647 0.445242 0.582278 0.440754
4 0.686357 0.285458 0.746835 0.289048 0.740506 0.451526 0.679325 0.44614
4 0.746132 0.589767 0.805907 0.593357 0.798875 0.754039 0.740506 0.750449
4 0.650492 0.582585 0.71097 0.586176 0.704641 0.749551 0.642053 0.744165
4 0.555556 0.546679 0.614627 0.550269 0.608298 0.712747 0.54782 0.709156
4 0.458509 0.5386 0.518284 0.543986 0.511252 0.705566 0.450774 0.70018
4 0.360759 0.555655 0.421238 0.560144 0.414205 0.722621 0.353727 0.717235
4 0.263713 0.549372 0.324895 0.554758 0.317862 0.71544 0.256681 0.709156
4 0.161744 0.675045 0.221519 0.679533 0.214487 0.842011 0.154712 0.835727
4 0.0668073 0.667864 0.126582 0.67325 0.118847 0.834829 0.0576653 0.830341
