9 0.686975 0.475997 0.695378 0.460537 0.731793 0.488202 0.722689 0.505289
10 0.493697 0.657445 0.502801 0.644426 0.52381 0.662327 0.515406 0.677787
10 0.420168 0.769731 0.430672 0.755899 0.44958 0.776241 0.441176 0.786819
10 0.431373 0.755899 0.438375 0.744508 0.460084 0.764036 0.45098 0.776241
10 0.507003 0.787632 0.514706 0.7738 0.541317 0.794955 0.533613 0.808788
10 0.520308 0.771359 0.529412 0.756713 0.553922 0.780309 0.546218 0.794142
10 0.488095 0.83157 0.496499 0.818552 0.521008 0.83808 0.511905 0.852726
10 0.486695 0.673718 0.495098 0.658259 0.515406 0.676159 0.507703 0.689992
10 0.514006 0.628967 0.523109 0.615134 0.546919 0.634662 0.538515 0.647681
10 0.453782 0.697315 0.459384 0.68511 0.482493 0.703011 0.478291 0.715216
10 0.560224 0.689992 0.570028 0.671277 0.604342 0.698942 0.592437 0.716843
10 0.528011 0.753458 0.539216 0.737998 0.567927 0.764036 0.558824 0.777868
10 0.55112 0.528885 0.561625 0.512612 0.593137 0.541904 0.583333 0.554923
10 0.443277 0.714402 0.453782 0.70057 0.481092 0.732303 0.469888 0.744508
10 0.635154 0.569569 0.645658 0.553295 0.671569 0.577705 0.663165 0.593165
10 0.668067 0.510171 0.67577 0.495525 0.707283 0.521562 0.70028 0.535395
10 0.37395 0.731489 0.380252 0.719284 0.406162 0.737185 0.39986 0.751017
10 0.259104 0.500407 0.2507 0.515053 0.219888 0.494711 0.22619 0.478438
10 0.612745 0.44345 0.621148 0.431245 0.648459 0.451587 0.641457 0.467046
9 0.831933 0.34581 0.822829 0.335232 0.858543 0.279089 0.871849 0.289666
9 0.472689 0.0235964 0.486695 0.0317331 0.455882 0.086249 0.443978 0.0756713
9 0.489496 0.0276648 0.502801 0.0333605 0.485994 0.0805533 0.471989 0.0732303
9 0.592437 0.207486 0.579832 0.196908 0.606443 0.155411 0.619048 0.163548
9 0.610644 0.222132 0.598039 0.21074 0.626751 0.169243 0.637955 0.180635
9 0.704482 0.244915 0.691877 0.237592 0.711485 0.192026 0.72479 0.200163
9 0.820728 0.33035 0.808123 0.3214 0.847339 0.26607 0.857143 0.275834
9 0.456583 0.341741 0.443978 0.327909 0.481092 0.270138 0.493697 0.279902
10 0.236695 0.368592 0.2493 0.376729 0.229692 0.410903 0.216387 0.40358
9 0.518207 0.362897 0.505602 0.353946 0.540616 0.286412 0.554622 0.296989
9 0.265406 0.480879 0.256303 0.494711 0.205182 0.461351 0.213585 0.445077
9 0.667367 0.392189 0.659664 0.406021 0.62465 0.37917 0.636555 0.362897
9 0.639356 0.471928 0.632353 0.485761 0.60084 0.461351 0.609944 0.446705
10 0.40056 0.12856 0.410364 0.13751 0.397759 0.165175 0.385854 0.157852
10 0.2507 0.0667209 0.260504 0.0716029 0.2493 0.100081 0.238095 0.0943857
10 0.592437 0.475183 0.59944 0.462978 0.62395 0.482506 0.616947 0.496338
10 0.546919 0.433686 0.536415 0.423922 0.551821 0.399512 0.560224 0.406835
10 0.546919 0.720098 0.555322 0.705452 0.582633 0.730675 0.57493 0.743694
9 0.629552 0.23271 0.617647 0.220504 0.640756 0.187144 0.652661 0.198535
9 0.645658 0.548413 0.655462 0.53214 0.689776 0.561432 0.679972 0.577705
9 0.679972 0.493897 0.686975 0.480879 0.716387 0.502848 0.709384 0.51668
9 0.551821 0.37917 0.539216 0.37022 0.561625 0.331164 0.57423 0.340928
9 0.740896 0.342555 0.726891 0.329536 0.751401 0.288039 0.764706 0.301871
9 0.69958 0.315704 0.684174 0.305126 0.712885 0.259561 0.728291 0.271766
9 0.640756 0.256306 0.628151 0.244915 0.651261 0.209927 0.661765 0.219691
9 0.864146 0.331164 0.852241 0.320586 0.872549 0.288853 0.883754 0.298617
9 0.348739 0.768918 0.355742 0.751831 0.39916 0.781123 0.392157 0.799024
9 0.809524 0.423108 0.796218 0.414158 0.816527 0.377543 0.828431 0.388934
9 0.79902 0.401953 0.786415 0.391375 0.805322 0.357201 0.817927 0.366965
9 0.783613 0.391375 0.772409 0.383238 0.790616 0.349064 0.801821 0.357201
9 0.702381 0.466233 0.710084 0.451587 0.737395 0.471115 0.728992 0.484947
10 0.546919 0.572823 0.553922 0.557364 0.577731 0.577705 0.572129 0.591538
10 0.587535 0.650936 0.598739 0.637917 0.618347 0.658259 0.608543 0.670464
9 0.378151 0.698942 0.386555 0.679414 0.421569 0.699756 0.413165 0.719284
9 0.357843 0.746949 0.364146 0.730675 0.401261 0.752644 0.395658 0.771359
10 0.562325 0.438568 0.551821 0.427177 0.567227 0.401139 0.577731 0.409276
10 0.588936 0.414972 0.577731 0.405207 0.598039 0.373474 0.608543 0.382425
10 0.565826 0.391375 0.553922 0.382425 0.573529 0.349064 0.584034 0.358015
10 0.532913 0.366965 0.522409 0.358015 0.537815 0.331977 0.546218 0.338487
10 0.490196 0.380797 0.479692 0.371033 0.494398 0.347437 0.504902 0.355574
10 0.4993 0.390561 0.490196 0.382425 0.505602 0.356387 0.516807 0.364524
10 0.507703 0.406021 0.497199 0.396257 0.518207 0.367779 0.528011 0.378356
10 0.511905 0.333605 0.501401 0.325468 0.516807 0.301871 0.527311 0.310008
10 0.72549 0.231082 0.733193 0.249797 0.707283 0.262815 0.70098 0.246542
9 0.280112 0.455655 0.273109 0.470301 0.245798 0.450773 0.253501 0.436127
10 0.768908 0.368592 0.759804 0.357201 0.787815 0.320586 0.797619 0.33035
10 0.507003 0.0390561 0.521008 0.0480065 0.501401 0.08869 0.486695 0.0772986
10 0.315826 0.619203 0.301821 0.611066 0.32423 0.576892 0.336134 0.585842
9 0.32563 0.0943857 0.305322 0.0854353 0.331933 0.0203417 0.35014 0.0292921
9 0.242297 0.423108 0.2493 0.408462 0.286415 0.432872 0.278711 0.447518
9 0.255602 0.409276 0.263305 0.393002 0.296218 0.417413 0.287115 0.432059
9 0.266106 0.119609 0.251401 0.108218 0.286415 0.0333605 0.302521 0.0414972
