0 0.306304 0.366754 0.325008 0.35594 0.329739 0.370771 0.310705 0.381122
0 0.866982 0.6093 0.860051 0.631392 0.838046 0.617025 0.844977 0.593233
0 0.158103 0.630311 0.213885 0.598949 0.233689 0.662753 0.179778 0.698903
0 0.223347 0.591689 0.276598 0.560328 0.295302 0.627221 0.242491 0.657655
0 0.283199 0.555693 0.336341 0.527885 0.354714 0.591689 0.300363 0.619496
0 0.378479 0.511355 0.385851 0.505793 0.394323 0.527885 0.386181 0.533601
0 0.346243 0.528966 0.364176 0.517071 0.374079 0.545342 0.355815 0.556774
0 0.384751 0.810598 0.418088 0.794686 0.432831 0.847211 0.399824 0.864205
0 0.758829 0.296617 0.799208 0.273444 0.814171 0.323498 0.777203 0.346671
11 0.534382 0.38622 0.555617 0.373861 0.565189 0.401668 0.543954 0.415109
0 0.788536 0.52325 0.825943 0.501622 0.841347 0.552603 0.805369 0.57315
0 0.450765 0.270972 0.470569 0.257531 0.47717 0.27298 0.456266 0.285803
0 0.720321 0.575313 0.776433 0.546424 0.791506 0.605592 0.738695 0.634945
0 0.66454 0.607755 0.71592 0.583037 0.735394 0.647304 0.682583 0.675112
0 0.624271 0.642206 0.66751 0.628302 0.677082 0.674185 0.633733 0.689634
0 0.640775 0.725166 0.675542 0.751892 0.657608 0.795149 0.623831 0.768423
0 0.591594 0.670014 0.624271 0.657191 0.637034 0.709099 0.605567 0.723621
0 0.537353 0.69983 0.591264 0.675112 0.608428 0.738452 0.553856 0.764252
0 0.424689 0.748339 0.482671 0.723621 0.499505 0.784798 0.443063 0.813224
0 0.486302 0.724548 0.515348 0.711262 0.52305 0.73907 0.495544 0.752356
11 0.421388 0.45991 0.441963 0.445543 0.452195 0.475823 0.432391 0.489263
