10 0.780488 0.161641 0.77439 0.150784 0.803354 0.139928 0.809451 0.150784
10 0.893293 0.0410133 0.88872 0.0289505 0.916159 0.0217129 0.922256 0.0349819
9 0.728659 0.657419 0.722561 0.645356 0.782012 0.623643 0.789634 0.633293
9 0.73628 0.667069 0.733232 0.657419 0.794207 0.640531 0.79878 0.651387
9 0.746951 0.68275 0.742378 0.671894 0.803354 0.652593 0.809451 0.66345
9 0.757622 0.697226 0.751524 0.686369 0.8125 0.667069 0.818598 0.676719
9 0.759146 0.714113 0.753049 0.703257 0.817073 0.68275 0.823171 0.693607
9 0.810976 0.704463 0.82622 0.700844 0.852134 0.752714 0.838415 0.756333
9 0.568598 0.624849 0.620427 0.594692 0.628049 0.603136 0.577744 0.630881
9 0.477134 0.539204 0.469512 0.528347 0.512195 0.506634 0.521341 0.517491
9 0.471037 0.519903 0.463415 0.509047 0.51372 0.484922 0.522866 0.496984
9 0.463415 0.504222 0.455793 0.494572 0.504573 0.46924 0.51372 0.47889
9 0.45122 0.490953 0.443598 0.482509 0.490854 0.457177 0.5 0.466828
9 0.442073 0.477684 0.434451 0.46924 0.481707 0.443908 0.490854 0.452352
9 0.429878 0.464415 0.422256 0.454765 0.471037 0.429433 0.478659 0.439083
9 0.400915 0.418577 0.394817 0.408926 0.445122 0.386007 0.452744 0.396864
9 0.391768 0.405308 0.384146 0.395657 0.432927 0.370326 0.442073 0.381182
9 0.371951 0.382388 0.426829 0.358263 0.434451 0.366707 0.379573 0.390832
9 0.387195 0.565742 0.396341 0.575392 0.344512 0.600724 0.33689 0.591074
9 0.385671 0.548854 0.393293 0.558504 0.339939 0.583836 0.332317 0.574186
9 0.371951 0.536791 0.379573 0.546441 0.332317 0.565742 0.32622 0.557298
9 0.362805 0.52111 0.370427 0.531966 0.324695 0.553679 0.317073 0.544029
9 0.352134 0.507841 0.359756 0.517491 0.306402 0.541616 0.29878 0.53076
9 0.346037 0.492159 0.352134 0.503016 0.29878 0.524729 0.291159 0.515078
9 0.330793 0.47889 0.33689 0.48854 0.285061 0.512666 0.277439 0.501809
9 0.324695 0.463209 0.332317 0.472859 0.280488 0.496984 0.272866 0.487334
9 0.320122 0.446321 0.327744 0.458384 0.272866 0.481303 0.265244 0.470446
9 0.717988 0.640531 0.71189 0.630881 0.77439 0.609168 0.780488 0.620024
9 0.710366 0.626055 0.704268 0.615199 0.765244 0.593486 0.771341 0.604343
9 0.698171 0.61158 0.692073 0.600724 0.754573 0.581423 0.760671 0.59228
9 0.571646 0.404101 0.564024 0.394451 0.621951 0.366707 0.629573 0.377563
10 0.675305 0.790109 0.667683 0.780458 0.695122 0.765983 0.702744 0.77684
10 0.73628 0.767189 0.751524 0.758745 0.77439 0.788902 0.759146 0.79614
10 0.751524 0.758745 0.766768 0.751508 0.789634 0.781665 0.772866 0.788902
10 0.77439 0.758745 0.789634 0.752714 0.806402 0.77684 0.792683 0.784077
10 0.597561 0.885404 0.606707 0.896261 0.582317 0.907117 0.574695 0.897467
10 0.518293 0.908323 0.525915 0.920386 0.501524 0.930036 0.493902 0.917973
10 0.512195 0.764777 0.519817 0.774427 0.495427 0.787696 0.487805 0.778046
10 0.504573 0.752714 0.512195 0.763571 0.487805 0.77684 0.480183 0.765983
10 0.495427 0.743064 0.504573 0.75392 0.480183 0.765983 0.471037 0.757539
10 0.490854 0.732207 0.5 0.740651 0.474085 0.75392 0.466463 0.745476
9 0.564024 0.38842 0.556402 0.377563 0.615854 0.352232 0.623476 0.361882
9 0.580793 0.419783 0.574695 0.410133 0.631098 0.383595 0.63872 0.393245
9 0.692073 0.593486 0.6875 0.58263 0.751524 0.564536 0.756098 0.575392
9 0.594512 0.431846 0.58689 0.420989 0.644817 0.396864 0.652439 0.406514
9 0.60061 0.446321 0.594512 0.436671 0.650915 0.411339 0.658537 0.420989
9 0.609756 0.463209 0.602134 0.453559 0.661585 0.425814 0.669207 0.436671
9 0.623476 0.476478 0.615854 0.466828 0.670732 0.439083 0.678354 0.448733
9 0.632622 0.492159 0.625 0.481303 0.681402 0.454765 0.689024 0.464415
9 0.644817 0.504222 0.637195 0.494572 0.693598 0.465621 0.70122 0.475271
9 0.657012 0.519903 0.647866 0.510253 0.702744 0.481303 0.71189 0.490953
9 0.660061 0.534379 0.655488 0.523522 0.716463 0.503016 0.724085 0.515078
9 0.667683 0.55006 0.66311 0.539204 0.724085 0.517491 0.731707 0.529554
9 0.67378 0.565742 0.667683 0.554885 0.730183 0.533172 0.734756 0.545235
9 0.685976 0.579011 0.679878 0.568154 0.742378 0.548854 0.748476 0.55971
9 0.301829 0.434258 0.309451 0.441496 0.260671 0.46924 0.251524 0.460796
