10 0.511208 0.613438 0.522054 0.619546 0.510484 0.649215 0.500362 0.643979
9 0.245119 0.438918 0.276934 0.45637 0.272596 0.465096 0.241504 0.446771
9 0.32321 0.455497 0.355025 0.472949 0.35141 0.480803 0.319595 0.464223
9 0.357195 0.473822 0.389009 0.491274 0.385394 0.5 0.353579 0.482548
9 0.391179 0.493019 0.42444 0.509599 0.420101 0.519197 0.388286 0.500873
9 0.388286 0.502618 0.420101 0.52007 0.416486 0.528796 0.384671 0.511344
9 0.383225 0.513089 0.415763 0.531414 0.412148 0.54014 0.37961 0.521815
9 0.352133 0.484293 0.385394 0.502618 0.381056 0.511344 0.349241 0.493892
9 0.349241 0.495637 0.380333 0.513089 0.375994 0.520942 0.345625 0.50349
9 0.318872 0.465096 0.350687 0.483421 0.347072 0.491274 0.315257 0.473822
9 0.283442 0.446771 0.31598 0.465096 0.313087 0.472949 0.28055 0.455497
9 0.314534 0.47644 0.346349 0.493892 0.34201 0.50349 0.310195 0.485166
9 0.279103 0.457243 0.311641 0.474695 0.308026 0.484293 0.275488 0.465096
9 0.249458 0.427574 0.281996 0.445899 0.27838 0.454625 0.246565 0.4363
9 0.17932 0.390052 0.210412 0.406632 0.206797 0.41623 0.175705 0.397906
9 0.214027 0.410122 0.245119 0.425829 0.242227 0.433682 0.209689 0.417976
9 0.210412 0.419721 0.24295 0.4363 0.239335 0.445026 0.206797 0.427574
9 0.251627 0.417103 0.284165 0.433682 0.28055 0.443281 0.248012 0.424956
9 0.156905 0.450262 0.187997 0.467714 0.185105 0.47644 0.15329 0.458988
9 0.161244 0.438918 0.192336 0.455497 0.18872 0.465096 0.156905 0.447644
9 0.17932 0.435428 0.214027 0.455497 0.210412 0.462478 0.175705 0.443281
9 0.195951 0.458115 0.22632 0.475567 0.223427 0.483421 0.192336 0.465969
9 0.218366 0.45637 0.251627 0.47644 0.248012 0.484293 0.214027 0.464223
9 0.229212 0.47644 0.261027 0.493892 0.257411 0.501745 0.22632 0.485166
9 0.256688 0.47644 0.290672 0.495637 0.286334 0.504363 0.253073 0.484293
9 0.292842 0.497382 0.327549 0.517452 0.323933 0.525305 0.289226 0.505236
9 0.263919 0.495637 0.296457 0.513962 0.292842 0.521815 0.261027 0.50349
9 0.33261 0.517452 0.366594 0.537522 0.363702 0.54712 0.328272 0.527051
9 0.369487 0.539267 0.404194 0.558464 0.400578 0.56719 0.366594 0.547993
9 0.258858 0.505236 0.291396 0.52356 0.28778 0.531414 0.255965 0.513089
9 0.295011 0.52356 0.326103 0.541012 0.32321 0.550611 0.291396 0.533159
9 0.329718 0.542757 0.361533 0.561082 0.358641 0.569808 0.326103 0.551483
9 0.286334 0.4363 0.318872 0.453752 0.315257 0.462478 0.283442 0.445026
9 0.218366 0.397906 0.249458 0.414485 0.246565 0.424084 0.214751 0.406632
9 0.0404917 0.397033 0.0715835 0.41623 0.0672451 0.425829 0.0361533 0.405759
9 0.166305 0.287086 0.197397 0.30541 0.194505 0.313264 0.16269 0.294939
9 0.221258 0.279232 0.251627 0.295812 0.248012 0.304538 0.21692 0.287086
9 0.255965 0.297557 0.287057 0.315009 0.284165 0.323735 0.253073 0.307155
9 0.291396 0.316754 0.32321 0.335079 0.320318 0.343805 0.28778 0.326353
9 0.300795 0.287958 0.33261 0.306283 0.329718 0.314136 0.29718 0.297557
9 0.339118 0.310646 0.371656 0.327225 0.368764 0.335951 0.336949 0.318499
9 0.375994 0.32897 0.407086 0.34555 0.404194 0.354276 0.372379 0.336824
9 0.411424 0.348168 0.44107 0.363002 0.437455 0.3726 0.409255 0.356894
9 0.364425 0.335951 0.395517 0.351658 0.392625 0.361257 0.36081 0.343805
9 0.398409 0.354276 0.430224 0.371728 0.426609 0.380454 0.394794 0.363002
9 0.432393 0.3726 0.464931 0.390925 0.461316 0.399651 0.428778 0.380454
9 0.180766 0.28185 0.211858 0.298429 0.208243 0.308028 0.176428 0.290576
9 0.214027 0.300175 0.245119 0.317627 0.241504 0.326353 0.210412 0.308901
9 0.248012 0.317627 0.279103 0.335079 0.276211 0.344677 0.243673 0.327225
9 0.281996 0.337696 0.312364 0.356021 0.309472 0.364747 0.277657 0.346422
9 0.200289 0.30541 0.231381 0.322862 0.228489 0.330716 0.197397 0.312391
9 0.185105 0.378709 0.215474 0.397033 0.211858 0.405759 0.18149 0.387435
9 0.234273 0.324607 0.266088 0.342059 0.263196 0.34904 0.231381 0.331588
9 0.274765 0.346422 0.305857 0.364747 0.302242 0.3726 0.27115 0.354276
9 0.310918 0.366492 0.34201 0.383072 0.338395 0.391798 0.30658 0.374346
9 0.344179 0.383944 0.375271 0.401396 0.371656 0.410122 0.340564 0.39267
9 0.382502 0.404014 0.414317 0.421466 0.410701 0.430192 0.378886 0.41274
9 0.416486 0.422339 0.448301 0.440663 0.445409 0.449389 0.413594 0.431937
9 0.163413 0.299302 0.194505 0.315881 0.190889 0.324607 0.159798 0.307155
9 0.198843 0.317627 0.230658 0.334206 0.227043 0.342932 0.195951 0.326353
9 0.232827 0.336824 0.264642 0.351658 0.26175 0.360384 0.229212 0.344677
9 0.26898 0.357766 0.300795 0.374346 0.296457 0.383072 0.266088 0.36562
9 0.302965 0.375218 0.334779 0.393543 0.331164 0.402269 0.300072 0.383944
9 0.340564 0.395288 0.373102 0.410995 0.370933 0.419721 0.338395 0.404014
9 0.349241 0.41274 0.376717 0.428447 0.373825 0.4363 0.345625 0.421466
9 0.392625 0.480803 0.42444 0.498255 0.421547 0.506108 0.389732 0.488656
9 0.364425 0.561082 0.397686 0.578534 0.393348 0.588133 0.36081 0.570681
9 0.0281996 0.403141 0.0578453 0.422339 0.0542299 0.430192 0.0238612 0.411867
10 0.303688 0.488656 0.300795 0.498255 0.277657 0.485166 0.28055 0.475567
10 0.215474 0.206806 0.206797 0.202443 0.216197 0.177138 0.224873 0.181501
9 0.371656 0.592496 0.368764 0.602094 0.336949 0.584642 0.339841 0.575916
9 0.370933 0.604712 0.36804 0.613438 0.335503 0.595986 0.339118 0.588133
9 0.597252 0.663176 0.605206 0.668412 0.590022 0.705934 0.582791 0.701571
9 0.644975 0.692845 0.652205 0.696335 0.638467 0.734729 0.631236 0.730366
9 0.659436 0.699825 0.66739 0.704188 0.652205 0.74171 0.644975 0.737347
9 0.726681 0.733857 0.733189 0.73822 0.718727 0.775742 0.711497 0.770506
9 0.741866 0.743455 0.748373 0.748691 0.734635 0.78185 0.727404 0.777487
2 0.822126 0.293194 0.889371 0.293194 0.889371 0.368237 0.822126 0.368237
10 0.132321 0.187609 0.123644 0.183246 0.132321 0.158813 0.140275 0.163176
10 0.146782 0.178883 0.138106 0.175393 0.144613 0.150087 0.15329 0.152705
10 0.175705 0.179756 0.168474 0.175393 0.178597 0.152705 0.185105 0.157068
10 0.185105 0.183246 0.178597 0.178883 0.185828 0.157068 0.193782 0.161431
10 0.195228 0.190227 0.18872 0.184119 0.198843 0.164049 0.205351 0.170157
10 0.204628 0.200698 0.197397 0.195462 0.206074 0.173647 0.214027 0.178883
10 0.0607375 0.243455 0.0571222 0.233857 0.076645 0.222513 0.0802603 0.232112
9 0.282719 0.569808 0.314534 0.588133 0.310918 0.595986 0.279103 0.578534
10 0.0527838 0.233857 0.0506146 0.224258 0.0701374 0.21466 0.0730296 0.223386
10 0.054953 0.216405 0.0513377 0.205934 0.0715835 0.197208 0.0744758 0.206806
10 0.0318149 0.228621 0.0281996 0.21815 0.0477223 0.207679 0.0506146 0.21815
10 0.0462762 0.207679 0.0426609 0.197208 0.0621837 0.187609 0.0650759 0.19808
10 0.0209689 0.21815 0.0180766 0.206806 0.0375994 0.19808 0.0404917 0.208551
10 0.0289226 0.19808 0.0260304 0.189354 0.044107 0.180628 0.0469993 0.190227
10 0.0253073 0.187609 0.022415 0.177138 0.0426609 0.168412 0.0455531 0.178883
10 0.0260304 0.143106 0.022415 0.132635 0.0419378 0.124782 0.0448301 0.13438
10 0.0347072 0.126527 0.0310918 0.117801 0.0513377 0.10733 0.054953 0.116928
10 0.021692 0.116928 0.0187997 0.10733 0.0383225 0.0986038 0.0412148 0.10733
10 0.0151844 0.101222 0.0122921 0.091623 0.0318149 0.0820244 0.0347072 0.0924956
10 0.224873 0.445026 0.221258 0.455497 0.19812 0.442408 0.201735 0.43281
10 0.249458 0.462478 0.246565 0.470332 0.22415 0.45637 0.227043 0.448517
10 0.276211 0.473822 0.273319 0.483421 0.250904 0.471204 0.254519 0.462478
9 0.317426 0.589005 0.349241 0.604712 0.347072 0.614311 0.315257 0.597731
9 0.248735 0.550611 0.279826 0.568935 0.276211 0.576789 0.245119 0.560209
9 0.0614606 0.423211 0.0925524 0.439791 0.0889371 0.448517 0.0578453 0.431937
9 0.464208 0.59075 0.471439 0.594241 0.458424 0.631763 0.451193 0.628272
9 0.0744758 0.417976 0.106291 0.4363 0.101952 0.444154 0.0708604 0.426702
9 0.0339841 0.420593 0.0643529 0.438918 0.0607375 0.446771 0.0303688 0.428447
9 0.0954447 0.442408 0.126537 0.458988 0.122921 0.466841 0.0918294 0.449389
9 0.0686913 0.438918 0.0997831 0.45637 0.0961678 0.464223 0.0650759 0.446771
9 0.103398 0.458988 0.13449 0.475567 0.130875 0.483421 0.0997831 0.465969
9 0.271873 0.537522 0.302965 0.554974 0.299349 0.562827 0.268257 0.544503
9 0.305857 0.555846 0.337672 0.574171 0.334056 0.582897 0.302965 0.5637
9 0.299349 0.566318 0.334056 0.585515 0.330441 0.593368 0.296457 0.574171
9 0.772957 0.760035 0.780911 0.764398 0.767896 0.80192 0.759942 0.797557
9 0.710774 0.726003 0.717281 0.730366 0.702097 0.767016 0.695589 0.762653
9 0.625452 0.687609 0.633406 0.691972 0.619667 0.727749 0.612437 0.724258
9 0.559653 0.645724 0.566884 0.65096 0.550976 0.685864 0.544469 0.682373
9 0.548807 0.635253 0.555315 0.639616 0.541576 0.67801 0.534346 0.67452
9 0.484454 0.602094 0.491685 0.60733 0.475777 0.642234 0.46927 0.638743
9 0.0433839 0.390052 0.0354302 0.386562 0.0498915 0.34904 0.0563991 0.351658
9 0.296457 0.5637 0.293565 0.572426 0.262473 0.554974 0.264642 0.546248
9 0.0592914 0.344677 0.0520607 0.341187 0.0672451 0.302792 0.0737527 0.306283
9 0.0506146 0.396161 0.0448301 0.39267 0.0556761 0.36562 0.0621837 0.36911
9 0.0607375 0.398778 0.0542299 0.395288 0.0679682 0.357766 0.0751988 0.362129
9 0.077368 0.356021 0.0708604 0.352531 0.0853218 0.315881 0.0918294 0.319372
9 0.0621837 0.363874 0.054953 0.359511 0.0665221 0.330716 0.0744758 0.335079
9 0.0744758 0.332461 0.0672451 0.328098 0.0795372 0.298429 0.0867679 0.303665
9 0.0419378 0.438918 0.0744758 0.45637 0.0708604 0.463351 0.0390456 0.448517
9 0.0809834 0.458988 0.112798 0.475567 0.109183 0.484293 0.077368 0.467714
9 0.115691 0.477312 0.147505 0.494764 0.14389 0.50349 0.112075 0.486911
9 0.148952 0.497382 0.18149 0.513962 0.177874 0.522688 0.146059 0.506108
9 0.173536 0.497382 0.16992 0.505236 0.138829 0.487784 0.142444 0.47993
9 0.180043 0.5 0.211858 0.517452 0.208243 0.525305 0.176428 0.508726
9 0.240781 0.546248 0.238612 0.554974 0.206074 0.537522 0.208966 0.528796
9 0.261027 0.54363 0.258134 0.552356 0.22632 0.534904 0.229935 0.526178
9 0.154013 0.243455 0.185105 0.260908 0.182213 0.269634 0.150398 0.251309
