8 0.68075 0.75875 0.699 0.75075 0.70675 0.754 0.687 0.76175
2 0.61975 0.874 0.62475 0.874 0.62475 0.87875 0.61975 0.87875
1 0.4465 0.92125 0.447 0.917 0.459 0.91875 0.4585 0.9225
8 0.033 0.02975 0.03675 0.0275 0.04075 0.03325 0.03675 0.0355
8 0.136 0.313 0.1475 0.311 0.1515 0.32725 0.13975 0.3295
8 0.2945 0.84125 0.29925 0.8435 0.2425 0.99975 0.2375 0.99825
8 0.18 0.30475 0.18525 0.30375 0.18725 0.31475 0.18225 0.31575
8 0.17525 0.30725 0.17975 0.30625 0.181 0.314 0.17675 0.31525
8 0.66275 0.772 0.674 0.778 0.67175 0.7825 0.65975 0.77625
8 0.73775 0.7325 0.75425 0.735 0.7535 0.7415 0.73675 0.73875
8 0.70725 0.742 0.7285 0.74325 0.728 0.74775 0.70725 0.74625
6 0.19375 0.03475 0.20775 0.03225 0.21325 0.06 0.2 0.06275
6 0.2095 0.0365 0.238 0.0315 0.24825 0.08325 0.2195 0.08825
1 0.408 0.91 0.40725 0.91225 0.39975 0.909 0.40075 0.90675
2 0.625 0.87225 0.62975 0.87225 0.62975 0.8775 0.625 0.8775
8 0.03875 0.02875 0.044 0.0275 0.047 0.031 0.042 0.03325
2 0.63025 0.87075 0.63475 0.87075 0.63475 0.876 0.63025 0.876
2 0.6365 0.875 0.6415 0.875 0.6415 0.87975 0.6365 0.87975
2 0.6315 0.87575 0.637 0.87575 0.637 0.88075 0.6315 0.88075
2 0.635 0.86975 0.64 0.86975 0.64 0.8745 0.635 0.8745
2 0.63375 0.8645 0.6385 0.8645 0.6385 0.86925 0.63375 0.86925
2 0.639 0.863 0.64475 0.863 0.64475 0.86775 0.639 0.86775
2 0.64075 0.86825 0.646 0.86825 0.646 0.87275 0.64075 0.87275
2 0.6575 0.8685 0.663 0.8685 0.663 0.87325 0.6575 0.87325
2 0.658 0.863 0.663 0.863 0.663 0.868 0.658 0.868
2 0.6575 0.857 0.6635 0.857 0.6635 0.8625 0.6575 0.8625
2 0.6525 0.8285 0.6565 0.8285 0.6565 0.83325 0.6525 0.83325
5 0.8985 0.32225 0.90375 0.3215 0.90475 0.331 0.89925 0.332
1 0.19825 0.798 0.21175 0.80475 0.20925 0.80925 0.19575 0.8025
