8 0.91175 0.178 0.92275 0.17975 0.9245 0.22875 0.91325 0.228
8 0.93075 0.777 0.941 0.77675 0.945 0.92425 0.93525 0.92475
8 0.915 0.269 0.9245 0.269 0.92575 0.30525 0.91575 0.30575
8 0.72275 0.55625 0.72625 0.55675 0.72525 0.56625 0.72175 0.566
8 0.5085 0.44175 0.5135 0.44425 0.51175 0.4485 0.50625 0.44575
8 0.451 0.5665 0.45625 0.5675 0.45575 0.57075 0.4505 0.56975
8 0.257 0.32775 0.26125 0.33 0.2595 0.33425 0.255 0.33175
1 0.23075 0.73425 0.2305 0.73675 0.22025 0.73525 0.22075 0.7325
1 0.21775 0.73725 0.21825 0.7345 0.23125 0.737 0.23075 0.73975
1 0.24675 0.74325 0.24725 0.74075 0.2565 0.743 0.25575 0.74575
1 0.24325 0.74125 0.26025 0.74775 0.25925 0.751 0.242 0.74475
1 0.24025 0.75325 0.2415 0.75075 0.25125 0.75475 0.25025 0.7575
8 0.173 0.8675 0.17575 0.865 0.17925 0.86875 0.17625 0.8715
8 0.09175 0.59275 0.095 0.59425 0.05625 0.68625 0.053 0.68475
