1 0.425192 0.1635 0.424808 0.1615 0.428269 0.16075 0.428654 0.16275
1 0.350962 0.74 0.354231 0.74225 0.349808 0.758 0.346923 0.7555
1 0.3625 0.13525 0.365385 0.13475 0.365962 0.14475 0.363269 0.145
1 0.180769 0.89225 0.182308 0.89225 0.182308 0.8955 0.180769 0.895
8 0.522885 0.10875 0.532308 0.10475 0.536923 0.12175 0.527115 0.12675
8 0.613462 0.3785 0.616923 0.37675 0.620385 0.3895 0.6175 0.391
8 0.572692 0.401 0.582308 0.39725 0.586154 0.42125 0.577308 0.426
8 0.657692 0.72825 0.666346 0.7235 0.672115 0.741 0.663462 0.74625
8 0.734423 0.828 0.736731 0.82675 0.738846 0.836 0.736346 0.83725
8 0.691731 0.836 0.700385 0.83075 0.706731 0.8495 0.698077 0.856
