8 0.918 0.0546961 0.92025 0.0533149 0.9225 0.0604972 0.92 0.0616022
8 0.91575 0.320166 0.918 0.318508 0.92075 0.325967 0.9185 0.327624
8 0.818 0.483149 0.82025 0.481768 0.82175 0.487293 0.81975 0.488398
1 0.854 0.361326 0.8565 0.363812 0.84775 0.374033 0.845 0.370994
1 0.76825 0.309945 0.76625 0.312431 0.75575 0.302762 0.75825 0.3
8 0.8935 0.0610497 0.89675 0.0610497 0.89625 0.0709945 0.893 0.0707182
1 0.6595 0.209669 0.66125 0.207182 0.6715 0.216298 0.67025 0.218508
1 0.64425 0.196685 0.64675 0.194475 0.65425 0.206077 0.65225 0.207735
8 0.621 0.524309 0.62575 0.524033 0.62575 0.525967 0.62125 0.526519
8 0.41475 0.793923 0.4255 0.790608 0.42575 0.79337 0.415 0.796409
8 0.24025 0.709392 0.24875 0.709945 0.24875 0.712983 0.24 0.712707
