8 0.917308 0.03275 0.924231 0.039 0.919423 0.04925 0.912115 0.0425
8 0.937115 0.53825 0.938462 0.53675 0.942115 0.5425 0.940769 0.544
8 0.100962 0.11575 0.102115 0.11425 0.107885 0.1225 0.106346 0.124
8 0.00403846 0.29975 0.0111538 0.306 0.0103846 0.3075 0.00307692 0.30225
8 0.0692308 0.40775 0.0701923 0.406 0.075 0.41325 0.0736538 0.41425
8 0.130385 0.463 0.138077 0.46975 0.1375 0.47175 0.129615 0.46525
8 0.2275 0.98075 0.238077 0.99475 0.236538 0.99625 0.225577 0.9835
8 0.228654 0.521 0.23 0.522 0.227885 0.528 0.226731 0.527
8 0.260577 0.3805 0.265192 0.37475 0.265769 0.37675 0.262115 0.3815
8 0.270577 0.25675 0.272308 0.25475 0.274808 0.2595 0.273462 0.261
8 0.189615 0.03775 0.191154 0.03575 0.196346 0.0435 0.194808 0.045
8 0.417692 0.44375 0.423269 0.45125 0.422308 0.45275 0.416154 0.4455
8 0.415577 0.3985 0.419808 0.39375 0.420769 0.39525 0.416731 0.4
1 0.419423 0.40225 0.420769 0.40075 0.424615 0.40575 0.423269 0.40725
8 0.561538 0.96225 0.564231 0.95975 0.565192 0.9615 0.562308 0.964
8 0.530769 0.91025 0.534231 0.907 0.535192 0.9085 0.531731 0.91175
8 0.514423 0.8635 0.516154 0.86175 0.519423 0.867 0.5175 0.86875
8 0.666154 0.93825 0.667692 0.9365 0.672308 0.9435 0.670769 0.94525
8 0.661731 0.946 0.6625 0.94525 0.664423 0.949 0.664038 0.94975
8 0.620192 0.6545 0.627885 0.64525 0.630385 0.6485 0.622885 0.658
8 0.655192 0.51625 0.656154 0.515 0.660577 0.5225 0.659615 0.5235
8 0.697692 0.27525 0.71 0.2875 0.708462 0.29 0.696346 0.278
8 0.676731 0.256 0.680192 0.2595 0.679615 0.261 0.675962 0.2575
8 0.613654 0.19375 0.617692 0.19825 0.616731 0.19975 0.612692 0.1955
8 0.784808 0.119 0.796731 0.12975 0.795577 0.13225 0.783269 0.12175
8 0.845577 0.13675 0.848654 0.14075 0.845385 0.1465 0.841923 0.1425
8 0.751923 0.34225 0.754038 0.3395 0.757115 0.34375 0.754808 0.34625
8 0.772885 0.319 0.774038 0.3175 0.778077 0.32325 0.777115 0.32425
8 0.816731 0.8735 0.819231 0.871 0.824615 0.8795 0.822115 0.882
8 0.0415385 0.011 0.0436538 0.00925 0.0488462 0.02025 0.0471154 0.02225
