8 0.982115 0.085 0.985192 0.0895 0.984615 0.09075 0.981154 0.08675
8 0.282308 0.069 0.284038 0.06725 0.286731 0.07225 0.285 0.074
1 0.430577 0.52525 0.432308 0.524 0.4375 0.5335 0.436154 0.5345
8 0.416923 0.5195 0.423269 0.51175 0.425577 0.51475 0.419423 0.5225
8 0.464615 0.877 0.469808 0.883 0.468077 0.8845 0.463077 0.879
8 0.504423 0.987 0.508462 0.99225 0.507115 0.994 0.502885 0.989
8 0.303269 0.93125 0.309423 0.93275 0.309038 0.93525 0.3025 0.93425
8 0.305577 0.4065 0.315577 0.41575 0.312692 0.42275 0.301923 0.41475
8 0.3425 0.34275 0.349615 0.33525 0.351346 0.339 0.344808 0.34575
8 0.361346 0.17975 0.362308 0.17825 0.365385 0.18275 0.364038 0.18425
8 0.249038 0.458 0.250769 0.45725 0.251923 0.465 0.250192 0.4655
8 0.456731 0.53875 0.460962 0.5445 0.460192 0.54625 0.455769 0.54025
8 0.189808 0.47275 0.192308 0.4725 0.193269 0.4815 0.190962 0.482
8 0.204231 0.69825 0.209231 0.7035 0.208269 0.70525 0.203269 0.70075
8 0.153269 0.79025 0.158462 0.794 0.1575 0.7955 0.1525 0.79175
8 0.0934615 0.8685 0.095 0.87 0.0921154 0.8755 0.0903846 0.8745
8 0.0836538 0.813 0.085 0.8115 0.0875 0.817 0.0857692 0.81825
8 0.0309615 0.71325 0.0330769 0.712 0.0351923 0.719 0.0332692 0.72025
8 0.159231 0.156 0.168462 0.146 0.1725 0.152 0.163654 0.16225
8 0.0576923 0.14075 0.0651923 0.13075 0.0786538 0.14875 0.0705769 0.15825
1 0.438077 0.5325 0.439808 0.531 0.444615 0.53875 0.443077 0.54
8 0.624808 0.061 0.627692 0.0645 0.624808 0.0705 0.621923 0.067
8 0.935 0.225 0.936154 0.2265 0.932308 0.232 0.930962 0.23075
8 0.807692 0.3565 0.809038 0.3545 0.812885 0.35975 0.811538 0.36125
8 0.984231 0.49825 0.985192 0.49725 0.987692 0.50175 0.986731 0.50275
8 0.975577 0.7935 0.977115 0.7915 0.981154 0.79675 0.979615 0.79875
1 0.818077 0.947 0.820192 0.94625 0.823077 0.95875 0.820769 0.95975
8 0.804615 0.937 0.815962 0.92425 0.818077 0.92775 0.807115 0.94025
8 0.897885 0.68275 0.899423 0.6805 0.903846 0.6875 0.902308 0.68925
8 0.862885 0.633 0.864615 0.631 0.868654 0.63725 0.866923 0.6395
8 0.814808 0.558 0.816346 0.556 0.820962 0.56325 0.819038 0.56475
8 0.829808 0.376 0.833269 0.38025 0.8325 0.38125 0.829038 0.37725
8 0.859615 0.32725 0.863462 0.3315 0.8625 0.333 0.858846 0.329
8 0.594231 0.01925 0.596538 0.01625 0.5975 0.0175 0.595192 0.02075
8 0.850385 0.14125 0.851346 0.13975 0.854231 0.14425 0.853269 0.146
8 0.668654 0.42325 0.673077 0.4295 0.671538 0.43175 0.667115 0.426
8 0.712885 0.4935 0.716731 0.49875 0.715192 0.5005 0.711731 0.496
8 0.7225 0.652 0.723846 0.65025 0.727692 0.65525 0.726346 0.6565
8 0.761923 0.7235 0.763846 0.7235 0.764615 0.73 0.762885 0.73025
8 0.780577 0.8185 0.785962 0.82525 0.784038 0.8275 0.778846 0.82125
8 0.600962 0.28525 0.603846 0.282 0.606154 0.285 0.603269 0.2885
8 0.602308 0.1 0.604231 0.0985 0.608269 0.111 0.606538 0.11225
8 0.0638462 0.02075 0.0655769 0.023 0.0582692 0.0335 0.0567308 0.0315
