8 0.560192 0.28975 0.568462 0.28525 0.566154 0.29025 0.558654 0.294
8 0.818462 0.08575 0.820385 0.0865 0.819615 0.09075 0.817692 0.09
1 0.858462 0.6495 0.858269 0.65225 0.846923 0.6515 0.846923 0.6485
1 0.882885 0.6615 0.882692 0.66375 0.875 0.66225 0.875192 0.66025
1 0.839808 0.658 0.839808 0.66075 0.828846 0.66175 0.828654 0.65875
1 0.795769 0.6985 0.797308 0.701 0.7925 0.70675 0.790769 0.705
1 0.785385 0.704 0.787308 0.70625 0.780577 0.716 0.778654 0.71425
1 0.757308 0.71425 0.755192 0.712 0.761923 0.70125 0.764423 0.70375
8 0.132885 0.05075 0.135 0.05 0.135769 0.054 0.133462 0.0545
8 0.859423 0.08425 0.861154 0.084 0.861538 0.0885 0.859808 0.0885
8 0.827885 0.37 0.833846 0.36875 0.835577 0.37875 0.829423 0.37975
1 0.932885 0.658 0.9325 0.661 0.922308 0.6575 0.922885 0.6545
8 0.783846 0.0855 0.785769 0.08475 0.786538 0.0895 0.784808 0.08975
8 0.844038 0.45 0.845769 0.4495 0.847308 0.45525 0.845192 0.456
8 0.755385 0.5395 0.758654 0.53825 0.759038 0.5405 0.755962 0.54175
8 0.833269 0.506 0.834231 0.50575 0.835962 0.5145 0.835 0.5145
8 0.968462 0.52125 0.972692 0.523 0.972308 0.52525 0.968077 0.52325
8 0.949231 0.5655 0.952885 0.56875 0.951923 0.571 0.948462 0.5675
8 0.982885 0.46475 0.987115 0.466 0.986923 0.46825 0.9825 0.46675
8 0.111731 0.326 0.114615 0.32525 0.116154 0.33425 0.113462 0.33475
1 0.913846 0.661 0.913462 0.66375 0.904423 0.661 0.905 0.65825
1 0.890577 0.6485 0.889808 0.65175 0.877115 0.6465 0.877885 0.643
8 0.0280769 0.952 0.0311538 0.95425 0.0303846 0.956 0.0273077 0.954
8 0.302692 0.87725 0.305962 0.87525 0.306731 0.8775 0.303846 0.87925
8 0.0192308 0.14125 0.0203846 0.14025 0.0221154 0.145 0.0209615 0.146
8 0.169423 0.191 0.177885 0.19375 0.176731 0.202 0.168269 0.19925
8 0.189808 0.216 0.193462 0.216 0.193846 0.2255 0.190385 0.2255
8 0.195577 0.44225 0.199038 0.44075 0.199423 0.443 0.196154 0.44425
8 0.222115 0.53 0.225385 0.52875 0.225769 0.531 0.2225 0.532
8 0.250577 0.88575 0.251923 0.88425 0.254231 0.8885 0.252692 0.8895
8 0.225769 0.915 0.226923 0.914 0.228462 0.918 0.227115 0.91875
8 0.285385 0.8025 0.288077 0.80075 0.288846 0.80275 0.286154 0.80425
8 0.191923 0.953 0.193654 0.95175 0.195385 0.956 0.193654 0.957
1 0.909231 0.63375 0.908462 0.637 0.896154 0.632 0.896923 0.62875
8 0.336538 0.34225 0.338077 0.343 0.336346 0.3485 0.335 0.3475
8 0.366538 0.3605 0.368846 0.36125 0.367308 0.36775 0.365192 0.36675
8 0.370577 0.364 0.372308 0.3645 0.371154 0.371 0.369423 0.37025
8 0.7275 0.547 0.734808 0.54625 0.734808 0.5505 0.727692 0.55125
1 0.734615 0.79225 0.736923 0.7945 0.730577 0.80725 0.727885 0.805
1 0.676154 0.8785 0.678462 0.88025 0.671538 0.89325 0.669231 0.8915
1 0.631538 0.9505 0.634231 0.9525 0.6275 0.965 0.624808 0.963
1 0.751346 0.7445 0.753654 0.74675 0.746731 0.7595 0.744423 0.75725
8 0.164423 0.16775 0.169615 0.169 0.169423 0.17075 0.164231 0.1695
8 0.259808 0.6875 0.261154 0.689 0.258462 0.6925 0.256923 0.691
8 0.569038 0.285 0.577308 0.282 0.575769 0.2855 0.566731 0.28975
8 0.325962 0.602 0.328846 0.60275 0.328846 0.606 0.325769 0.60575
8 0.430192 0.7745 0.431731 0.773 0.433077 0.77725 0.431538 0.778
8 0.460385 0.49575 0.464231 0.50125 0.460385 0.508 0.456154 0.50275
8 0.464808 0.50225 0.4675 0.50725 0.463654 0.51425 0.460385 0.51
8 0.645385 0.091 0.651731 0.09075 0.649231 0.0965 0.643269 0.096
8 0.652115 0.09125 0.6575 0.09175 0.654808 0.09725 0.65 0.0965
12 0.655192 0.7415 0.658654 0.7415 0.658654 0.7455 0.655192 0.7455
8 0.261346 0.7025 0.263077 0.701 0.265 0.707 0.263077 0.70825
8 0.263077 0.70925 0.265 0.708 0.266731 0.716 0.265 0.7175
8 0.201923 0.4655 0.204423 0.465 0.206731 0.471 0.204038 0.471
8 0.344615 0.81875 0.348269 0.8165 0.35 0.82225 0.346346 0.82375
8 0.271731 0.29275 0.277115 0.29125 0.285 0.2995 0.280577 0.30075
8 0.186731 0.1495 0.190577 0.1485 0.190577 0.152 0.186923 0.1525
8 0.445769 0.0775 0.448846 0.07825 0.447692 0.08225 0.444423 0.08125
8 0.433462 0.07775 0.4425 0.07725 0.441731 0.081 0.4325 0.081
8 0.501538 0.3155 0.503077 0.31475 0.503846 0.31775 0.5025 0.319
8 0.516538 0.728 0.518077 0.72725 0.519038 0.73 0.517308 0.731
8 0.579231 0.82675 0.582885 0.8245 0.584231 0.8275 0.580385 0.83
8 0.566154 0.50525 0.567885 0.504 0.569231 0.508 0.567115 0.50825
8 0.458462 0.759 0.459808 0.758 0.461346 0.7625 0.459615 0.763
8 0.336346 0.8225 0.34 0.8205 0.341923 0.82575 0.337885 0.8275
8 0.653077 0.471 0.655192 0.4705 0.655192 0.47725 0.653077 0.47725
8 0.848654 0.81625 0.853269 0.8145 0.853654 0.8165 0.849038 0.81825
8 0.687692 0.45825 0.689038 0.45775 0.690385 0.4625 0.689038 0.46275
8 0.652308 0.24825 0.653846 0.248 0.654038 0.252 0.6525 0.25225
8 0.659423 0.093 0.661346 0.09325 0.660769 0.098 0.658846 0.0975
8 0.710962 0.09625 0.712692 0.096 0.712692 0.101 0.710962 0.101
8 0.736538 0.1315 0.738077 0.131 0.740577 0.1395 0.739423 0.14
8 0.859615 0.68975 0.862692 0.68925 0.862885 0.69175 0.859808 0.692
8 0.916731 0.93275 0.92 0.93125 0.920577 0.933 0.917308 0.93425
8 0.87 0.73675 0.873269 0.735 0.874231 0.7385 0.870962 0.74
8 0.989231 0.398 0.995769 0.39675 0.996538 0.4045 0.990385 0.40575
8 0.291923 0.08075 0.293462 0.08 0.295 0.08475 0.293462 0.08575
8 0.995192 0.30025 0.999231 0.299 0.999615 0.302 0.995577 0.3025
8 0.993846 0.3255 0.998462 0.32525 0.998654 0.3295 0.994038 0.3295
8 0.979808 0.54575 0.983077 0.544 0.983654 0.546 0.980577 0.548
8 0.981346 0.19225 0.984808 0.191 0.985385 0.194 0.981923 0.19525
8 0.821923 0.4235 0.823462 0.42275 0.825 0.4275 0.823654 0.4285
8 0.862308 0.858 0.865577 0.857 0.866154 0.859 0.863077 0.86025
8 0.335 0.962 0.338077 0.9595 0.338846 0.96075 0.335577 0.96325
8 0.243269 0.63425 0.246538 0.63375 0.246731 0.636 0.243462 0.63625
8 0.0401923 0.11975 0.0436538 0.11875 0.0446154 0.12575 0.0411538 0.1265
