6 0.76975 0.00225 0.8005 0.00125 0.81725 0.0505 0.789 0.06025
8 0.52075 0.1745 0.52375 0.173 0.52675 0.17925 0.52325 0.18025
8 0.5955 0.937 0.599 0.936 0.59975 0.9405 0.5965 0.94125
8 0.717 0.65075 0.7305 0.64775 0.7335 0.65975 0.72 0.66275
8 0.79375 0.1005 0.799 0.099 0.80375 0.1105 0.79825 0.112
8 0.75425 0.013 0.762 0.01025 0.763 0.01275 0.75525 0.01525
8 0.68625 0.1235 0.69175 0.1205 0.696 0.12925 0.6905 0.13175
8 0.47875 0.97375 0.507 0.96675 0.5105 0.97825 0.48175 0.9855
1 0.46625 0.87925 0.4625 0.88025 0.45825 0.867 0.4625 0.866
8 0.56 0.60875 0.58025 0.601 0.58125 0.6035 0.56125 0.61125
8 0.47725 0.5325 0.483 0.53025 0.485 0.53425 0.47875 0.5365
8 0.44375 0.481 0.45025 0.47875 0.45175 0.48275 0.4455 0.48475
8 0.5595 0.15625 0.5715 0.149 0.5775 0.158 0.565 0.1645
8 0.50425 0.31 0.52675 0.3025 0.531 0.313 0.508 0.32025
8 0.3115 0.2695 0.3165 0.26775 0.32175 0.27725 0.31725 0.279
1 0.4935 0.27775 0.49 0.27975 0.48175 0.26925 0.485 0.267
1 0.493 0.2705 0.49075 0.27275 0.48225 0.26325 0.48475 0.261
8 0.43975 0.2235 0.462 0.216 0.46725 0.22775 0.44425 0.23525
8 0.359 0.66975 0.36875 0.66725 0.36925 0.66925 0.3595 0.67175
8 0.31475 0.7565 0.317 0.75625 0.32 0.766 0.3175 0.76625
8 0.251 0.497 0.25925 0.49225 0.26025 0.494 0.252 0.49875
8 0.24325 0.48475 0.25075 0.47975 0.252 0.48175 0.24425 0.48625
8 0.21525 0.4425 0.225 0.43725 0.23075 0.44675 0.22025 0.45225
8 0.20175 0.421 0.2105 0.41625 0.214 0.421 0.20525 0.426
8 0.13625 0.3145 0.15 0.312 0.1515 0.323 0.138 0.32525
8 0.15625 0.17075 0.15775 0.17 0.1595 0.1735 0.158 0.174
8 0.6785 0.9155 0.6805 0.91475 0.6815 0.9185 0.6795 0.91925
8 0.71325 0.90625 0.71525 0.90575 0.71625 0.90925 0.71375 0.9095
8 0.69425 0.7505 0.7005 0.749 0.70175 0.75525 0.69575 0.75675
8 0.7255 0.8325 0.72925 0.83175 0.72975 0.83375 0.726 0.8345
8 0.3705 0.36325 0.37575 0.3615 0.38075 0.37075 0.37625 0.37325
6 0.86675 0.4085 0.882 0.40525 0.88875 0.4365 0.87325 0.4395
2 0.51725 0.46575 0.525 0.46575 0.525 0.47325 0.51725 0.47325
2 0.5085 0.46825 0.51725 0.46825 0.51725 0.47625 0.5085 0.47625
12 0.28 0.3575 0.286 0.3575 0.286 0.3635 0.28 0.3635
8 0.62975 0.29725 0.6385 0.29525 0.63925 0.2985 0.6305 0.3005
8 0.16875 0.042 0.17375 0.03925 0.176 0.0435 0.171 0.04625
1 0.50175 0.99225 0.50525 0.99125 0.50825 1 0.50375 1.0005
1 0.5055 0.99175 0.50875 0.99025 0.5115 0.999 0.50825 1
8 0.0395 0.62875 0.043 0.62725 0.04375 0.6295 0.04025 0.631
8 0.97775 0.59125 0.982 0.59 0.98325 0.593 0.979 0.59425
8 0.96325 0.55275 0.96875 0.55125 0.971 0.559 0.9655 0.55975
8 0.9255 0.296 0.94025 0.29125 0.942 0.29725 0.9275 0.3015
8 0.949 0.509 0.95475 0.507 0.95575 0.51025 0.95025 0.512
8 0.929 0.45475 0.93375 0.45375 0.937 0.46625 0.9325 0.46675
8 0.906 0.06175 0.91025 0.06025 0.91425 0.0715 0.91025 0.0725
8 0.8265 0.18075 0.8295 0.179 0.83125 0.18175 0.828 0.18375
8 0.842 0.22575 0.847 0.2245 0.8495 0.235 0.84475 0.236
8 0.8495 0.87 0.853 0.86925 0.854 0.87275 0.85025 0.8735
8 0.83025 0.87525 0.83475 0.874 0.83575 0.8775 0.8315 0.8785
8 0.73575 0.9895 0.742 0.988 0.743 0.995 0.737 0.99625
8 0.75725 0.89475 0.7605 0.89375 0.76125 0.89675 0.75775 0.8975
8 0.697 0.86375 0.69925 0.86275 0.7005 0.866 0.69825 0.86625
8 0.0585 0.196 0.0605 0.19525 0.0655 0.203 0.06325 0.204
