8 0.991154 0.4225 0.992885 0.422 0.993654 0.425 0.992115 0.42525
1 0.397308 0.2535 0.395769 0.25125 0.401923 0.244 0.403462 0.2465
1 0.283269 0.35425 0.284615 0.35675 0.276346 0.3635 0.275385 0.36175
1 0.284038 0.357 0.285 0.35925 0.277115 0.366 0.275962 0.364
8 0.289231 0.5225 0.297308 0.51675 0.298846 0.5215 0.290577 0.527
8 0.234423 0.876 0.236154 0.8755 0.236923 0.8795 0.235 0.88
8 0.0892308 0.607 0.0926923 0.605 0.0932692 0.607 0.0896154 0.60875
8 0.187308 0.29675 0.191538 0.29275 0.1925 0.29475 0.188269 0.29875
8 0.133462 0.017 0.135385 0.01925 0.133846 0.021 0.132115 0.019
8 0.364423 0.037 0.368269 0.03525 0.368654 0.038 0.364808 0.03925
8 0.3925 0.1025 0.395962 0.09925 0.3975 0.10175 0.394231 0.105
1 0.441346 0.24625 0.442885 0.248 0.438269 0.25375 0.437115 0.25175
1 0.494038 0.17825 0.496538 0.1825 0.478846 0.20125 0.476154 0.19725
1 0.467115 0.1865 0.469231 0.18875 0.461923 0.199 0.459808 0.19675
1 0.398269 0.235 0.396538 0.2315 0.405962 0.2215 0.407885 0.22475
8 0.525577 0.685 0.534808 0.683 0.536346 0.68475 0.526538 0.687
1 0.396923 0.23225 0.394808 0.229 0.404423 0.2185 0.405962 0.22175
1 0.522308 0.09025 0.525 0.0915 0.520385 0.10575 0.517692 0.104
8 0.428654 0.95925 0.432885 0.9625 0.431731 0.96425 0.427885 0.96175
8 0.288077 0.979 0.289423 0.9775 0.291154 0.981 0.289808 0.98225
1 0.226154 0.29775 0.227692 0.29975 0.221538 0.30725 0.22 0.305
1 0.22 0.306 0.221731 0.308 0.215192 0.31525 0.213846 0.31325
1 0.211923 0.32725 0.214231 0.32475 0.2225 0.337 0.220192 0.3395
1 0.220962 0.33575 0.222885 0.334 0.227692 0.34175 0.226154 0.34325
1 0.226346 0.34375 0.228077 0.34225 0.233269 0.35025 0.231731 0.35225
1 0.211538 0.31175 0.213654 0.3125 0.209808 0.323 0.208077 0.322
1 0.212885 0.313 0.214615 0.3135 0.211346 0.32375 0.209615 0.32325
8 0.779808 0.62725 0.783077 0.624 0.784808 0.6275 0.781923 0.6305
1 0.2825 0.3525 0.283269 0.3555 0.274423 0.362 0.273462 0.35975
1 0.280192 0.35025 0.281538 0.354 0.2725 0.36125 0.271154 0.35775
8 0.276538 0.328 0.345192 0.413 0.338462 0.42175 0.27 0.33725
1 0.352692 0.343 0.355385 0.3465 0.346731 0.35825 0.344423 0.3555
1 0.005 0.75775 0.00576923 0.762 0.000576923 0.76475 0.000192308 0.7605
1 0.0505769 0.77025 0.0519231 0.7735 0.0413462 0.78025 0.0401923 0.77725
1 0.0755769 0.7625 0.0771154 0.7655 0.0663462 0.7735 0.0648077 0.77025
1 0.0625 0.752 0.0638462 0.75475 0.055 0.76275 0.0536538 0.7605
1 0.0959615 0.74225 0.0969231 0.74525 0.0871154 0.75225 0.0857692 0.74925
1 0.131538 0.69175 0.134231 0.6935 0.126731 0.707 0.124231 0.70475
1 0.120769 0.72375 0.122885 0.7265 0.115385 0.73475 0.113846 0.73225
1 0.135192 0.71125 0.1375 0.71325 0.130962 0.72475 0.128846 0.72275
1 0.151346 0.6915 0.153654 0.69325 0.147692 0.705 0.145577 0.70375
8 0.109423 0.65725 0.110962 0.65925 0.107308 0.664 0.105769 0.66225
1 0.194038 0.604 0.196731 0.606 0.190962 0.61725 0.188462 0.6155
8 0.0957692 0.0615 0.103077 0.05325 0.104808 0.05675 0.0976923 0.0645
8 0.0905769 0.06625 0.0921154 0.06475 0.0940385 0.068 0.0926923 0.0695
1 0.0496154 0.107 0.0494231 0.10875 0.0453846 0.10775 0.0453846 0.10625
8 0.00730769 0.35025 0.01 0.34875 0.0105769 0.35125 0.00788462 0.3525
8 0.0294231 0.42075 0.0325 0.41925 0.0328846 0.4215 0.0298077 0.42275
8 0.0676923 0.53725 0.0709615 0.53625 0.0713462 0.5385 0.0678846 0.53925
1 0.224231 0.55125 0.226538 0.553 0.221346 0.5635 0.219038 0.56175
1 0.269808 0.48475 0.271923 0.4865 0.266923 0.4985 0.264615 0.49675
1 0.257308 0.49475 0.260577 0.49675 0.255 0.51275 0.251538 0.511
1 0.238462 0.5195 0.240577 0.52125 0.235385 0.53225 0.233077 0.53025
1 0.254038 0.447 0.251923 0.445 0.256923 0.436 0.259038 0.4385
1 0.237115 0.43675 0.234808 0.4345 0.242885 0.421 0.245192 0.424
1 0.230192 0.4775 0.227308 0.47625 0.232308 0.462 0.234808 0.46375
1 0.227692 0.4765 0.225 0.47475 0.229808 0.46125 0.2325 0.463
8 0.855192 0.01225 0.857692 0.011 0.858846 0.0145 0.856346 0.01575
8 0.802115 0.0355 0.803654 0.03475 0.804423 0.03825 0.803077 0.03875
8 0.934615 0.0045 0.937885 0.00275 0.938077 0.00425 0.935192 0.00575
1 0.539423 0.0375 0.536154 0.0335 0.552308 0.00725 0.555962 0.01125
1 0.552115 0.0225 0.553462 0.0235 0.546154 0.0345 0.545 0.03325
8 0.484038 0.6935 0.485769 0.69325 0.485962 0.69625 0.484423 0.69625
8 0.444808 0.702 0.446538 0.70175 0.446923 0.705 0.445192 0.705
8 0.399423 0.7125 0.400577 0.712 0.401154 0.7155 0.399808 0.71575
8 0.329615 0.728 0.331154 0.7275 0.331538 0.73175 0.330192 0.73175
8 0.676346 0.88175 0.679615 0.8805 0.680577 0.88325 0.676923 0.88475
8 0.604423 0.666 0.608269 0.665 0.608654 0.6675 0.605 0.66825
8 0.558654 0.67725 0.56 0.6765 0.560192 0.6795 0.558846 0.6795
8 0.677115 0.65 0.681154 0.64925 0.681346 0.652 0.6775 0.653
8 0.849615 0.6105 0.851731 0.60775 0.854615 0.6115 0.852115 0.61425
8 0.8475 0.6115 0.849038 0.60975 0.851346 0.613 0.849615 0.6145
8 0.860192 0.608 0.861538 0.60775 0.862115 0.611 0.860577 0.6115
8 0.974808 0.66625 0.985577 0.65725 0.989615 0.66475 0.978269 0.674
8 0.8875 0.13 0.889615 0.1295 0.890769 0.133 0.888462 0.13375
8 0.951154 0.25575 0.953269 0.25475 0.954231 0.25875 0.952115 0.2595
8 0.939808 0.4415 0.941731 0.441 0.942308 0.444 0.940769 0.44475
8 0.866923 0.823 0.870385 0.82125 0.871538 0.82625 0.867885 0.82775
8 0.919038 0.79975 0.922115 0.7975 0.923846 0.8015 0.920385 0.80325
8 0.954423 0.784 0.958462 0.7805 0.960769 0.785 0.956346 0.78825
8 0.976346 0.77425 0.979231 0.772 0.981346 0.7765 0.978269 0.7785
8 0.878077 0.9095 0.881346 0.9085 0.882115 0.914 0.879038 0.915
8 0.890192 0.97575 0.892885 0.97475 0.894231 0.981 0.891538 0.98175
8 0.961346 0.1135 0.964231 0.11225 0.964615 0.11425 0.961346 0.1155
8 0.955577 0.103 0.956731 0.10225 0.9575 0.1055 0.956538 0.10575
8 0.383269 0.477 0.393077 0.475 0.395577 0.47725 0.384808 0.48
1 0.544808 0.0335 0.543077 0.03175 0.550192 0.01975 0.552115 0.02175
1 0.503654 0.22 0.504423 0.2215 0.498846 0.2275 0.497885 0.226
8 0.642115 0.1075 0.643654 0.10675 0.644808 0.10975 0.643462 0.11075
1 0.504038 0.2165 0.505 0.218 0.499808 0.224 0.498462 0.2225
8 0.719231 0.252 0.724231 0.24625 0.725769 0.2485 0.720385 0.25425
8 0.740577 0.22075 0.742115 0.222 0.736923 0.231 0.735577 0.22975
1 0.693077 0.21825 0.694615 0.21625 0.700769 0.22525 0.698846 0.227
1 0.684423 0.206 0.685962 0.20325 0.694231 0.21375 0.691923 0.21625
1 0.672885 0.18975 0.674231 0.18725 0.681154 0.1965 0.679615 0.19825
1 0.674231 0.1875 0.675962 0.1855 0.683269 0.1945 0.681538 0.197
1 0.669231 0.1755 0.670769 0.174 0.6775 0.1835 0.675769 0.18525
1 0.6675 0.17775 0.669423 0.1755 0.675769 0.185 0.674423 0.187
1 0.665769 0.179 0.667692 0.17725 0.673846 0.18675 0.671923 0.18825
1 0.6375 0.14325 0.638462 0.14075 0.646731 0.148 0.645192 0.1505
1 0.635962 0.145 0.637115 0.1425 0.645769 0.15025 0.644423 0.15275
1 0.635385 0.148 0.636731 0.14525 0.644423 0.152 0.642885 0.15475
1 0.6575 0.1555 0.659038 0.15325 0.667308 0.16275 0.665577 0.16475
1 0.654808 0.15675 0.656731 0.15425 0.665769 0.165 0.663846 0.1675
1 0.654615 0.1595 0.655962 0.158 0.663077 0.16625 0.661731 0.168
1 0.652308 0.16175 0.653846 0.15925 0.662308 0.16825 0.660192 0.171
1 0.650192 0.156 0.649423 0.1575 0.645192 0.15475 0.646154 0.153
1 0.649808 0.1575 0.648846 0.15925 0.644615 0.15575 0.645769 0.15425
8 0.608077 0.90325 0.617885 0.89975 0.618654 0.90275 0.608846 0.90575
8 0.585962 0.9085 0.587885 0.9105 0.584808 0.9145 0.583269 0.913
8 0.564231 0.91575 0.565577 0.91525 0.566346 0.91925 0.565 0.9195
8 0.554808 0.437 0.556731 0.4365 0.556923 0.43975 0.555192 0.44025
8 0.626538 0.4205 0.627885 0.41975 0.628077 0.423 0.626923 0.423
8 0.487692 0.08575 0.490577 0.082 0.554038 0.1725 0.550769 0.17625
8 0.483654 0.093 0.486538 0.08925 0.549423 0.17775 0.546538 0.1815
8 0.161731 0.94725 0.166346 0.94575 0.166731 0.948 0.162115 0.94925
