8 0.88825 0.02525 0.8905 0.02525 0.89225 0.02975 0.89 0.02925
8 0.9045 0.13075 0.90775 0.13075 0.9085 0.13675 0.905 0.13725
8 0.38375 0.437 0.3885 0.4415 0.38525 0.44475 0.38075 0.44025
8 0.37825 0.452 0.3835 0.45225 0.383 0.457 0.37825 0.45675
8 0.3325 0.543 0.337 0.5415 0.3385 0.54675 0.33425 0.54825
8 0.32775 0.545 0.33275 0.5435 0.3345 0.549 0.32975 0.55075
8 0.386 0.748 0.39625 0.746 0.398 0.75425 0.38775 0.75625
8 0.37575 0.74775 0.37875 0.748 0.378 0.75675 0.375 0.75675
8 0.37825 0.93175 0.38125 0.93175 0.38125 0.94 0.37825 0.94
8 0.31875 0.91875 0.321 0.91875 0.321 0.925 0.31875 0.925
8 0.16625 0.77875 0.17175 0.77875 0.17175 0.78525 0.16625 0.78525
8 0.23475 0.769 0.2365 0.769 0.2365 0.775 0.23475 0.775
8 0.073 0.91725 0.0785 0.91575 0.079 0.91875 0.07375 0.92
8 0.0815 0.93625 0.0885 0.93375 0.09175 0.94425 0.0845 0.9465
8 0.0365 0.64075 0.04225 0.64175 0.04175 0.644 0.03625 0.64275
8 0.082 0.61325 0.08675 0.61325 0.08675 0.62025 0.082 0.62025
8 0.549 0.96475 0.5555 0.9615 0.5575 0.96525 0.5505 0.9685
8 0.4855 0.8365 0.49275 0.837 0.491 0.84775 0.48375 0.847
8 0.49175 0.688 0.497 0.68975 0.494 0.69925 0.489 0.69775
8 0.52025 0.3435 0.52225 0.34375 0.52075 0.352 0.519 0.352
8 0.421 0.9465 0.42275 0.94675 0.422 0.95125 0.42025 0.951
8 0.54325 0.34675 0.5455 0.3475 0.542 0.35475 0.54 0.35425
8 0.52075 0.3325 0.527 0.32725 0.528 0.32875 0.52175 0.3335
8 0.40875 0.16225 0.41325 0.15825 0.41475 0.15975 0.41 0.164
8 0.26975 0.32475 0.278 0.3315 0.27575 0.3345 0.26725 0.328
8 0.3245 0.0135 0.33975 0.0135 0.33975 0.019 0.3245 0.019
8 0.5 0.01425 0.51625 0.01425 0.51625 0.01975 0.5 0.01975
8 0.7295 0.02 0.739 0.02 0.739 0.02525 0.7295 0.02525
8 0.37275 0.0495 0.37925 0.0495 0.37925 0.05225 0.37275 0.05225
8 0.3725 0.0605 0.37825 0.0605 0.37825 0.06525 0.3725 0.06525
8 0.2545 0.33075 0.259 0.3295 0.2615 0.33575 0.25675 0.33725
8 0.25875 0.32925 0.26325 0.328 0.266 0.3345 0.26125 0.3355
8 0.26475 0.32775 0.27225 0.33325 0.26975 0.33625 0.2625 0.3305
8 0.2785 0.3245 0.28 0.324 0.2815 0.33125 0.28 0.3315
8 0.40525 0.15675 0.4105 0.153 0.41175 0.15475 0.40625 0.15825
8 0.29475 0.24575 0.299 0.243 0.3 0.245 0.29575 0.2475
8 0.27925 0.403 0.2835 0.40175 0.28525 0.407 0.281 0.408
8 0.28375 0.4015 0.288 0.40025 0.28975 0.40525 0.28525 0.4065
8 0.2885 0.39975 0.28975 0.3995 0.29175 0.4045 0.29025 0.40475
8 0.3335 0.39275 0.33625 0.39 0.34 0.39375 0.33725 0.3965
8 0.41025 0.312 0.41275 0.31025 0.41775 0.31625 0.41525 0.31775
8 0.49625 0.29475 0.5065 0.295 0.5065 0.29825 0.4965 0.29825
8 0.455 0.23275 0.46125 0.2295 0.4625 0.23175 0.45675 0.23525
8 0.62075 0.1365 0.624 0.1365 0.624 0.143 0.62075 0.143
8 0.62825 0.13775 0.64 0.13925 0.639 0.14325 0.6275 0.142
8 0.63025 0.27475 0.6405 0.26825 0.64575 0.27725 0.6355 0.28375
8 0.66825 0.796 0.673 0.79325 0.676 0.79825 0.67125 0.80125
8 0.724 0.7525 0.72675 0.75 0.729 0.75275 0.72625 0.75475
8 0.79025 0.9295 0.79325 0.92775 0.79525 0.931 0.792 0.9325
8 0.84675 0.88725 0.84825 0.88575 0.8505 0.88825 0.849 0.8895
8 0.76125 0.95175 0.76575 0.94875 0.76925 0.95475 0.76425 0.95775
8 0.76475 0.94575 0.78125 0.935 0.78325 0.939 0.767 0.949
8 0.90825 0.94325 0.91 0.94425 0.90775 0.94775 0.9065 0.94675
8 0.9685 0.9575 0.97525 0.95375 0.97675 0.95675 0.97 0.96025
8 0.919 0.396 0.9265 0.3955 0.92675 0.402 0.9195 0.402
8 0.67325 0.792 0.6775 0.78975 0.68125 0.79525 0.67675 0.79775
8 0.8385 0.835 0.842 0.83525 0.842 0.83725 0.83825 0.837
8 0.567 0.99725 0.58925 0.99175 0.59125 0.9955 0.56925 0.99975
6 0.791 0.455 0.8035 0.4465 0.826 0.47525 0.814 0.484
8 0.2045 0.1835 0.21075 0.18625 0.21225 0.1925 0.2065 0.189
8 0.21075 0.18625 0.21675 0.189 0.2185 0.1955 0.2125 0.1925
8 0.44025 0.95125 0.45325 0.95475 0.45475 0.96075 0.44225 0.95775
8 0.60775 0.784 0.6225 0.78775 0.6255 0.79375 0.6105 0.78925
8 0.85325 0.14 0.859 0.14075 0.8545 0.14675 0.84725 0.14575
8 0.859 0.1335 0.86575 0.134 0.86025 0.14 0.85325 0.13975
8 0.82525 0.873 0.8275 0.8745 0.82525 0.8775 0.82325 0.876
8 0.9355 0.53725 0.94 0.536 0.94125 0.53925 0.9365 0.54025
8 0.65625 0.248 0.65725 0.247 0.663 0.253 0.66175 0.25375
8 0.82225 0.3695 0.82525 0.36775 0.83 0.3755 0.827 0.37675
8 0.6055 0.3635 0.6095 0.36475 0.60775 0.37075 0.604 0.36975
8 0.5925 0.3595 0.59475 0.35975 0.594 0.36475 0.592 0.3645
8 0.621 0.37175 0.62375 0.372 0.62225 0.37925 0.61975 0.379
8 0.72 0.46475 0.7255 0.461 0.72775 0.46425 0.72175 0.468
8 0.72275 0.469 0.7285 0.46475 0.7295 0.466 0.7235 0.47025
8 0.723 0.4215 0.72525 0.42075 0.72825 0.428 0.7265 0.42925
8 0.718 0.424 0.721 0.42325 0.72375 0.431 0.721 0.4315
8 0.7155 0.42575 0.71825 0.42425 0.7215 0.4325 0.719 0.4335
8 0.91825 0.33575 0.92125 0.33575 0.92175 0.344 0.91875 0.34425
8 0.92275 0.83375 0.92475 0.833 0.9265 0.83625 0.924 0.83675
8 0.89875 0.37175 0.90375 0.36975 0.90525 0.37325 0.9 0.37525
8 0.7975 0.581 0.8095 0.58025 0.81 0.59325 0.79825 0.594
8 0.8215 0.67025 0.82375 0.67 0.82475 0.677 0.82275 0.67725
8 0.862 0.623 0.86475 0.62225 0.86575 0.62525 0.86325 0.626
8 0.87725 0.6175 0.8815 0.61625 0.8825 0.61925 0.878 0.6205
8 0.91425 0.60325 0.9185 0.60175 0.9195 0.605 0.91575 0.60625
8 0.87475 0.75 0.8815 0.74725 0.883 0.7505 0.8765 0.753
8 0.84475 0.75975 0.84925 0.76075 0.8485 0.76275 0.8445 0.76175
8 0.061 0.01275 0.06675 0.01275 0.06675 0.0175 0.061 0.0175
