0 0.784016 0.794034 0.810225 0.817077 0.784177 0.84375 0.756674 0.821023
0 0.635172 0.300979 0.627083 0.264678 0.660896 0.258681 0.669633 0.293561
0 0.393464 0.741319 0.429057 0.746054 0.422909 0.786616 0.385051 0.780461
0 0.515612 0.671086 0.548779 0.64899 0.566737 0.676136 0.535836 0.698548
0 0.560104 0.622475 0.594564 0.614899 0.601521 0.652462 0.566899 0.65846
0 0.621744 0.607165 0.640026 0.595486 0.651998 0.616162 0.635011 0.625631
0 0.630319 0.539141 0.656043 0.512626 0.692283 0.54072 0.669309 0.570076
0 0.648277 0.527778 0.636305 0.49416 0.669471 0.482481 0.68387 0.516888
0 0.650542 0.326231 0.645203 0.304924 0.66753 0.301294 0.672383 0.320707
0 0.623847 0.258207 0.613331 0.22017 0.654263 0.210227 0.665426 0.245739
0 0.606698 0.484533 0.585989 0.478062 0.593431 0.455808 0.614949 0.462437
0 0.614949 0.187184 0.611552 0.177083 0.621259 0.174085 0.624494 0.184975
0 0.73645 0.626105 0.744702 0.59596 0.774794 0.605429 0.76719 0.633049
0 0.714609 0.668561 0.72917 0.632418 0.765248 0.649621 0.748584 0.681503
0 0.631289 0.588384 0.64763 0.563447 0.676266 0.584912 0.655557 0.608902
0 0.601197 0.625631 0.623524 0.61774 0.631289 0.639836 0.609448 0.649621
0 0.7138 0.732481 0.704093 0.747633 0.685488 0.734217 0.696327 0.720328
0 0.631613 0.497948 0.608316 0.461963 0.642614 0.445865 0.662514 0.473485
0 0.180068 0.697128 0.220676 0.702967 0.212263 0.749211 0.170199 0.741162
