10 0.493671 0.0771949 0.496909 0.0766513 0.497056 0.0804566 0.493524 0.0807285
0 0.458198 0.458005 0.463939 0.458277 0.463497 0.475129 0.457315 0.474585
0 0.407565 0.561022 0.401531 0.560478 0.401825 0.543626 0.408301 0.54417
0 0.414483 0.561566 0.408743 0.561294 0.408743 0.544441 0.415072 0.544713
0 0.422137 0.562381 0.415661 0.562109 0.415661 0.545529 0.42199 0.5458
0 0.435679 0.562925 0.429497 0.562653 0.429791 0.5458 0.435826 0.546344
0 0.442302 0.563197 0.436562 0.562925 0.436856 0.5458 0.443038 0.546072
0 0.455991 0.564284 0.449809 0.563468 0.450545 0.546072 0.457021 0.546888
0 0.463203 0.564827 0.457168 0.564284 0.457315 0.54716 0.463497 0.547431
0 0.470857 0.565643 0.46438 0.565099 0.464675 0.548247 0.471004 0.548519
0 0.464528 0.458277 0.471004 0.458277 0.470857 0.475401 0.464675 0.474857
0 0.432735 0.686056 0.456432 0.6866 0.455843 0.720304 0.431557 0.720033
0 0.489844 0.424572 0.496026 0.424572 0.495732 0.441152 0.489255 0.440337
0 0.633206 0.444414 0.628496 0.435988 0.636297 0.422397 0.640271 0.432998
0 0.632911 0.412068 0.629379 0.402827 0.637033 0.391139 0.640565 0.402011
0 0.685458 0.223702 0.667206 0.220169 0.669709 0.182658 0.688107 0.18592
0 0.664557 0.228051 0.673388 0.228867 0.672652 0.248437 0.663379 0.246806
0 0.677215 0.222615 0.687371 0.223974 0.686341 0.24436 0.67589 0.242457
8 0.711216 0.0663224 0.71416 0.0663224 0.714895 0.0790976 0.712835 0.0788258
10 0.933176 0.151128 0.930821 0.151128 0.931116 0.144876 0.933029 0.144605
0 0.400648 0.560478 0.394319 0.560207 0.394907 0.543082 0.401384 0.543626
0 0.393877 0.560207 0.388137 0.559663 0.387842 0.542267 0.394171 0.542539
10 0.47277 0.0690405 0.472476 0.0633324 0.474536 0.0630606 0.474242 0.0693123
11 0.359288 0.34629 0.359435 0.339494 0.370327 0.339223 0.370032 0.346562
0 0.304386 0.347105 0.303945 0.367763 0.296291 0.367491 0.296732 0.34629
0 0.304975 0.329166 0.304386 0.347105 0.296732 0.346562 0.296732 0.328894
11 0.34501 0.356347 0.344863 0.364229 0.332941 0.364773 0.332941 0.356347
11 0.344863 0.366676 0.344716 0.373471 0.333235 0.374015 0.333235 0.366132
11 0.34501 0.376461 0.344716 0.384072 0.332646 0.383256 0.332646 0.376189
11 0.344863 0.386518 0.344569 0.392226 0.332646 0.393042 0.332205 0.385974
11 0.359582 0.32237 0.359876 0.314216 0.370474 0.315303 0.370032 0.323729
11 0.35914 0.331612 0.359582 0.324273 0.370327 0.324273 0.370032 0.333243
11 0.358846 0.35526 0.359288 0.347649 0.369738 0.348464 0.369591 0.356619
0 0.387401 0.559935 0.381219 0.558848 0.381513 0.542267 0.387842 0.542539
11 0.358993 0.364773 0.358993 0.35689 0.369444 0.356347 0.369444 0.364773
11 0.358699 0.37184 0.358846 0.364501 0.369444 0.365045 0.369444 0.372927
11 0.358846 0.381897 0.35914 0.374558 0.369591 0.374286 0.369296 0.382169
11 0.358846 0.393042 0.358846 0.385431 0.369738 0.385431 0.369444 0.394129
0 0.403739 0.479206 0.380336 0.474857 0.381219 0.443599 0.40418 0.446317
0 0.40889 0.455015 0.415366 0.454743 0.415219 0.47377 0.40889 0.47377
0 0.373565 0.558576 0.367089 0.558304 0.367236 0.540636 0.373712 0.54118
0 0.38063 0.559391 0.374154 0.558848 0.374742 0.541451 0.380924 0.541995
10 0.933029 0.167165 0.931263 0.167437 0.931557 0.161729 0.932882 0.161457
10 0.930527 0.17695 0.928761 0.177222 0.928761 0.171242 0.930085 0.171242
10 0.930674 0.199239 0.929202 0.199511 0.928613 0.192715 0.930674 0.192444
10 0.939505 0.269367 0.941125 0.268551 0.941419 0.2729 0.9398 0.273444
10 0.940094 0.222343 0.942008 0.222343 0.942008 0.227779 0.940241 0.227779
10 0.934059 0.226964 0.931999 0.227236 0.931852 0.220712 0.933471 0.220169
10 0.931704 0.237565 0.929938 0.238108 0.929938 0.232128 0.931116 0.232128
10 0.937886 0.230226 0.939653 0.230226 0.9398 0.23539 0.938181 0.235662
10 0.938475 0.242729 0.939947 0.242457 0.940241 0.248437 0.938475 0.248165
10 0.941125 0.24137 0.942744 0.24137 0.942596 0.246263 0.941419 0.246263
10 0.939505 0.256591 0.941125 0.257679 0.94083 0.263115 0.939064 0.2623
9 0.932293 0.260125 0.930233 0.26094 0.929938 0.253873 0.931557 0.253602
10 0.936709 0.286219 0.935237 0.287035 0.934795 0.280783 0.936267 0.280511
10 0.937003 0.191356 0.938475 0.190541 0.938475 0.196521 0.937739 0.196521
10 0.940241 0.342213 0.938181 0.342484 0.937886 0.33732 0.939653 0.336504
10 0.944215 0.346833 0.945982 0.34629 0.946276 0.351182 0.944657 0.351726
10 0.945835 0.762164 0.947895 0.762164 0.947895 0.7676 0.945982 0.766784
10 0.943185 0.775754 0.944657 0.776298 0.944657 0.780919 0.943038 0.780647
10 0.942596 0.797499 0.944215 0.797499 0.944068 0.802936 0.942891 0.802936
10 0.945246 0.797499 0.947012 0.797499 0.946865 0.804023 0.945393 0.803751
10 0.942302 0.83501 0.943774 0.835281 0.943774 0.840446 0.942302 0.840446
10 0.941125 0.85757 0.943185 0.858114 0.943185 0.864365 0.941713 0.864365
10 0.93715 0.219897 0.939064 0.219353 0.939358 0.226148 0.937592 0.226692
10 0.937298 0.209296 0.938917 0.208481 0.938917 0.213101 0.937739 0.213645
10 0.939358 0.200598 0.94083 0.200598 0.94083 0.204675 0.939653 0.204675
10 0.937003 0.200326 0.93877 0.200326 0.938475 0.205491 0.937298 0.205491
10 0.936562 0.171242 0.938328 0.17097 0.938181 0.177766 0.936709 0.177766
10 0.939064 0.177222 0.940536 0.177222 0.940683 0.183202 0.938917 0.183202
10 0.937003 0.181843 0.938622 0.181843 0.938475 0.186464 0.936856 0.186464
10 0.937886 0.104648 0.939358 0.10492 0.939358 0.109812 0.938181 0.110084
10 0.940094 0.103561 0.941419 0.102745 0.94186 0.108182 0.940389 0.108182
10 0.937886 0.114161 0.939358 0.114161 0.939358 0.11987 0.937886 0.120141
10 0.940241 0.111715 0.94186 0.111443 0.941713 0.11688 0.940241 0.11688
10 0.940094 0.120141 0.941419 0.120141 0.941419 0.124762 0.9398 0.124762
10 0.937592 0.123947 0.939211 0.123947 0.939358 0.129383 0.937886 0.129383
10 0.939947 0.126937 0.941419 0.126937 0.941419 0.132101 0.940241 0.132101
10 0.937886 0.131829 0.939064 0.131829 0.938917 0.136722 0.937445 0.136722
10 0.939653 0.136722 0.941272 0.136722 0.941125 0.14243 0.939653 0.14243
10 0.937298 0.140799 0.939064 0.141071 0.939064 0.146235 0.937739 0.145964
10 0.939358 0.148138 0.940683 0.148138 0.94083 0.152759 0.939505 0.152487
9 0.937003 0.150313 0.938475 0.150584 0.938475 0.156564 0.937003 0.156292
10 0.937003 0.161457 0.938181 0.161457 0.938181 0.166893 0.937003 0.166893
10 0.939064 0.162001 0.940536 0.162001 0.940389 0.167165 0.939211 0.167165
0 0.305417 0.381082 0.304975 0.393585 0.295849 0.394129 0.295996 0.380266
