0 0.510825 0.0532995 0.518041 0.0527919 0.517734 0.0730964 0.51021 0.0730964
0 0.514509 0.228934 0.496545 0.226142 0.498848 0.190355 0.517273 0.192132
0 0.372486 0.106853 0.389989 0.107107 0.389375 0.142893 0.371872 0.142132
0 0.391832 0.107107 0.409182 0.107614 0.408875 0.143655 0.391678 0.14264
0 0.411178 0.107614 0.428528 0.108122 0.42822 0.143401 0.410871 0.143655
0 0.43037 0.107868 0.448181 0.108376 0.447413 0.14467 0.43037 0.143909
0 0.449716 0.108122 0.466759 0.109645 0.466605 0.145431 0.449562 0.145178
0 0.469062 0.109645 0.486719 0.109137 0.486719 0.146447 0.469215 0.145685
0 0.488101 0.109645 0.505604 0.110406 0.505604 0.146954 0.488408 0.146447
0 0.494703 0.227157 0.476892 0.225635 0.477353 0.190102 0.495778 0.190609
11 0.094273 0.808883 0.0919699 0.808883 0.0918164 0.794924 0.094273 0.794416
0 0.475203 0.226396 0.457393 0.226142 0.457086 0.189848 0.475357 0.188832
0 0.454629 0.227157 0.436665 0.224112 0.437893 0.188325 0.456779 0.189594
0 0.434669 0.225381 0.417319 0.224112 0.417473 0.188325 0.435744 0.189594
0 0.41563 0.224112 0.397666 0.22335 0.397206 0.189086 0.415477 0.189086
0 0.395517 0.224365 0.376938 0.223604 0.376171 0.18934 0.39567 0.188579
0 0.375557 0.22335 0.357285 0.223096 0.356057 0.188071 0.37571 0.187817
0 0.353754 0.224365 0.336558 0.220558 0.339014 0.189086 0.357285 0.192132
11 0.0968832 0.808883 0.094273 0.808629 0.0941195 0.795178 0.0965761 0.79467
11 0.0919699 0.809137 0.0898204 0.809137 0.0893597 0.79467 0.0918164 0.794416
0 0.361892 0.599239 0.346691 0.598731 0.346691 0.579949 0.361892 0.579442
11 0.0680178 0.808629 0.0655612 0.809137 0.0655612 0.794924 0.0677107 0.79467
11 0.0512821 0.808122 0.0488254 0.808629 0.0488254 0.791624 0.0515891 0.791371
11 0.0535851 0.808629 0.0512821 0.809391 0.0511285 0.791878 0.0532781 0.791624
11 0.0558882 0.809137 0.0540458 0.809137 0.0538922 0.791624 0.0561953 0.791371
11 0.0583448 0.808629 0.0560418 0.808629 0.0561953 0.792386 0.0586519 0.792132
11 0.0606479 0.809137 0.0581913 0.808883 0.0586519 0.79264 0.0611086 0.79264
11 0.0631046 0.808883 0.0608015 0.808883 0.060955 0.792893 0.062951 0.792893
11 0.0657147 0.808376 0.0637187 0.808629 0.0637187 0.794162 0.0658683 0.793909
11 0.070628 0.809137 0.0680178 0.809137 0.0680178 0.793909 0.070628 0.793655
11 0.0896668 0.808883 0.0873637 0.808629 0.0876708 0.79467 0.0895133 0.794416
11 0.0729311 0.808883 0.070628 0.809137 0.0704744 0.793655 0.072624 0.793655
11 0.0753877 0.808629 0.0730846 0.808883 0.072624 0.793655 0.0750806 0.793655
11 0.0778443 0.808376 0.0753877 0.808629 0.0750806 0.793401 0.0776908 0.793401
11 0.0799939 0.808122 0.0776908 0.808629 0.0775372 0.793401 0.0798403 0.793147
11 0.0821434 0.808629 0.0803009 0.808629 0.0799939 0.793909 0.0819899 0.793655
11 0.0847536 0.808629 0.0827576 0.808629 0.082604 0.794162 0.0846 0.793909
11 0.0870567 0.808883 0.0850606 0.808883 0.0849071 0.794416 0.0869031 0.794416
0 0.344849 0.598223 0.329955 0.598223 0.329495 0.580203 0.345002 0.579188
0 0.379395 0.599746 0.364502 0.599239 0.363888 0.579949 0.379395 0.579188
11 0.0465223 0.808883 0.0445263 0.808883 0.0445263 0.791878 0.0465223 0.791624
0 0.391832 0.437563 0.373407 0.436294 0.373407 0.401523 0.392753 0.402538
0 0.428374 0.364721 0.410103 0.363452 0.409796 0.328173 0.428067 0.327665
0 0.388147 0.363452 0.369569 0.362437 0.368801 0.327157 0.38784 0.327411
0 0.367726 0.362437 0.349301 0.361929 0.348687 0.327411 0.367726 0.327411
0 0.34792 0.361421 0.329034 0.360914 0.328881 0.325635 0.347152 0.325127
11 0.362659 0.372335 0.362659 0.375635 0.356057 0.376142 0.355904 0.37132
0 0.352833 0.435787 0.333794 0.435787 0.333794 0.401523 0.352372 0.400761
0 0.370797 0.437817 0.35314 0.434264 0.354829 0.400254 0.373714 0.401777
0 0.411792 0.437817 0.393981 0.437056 0.393367 0.401777 0.412252 0.40203
0 0.490404 0.365736 0.471519 0.366497 0.471211 0.330203 0.490557 0.329695
0 0.431598 0.438325 0.413788 0.437563 0.413634 0.401777 0.431905 0.402284
0 0.451865 0.439086 0.433441 0.43731 0.433287 0.401777 0.451712 0.401777
0 0.471826 0.439848 0.453554 0.438325 0.453094 0.402538 0.471519 0.402284
0 0.491786 0.439848 0.473515 0.439086 0.473054 0.406599 0.491479 0.406091
0 0.511439 0.440609 0.492707 0.438579 0.493475 0.403299 0.512667 0.404822
0 0.501305 0.465736 0.482727 0.464975 0.483187 0.428934 0.501305 0.429442
0 0.480731 0.465736 0.462767 0.463198 0.463842 0.428173 0.481959 0.429442
0 0.469983 0.365228 0.451405 0.365228 0.450944 0.328934 0.468908 0.328426
0 0.51021 0.367513 0.492093 0.364721 0.493628 0.329949 0.511592 0.331218
0 0.371104 0.584772 0.355443 0.582234 0.35575 0.556853 0.371104 0.557614
11 0.593582 0.614975 0.593275 0.618782 0.586519 0.618274 0.586212 0.614467
0 0.414095 0.609898 0.397973 0.609898 0.396591 0.580203 0.414095 0.579442
0 0.43037 0.60203 0.415323 0.599492 0.416244 0.581472 0.430831 0.582234
11 0.525564 0.620305 0.524029 0.625888 0.515277 0.619797 0.51758 0.612944
11 0.578689 0.586041 0.578535 0.589848 0.571933 0.590609 0.57178 0.585025
11 0.571472 0.606853 0.571472 0.602538 0.578689 0.602284 0.578535 0.60736
11 0.578689 0.606345 0.578535 0.61066 0.571319 0.61066 0.571319 0.605838
11 0.593736 0.611421 0.593582 0.615482 0.586212 0.615482 0.586059 0.61066
0 0.527253 0.545178 0.518348 0.559645 0.508675 0.545685 0.519269 0.530457
0 0.501305 0.336041 0.48242 0.334772 0.482573 0.298985 0.501459 0.298985
0 0.356671 0.332487 0.338707 0.330457 0.339014 0.295431 0.357439 0.296193
0 0.376938 0.332234 0.359435 0.330711 0.359589 0.295939 0.377706 0.296447
0 0.398127 0.333503 0.379856 0.331726 0.38047 0.295685 0.399048 0.297208
0 0.41824 0.334518 0.400276 0.331472 0.402119 0.296954 0.420544 0.299746
0 0.438968 0.333756 0.420697 0.332741 0.420697 0.29797 0.439122 0.298223
0 0.459542 0.334772 0.440811 0.333756 0.441578 0.303299 0.460157 0.303299
0 0.479963 0.335279 0.461692 0.334264 0.462153 0.298477 0.480424 0.299239
11 0.0488254 0.808376 0.0465223 0.808376 0.0463688 0.792132 0.0488254 0.791878
11 0.0439122 0.808376 0.0417626 0.808376 0.0416091 0.791878 0.0437586 0.791624
0 0.465223 0.259898 0.447413 0.258122 0.448641 0.223096 0.466298 0.22335
11 0.0571165 0.740609 0.0548135 0.740355 0.0546599 0.724619 0.056963 0.724619
0 0.192231 0.520051 0.167511 0.518274 0.167972 0.477157 0.192384 0.478173
0 0.217411 0.521574 0.193613 0.520305 0.19392 0.478173 0.217718 0.479188
0 0.195302 0.63731 0.171043 0.636041 0.170275 0.595178 0.194995 0.595685
0 0.0918164 0.63401 0.0675572 0.629949 0.0697067 0.589848 0.0931982 0.592132
0 0.219407 0.743909 0.244281 0.746193 0.242899 0.78731 0.218333 0.785025
11 0.0617227 0.740609 0.0592661 0.740355 0.0595732 0.724112 0.0623369 0.724112
11 0.0592661 0.740863 0.056963 0.740863 0.0568095 0.724619 0.0591125 0.724619
11 0.0546599 0.740609 0.0526639 0.740355 0.0525104 0.724365 0.0545064 0.724112
0 0.140949 0.516497 0.116843 0.514721 0.116383 0.473858 0.140642 0.474619
11 0.0522033 0.740609 0.0503608 0.740355 0.0506679 0.724365 0.0528174 0.724365
11 0.0503608 0.740355 0.0482113 0.740355 0.0482113 0.723604 0.0506679 0.724365
11 0.0482113 0.740102 0.0460617 0.740102 0.0460617 0.724112 0.0480577 0.724112
11 0.0459082 0.740102 0.0434516 0.739848 0.0434516 0.723858 0.0460617 0.723604
11 0.0436051 0.740102 0.0414556 0.739848 0.0416091 0.723858 0.0434516 0.72335
11 0.0414556 0.739848 0.0389989 0.739848 0.0394595 0.72335 0.0416091 0.723096
11 0.0389989 0.740102 0.0366958 0.739848 0.0371565 0.722843 0.0394595 0.723096
0 0.166283 0.519289 0.142177 0.516497 0.142331 0.475888 0.165976 0.476142
0 0.115461 0.515482 0.0908951 0.513706 0.0907416 0.473096 0.114847 0.473604
11 0.0345463 0.739848 0.0320897 0.739848 0.0330109 0.722843 0.0350069 0.723096
0 0.11454 0.27868 0.090281 0.275381 0.0913558 0.234772 0.115461 0.236041
0 0.0979579 0.14264 0.122217 0.142386 0.122831 0.185025 0.098265 0.184518
0 0.12406 0.14467 0.148012 0.145685 0.148012 0.186041 0.12406 0.185533
0 0.149701 0.144924 0.173192 0.146447 0.173192 0.186294 0.149854 0.186294
0 0.176263 0.146447 0.200215 0.148731 0.198372 0.187563 0.175035 0.186041
0 0.201443 0.147208 0.225395 0.149239 0.224321 0.188832 0.200983 0.187056
0 0.226931 0.148477 0.251036 0.149239 0.250883 0.189848 0.226777 0.188579
0 0.0884385 0.277411 0.0641793 0.275127 0.0657147 0.233249 0.0895133 0.235279
0 0.140642 0.27868 0.115308 0.277157 0.116383 0.236294 0.141102 0.237563
0 0.0775372 0.263452 0.101182 0.263706 0.100415 0.304315 0.076616 0.302284
0 0.165822 0.280457 0.140949 0.277919 0.142331 0.237056 0.165822 0.238325
0 0.191617 0.281218 0.166743 0.277665 0.168586 0.238071 0.192538 0.23934
0 0.216337 0.282741 0.192077 0.27868 0.193152 0.23934 0.216951 0.240863
0 0.242745 0.281218 0.218179 0.281726 0.218333 0.240609 0.243052 0.241624
0 0.154767 0.266751 0.179027 0.268274 0.177338 0.308883 0.153232 0.306091
0 0.12928 0.265482 0.152311 0.266751 0.151543 0.30736 0.127745 0.305076
0 0.103485 0.264467 0.126823 0.265482 0.126516 0.306091 0.102871 0.304822
11 0.0368494 0.739848 0.0346998 0.739848 0.0348534 0.723096 0.0370029 0.722589
11 0.0320897 0.740102 0.0299401 0.740102 0.0305543 0.722843 0.0330109 0.722589
11 0.0397666 0.80736 0.0377706 0.808376 0.0362352 0.792386 0.0383848 0.791878
11 0.068632 0.774365 0.066636 0.774365 0.0664824 0.759391 0.0687855 0.759137
11 0.0475971 0.773096 0.0454476 0.773096 0.0468294 0.758883 0.0486719 0.758376
11 0.0503608 0.772843 0.0485183 0.77335 0.0482113 0.759391 0.0499002 0.758883
11 0.0522033 0.773096 0.0508214 0.773096 0.0505144 0.760152 0.0523568 0.759137
11 0.0545064 0.773858 0.0531245 0.773858 0.052971 0.759645 0.0543528 0.759137
11 0.0568095 0.77335 0.0552741 0.77335 0.0554276 0.759391 0.056963 0.758883
11 0.0586519 0.774112 0.0572701 0.773858 0.0574236 0.759391 0.058959 0.759137
11 0.0612621 0.774112 0.0595732 0.774112 0.0597267 0.759391 0.0615692 0.758883
11 0.0732381 0.774365 0.0713957 0.774365 0.070628 0.760152 0.0724704 0.759898
11 0.0434516 0.773858 0.041302 0.77335 0.0417626 0.759645 0.0440657 0.759645
11 0.0758483 0.775381 0.0732381 0.775381 0.0730846 0.760914 0.0755412 0.760914
11 0.0781514 0.775127 0.0758483 0.775127 0.0755412 0.761168 0.0781514 0.760914
11 0.080608 0.774619 0.0781514 0.774619 0.0776908 0.760914 0.0801474 0.760406
11 0.0835253 0.774112 0.0809151 0.774365 0.080608 0.760406 0.0829111 0.760152
11 0.0299401 0.808122 0.0274835 0.808122 0.02733 0.791371 0.0297866 0.790863
11 0.0323967 0.808122 0.0299401 0.808122 0.0297866 0.792132 0.0320897 0.791624
11 0.0346998 0.808122 0.0323967 0.808122 0.0320897 0.792132 0.0343928 0.792386
11 0.0451405 0.77335 0.0434516 0.772589 0.0449869 0.758376 0.0468294 0.758376
11 0.0411485 0.773858 0.0386918 0.774112 0.0388454 0.760152 0.0409949 0.759898
11 0.045294 0.676904 0.0428374 0.676142 0.0439122 0.662183 0.0465223 0.662944
11 0.0486719 0.707614 0.0463688 0.707107 0.0475971 0.692132 0.0499002 0.692386
11 0.0429909 0.676142 0.0403808 0.676142 0.0408414 0.661675 0.043298 0.661675
11 0.0402272 0.675635 0.0379242 0.675888 0.0377706 0.662183 0.0399202 0.661929
11 0.0371565 0.675381 0.0350069 0.675381 0.0351604 0.661929 0.0370029 0.661929
11 0.0342392 0.675381 0.0317826 0.674365 0.0331644 0.661168 0.0354675 0.661929
11 0.0566559 0.707107 0.0545064 0.70736 0.0541993 0.693655 0.0566559 0.693147
11 0.0546599 0.70736 0.0522033 0.707614 0.0518962 0.693655 0.0545064 0.693655
11 0.0514356 0.707107 0.0491325 0.706853 0.0497467 0.691624 0.0518962 0.691371
11 0.0462153 0.707614 0.0440657 0.70736 0.0445263 0.692893 0.0466759 0.69264
11 0.0382312 0.773858 0.0359281 0.773858 0.0360817 0.760152 0.0383848 0.759898
11 0.0436051 0.70736 0.0414556 0.706853 0.0425303 0.692893 0.0446799 0.692893
11 0.041302 0.707107 0.0389989 0.706599 0.0399202 0.69264 0.0420697 0.692893
11 0.0360817 0.706853 0.0339321 0.706853 0.0337786 0.693909 0.0363888 0.693655
11 0.033318 0.706599 0.0310149 0.705838 0.0322432 0.692132 0.0343928 0.692386
11 0.0310149 0.773096 0.029326 0.772335 0.0308614 0.758376 0.0327038 0.758883
11 0.0337786 0.77335 0.0320897 0.773096 0.0327038 0.759645 0.0342392 0.759391
11 0.0354675 0.773096 0.0337786 0.77335 0.0343928 0.759898 0.0363888 0.759391
0 0.485644 0.260406 0.467219 0.258883 0.467987 0.224112 0.486565 0.224365
11 0.347766 0.8 0.347612 0.803046 0.34101 0.80203 0.341164 0.797716
0 0.500691 0.0520305 0.508061 0.0522843 0.50714 0.0720812 0.499923 0.0715736
0 0.686473 0.670051 0.680178 0.669036 0.680639 0.653807 0.687087 0.654569
0 0.631353 0.667259 0.625058 0.666751 0.624904 0.652538 0.631506 0.652284
0 0.639183 0.667513 0.632735 0.667513 0.632735 0.652284 0.639183 0.65203
0 0.647474 0.666751 0.641333 0.667513 0.640565 0.652792 0.647014 0.652538
0 0.655305 0.667513 0.64901 0.66802 0.648549 0.653299 0.654998 0.652538
0 0.662828 0.668782 0.656533 0.66802 0.656533 0.653046 0.662828 0.653046
0 0.670659 0.669036 0.66421 0.66802 0.664517 0.653299 0.670812 0.653807
0 0.678796 0.669543 0.672501 0.669036 0.672041 0.653807 0.678336 0.653807
0 0.694304 0.669289 0.688162 0.669036 0.688009 0.654569 0.69415 0.654569
0 0.619991 0.657868 0.613389 0.65736 0.613542 0.642893 0.619837 0.64264
0 0.702134 0.669543 0.695686 0.669543 0.695532 0.654822 0.702134 0.654569
0 0.697835 0.70533 0.691079 0.704569 0.690926 0.690102 0.697835 0.690102
0 0.690005 0.705584 0.683095 0.704569 0.683556 0.689848 0.690158 0.690355
0 0.682174 0.705076 0.675572 0.704315 0.675572 0.689594 0.682021 0.689848
0 0.674037 0.704569 0.667588 0.703807 0.667588 0.689086 0.67419 0.689086
0 0.66636 0.704315 0.65945 0.704061 0.659604 0.689086 0.666667 0.689086
0 0.658376 0.704315 0.652234 0.704061 0.652234 0.689086 0.658376 0.688832
0 0.623676 0.666751 0.617534 0.666751 0.617227 0.652284 0.623522 0.65203
0 0.627975 0.657868 0.62168 0.658122 0.621219 0.643401 0.627207 0.64264
0 0.642561 0.704061 0.635959 0.702538 0.63688 0.687817 0.643022 0.688832
0 0.695378 0.624619 0.688776 0.624112 0.689083 0.609137 0.695071 0.609137
0 0.656072 0.62335 0.64947 0.622589 0.649624 0.608122 0.656226 0.607868
0 0.647781 0.623096 0.641486 0.622335 0.641793 0.607614 0.648242 0.607614
0 0.640258 0.623096 0.633656 0.622081 0.63427 0.607107 0.640565 0.60736
0 0.632581 0.622081 0.626439 0.621827 0.626132 0.607107 0.632427 0.606853
0 0.69154 0.61599 0.684631 0.615482 0.684631 0.600254 0.691233 0.600508
0 0.69937 0.61599 0.692922 0.615482 0.692768 0.600761 0.699524 0.600761
0 0.702748 0.625381 0.696146 0.623858 0.697067 0.609137 0.703516 0.609898
0 0.697989 0.661168 0.691847 0.660406 0.692308 0.645178 0.698603 0.645685
0 0.635652 0.658883 0.629203 0.657868 0.629203 0.643401 0.635498 0.643401
0 0.690158 0.660914 0.684324 0.659645 0.684938 0.644924 0.690926 0.645431
0 0.682942 0.660406 0.67634 0.660152 0.676186 0.644924 0.682635 0.64467
0 0.675111 0.659645 0.668356 0.659137 0.668202 0.64467 0.674804 0.64467
0 0.666974 0.659391 0.660525 0.659137 0.660218 0.64467 0.666667 0.644416
0 0.659143 0.659137 0.653002 0.659137 0.652388 0.644162 0.658529 0.643909
0 0.651466 0.659391 0.645018 0.658376 0.644864 0.644162 0.651466 0.644416
0 0.643482 0.659391 0.63688 0.658629 0.63688 0.643655 0.643636 0.643655
0 0.650852 0.704315 0.644404 0.703553 0.64425 0.688832 0.650852 0.688579
0 0.634884 0.703046 0.628282 0.703046 0.627975 0.688325 0.634423 0.688071
0 0.671887 0.623096 0.665131 0.623604 0.664824 0.608883 0.671426 0.608122
0 0.398587 0.0472081 0.409028 0.0472081 0.409489 0.0662437 0.398434 0.0664975
0 0.256564 0.0408629 0.26332 0.0416244 0.262859 0.0621827 0.25595 0.0614213
0 0.328267 0.0459391 0.335329 0.0461929 0.335022 0.0609137 0.327499 0.0598985
0 0.337632 0.0431472 0.343928 0.0439086 0.344081 0.0588832 0.336865 0.0591371
0 0.352219 0.0431472 0.365423 0.0449239 0.365116 0.0667513 0.352219 0.0659898
0 0.368494 0.048731 0.378013 0.048731 0.377399 0.0654822 0.368187 0.0647208
0 0.380009 0.0482234 0.389068 0.0482234 0.388607 0.0649746 0.380163 0.0654822
0 0.391064 0.0482234 0.397206 0.0482234 0.396899 0.0619289 0.391064 0.0619289
0 0.411792 0.0472081 0.422386 0.0469543 0.422232 0.0664975 0.411792 0.0670051
0 0.216644 0.0393401 0.234608 0.0413706 0.232612 0.071066 0.214494 0.0695431
0 0.426839 0.0517766 0.438354 0.0520305 0.438815 0.0715736 0.427146 0.0708122
0 0.442346 0.0517766 0.44772 0.0525381 0.448027 0.0659898 0.441885 0.0664975
0 0.449255 0.0538071 0.456472 0.0548223 0.456625 0.0725888 0.448948 0.0715736
0 0.458775 0.0484772 0.468141 0.0482234 0.468141 0.0649746 0.458468 0.0654822
0 0.469215 0.0538071 0.477199 0.0532995 0.477199 0.0700508 0.46983 0.0700508
0 0.481806 0.0522843 0.489329 0.0515228 0.489329 0.0705584 0.482113 0.069797
0 0.491939 0.0505076 0.499309 0.0507614 0.498541 0.0680203 0.491632 0.0680203
0 0.237218 0.0408629 0.253032 0.0426396 0.253493 0.0728426 0.235375 0.0718274
0 0.195762 0.0385787 0.214494 0.0401015 0.212959 0.0634518 0.194688 0.0626904
0 0.627361 0.703553 0.620605 0.703046 0.620912 0.688071 0.627207 0.688071
0 0.670045 0.713198 0.663596 0.71269 0.663442 0.698223 0.670352 0.698223
0 0.619223 0.703046 0.612467 0.701523 0.613082 0.687056 0.619684 0.68731
0 0.622908 0.711929 0.616613 0.711168 0.616613 0.696701 0.623062 0.696447
0 0.630739 0.711929 0.624597 0.711929 0.624443 0.697462 0.630585 0.697208
0 0.638569 0.712437 0.63212 0.712183 0.632274 0.697208 0.638569 0.697208
0 0.6464 0.712437 0.640104 0.711929 0.640104 0.697208 0.646707 0.697208
0 0.653923 0.712944 0.647935 0.712183 0.648396 0.697208 0.654691 0.697716
0 0.661907 0.71269 0.655765 0.712437 0.655612 0.698223 0.66206 0.69797
0 0.685398 0.713706 0.67941 0.713452 0.679257 0.698985 0.685859 0.698477
0 0.180715 0.0385787 0.192231 0.0385787 0.191463 0.0626904 0.179334 0.0626904
0 0.693075 0.714213 0.687087 0.713452 0.687087 0.698731 0.69369 0.698477
0 0.701213 0.714975 0.694764 0.713452 0.695225 0.698985 0.701827 0.699239
0 0.130201 0.0411168 0.13711 0.0408629 0.136957 0.0525381 0.130048 0.0525381
0 0.143559 0.0406091 0.149547 0.0401015 0.149547 0.0484772 0.142945 0.0492386
0 0.152311 0.0390863 0.155842 0.0385787 0.155996 0.0507614 0.152004 0.051269
0 0.158913 0.0385787 0.164133 0.0385787 0.163826 0.0479695 0.158452 0.0477157
0 0.16659 0.0380711 0.179027 0.0388325 0.177645 0.0507614 0.166436 0.0507614
0 0.663749 0.62335 0.657301 0.62335 0.65684 0.608883 0.663289 0.608376
0 0.683249 0.614975 0.677261 0.615736 0.676186 0.600761 0.682635 0.599746
11 0.348227 0.79264 0.348073 0.796193 0.341164 0.795939 0.341317 0.791371
0 0.841548 0.256345 0.817288 0.253807 0.818056 0.223096 0.84293 0.225127
0 0.804084 0.229188 0.779518 0.227157 0.779364 0.196954 0.804545 0.196954
0 0.829725 0.230457 0.804545 0.228934 0.805927 0.198477 0.829879 0.198477
0 0.85598 0.232234 0.830339 0.230711 0.831414 0.201523 0.85552 0.201777
0 0.881314 0.234518 0.856748 0.231726 0.857823 0.20203 0.881775 0.201777
0 0.907723 0.234518 0.883464 0.234518 0.883617 0.20533 0.907877 0.204822
0 0.892983 0.260152 0.869031 0.256599 0.869952 0.227665 0.894826 0.229949
0 0.867956 0.259391 0.84293 0.254061 0.844158 0.225127 0.869031 0.227919
0 0.815446 0.25533 0.791187 0.252284 0.792262 0.220305 0.816828 0.222843
0 0.766006 0.124365 0.740673 0.123604 0.740519 0.093401 0.765853 0.0928934
0 0.790266 0.252284 0.765699 0.251015 0.765699 0.220051 0.790726 0.219797
0 0.764625 0.251777 0.739137 0.25 0.739137 0.219543 0.764318 0.219289
0 0.776754 0.330203 0.752034 0.329188 0.751267 0.298985 0.776601 0.299239
0 0.802702 0.331472 0.777982 0.330964 0.777982 0.300254 0.802856 0.300254
0 0.829265 0.332487 0.804084 0.331472 0.803931 0.3 0.829725 0.298985
0 0.855059 0.33401 0.830493 0.332487 0.830339 0.301269 0.854752 0.301015
0 0.881468 0.33401 0.85598 0.334518 0.855827 0.302792 0.8807 0.301523
0 0.777829 0.227411 0.752649 0.226396 0.752956 0.196447 0.778136 0.196447
0 0.791187 0.127157 0.767542 0.124112 0.767388 0.0944162 0.792876 0.0956853
0 0.893751 0.359645 0.868417 0.357868 0.868724 0.326396 0.894365 0.327157
0 0.77875 0.101015 0.754952 0.0992386 0.755105 0.0690355 0.779671 0.0708122
11 0.348073 0.78934 0.348073 0.792893 0.341624 0.792386 0.341471 0.788071
11 0.348227 0.786548 0.348227 0.790102 0.341932 0.78934 0.341778 0.784772
11 0.335329 0.771827 0.33794 0.771827 0.337479 0.780964 0.334715 0.780964
11 0.335022 0.779695 0.332719 0.779695 0.332873 0.771066 0.335022 0.770305
11 0.346538 0.708122 0.346538 0.71269 0.337479 0.71269 0.337632 0.70736
0 0.809304 0.962944 0.814371 0.973096 0.805466 0.986041 0.799324 0.976142
0 0.817442 0.966751 0.822509 0.972335 0.817135 0.984518 0.811915 0.978426
0 0.804852 0.104569 0.780132 0.0994924 0.783049 0.0690355 0.807001 0.0725888
0 0.817442 0.12868 0.792876 0.125381 0.79349 0.0946701 0.818056 0.0946701
0 0.830646 0.105838 0.806234 0.101523 0.808076 0.0720812 0.832796 0.0753807
0 0.856595 0.107107 0.832028 0.102538 0.833257 0.0730964 0.858591 0.0758883
0 0.882696 0.106853 0.859051 0.105838 0.858744 0.0753807 0.88285 0.0761421
0 0.90803 0.111168 0.884232 0.106599 0.88592 0.0763959 0.909873 0.078934
0 0.895133 0.134518 0.870874 0.129949 0.872102 0.100254 0.897589 0.103046
0 0.869338 0.131472 0.84554 0.129188 0.845693 0.0992386 0.870259 0.100508
0 0.843544 0.129949 0.817903 0.127157 0.818977 0.0984772 0.844772 0.0984772
0 0.906802 0.334264 0.882543 0.33401 0.882236 0.303299 0.907262 0.303046
0 0.867649 0.358376 0.842469 0.356853 0.842622 0.325888 0.867649 0.325888
0 0.675418 0.614721 0.669123 0.614213 0.669277 0.599746 0.675418 0.599492
0 0.772916 0.715482 0.765546 0.714975 0.765392 0.69797 0.773069 0.697208
0 0.904192 0.543909 0.879932 0.542132 0.880547 0.512183 0.904192 0.51269
0 0.890987 0.567259 0.867035 0.564467 0.867496 0.534772 0.891601 0.536041
0 0.864886 0.566244 0.840626 0.56269 0.841241 0.532487 0.86596 0.532487
0 0.839398 0.564721 0.814218 0.560152 0.815292 0.530457 0.840012 0.53198
0 0.812836 0.562183 0.78873 0.558883 0.789805 0.52868 0.814064 0.530457
0 0.786734 0.56066 0.762782 0.556853 0.764164 0.527665 0.787809 0.528426
0 0.7614 0.559645 0.736373 0.557107 0.737141 0.526142 0.761554 0.526396
0 0.762475 0.71802 0.754952 0.717766 0.755259 0.7 0.762475 0.699746
0 0.852602 0.540355 0.827883 0.538832 0.82819 0.508629 0.853063 0.508629
0 0.755412 0.71802 0.747889 0.71802 0.747889 0.700508 0.755566 0.7
0 0.889605 0.663959 0.8655 0.662944 0.865346 0.632487 0.889605 0.63198
0 0.863657 0.856091 0.839398 0.854315 0.839245 0.824365 0.864271 0.823858
0 0.653155 0.570051 0.647167 0.569797 0.647014 0.554569 0.653616 0.554315
0 0.636266 0.614213 0.630124 0.613959 0.629971 0.598477 0.636573 0.598731
0 0.660064 0.614975 0.653309 0.614213 0.653462 0.598477 0.660064 0.598477
0 0.668049 0.614975 0.660986 0.614975 0.660832 0.599492 0.667741 0.599239
0 0.879165 0.542386 0.853677 0.539848 0.854291 0.509898 0.879011 0.509645
0 0.826961 0.538325 0.802088 0.536294 0.802088 0.506599 0.827269 0.50736
0 0.841087 0.357107 0.816828 0.355584 0.816674 0.325888 0.841241 0.325127
0 0.879625 0.435279 0.854752 0.434518 0.854906 0.405076 0.879165 0.404061
0 0.815753 0.355838 0.79134 0.355076 0.790573 0.325635 0.815292 0.324365
0 0.790112 0.355838 0.765239 0.353807 0.764778 0.323858 0.789191 0.32335
0 0.762782 0.355584 0.738062 0.351777 0.73883 0.322843 0.763857 0.325127
0 0.775679 0.432741 0.750806 0.431472 0.750653 0.400254 0.775986 0.400761
0 0.801474 0.433503 0.777061 0.43198 0.776908 0.401777 0.801013 0.401523
0 0.827883 0.434264 0.802702 0.433503 0.803009 0.402538 0.827422 0.402538
0 0.853677 0.435025 0.829111 0.433503 0.829265 0.404061 0.853524 0.403299
0 0.905113 0.436802 0.880854 0.435533 0.881161 0.405838 0.905266 0.405584
0 0.801167 0.536548 0.776294 0.535787 0.775986 0.505076 0.801013 0.50533
0 0.892216 0.460914 0.868263 0.459645 0.867649 0.42868 0.892062 0.428934
0 0.866114 0.459898 0.841855 0.458376 0.841241 0.427665 0.866114 0.427665
0 0.840166 0.460406 0.815292 0.458122 0.815446 0.42665 0.840473 0.427665
0 0.814064 0.458376 0.789805 0.455838 0.789651 0.426396 0.814371 0.42665
0 0.788423 0.45736 0.763857 0.456345 0.763089 0.426142 0.788423 0.425381
0 0.762014 0.456853 0.737295 0.45533 0.737755 0.424619 0.762475 0.424619
0 0.774144 0.536548 0.748657 0.532741 0.749885 0.502284 0.775526 0.504822
0 0.0727775 0.141878 0.0971902 0.14264 0.0965761 0.184518 0.0724704 0.183503
