12 0.844684 0.223449 0.867611 0.223449 0.867611 0.251487 0.844684 0.251487
0 0.559676 0.185783 0.547764 0.185783 0.547539 0.17134 0.559227 0.17049
0 0.615869 0.197961 0.625983 0.202492 0.620364 0.224016 0.60935 0.220051
0 0.597213 0.200227 0.607552 0.205607 0.599685 0.225998 0.589571 0.221184
0 0.579681 0.200793 0.590919 0.206457 0.582153 0.227981 0.571364 0.222317
0 0.567768 0.201076 0.576984 0.208723 0.569566 0.223166 0.559901 0.216369
0 0.556979 0.203625 0.561924 0.209572 0.553383 0.223733 0.547539 0.217219
0 0.53203 0.156046 0.54147 0.154347 0.542144 0.165959 0.533154 0.167658
0 0.541245 0.156046 0.552034 0.15463 0.553158 0.174455 0.541245 0.175588
0 0.546864 0.186633 0.535401 0.187766 0.534502 0.172189 0.545741 0.170773
0 0.550686 0.155763 0.558328 0.155197 0.558103 0.167091 0.550686 0.167658
0 0.559901 0.154914 0.570915 0.154064 0.570465 0.17049 0.559901 0.17049
0 0.861767 0.229963 0.862891 0.239309 0.852326 0.243274 0.849854 0.233078
0 0.573163 0.184084 0.561699 0.1855 0.5608 0.171056 0.572039 0.169074
0 0.579681 0.183801 0.572488 0.183801 0.571589 0.167941 0.579906 0.167658
0 0.571589 0.153781 0.583052 0.152082 0.583727 0.165109 0.572488 0.166525
0 0.589795 0.182951 0.579231 0.184367 0.578107 0.171623 0.588896 0.170207
0 0.587548 0.154064 0.599011 0.154064 0.598786 0.17049 0.587098 0.17049
0 0.602607 0.151515 0.617667 0.147833 0.621938 0.167375 0.606428 0.171623
0 0.599685 0.181818 0.59002 0.183517 0.587997 0.172472 0.598337 0.169924
0 0.610924 0.181535 0.600135 0.181535 0.59991 0.169924 0.610924 0.16964
0 0.623511 0.17842 0.612497 0.178703 0.611823 0.165959 0.623511 0.164826
0 0.625534 0.201926 0.635424 0.202209 0.634525 0.221184 0.624635 0.221184
0 0.636997 0.204758 0.648236 0.205891 0.645763 0.2226 0.635199 0.220901
0 0.653405 0.214387 0.660823 0.223166 0.651607 0.23676 0.643066 0.228264
0 0.658575 0.223449 0.667566 0.231096 0.661272 0.242707 0.652281 0.235911
0 0.365475 0.267913 0.351764 0.235627 0.37087 0.222317 0.38548 0.255735
0 0.439874 0.202209 0.425489 0.197111 0.429085 0.183517 0.443695 0.188332
0 0.429759 0.195412 0.405484 0.198244 0.403461 0.17757 0.42931 0.174738
0 0.398292 0.211838 0.394695 0.235344 0.372668 0.231379 0.375815 0.207307
0 0.412227 0.188615 0.382108 0.220051 0.357608 0.182951 0.387053 0.153498
0 0.351764 0.231946 0.348842 0.198527 0.371769 0.194562 0.373567 0.23053
0 0.350416 0.199943 0.349966 0.175871 0.361654 0.175871 0.361205 0.19966
0 0.354012 0.173888 0.361879 0.151515 0.374017 0.158595 0.364576 0.181252
0 0.362553 0.146417 0.376714 0.137355 0.383007 0.153214 0.368622 0.161711
0 0.378512 0.135372 0.393122 0.13339 0.393796 0.151232 0.380085 0.152365
0 0.396943 0.135372 0.42931 0.138204 0.426388 0.171623 0.393796 0.167658
0 0.417847 0.322855 0.437851 0.357406 0.413801 0.37723 0.393796 0.337865
0 0.387278 0.30388 0.40998 0.339281 0.389301 0.360238 0.36615 0.324554
0 0.376714 0.308411 0.381884 0.323421 0.37042 0.329368 0.364801 0.314925
0 0.349966 0.270462 0.380984 0.312659 0.349517 0.34806 0.317375 0.298499
0 0.340301 0.252903 0.358508 0.276409 0.341875 0.294534 0.324343 0.268479
0 0.32187 0.209572 0.349292 0.257434 0.320072 0.282073 0.292425 0.233928
0 0.636323 0.252336 0.636323 0.261965 0.62486 0.262532 0.624185 0.252053
0 0.641717 0.235061 0.638795 0.253752 0.622837 0.250354 0.625534 0.231096
0 0.635424 0.180685 0.62486 0.181252 0.62396 0.168508 0.635199 0.168224
0 0.647112 0.180119 0.637896 0.181535 0.636098 0.165675 0.645538 0.163693
0 0.631378 0.151232 0.640593 0.147267 0.644864 0.164259 0.635873 0.167658
11 0.711845 0.112433 0.706226 0.11215 0.706451 0.0931747 0.711845 0.0928915
11 0.701731 0.112999 0.698134 0.113849 0.696786 0.102521 0.700382 0.101671
11 0.697685 0.115548 0.693864 0.115548 0.69274 0.09629 0.696786 0.0960068
11 0.693189 0.116681 0.690267 0.11753 0.688694 0.102237 0.691616 0.101671
11 0.688245 0.114982 0.684873 0.115831 0.681726 0.0974228 0.685098 0.09629
0 0.685547 0.116681 0.666442 0.122628 0.660373 0.0988389 0.679703 0.0911923
0 0.666891 0.116681 0.648685 0.125743 0.638346 0.101954 0.656552 0.0906259
0 0.649584 0.119796 0.636323 0.128575 0.620589 0.101954 0.634075 0.0900595
0 0.630479 0.122345 0.614745 0.130841 0.606428 0.112716 0.622837 0.102521
0 0.619465 0.109884 0.579456 0.149816 0.550236 0.106202 0.591144 0.0691022
0 0.561474 0.111017 0.520791 0.148683 0.493369 0.105353 0.531805 0.0668366
0 0.492021 0.112433 0.435154 0.142736 0.416273 0.0926083 0.471567 0.0597564
0 0.424365 0.104503 0.39492 0.121212 0.380085 0.0835457 0.407957 0.0668366
0 0.387503 0.0985556 0.359631 0.12631 0.333783 0.0892099 0.361205 0.0603229
0 0.33648 0.167941 0.334907 0.215803 0.303439 0.213537 0.305012 0.165675
0 0.333333 0.11838 0.336031 0.165392 0.303889 0.168224 0.302315 0.118946
0 0.347943 0.0849618 0.322095 0.119796 0.300517 0.0951572 0.325017 0.0589068
3 0.196673 0.879354 0.197123 0.845086 0.224545 0.846219 0.22432 0.881337
3 0.104518 0.600963 0.106541 0.548003 0.144752 0.550552 0.145201 0.604928
3 0.0890088 0.811668 0.0856372 0.776834 0.114183 0.772302 0.118004 0.80742
11 0.707125 0.113282 0.70218 0.114415 0.700607 0.102521 0.705777 0.101388
11 0.719038 0.112716 0.712969 0.112716 0.712295 0.0914755 0.717914 0.0909091
0 0.642167 0.152931 0.649809 0.148117 0.655203 0.161994 0.647561 0.167091
11 0.723758 0.11215 0.719263 0.112716 0.717914 0.0926083 0.723084 0.0920419
0 0.65835 0.181252 0.646887 0.180119 0.647112 0.164259 0.659249 0.164543
0 0.669364 0.183234 0.657901 0.181818 0.659024 0.167658 0.669813 0.169074
0 0.681052 0.186349 0.672735 0.183517 0.674758 0.169924 0.683524 0.172189
0 0.689144 0.190031 0.681726 0.186633 0.685547 0.17134 0.693414 0.174455
0 0.653405 0.152931 0.662396 0.148683 0.665543 0.160861 0.656777 0.164259
0 0.662171 0.149816 0.670488 0.145568 0.674983 0.159728 0.666217 0.16341
0 0.671836 0.145285 0.678355 0.142736 0.682176 0.160011 0.675208 0.16256
0 0.680153 0.145285 0.689593 0.138771 0.695887 0.15633 0.686222 0.163127
11 0.730276 0.137638 0.733648 0.131408 0.753653 0.145568 0.749831 0.153781
0 0.790515 0.0914755 0.803327 0.0917587 0.803102 0.102804 0.79029 0.10337
0 0.803551 0.105919 0.808946 0.0883602 0.824904 0.0971396 0.818386 0.114415
0 0.78557 0.086661 0.792088 0.103653 0.776804 0.113282 0.769611 0.09629
11 0.762868 0.115265 0.75118 0.0951572 0.771859 0.0764656 0.783097 0.0982724
11 0.760845 0.131124 0.752529 0.112433 0.771409 0.0999717 0.779726 0.11923
11 0.766689 0.144718 0.761744 0.134523 0.779051 0.118097 0.784671 0.128859
11 0.742864 0.111866 0.738593 0.11045 0.740391 0.0923251 0.745111 0.0926083
11 0.738818 0.109884 0.734547 0.111866 0.732075 0.0940244 0.73612 0.0923251
11 0.734547 0.111583 0.730501 0.1113 0.730951 0.0974228 0.734772 0.0965732
11 0.728254 0.11215 0.724208 0.11215 0.723758 0.0979892 0.728478 0.097706
0 0.395819 0.291136 0.369072 0.275843 0.380535 0.250354 0.403686 0.263948
0 0.418971 0.300481 0.396943 0.286038 0.406608 0.263948 0.428411 0.277542
0 0.403911 0.216936 0.440773 0.239309 0.423016 0.282073 0.385929 0.253186
0 0.588672 0.481733 0.583502 0.544039 0.542819 0.53979 0.546415 0.477768
0 0.675657 0.421977 0.682401 0.410649 0.689144 0.418578 0.681726 0.428774
0 0.668465 0.431323 0.67296 0.419145 0.681277 0.424242 0.676781 0.43642
0 0.656102 0.442651 0.662171 0.423676 0.679029 0.433871 0.672735 0.451713
0 0.635648 0.45228 0.648236 0.424242 0.665543 0.435287 0.651832 0.464741
0 0.615869 0.453129 0.637447 0.435571 0.649135 0.45851 0.626208 0.475219
0 0.588672 0.46559 0.605529 0.442651 0.622162 0.459926 0.604855 0.484565
0 0.554282 0.451147 0.583052 0.436137 0.593392 0.471538 0.564621 0.486548
0 0.543043 0.450297 0.556305 0.442651 0.562374 0.457944 0.547539 0.46729
0 0.638121 0.421694 0.630029 0.418295 0.631827 0.409799 0.640818 0.412348
0 0.628681 0.422826 0.619465 0.42141 0.620139 0.412348 0.630029 0.413481
0 0.618341 0.426225 0.611149 0.42226 0.613621 0.413764 0.621263 0.417729
0 0.609575 0.433305 0.597887 0.425658 0.601034 0.414897 0.613621 0.42226
0 0.597213 0.432455 0.588222 0.428491 0.59047 0.418578 0.60036 0.422826
0 0.587323 0.434438 0.577208 0.429623 0.580355 0.418012 0.590919 0.422543
0 0.575635 0.436703 0.556305 0.420278 0.56552 0.404418 0.58575 0.420844
0 0.561025 0.420278 0.552484 0.413197 0.55653 0.405551 0.565071 0.412065
0 0.559227 0.411498 0.561474 0.371 0.589571 0.374115 0.585525 0.414047
0 0.579456 0.369584 0.593392 0.374681 0.589121 0.387142 0.57586 0.381478
0 0.601259 0.397055 0.587323 0.390541 0.591369 0.378363 0.604855 0.384027
0 0.3902 0.529878 0.366824 0.548287 0.354012 0.52563 0.378062 0.505523
0 0.669813 0.527613 0.630029 0.543189 0.61452 0.488247 0.654304 0.469272
0 0.622162 0.367318 0.630254 0.374115 0.621713 0.390541 0.613396 0.383178
0 0.620139 0.541773 0.63947 0.567828 0.622837 0.589068 0.601034 0.563297
0 0.398067 0.422543 0.413576 0.432172 0.407283 0.446899 0.391549 0.438403
0 0.797033 0.513735 0.805125 0.483432 0.822207 0.490513 0.814116 0.520532
0 0.778602 0.534693 0.786469 0.502407 0.804675 0.510337 0.796359 0.540357
0 0.75635 0.551968 0.764891 0.521382 0.781749 0.529029 0.772758 0.557916
0 0.703304 0.565845 0.729153 0.531577 0.757249 0.56358 0.727579 0.598131
0 0.700607 0.585103 0.714992 0.572642 0.721286 0.585387 0.7069 0.596998
0 0.694089 0.594166 0.704203 0.591334 0.706001 0.601813 0.695437 0.604361
0 0.680153 0.581988 0.701506 0.600396 0.688245 0.622203 0.667791 0.602379
0 0.653405 0.581422 0.677006 0.603512 0.662396 0.623619 0.63902 0.600396
0 0.593617 0.652506 0.586199 0.618805 0.608676 0.609742 0.617217 0.645426
0 0.587548 0.664118 0.587323 0.644577 0.603731 0.643444 0.603731 0.663835
0 0.594291 0.633248 0.596763 0.653073 0.584176 0.654772 0.582153 0.634948
0 0.592268 0.613141 0.597438 0.631549 0.582828 0.637213 0.576984 0.620504
0 0.622162 0.578023 0.645763 0.604361 0.627332 0.633815 0.602383 0.607193
0 0.576759 0.619654 0.564396 0.5919 0.592942 0.572926 0.605754 0.602096
0 0.536975 0.660719 0.556979 0.683376 0.542144 0.701784 0.522814 0.679694
0 0.521915 0.622203 0.518993 0.648258 0.503259 0.645709 0.506631 0.619371
0 0.474489 0.612291 0.498539 0.633532 0.488424 0.652223 0.46325 0.630133
0 0.489099 0.578873 0.51697 0.595865 0.500337 0.635514 0.474713 0.618805
0 0.606878 0.366752 0.617667 0.376097 0.609126 0.391674 0.598561 0.383178
0 0.632277 0.361654 0.642167 0.367884 0.632277 0.39224 0.622612 0.38516
0 0.477186 0.210988 0.469094 0.252336 0.44347 0.24469 0.450214 0.203059
0 0.612722 0.350892 0.603731 0.357689 0.593392 0.34098 0.601933 0.331917
0 0.608451 0.318607 0.616768 0.318607 0.615419 0.336449 0.606653 0.335316
0 0.601933 0.31889 0.609575 0.321722 0.604855 0.338148 0.597213 0.335316
0 0.586424 0.341546 0.585525 0.331917 0.598786 0.329368 0.599461 0.340413
0 0.56552 0.332484 0.543942 0.313226 0.564172 0.282073 0.584401 0.299915
0 0.514947 0.257717 0.543043 0.20844 0.589121 0.243557 0.558103 0.299632
0 0.50281 0.368451 0.520566 0.422543 0.478085 0.440668 0.459879 0.388842
0 0.455158 0.354857 0.481906 0.376381 0.466172 0.405268 0.439874 0.384594
0 0.437402 0.345511 0.45808 0.370433 0.441897 0.391391 0.41987 0.366752
0 0.515172 0.353158 0.504158 0.364769 0.49247 0.348343 0.504158 0.335316
0 0.520566 0.30388 0.528883 0.343529 0.498089 0.349476 0.49292 0.309544
0 0.483255 0.274427 0.512475 0.304163 0.485053 0.34098 0.456058 0.31096
0 0.491796 0.359388 0.478535 0.351459 0.484828 0.336732 0.49719 0.345511
0 0.478759 0.351742 0.461227 0.341546 0.468869 0.323421 0.485952 0.333617
0 0.459879 0.34098 0.442122 0.329652 0.449764 0.31181 0.467071 0.322855
0 0.443246 0.320872 0.424815 0.307845 0.432906 0.28887 0.451113 0.301897
0 0.463475 0.254885 0.482805 0.277825 0.457181 0.308411 0.438526 0.282923
0 0.423241 0.315775 0.412227 0.308128 0.417172 0.2968 0.428636 0.30473
11 0.464824 0.252336 0.468195 0.257717 0.457181 0.26763 0.45381 0.262532
0 0.438076 0.231096 0.461452 0.245823 0.444594 0.280091 0.421443 0.261399
0 0.615869 0.313509 0.628006 0.314925 0.625759 0.331634 0.613846 0.329085
0 0.623061 0.340697 0.618791 0.352875 0.606653 0.345794 0.611149 0.332767
0 0.647561 0.351459 0.659699 0.356839 0.652281 0.378929 0.640593 0.372982
0 0.630254 0.334183 0.625084 0.347777 0.615419 0.342113 0.620139 0.328236
0 0.706676 0.354291 0.716566 0.344095 0.723084 0.355423 0.712744 0.364203
0 0.68285 0.367035 0.688469 0.35599 0.699258 0.365052 0.692066 0.376381
0 0.6588 0.380912 0.661272 0.389691 0.655878 0.39224 0.65318 0.383744
0 0.668914 0.376381 0.675657 0.36222 0.685997 0.371566 0.680153 0.383461
0 0.67768 0.335599 0.68757 0.34098 0.679029 0.360521 0.669813 0.354574
0 0.690043 0.326253 0.700382 0.329652 0.693864 0.352025 0.684199 0.34721
0 0.699483 0.320306 0.709822 0.320023 0.709822 0.342962 0.698584 0.342113
0 0.708249 0.311243 0.72151 0.309544 0.722859 0.331917 0.710047 0.332767
0 0.701281 0.291136 0.697235 0.30473 0.681501 0.298782 0.685098 0.285188
0 0.689593 0.272727 0.696786 0.278958 0.689818 0.291419 0.682625 0.283489
0 0.692515 0.299632 0.689368 0.313509 0.67296 0.308128 0.675882 0.294251
0 0.675657 0.274993 0.687795 0.278958 0.6833 0.29595 0.671162 0.291702
0 0.679928 0.310677 0.672511 0.321722 0.661047 0.308694 0.668015 0.297933
0 0.659474 0.282639 0.674309 0.288304 0.669364 0.306429 0.654529 0.300765
0 0.66869 0.315491 0.664194 0.32512 0.65363 0.319456 0.6588 0.306995
0 0.646437 0.286604 0.662171 0.292268 0.654979 0.317757 0.639694 0.312093
0 0.658575 0.323421 0.651607 0.331917 0.642392 0.321722 0.649135 0.312093
0 0.64846 0.326253 0.642616 0.337865 0.632726 0.331634 0.637447 0.318323
0 0.629804 0.303597 0.642841 0.305579 0.641043 0.321722 0.627557 0.31889
8 0.0618116 0.646276 0.069229 0.651374 0.0582153 0.677428 0.0507979 0.672614
