9 0.0312931 0.0476706 0.0329805 0.05381 0.0259242 0.0668111 0.0242368 0.061394
9 0.62755 0.360058 0.625249 0.356446 0.630772 0.335861 0.633073 0.339473
11 0.584599 0.239798 0.592576 0.241965 0.591502 0.264355 0.583372 0.262911
9 0.566345 0.316721 0.566805 0.309859 0.576776 0.314193 0.576162 0.320693
0 0.558061 0.315637 0.574475 0.318527 0.57248 0.36403 0.556527 0.36078
0 0.53858 0.312026 0.554073 0.314554 0.552232 0.351029 0.536892 0.347779
9 0.383801 0.0917299 0.386562 0.0924521 0.385335 0.124594 0.382727 0.124233
9 0.396993 0.092091 0.400061 0.0924521 0.398834 0.126761 0.396073 0.126399
9 0.38104 0.0902853 0.383801 0.0902853 0.382881 0.123871 0.38012 0.123149
9 0.359718 0.0866739 0.362326 0.087035 0.361405 0.120982 0.358491 0.120621
0 0.405584 0.556519 0.403743 0.643554 0.362019 0.634164 0.363553 0.551463
0 0.399755 0.442759 0.396226 0.519682 0.362326 0.50957 0.36616 0.435536
9 0.360792 0.0787288 0.363399 0.0693391 0.374751 0.0938967 0.370762 0.101842
9 0.36478 0.068978 0.364933 0.0621163 0.380273 0.0657277 0.379659 0.0736728
0 0.227182 0.649332 0.226875 0.565186 0.269213 0.561936 0.268906 0.650776
9 0.21445 0.245215 0.216444 0.247743 0.210769 0.264355 0.208621 0.260022
0 0.0766989 0.640664 0.0493941 0.611773 0.0642737 0.540267 0.0920387 0.567714
0 0.567572 0.407006 0.589968 0.41459 0.584752 0.465872 0.563737 0.457927
9 0.62755 0.340917 0.625556 0.338389 0.631385 0.318527 0.633226 0.321055
9 0.0811474 0.262189 0.07946 0.258216 0.0862095 0.240881 0.0878969 0.244854
0 0.735542 0.570242 0.734468 0.624774 0.711766 0.62333 0.711766 0.568797
9 0.930971 0.725894 0.930204 0.71831 0.943243 0.707476 0.944777 0.71506
9 0.918086 0.718671 0.917779 0.725533 0.906581 0.723727 0.906734 0.716865
9 0.919159 0.713254 0.918853 0.719754 0.906581 0.717949 0.906581 0.710726
9 0.91962 0.699892 0.919313 0.70567 0.906888 0.703864 0.906888 0.697364
9 0.919006 0.692669 0.919006 0.698808 0.907041 0.697725 0.907041 0.691224
9 0.927136 0.681835 0.927289 0.674973 0.942783 0.674612 0.942629 0.681835
9 0.920693 0.626219 0.920387 0.631275 0.909035 0.629469 0.909035 0.622969
9 0.946618 0.5316 0.94493 0.535572 0.932352 0.514626 0.933886 0.509209
9 0.954748 0.524016 0.952293 0.522932 0.953367 0.487902 0.956282 0.488624
9 0.933732 0.480679 0.935266 0.475984 0.947998 0.498014 0.945851 0.503431
9 0.928363 0.418563 0.92821 0.424341 0.914557 0.422535 0.914711 0.416035
9 0.92775 0.3987 0.927596 0.404478 0.915018 0.402672 0.915171 0.396533
0 0.838165 0.701336 0.835097 0.799205 0.791686 0.793066 0.794447 0.693752
0 0.740298 0.878295 0.723884 0.909715 0.709925 0.874684 0.724191 0.843626
0 0.733701 0.631275 0.732014 0.688696 0.708698 0.684363 0.709925 0.627663
0 0.0520018 0.615385 0.0279184 0.616468 0.026998 0.561213 0.0510815 0.556519
