5 0.463322 0.734731 0.468756 0.735329 0.468937 0.74012 0.46296 0.739521
0 0.353197 0.611976 0.346314 0.61497 0.343959 0.600599 0.351386 0.597006
0 0.487774 0.568862 0.485782 0.556287 0.494113 0.552994 0.496468 0.564072
0 0.464046 0.550898 0.456258 0.553293 0.454084 0.540419 0.461329 0.536527
0 0.441043 0.56976 0.433255 0.572754 0.431081 0.558982 0.439051 0.556287
0 0.41804 0.582036 0.410976 0.58503 0.408984 0.571257 0.415686 0.568263
0 0.289259 0.597006 0.290708 0.611377 0.282739 0.611677 0.282558 0.599401
0 0.380728 0.600599 0.373302 0.603892 0.370223 0.589222 0.378373 0.585928
0 0.403731 0.57006 0.396667 0.57006 0.395581 0.556587 0.403188 0.555389
0 0.380366 0.56018 0.381815 0.570659 0.37294 0.574551 0.371672 0.561677
0 0.367144 0.606886 0.360804 0.61018 0.358268 0.597006 0.365332 0.593713
0 0.269335 0.657485 0.262271 0.660778 0.259011 0.645808 0.266981 0.641018
0 0.529252 0.518862 0.521645 0.521557 0.518747 0.505988 0.526716 0.502395
0 0.294512 0.644611 0.286905 0.648802 0.283644 0.631138 0.291614 0.628144
0 0.3119 0.679042 0.318602 0.679042 0.319326 0.693114 0.311357 0.693713
0 0.315704 0.784731 0.322224 0.788024 0.320413 0.801497 0.312262 0.798204
0 0.303387 0.783533 0.310089 0.787126 0.308096 0.800898 0.30067 0.795808
0 0.288716 0.783832 0.294693 0.786826 0.292701 0.800599 0.28455 0.796407
0 0.268249 0.752096 0.261728 0.751796 0.261728 0.738024 0.268067 0.738024
0 0.161565 0.652096 0.163738 0.640719 0.170802 0.643713 0.168991 0.655689
0 0.145988 0.66018 0.147437 0.649701 0.15595 0.651796 0.154863 0.663473
0 0.775041 0.237725 0.772867 0.21976 0.782105 0.216766 0.783735 0.231437
0 0.49031 0.585928 0.488317 0.573353 0.49683 0.570359 0.499185 0.582036
0 0.537765 0.513473 0.530158 0.516168 0.528165 0.501796 0.535773 0.498503
5 0.437783 0.765269 0.443036 0.762874 0.444122 0.767066 0.438326 0.77006
0 0.645897 0.404192 0.650788 0.402096 0.653505 0.414072 0.646803 0.416766
6 0.57562 0.978144 0.60134 0.983533 0.59971 0.994611 0.574171 0.994311
5 0.586307 0.951497 0.589386 0.951497 0.589205 0.960778 0.585763 0.96018
5 0.582865 0.950898 0.585945 0.951198 0.585763 0.960479 0.582684 0.960479
5 0.579786 0.950599 0.582865 0.950599 0.582684 0.960479 0.579605 0.960479
5 0.576526 0.950599 0.579605 0.950599 0.579424 0.960479 0.576164 0.95988
6 0.659663 0.796707 0.678681 0.792216 0.685745 0.852096 0.666908 0.85509
13 0.729397 0.646407 0.745698 0.66976 0.736642 0.687126 0.720159 0.662874
6 0.72668 0.633832 0.751857 0.672156 0.739721 0.697605 0.712552 0.65988
0 0.59482 0.488323 0.588299 0.490419 0.585401 0.476946 0.59319 0.473952
0 0.905633 0.282635 0.911067 0.28024 0.913059 0.291916 0.907444 0.294611
0 0.550082 0.511078 0.541206 0.514671 0.538308 0.497904 0.547002 0.494611
0 0.951096 0.323952 0.944213 0.326647 0.941134 0.312874 0.949103 0.308982
0 0.9357 0.320359 0.930991 0.322455 0.929723 0.314671 0.934794 0.311677
0 0.793697 0.307485 0.795689 0.317365 0.788263 0.321856 0.785908 0.310479
0 0.928093 0.333832 0.920848 0.335928 0.919036 0.324251 0.926281 0.321257
0 0.916682 0.338024 0.908893 0.341617 0.906358 0.328443 0.913421 0.324251
0 0.892592 0.351497 0.886252 0.355689 0.883354 0.34012 0.890962 0.336228
0 0.808911 0.366766 0.812896 0.36497 0.814707 0.376347 0.81036 0.378443
0 0.587212 0.490719 0.581235 0.49521 0.578156 0.481138 0.585039 0.478443
0 0.562036 0.504192 0.554791 0.507485 0.552617 0.493114 0.559862 0.49012
13 0.41152 0.85 0.452998 0.85 0.452998 0.882934 0.41152 0.882934
