5 0.862903 0.659446 0.920363 0.659446 0.920363 0.77858 0.862903 0.77858
5 0.798387 0.66426 0.854839 0.66426 0.854839 0.78219 0.798387 0.78219
5 0.734879 0.663057 0.78629 0.663057 0.78629 0.78941 0.734879 0.78941
5 0.858871 0.519856 0.915323 0.519856 0.915323 0.641396 0.858871 0.641396
5 0.796371 0.522262 0.851815 0.522262 0.851815 0.640193 0.796371 0.640193
5 0.732863 0.519856 0.790323 0.519856 0.790323 0.640193 0.732863 0.640193
5 0.849798 0.374248 0.910282 0.374248 0.910282 0.493381 0.849798 0.493381
5 0.788306 0.376655 0.842742 0.376655 0.842742 0.494585 0.788306 0.494585
5 0.728831 0.379061 0.784274 0.379061 0.784274 0.495788 0.728831 0.495788
5 0.839718 0.168472 0.895161 0.168472 0.895161 0.287605 0.839718 0.287605
5 0.78125 0.168472 0.834677 0.168472 0.834677 0.290012 0.78125 0.290012
5 0.720766 0.170878 0.771169 0.170878 0.771169 0.292419 0.720766 0.292419
13 0.31754 0.341757 0.564516 0.333333 0.56754 0.7858 0.323589 0.791817
6 0.270161 0.168472 0.615927 0.168472 0.615927 0.963899 0.270161 0.963899
