0 0.955799 0.0824388 0.903487 0.0199657 0.984388 0.00987548 0.995945 0.0349936
0 0.96249 0.495921 0.903487 0.545298 0.865369 0.48669 0.918694 0.434307
0 0.902474 0.549377 0.842457 0.59167 0.8015 0.542293 0.861517 0.485831
0 0.515815 0.886432 0.457826 0.932804 0.414842 0.871404 0.467356 0.826964
0 0.596715 0.820953 0.546431 0.862387 0.495945 0.80979 0.544404 0.755474
0 0.332928 0.669386 0.272912 0.724775 0.227291 0.664234 0.290146 0.614856
0 0.425385 0.635036 0.368208 0.682482 0.324412 0.618935 0.379765 0.570416
0 0.490065 0.541219 0.435929 0.586518 0.385442 0.532203 0.441606 0.477673
0 0.223439 0.392014 0.163423 0.448476 0.110097 0.382997 0.179643 0.331473
0 0.298662 0.33641 0.232968 0.389867 0.195864 0.31945 0.256894 0.273079
0 0.363544 0.284027 0.306367 0.332546 0.256894 0.269 0.319749 0.21447
0 0.612125 0.241735 0.547242 0.235723 0.546431 0.156076 0.608273 0.15307
0 0.701541 0.245814 0.631995 0.241735 0.635848 0.162087 0.712084 0.168098
0 0.793998 0.25483 0.716748 0.246672 0.722628 0.168098 0.802514 0.177115
