0 0.327727 0.482727 0.380224 0.483187 0.381244 0.546292 0.330275 0.547213
0 0.519368 0.747582 0.465851 0.747121 0.465341 0.685398 0.518858 0.685859
0 0.278797 0.887149 0.331804 0.887149 0.331295 0.946568 0.278797 0.946108
0 0.346075 0.885306 0.399083 0.886228 0.398063 0.942883 0.348114 0.944265
0 0.476045 0.885767 0.522426 0.883924 0.528033 0.941502 0.477574 0.943805
0 0.329256 0.757255 0.27421 0.759558 0.270133 0.690926 0.328236 0.690005
0 0.389908 0.754491 0.340469 0.754952 0.33894 0.690465 0.393476 0.690005
0 0.454128 0.749885 0.405199 0.749885 0.401631 0.68632 0.454128 0.68678
0 0.584098 0.745279 0.534659 0.745279 0.531091 0.684017 0.582569 0.683556
0 0.522936 0.47766 0.574414 0.475357 0.575433 0.541686 0.523445 0.543528
0 0.514781 0.068632 0.563201 0.0681713 0.56524 0.124827 0.5158 0.12713
0 0.649337 0.0644864 0.692151 0.0644864 0.694699 0.121603 0.651376 0.122985
0 0.626911 0.333947 0.588685 0.333947 0.589195 0.290649 0.626911 0.29111
0 0.439857 0.353754 0.388379 0.354215 0.38736 0.289268 0.441896 0.287886
0 0.714067 0.471672 0.769113 0.474896 0.767074 0.53708 0.70948 0.533855
0 0.589195 0.478121 0.637615 0.478121 0.639144 0.538922 0.587156 0.541225
0 0.574414 0.35099 0.514781 0.35099 0.511723 0.282358 0.574414 0.279595
