0 0.670984 0.550617 0.65167 0.524966 0.69007 0.506951 0.707112 0.534365
0 0.706203 0.605835 0.677346 0.565107 0.728698 0.537889 0.757101 0.582338
0 0.740286 0.671627 0.748921 0.643626 0.788003 0.652634 0.778687 0.682201
0 0.54215 0.923243 0.513747 0.881731 0.563963 0.858234 0.593956 0.899745
0 0.477164 0.829058 0.451034 0.789896 0.50125 0.762679 0.530334 0.80654
0 0.608271 0.613863 0.656442 0.623262 0.64599 0.672215 0.590548 0.66027
0 0.343331 0.205013 0.371506 0.192873 0.391275 0.224202 0.361054 0.237909
0 0.451488 0.234972 0.466485 0.25749 0.429221 0.274917 0.413542 0.249657
0 0.510566 0.325436 0.458532 0.350304 0.42763 0.299197 0.476483 0.274525
0 0.575097 0.420012 0.546694 0.376934 0.599636 0.348737 0.631447 0.394948
0 0.266758 0.525945 0.241309 0.484629 0.29357 0.456432 0.322427 0.499902
0 0.108839 0.296652 0.122018 0.250441 0.176551 0.260231 0.164963 0.307225
0 0.117246 0.264343 0.102477 0.241042 0.13656 0.225377 0.152011 0.248287
0 0.0872529 0.218524 0.060668 0.206188 0.0736196 0.177012 0.105885 0.190914
0 0.184504 0.0454278 0.207226 0.0321128 0.224494 0.057568 0.196092 0.0712747
0 0.102704 0.118073 0.128834 0.102408 0.148148 0.133934 0.117928 0.148424
