0 0.635694 0.101366 0.638559 0.0799483 0.667008 0.0843796 0.663733 0.102105
0 0.526811 0.479874 0.555874 0.52548 0.508391 0.549298 0.481989 0.501477
0 0.554237 0.457903 0.530905 0.419498 0.574089 0.399188 0.598854 0.437777
0 0.526402 0.406388 0.504093 0.369461 0.546869 0.347674 0.57061 0.384601
0 0.455792 0.263479 0.439623 0.238922 0.467867 0.224151 0.484445 0.250739
0 0.432869 0.228767 0.419566 0.206241 0.446377 0.19147 0.461523 0.215657
0 0.530086 0.114845 0.553418 0.104136 0.567745 0.129801 0.543594 0.141987
0 0.369628 0.521233 0.326443 0.543021 0.299836 0.500369 0.343021 0.478951
0 0.464593 0.803545 0.437577 0.762925 0.487106 0.737999 0.514122 0.777696
0 0.314163 0.791544 0.35305 0.772526 0.381498 0.813146 0.340974 0.833272
0 0.8684 0.82404 0.822554 0.847858 0.787556 0.799483 0.835448 0.773264
0 0.816619 0.850628 0.768113 0.876662 0.731887 0.822932 0.779984 0.79856
0 0.720221 0.722489 0.696889 0.684084 0.743348 0.659527 0.771797 0.700517
0 0.657184 0.620938 0.639173 0.587888 0.682972 0.567947 0.702824 0.600074
0 0.686656 0.680945 0.660868 0.638479 0.712853 0.614106 0.739255 0.65325
0 0.606427 0.605428 0.633852 0.646418 0.583504 0.669682 0.556897 0.626662
