3 0.291 0.513 0.30075 0.5105 0.30275 0.522 0.29275 0.52425
3 0.29975 0.5015 0.298 0.48225 0.31175 0.48225 0.31325 0.5005
6 0.11875 0.8455 0.12775 0.84375 0.1315 0.8705 0.122 0.87175
6 0.3455 0.5795 0.35775 0.5695 0.38275 0.61 0.36875 0.62
8 0.463 0.47975 0.4685 0.478 0.47 0.48875 0.4645 0.48975
8 0.49675 0.474 0.50225 0.47175 0.50375 0.48175 0.498 0.48325
8 0.61225 0.317 0.618 0.31425 0.62175 0.324 0.61525 0.32625
8 0.66125 0.3085 0.666 0.303 0.674 0.31175 0.6685 0.3165
8 0.68 0.29 0.6855 0.28475 0.6925 0.2985 0.687 0.3025
8 0.7 0.272 0.70575 0.269 0.71 0.2795 0.70525 0.283
8 0.7215 0.2555 0.72725 0.2505 0.73225 0.259 0.727 0.2635
8 0.761 0.1925 0.77125 0.19775 0.769 0.204 0.758 0.19975
8 0.7645 0.18175 0.77675 0.17575 0.7795 0.18325 0.7665 0.18875
8 0.919 0.09325 0.92675 0.094 0.9225 0.11325 0.915 0.1115
8 0.82425 0.1195 0.83225 0.117 0.83725 0.13825 0.8285 0.14025
3 0.3845 0.55225 0.3985 0.5425 0.4075 0.559 0.394 0.568
3 0.4045 0.57625 0.4145 0.57025 0.41775 0.58125 0.408 0.5865
3 0.1345 0.8205 0.139 0.81325 0.1445 0.82 0.13975 0.827
3 0.13175 0.825 0.138 0.83125 0.1335 0.83775 0.1275 0.832
3 0.12975 0.822 0.1255 0.82975 0.1195 0.8235 0.1235 0.8165
3 0.13225 0.819 0.126 0.8145 0.13125 0.806 0.137 0.81125
3 0.32275 0.5075 0.321 0.51775 0.31275 0.516 0.31425 0.5065
3 0.38025 0.59275 0.37525 0.5825 0.383 0.575 0.3885 0.58575
8 0.07525 0.25225 0.0975 0.248 0.099 0.26 0.07725 0.26325
