3 0.92275 0.2245 0.92975 0.24925 0.90625 0.25475 0.899 0.22975
3 0.543 0.85575 0.55825 0.85225 0.5615 0.86825 0.54575 0.87075
6 0.154 0.63225 0.18725 0.6265 0.19 0.64225 0.157 0.64825
6 0.5235 0.60275 0.554 0.5955 0.5575 0.6075 0.52625 0.61525
6 0.472 0.612 0.50025 0.60475 0.50425 0.6185 0.4775 0.62675
6 0.5205 0.85875 0.537 0.85725 0.543 0.88825 0.526 0.89025
3 0.2045 0.834 0.2205 0.8345 0.21725 0.85125 0.20325 0.85125
6 0.09975 0.65275 0.12775 0.64725 0.1295 0.66 0.1025 0.665
8 0.01325 0.0755 0.017 0.0725 0.02075 0.078 0.017 0.08
8 0.00625 0.0815 0.01025 0.078 0.0135 0.082 0.0105 0.085
8 0.0675 0.023 0.0705 0.019 0.0745 0.026 0.072 0.02875
