3 0.79475 0.79975 0.7805 0.80425 0.775 0.78975 0.7895 0.78425
3 0.48225 0.86625 0.49175 0.8805 0.4785 0.889 0.4685 0.87525
6 0.618 0.172 0.63425 0.158 0.64075 0.16625 0.624 0.17875
6 0.433 0.217 0.4455 0.22125 0.436 0.24 0.425 0.235
6 0.49675 0.96425 0.51775 0.95725 0.5205 0.96725 0.49925 0.973
8 0.01025 0.96275 0.014 0.96525 0.0045 0.97675 0.00075 0.97325
8 0.04425 0.919 0.05025 0.92125 0.045 0.9305 0.0395 0.92775
2 0.972 0.83675 0.977 0.83675 0.977 0.8425 0.972 0.8425
2 0.963 0.84025 0.969 0.84025 0.969 0.84525 0.963 0.84525
2 0.95725 0.8535 0.96225 0.8535 0.96225 0.858 0.95725 0.858
6 0.4455 0.862 0.46725 0.84175 0.4765 0.85025 0.45425 0.8725
