0 0.44675 0.326641 0.44475 0.322024 0.45375 0.320418 0.4555 0.324834
0 0.44225 0.336077 0.4305 0.339089 0.42625 0.330656 0.4385 0.327244
0 0.45975 0.414375 0.45575 0.426621 0.44275 0.42361 0.447 0.411162
0 0.4135 0.393094 0.41625 0.385465 0.4255 0.388275 0.42225 0.395704
0 0.409 0.403333 0.412 0.395704 0.42025 0.397912 0.41725 0.405943
0 0.38475 0.630596 0.38275 0.617547 0.395 0.617145 0.3965 0.629793
2 0.17625 0.440474 0.183 0.440474 0.183 0.446095 0.17625 0.446095
2 0.16875 0.441277 0.1755 0.441277 0.1755 0.446697 0.16875 0.446697
0 0.005 0.438466 0.00475 0.432443 0.01175 0.432443 0.012 0.438667
0 0.0305 0.436659 0.03025 0.430837 0.0375 0.430636 0.0375 0.436459
0 0.02975 0.423409 0.02925 0.417788 0.036 0.417587 0.0365 0.423208
0 0.0045 0.42622 0.00425 0.419193 0.011 0.419193 0.01125 0.42642
0 0.007 0.488858 0.00725 0.476611 0.0195 0.477013 0.0195 0.489058
12 0.0985 0.375427 0.108 0.375427 0.108 0.383056 0.0985 0.383056
3 0.06775 0.348926 0.08475 0.346918 0.08725 0.360972 0.071 0.36318
