8 0.499533 0.66025 0.508399 0.6595 0.506766 0.68525 0.498833 0.686
8 0.598693 0.60625 0.608493 0.6015 0.616426 0.62375 0.607326 0.6285
8 0.314512 0.29975 0.319645 0.3 0.315212 0.33525 0.310313 0.33425
0 0.430705 0.21925 0.421839 0.20925 0.430471 0.2 0.439104 0.20975
0 0.418339 0.2035 0.410873 0.19575 0.417872 0.187 0.425805 0.1945
0 0.409939 0.189 0.400607 0.178 0.409006 0.1685 0.418572 0.179
0 0.362809 0.16025 0.369809 0.1665 0.364209 0.1765 0.357443 0.1705
0 0.284181 0.056 0.291647 0.05925 0.289547 0.06875 0.282781 0.065
0 0.29328 0.057 0.30238 0.06075 0.298647 0.07075 0.288847 0.0655
0 0.30238 0.05575 0.309846 0.06125 0.305413 0.07 0.29608 0.065
0 0.390107 0.16425 0.39944 0.1565 0.408306 0.16875 0.39944 0.178
0 0.392441 0.19975 0.398507 0.2075 0.390574 0.21375 0.384741 0.2065
0 0.374708 0.19025 0.380075 0.18325 0.386374 0.19175 0.379608 0.199
8 0.386374 0.321 0.390574 0.32275 0.383808 0.34875 0.379608 0.348
1 0.141391 0.16375 0.14349 0.1625 0.147457 0.17125 0.145357 0.173
7 0.131358 0.16625 0.139291 0.16075 0.15119 0.185 0.140924 0.1905
