10 0.696822 0.218367 0.688264 0.20102 0.737164 0.188776 0.744499 0.207143
9 0.177262 0.515306 0.204156 0.512245 0.209046 0.569388 0.179707 0.570408
9 0.786064 0.386735 0.821516 0.382653 0.826406 0.493878 0.795844 0.496939
9 0.870416 0.497959 0.843521 0.502041 0.823961 0.392857 0.852078 0.389796
9 0.805623 0.372449 0.775061 0.377551 0.760391 0.291837 0.790954 0.286735
9 0.841076 0.369388 0.812958 0.370408 0.794621 0.263265 0.822738 0.259184
9 0.877751 0.363265 0.845966 0.367347 0.823961 0.262245 0.853301 0.258163
9 0.908313 0.345918 0.877751 0.345918 0.864303 0.238776 0.893643 0.235714
9 0.943765 0.333673 0.91198 0.336735 0.897311 0.228571 0.92665 0.22551
9 0.42176 0.482653 0.442543 0.466327 0.53912 0.540816 0.520782 0.561224
9 0.370416 0.488776 0.389976 0.473469 0.491443 0.546939 0.469438 0.565306
9 0.317848 0.497959 0.337408 0.477551 0.437653 0.55 0.418093 0.569388
9 0.272616 0.502041 0.294621 0.481633 0.388753 0.556122 0.370416 0.57551
9 0.218826 0.507143 0.244499 0.487755 0.339853 0.561224 0.319071 0.582653
9 0.211491 0.52551 0.238386 0.523469 0.246944 0.57551 0.218826 0.578571
9 0.408313 0.7 0.437653 0.694898 0.454768 0.781633 0.424205 0.786735
9 0.971883 0.641837 1.00122 0.636735 1.00244 0.754082 0.986553 0.75102
9 0.44621 0.710204 0.476773 0.706122 0.488998 0.810204 0.45599 0.812245
9 0.473105 0.690816 0.506112 0.690816 0.522005 0.80102 0.488998 0.804082
9 0.53423 0.7 0.566015 0.696939 0.581907 0.808163 0.546455 0.810204
9 0.562347 0.660204 0.595355 0.657143 0.603912 0.742857 0.57335 0.744898
9 0.596577 0.67449 0.625917 0.671429 0.638142 0.761224 0.610024 0.764286
9 0.628362 0.684694 0.660147 0.680612 0.669927 0.767347 0.639364 0.769388
9 0.688264 0.676531 0.723716 0.673469 0.733496 0.756122 0.701711 0.759184
9 0.720049 0.663265 0.753056 0.660204 0.767726 0.772449 0.737164 0.776531
9 0.753056 0.620408 0.782396 0.619388 0.793399 0.728571 0.762836 0.731633
9 0.845966 0.654082 0.878973 0.65 0.898533 0.767347 0.861858 0.773469
9 0.874083 0.630612 0.905868 0.627551 0.918093 0.711224 0.888753 0.714286
9 0.909535 0.646939 0.940098 0.642857 0.95599 0.752041 0.924205 0.756122
9 0.938875 0.634694 0.97066 0.630612 0.981663 0.702041 0.948655 0.704082
9 0.767726 0.0673469 0.744499 0.0795918 0.704156 0.027551 0.726161 0.0153061
