9 0.384034 0.757538 0.408403 0.755025 0.419328 0.790829 0.394118 0.795226
9 0.406723 0.755653 0.432773 0.751884 0.444538 0.787688 0.419328 0.792085
9 0.506723 0.660804 0.502521 0.646985 0.553782 0.635678 0.558824 0.651382
9 0.502521 0.642588 0.498319 0.627513 0.545378 0.61809 0.55042 0.633166
9 0.496639 0.623744 0.490756 0.608668 0.546218 0.598618 0.548739 0.614322
9 0.490756 0.605528 0.485714 0.59108 0.540336 0.582286 0.542857 0.596734
9 0.484034 0.588568 0.478992 0.572864 0.530252 0.563442 0.535294 0.578518
9 0.470588 0.551508 0.466387 0.535176 0.520168 0.526382 0.52437 0.541457
9 0.459664 0.515704 0.457143 0.501884 0.509244 0.492462 0.512605 0.506281
9 0.455462 0.499372 0.447899 0.484296 0.50084 0.473618 0.505882 0.488693
9 0.44958 0.479899 0.442857 0.46608 0.497479 0.454774 0.502521 0.469849
9 0.427731 0.423995 0.422689 0.410804 0.477311 0.400126 0.483193 0.414573
9 0.423529 0.407035 0.415966 0.39196 0.470588 0.380653 0.47563 0.396357
9 0.521849 0.351759 0.52605 0.366834 0.471429 0.376884 0.465546 0.361181
9 0.514286 0.332915 0.519328 0.346734 0.465546 0.357412 0.458824 0.341709
9 0.409244 0.370603 0.401681 0.355528 0.454622 0.341709 0.459664 0.35804
9 0.404202 0.351759 0.397479 0.336055 0.448739 0.323492 0.453782 0.340452
9 0.326891 0.395729 0.331933 0.410804 0.273109 0.421482 0.267227 0.407663
9 0.322689 0.376884 0.326891 0.39196 0.268908 0.403894 0.261345 0.389447
9 0.323529 0.354271 0.330252 0.370603 0.261345 0.38191 0.257143 0.366834
9 0.317647 0.338568 0.321849 0.352387 0.266387 0.361181 0.262185 0.347362
9 0.514286 0.680276 0.509244 0.665829 0.559664 0.655779 0.563866 0.66897
9 0.551261 0.442211 0.555462 0.457915 0.502521 0.467965 0.496639 0.454146
9 0.557983 0.46294 0.562185 0.476759 0.509244 0.488065 0.504202 0.474246
9 0.693277 0.698492 0.713445 0.694095 0.731933 0.731156 0.705882 0.735553
9 0.431092 0.749372 0.455462 0.744975 0.470588 0.783291 0.444538 0.787688
9 0.480672 0.739322 0.503361 0.734296 0.517647 0.773869 0.491597 0.778266
9 0.504202 0.736181 0.526891 0.731784 0.541176 0.768844 0.515126 0.773869
9 0.528571 0.731784 0.551261 0.725503 0.564706 0.763819 0.539496 0.768216
9 0.552941 0.725503 0.57479 0.721734 0.588235 0.758794 0.563025 0.765075
9 0.621849 0.714196 0.644538 0.709799 0.658824 0.746231 0.634454 0.751256
9 0.643697 0.707915 0.668067 0.702889 0.681513 0.740578 0.657143 0.746231
9 0.670588 0.704146 0.692437 0.698492 0.706723 0.735553 0.682353 0.73995
9 0.738655 0.68907 0.757143 0.68593 0.768908 0.722362 0.75042 0.725503
9 0.562185 0.482412 0.567227 0.497487 0.515126 0.506281 0.510084 0.492462
9 0.762185 0.683417 0.779832 0.680276 0.793277 0.715452 0.77395 0.719221
9 0.612605 0.626256 0.617647 0.643216 0.563025 0.652638 0.556303 0.636935
9 0.606723 0.60804 0.612605 0.624372 0.552941 0.63505 0.545378 0.619347
9 0.59916 0.58794 0.604202 0.602387 0.55042 0.613065 0.544538 0.59799
9 0.588235 0.552764 0.592437 0.567839 0.539496 0.577889 0.533613 0.562186
9 0.578151 0.535176 0.580672 0.550251 0.532773 0.560302 0.52605 0.544598
9 0.57563 0.516332 0.580672 0.531407 0.528571 0.542085 0.522689 0.52701
9 0.571429 0.498744 0.57563 0.513191 0.523529 0.524497 0.517647 0.51005
9 0.288235 0.287688 0.293277 0.302136 0.240336 0.31093 0.235294 0.296482
