13 0.650191 0.699411 0.792092 0.635582 0.934311 0.793798 0.79273 0.857854
10 0.375 0.314848 0.36926 0.31349 0.372449 0.306247 0.378189 0.307605
10 0.345663 0.216614 0.348533 0.219556 0.339286 0.22431 0.336416 0.221593
10 0.319834 0.236985 0.316327 0.234722 0.322385 0.228384 0.326531 0.230421
10 0.34949 0.284971 0.344388 0.283612 0.347577 0.277048 0.352041 0.27818
10 0.341837 0.274785 0.34662 0.275917 0.342793 0.283839 0.33801 0.282707
10 0.365434 0.291535 0.360332 0.28995 0.364796 0.283386 0.369898 0.285197
10 0.414222 0.278407 0.412309 0.281575 0.401786 0.278859 0.403699 0.275464
10 0.413584 0.294251 0.418048 0.295383 0.414541 0.30172 0.410077 0.300589
10 0.404337 0.323223 0.398597 0.321865 0.402105 0.314396 0.407526 0.315527
10 0.44611 0.331824 0.444196 0.33522 0.433355 0.331598 0.435268 0.328429
10 0.350446 0.311453 0.355548 0.312585 0.351722 0.321186 0.345982 0.320054
10 0.391901 0.320281 0.38648 0.31847 0.391263 0.310774 0.396365 0.312359
10 0.427615 0.340426 0.429847 0.336125 0.442283 0.339067 0.439732 0.343594
10 0.333227 0.329108 0.338329 0.330693 0.333546 0.339067 0.328444 0.337709
10 0.364477 0.345405 0.360013 0.344273 0.362883 0.337483 0.367347 0.338615
10 0.375 0.349479 0.370536 0.348121 0.374043 0.341105 0.378189 0.342236
10 0.393176 0.35378 0.388393 0.351969 0.392857 0.344952 0.397321 0.346311
10 0.400191 0.354685 0.395089 0.352875 0.399554 0.345405 0.404656 0.347216
10 0.405612 0.357175 0.40051 0.355591 0.404656 0.348348 0.409439 0.349706
10 0.353635 0.277954 0.358418 0.279086 0.354911 0.286781 0.350128 0.28565
10 0.511161 0.311679 0.507653 0.314396 0.498724 0.308511 0.501913 0.306021
10 0.367347 0.423721 0.371492 0.425758 0.365753 0.432775 0.361607 0.430964
10 0.360013 0.433454 0.364158 0.435038 0.357781 0.442961 0.353954 0.440923
10 0.429528 0.334993 0.431441 0.331372 0.441964 0.334767 0.44037 0.338388
10 0.380421 0.341557 0.385204 0.343142 0.381696 0.350837 0.376594 0.349479
10 0.419005 0.422363 0.422832 0.4201 0.431441 0.426211 0.427615 0.428701
10 0.320472 0.236985 0.316327 0.234495 0.322385 0.22861 0.326212 0.230421
10 0.12787 0.0459484 0.122768 0.0445903 0.125638 0.0377999 0.13074 0.0387053
10 0.100128 0.0414215 0.103635 0.039158 0.112245 0.0448167 0.109056 0.0475328
10 0.0880102 0.0547759 0.0908801 0.0516071 0.0998087 0.0563603 0.0969388 0.0597555
10 0.0727041 0.215482 0.0695153 0.218198 0.059949 0.21254 0.0631378 0.209597
10 0.0628189 0.201675 0.0593112 0.199411 0.0663265 0.193526 0.0698342 0.195564
10 0.0727041 0.174966 0.0698342 0.177909 0.0625 0.173608 0.0653699 0.170892
10 0.213967 0.198959 0.215561 0.201901 0.205676 0.204617 0.204082 0.201675
10 0.21301 0.203938 0.214286 0.207107 0.204719 0.209597 0.203125 0.206428
10 0.345982 0.216614 0.348214 0.219556 0.339286 0.22431 0.336735 0.221593
10 0.328444 0.230647 0.325574 0.227478 0.333865 0.223178 0.336416 0.22612
10 0.316327 0.23789 0.32111 0.240154 0.314732 0.247397 0.309949 0.244681
10 0.357781 0.344952 0.352997 0.343594 0.356505 0.336351 0.361288 0.337483
4 0.50574 0.447261 0.555804 0.420326 0.57398 0.436849 0.524235 0.46469
10 0.333865 0.223404 0.336416 0.22612 0.328444 0.230647 0.325893 0.227478
10 0.316964 0.237211 0.321429 0.239475 0.314413 0.246944 0.309949 0.244907
10 0.389987 0.296062 0.385204 0.294251 0.389668 0.287008 0.394452 0.288592
10 0.396046 0.297646 0.392219 0.296062 0.396046 0.289498 0.400191 0.291082
10 0.406888 0.29244 0.411352 0.293345 0.408801 0.299909 0.404018 0.298551
10 0.414541 0.282481 0.412946 0.286102 0.401786 0.283386 0.403061 0.279538
10 0.387436 0.329561 0.382015 0.327524 0.385842 0.319602 0.391263 0.321186
10 0.368941 0.323902 0.364158 0.322544 0.367985 0.315301 0.372768 0.316885
10 0.327168 0.337483 0.322066 0.335899 0.325893 0.328429 0.330676 0.329787
10 0.407526 0.441376 0.403699 0.44364 0.395408 0.436849 0.399235 0.434359
10 0.439732 0.394522 0.44324 0.397012 0.43463 0.402897 0.431122 0.400181
4 0.864796 0.764373 0.889031 0.752377 0.923469 0.791987 0.898916 0.802852
13 0.487245 0.773201 0.631059 0.707786 0.773916 0.866682 0.63074 0.932549
10 0.383929 0.456315 0.380421 0.458805 0.372449 0.452241 0.376276 0.449977
10 0.374043 0.462653 0.370217 0.46469 0.363202 0.458805 0.366709 0.456768
10 0.369579 0.466274 0.365753 0.468538 0.359375 0.4622 0.36352 0.459937
10 0.346939 0.479855 0.34375 0.477365 0.351084 0.471933 0.354592 0.474423
10 0.416773 0.435038 0.412628 0.437981 0.405293 0.431417 0.40912 0.429153
4 0.567921 0.621548 0.618941 0.594839 0.636798 0.611589 0.586097 0.638751
4 0.646684 0.580353 0.696747 0.553191 0.714605 0.570167 0.66486 0.597329
4 0.621811 0.556813 0.672513 0.529425 0.690051 0.546401 0.639987 0.574015
4 0.597577 0.533952 0.648278 0.506564 0.666135 0.523993 0.616071 0.551154
6 0.0153061 0.760525 0.391263 0.525351 0.55676 0.670892 0.185587 0.909914
4 0.765944 0.654595 0.790816 0.642825 0.825255 0.680851 0.799745 0.692621
10 0.407207 0.441376 0.403699 0.443866 0.395089 0.436849 0.399235 0.434359
4 0.730867 0.670439 0.756378 0.658895 0.790816 0.696469 0.765306 0.708692
4 0.696429 0.685831 0.721939 0.673608 0.756059 0.71254 0.730548 0.724083
4 0.661352 0.70077 0.688138 0.689679 0.720982 0.727705 0.696429 0.739022
4 0.711735 0.756677 0.737245 0.744455 0.770727 0.782933 0.745536 0.794703
4 0.745536 0.740607 0.771046 0.729063 0.805485 0.767316 0.779974 0.779312
4 0.780612 0.724536 0.806441 0.712992 0.840561 0.751698 0.814094 0.763694
4 0.815689 0.708918 0.841518 0.697827 0.875 0.735627 0.849171 0.747171
4 0.760204 0.811453 0.785077 0.799683 0.819196 0.837483 0.794324 0.849932
4 0.794643 0.795383 0.820472 0.784065 0.854273 0.822318 0.829401 0.833861
4 0.829719 0.779991 0.854911 0.767995 0.889031 0.805794 0.863839 0.818244
10 0.402423 0.44364 0.398916 0.446129 0.391901 0.440697 0.395727 0.43866
10 0.398597 0.447488 0.394452 0.450204 0.385842 0.443187 0.389668 0.440923
10 0.434949 0.390222 0.438776 0.392938 0.430166 0.398597 0.426658 0.395654
10 0.423788 0.395654 0.420281 0.392033 0.431122 0.3866 0.434949 0.389769
10 0.401786 0.390448 0.405931 0.393164 0.398597 0.39837 0.39477 0.395654
10 0.444834 0.417836 0.441008 0.4201 0.432717 0.413309 0.436543 0.411046
10 0.439732 0.419873 0.436543 0.422363 0.429528 0.417157 0.432717 0.414667
10 0.435587 0.423495 0.43176 0.425758 0.423151 0.419421 0.426977 0.416931
10 0.426339 0.42938 0.422513 0.43187 0.414541 0.425306 0.418048 0.423042
10 0.416773 0.435265 0.412946 0.438207 0.405293 0.431643 0.408801 0.428927
13 0.593112 0.391806 0.730867 0.312132 0.901786 0.456089 0.767857 0.533499
10 0.123406 0.52354 0.120855 0.527388 0.109375 0.522635 0.112245 0.519239
10 0.13648 0.54957 0.136798 0.545948 0.148597 0.546401 0.148278 0.550023
4 0.544005 0.598914 0.594388 0.571752 0.612564 0.588728 0.5625 0.616342
10 0.337372 0.486419 0.333227 0.48325 0.341518 0.477592 0.345663 0.480308
4 0.519452 0.576279 0.569515 0.548438 0.58801 0.566093 0.537628 0.593029
4 0.475765 0.535084 0.526786 0.508148 0.545281 0.524898 0.494898 0.552512
4 0.451849 0.511996 0.502232 0.485061 0.51977 0.502263 0.469707 0.529425
4 0.427615 0.489362 0.477679 0.461974 0.495536 0.478723 0.445472 0.506111
4 0.554847 0.493662 0.60523 0.466501 0.623406 0.48325 0.573023 0.510412
4 0.530612 0.470122 0.581314 0.443413 0.598533 0.460163 0.548788 0.487098
10 0.359694 0.433454 0.364796 0.435038 0.358418 0.442961 0.353954 0.441376
10 0.375638 0.448846 0.379464 0.446356 0.387117 0.452241 0.383929 0.454731
10 0.349171 0.468311 0.35236 0.465369 0.360651 0.470801 0.357781 0.47397
10 0.0851403 0.0126754 0.0896046 0.0144862 0.0841837 0.0210502 0.0797194 0.0190131
