10 0.0890891 0.355417 0.0990991 0.366329 0.0680681 0.379579 0.0600601 0.369447
9 0.693694 0.548714 0.718719 0.54014 0.765766 0.600156 0.737738 0.611847
9 0.726727 0.672642 0.740741 0.692128 0.680681 0.722525 0.663664 0.70226
9 0.743744 0.692128 0.760761 0.712393 0.695696 0.74279 0.67968 0.723305
9 0.760761 0.712393 0.774775 0.731878 0.712713 0.763835 0.695696 0.74357
9 0.601602 0.494154 0.617618 0.51364 0.537538 0.547935 0.520521 0.52767
9 0.604605 0.493375 0.632633 0.481684 0.675676 0.538581 0.645646 0.551052
9 0.641642 0.491037 0.668669 0.480125 0.715716 0.534684 0.687688 0.547155
9 0.653654 0.462198 0.681682 0.451286 0.730731 0.508184 0.6997 0.522214
9 0.597598 0.574435 0.61962 0.561964 0.664665 0.613406 0.638639 0.625877
9 0.616617 0.563523 0.647648 0.549493 0.694695 0.607171 0.667668 0.619641
9 0.650651 0.554949 0.678679 0.543258 0.725726 0.598597 0.697698 0.613406
9 0.715716 0.536243 0.742743 0.526111 0.791792 0.583009 0.75976 0.595479
9 0.6997 0.631333 0.71972 0.652377 0.651652 0.680436 0.636637 0.664069
9 0.697698 0.612627 0.728729 0.600156 0.76977 0.66173 0.738739 0.674201
9 0.741742 0.618083 0.770771 0.605612 0.816817 0.664848 0.78979 0.676539
9 0.762763 0.597038 0.791792 0.583788 0.838839 0.642245 0.808809 0.654716
9 0.743744 0.676539 0.772773 0.664848 0.820821 0.723305 0.792793 0.737334
9 0.808809 0.656274 0.837838 0.645362 0.881882 0.699143 0.851852 0.712393
9 0.790791 0.678098 0.815816 0.667186 0.862863 0.726422 0.832833 0.738114
9 0.777778 0.732658 0.792793 0.750585 0.728729 0.7841 0.710711 0.763055
9 0.791792 0.755261 0.805806 0.771629 0.744745 0.804365 0.728729 0.785659
9 0.791792 0.741231 0.81982 0.72954 0.866867 0.78332 0.838839 0.799688
9 0.852853 0.741231 0.868869 0.731099 0.904905 0.771629 0.886887 0.782541
9 0.712713 0.653936 0.727728 0.673422 0.663664 0.704599 0.648649 0.684334
9 0.684685 0.609509 0.700701 0.626656 0.635636 0.66173 0.61962 0.640686
10 0.331331 0.25643 0.345345 0.248636 0.364364 0.272019 0.349349 0.278254
9 0.339339 0.517537 0.354354 0.537023 0.277277 0.572876 0.261261 0.55417
10 0.295295 0.306313 0.278278 0.312549 0.26026 0.287607 0.275275 0.279813
10 0.225225 0.303196 0.24024 0.295401 0.259259 0.321122 0.243243 0.328917
10 0.174174 0.325799 0.19019 0.318005 0.211211 0.343726 0.195195 0.352299
9 0.185185 0.626656 0.197197 0.645362 0.121121 0.679657 0.106106 0.660951
9 0.179179 0.598597 0.192192 0.617303 0.114114 0.653936 0.0990991 0.63523
9 0.17017 0.565861 0.189189 0.584567 0.114114 0.628995 0.0960961 0.609509
9 0.287287 0.609509 0.301301 0.629774 0.223223 0.666407 0.208208 0.646921
9 0.267267 0.590803 0.279279 0.60795 0.205205 0.643804 0.191191 0.623539
9 0.257257 0.558846 0.272272 0.577553 0.196196 0.614186 0.179179 0.595479
9 0.245245 0.531567 0.259259 0.550273 0.191191 0.583009 0.175175 0.564302
9 0.325325 0.491037 0.34034 0.511302 0.262262 0.548714 0.246246 0.530787
9 0.627628 0.379579 0.674675 0.437256 0.644645 0.450507 0.598599 0.39205
9 0.423423 0.516758 0.436436 0.536243 0.359359 0.571317 0.345345 0.554949
9 0.418418 0.479345 0.434434 0.49961 0.359359 0.534684 0.341341 0.515199
9 0.403403 0.452845 0.417417 0.470772 0.341341 0.508963 0.327327 0.491037
9 0.500501 0.442712 0.515516 0.462198 0.439439 0.498051 0.424424 0.477786
9 0.506507 0.473889 0.51952 0.492595 0.44044 0.530008 0.425425 0.510522
9 0.489489 0.413874 0.504505 0.433359 0.427427 0.471551 0.41041 0.452065
9 0.52953 0.493375 0.543544 0.51364 0.466466 0.546376 0.451451 0.52767
9 0.511512 0.440374 0.540541 0.4318 0.574575 0.498051 0.546547 0.506625
9 0.557558 0.429462 0.583584 0.420109 0.62963 0.475448 0.5996 0.487919
9 0.630631 0.430242 0.610611 0.44583 0.543544 0.395947 0.565566 0.377241
9 0.857858 0.717849 0.883884 0.706937 0.930931 0.761496 0.903904 0.775526
