9 0.684407 0.975062 0.691325 0.985037 0.662054 1.0005 0.654604 0.99202
9 0.851517 0.318204 0.842469 0.312219 0.856839 0.292269 0.865886 0.298254
10 0.813199 0.326185 0.803619 0.33217 0.787121 0.307232 0.796168 0.302743
10 0.813731 0.350623 0.802555 0.357107 0.787121 0.332668 0.798297 0.327182
10 0.830761 0.375561 0.820649 0.382544 0.803087 0.357606 0.814263 0.35212
10 0.847259 0.377556 0.836615 0.383541 0.82331 0.362095 0.834486 0.356608
10 0.831825 0.354115 0.822246 0.359102 0.805216 0.337157 0.816392 0.331172
10 0.838212 0.341147 0.8281 0.346633 0.813731 0.326185 0.824907 0.320698
10 0.7967 0.324688 0.787653 0.330175 0.773284 0.309726 0.78446 0.304239
10 0.880788 0.358105 0.87174 0.351621 0.888238 0.33217 0.896221 0.338155
10 0.871208 0.349127 0.863757 0.342145 0.880255 0.324688 0.888238 0.330175
9 0.865886 0.338155 0.856307 0.332668 0.869079 0.314713 0.878127 0.319701
9 0.860564 0.325187 0.852581 0.319202 0.865354 0.302743 0.874401 0.308229
10 0.844598 0.307232 0.836615 0.302743 0.847791 0.284289 0.857371 0.289277
10 0.985631 0.430424 0.988292 0.4399 0.963811 0.444888 0.96115 0.43591
10 0.835551 0.301247 0.825971 0.295761 0.837147 0.275312 0.848324 0.280299
10 0.916445 0.326683 0.916445 0.33616 0.894093 0.337157 0.89356 0.328678
9 0.907398 0.315711 0.907398 0.325187 0.88132 0.326683 0.880788 0.317207
9 0.903672 0.305237 0.904204 0.313716 0.87653 0.314713 0.875998 0.305736
9 0.890367 0.283791 0.889835 0.293766 0.85471 0.289277 0.855774 0.280798
9 0.87653 0.268828 0.877062 0.278803 0.840873 0.277805 0.841405 0.268828
9 0.830761 0.287282 0.820117 0.284788 0.826503 0.257855 0.839808 0.260349
9 0.820117 0.272319 0.80628 0.271322 0.808409 0.240898 0.822778 0.241895
9 0.863757 0.242893 0.863757 0.252369 0.826503 0.251372 0.8281 0.242394
9 0.913252 0.301247 0.903672 0.305237 0.885577 0.278304 0.896221 0.273317
9 0.926557 0.297756 0.916445 0.303242 0.899415 0.276309 0.909526 0.270324
10 0.97818 0.41995 0.980841 0.428429 0.955828 0.432918 0.954231 0.424938
10 0.990953 0.441397 0.993081 0.450374 0.970197 0.455362 0.968068 0.446384
9 0.886642 0.234414 0.875998 0.240399 0.861096 0.216958 0.87174 0.211471
9 0.252794 0.674314 0.267163 0.665835 0.296434 0.710224 0.282065 0.717706
9 0.411921 0.79202 0.419904 0.806484 0.349654 0.848379 0.340075 0.835411
9 0.402342 0.78005 0.410325 0.794015 0.33901 0.83591 0.329431 0.822943
9 0.391166 0.765586 0.399681 0.782045 0.318787 0.828928 0.310804 0.815461
9 0.356573 0.761596 0.364023 0.774065 0.317722 0.799501 0.309739 0.788529
9 0.159127 0.726185 0.17669 0.717207 0.205428 0.76409 0.189462 0.772569
9 0.176158 0.721197 0.192123 0.713217 0.217137 0.75611 0.202767 0.763092
9 0.191059 0.716708 0.204364 0.711222 0.227781 0.749127 0.215008 0.756608
9 0.200639 0.708728 0.216072 0.700748 0.24215 0.74414 0.226716 0.751621
9 0.211815 0.698254 0.227249 0.689277 0.255987 0.735162 0.242682 0.743142
9 0.226184 0.692269 0.241086 0.683292 0.267163 0.724688 0.254923 0.734165
9 0.238425 0.683292 0.255987 0.674813 0.282597 0.717706 0.266631 0.725187
9 0.265035 0.666334 0.279936 0.659352 0.305482 0.699751 0.293773 0.708229
9 0.266631 0.585037 0.254923 0.595012 0.227781 0.561596 0.24215 0.551621
9 0.27834 0.659352 0.293241 0.65187 0.321448 0.693267 0.305482 0.700249
9 0.29058 0.649377 0.308143 0.6399 0.335285 0.683791 0.319319 0.691272
9 0.304949 0.641397 0.324641 0.630923 0.350718 0.672818 0.333156 0.681297
9 0.323576 0.629925 0.340075 0.621446 0.368281 0.661347 0.352847 0.67182
9 0.136775 0.666833 0.125067 0.67581 0.0952634 0.636409 0.110165 0.626434
9 0.153805 0.664339 0.13571 0.67182 0.110697 0.62793 0.127195 0.61995
9 0.163917 0.657357 0.152209 0.663342 0.127195 0.620449 0.1405 0.613466
9 0.178286 0.652369 0.164981 0.659352 0.141032 0.613466 0.153273 0.606983
9 0.19372 0.64788 0.178819 0.653865 0.152741 0.605985 0.168175 0.599002
9 0.205428 0.637406 0.189995 0.644389 0.172432 0.604489 0.184673 0.598005
9 0.222991 0.625935 0.207557 0.633416 0.180415 0.583541 0.194784 0.577556
9 0.90793 0.266833 0.898882 0.273317 0.880788 0.24788 0.891964 0.242394
10 0.891432 0.233416 0.882384 0.225935 0.904737 0.202993 0.913252 0.210474
9 0.47206 0.718204 0.459819 0.723192 0.427887 0.6798 0.442257 0.670823
9 0.635444 0.419451 0.620543 0.426434 0.600319 0.394015 0.614689 0.386534
9 0.741352 0.353117 0.724854 0.360599 0.701969 0.315212 0.721128 0.308229
9 0.725386 0.35611 0.710484 0.366584 0.685471 0.321197 0.701437 0.313716
9 0.706759 0.355112 0.691857 0.363591 0.665247 0.319701 0.682278 0.311721
9 0.692922 0.368579 0.674827 0.38005 0.644492 0.333666 0.662586 0.32419
9 0.649282 0.463342 0.666312 0.454863 0.681746 0.484289 0.668973 0.491771
9 0.638105 0.470324 0.652475 0.462843 0.668973 0.492269 0.655136 0.498254
9 0.626929 0.473815 0.640234 0.467332 0.654604 0.496259 0.642895 0.501746
9 0.616285 0.480798 0.630122 0.474813 0.645024 0.502743 0.632251 0.508229
9 0.605109 0.488279 0.618414 0.481297 0.634912 0.509227 0.623204 0.516708
9 0.578499 0.497257 0.59074 0.489776 0.607238 0.511222 0.594465 0.519202
9 0.633316 0.413466 0.646088 0.405985 0.663119 0.430923 0.649282 0.439401
9 0.622672 0.42793 0.608834 0.434913 0.586482 0.400499 0.599255 0.393017
9 0.803619 0.288279 0.792443 0.295262 0.772219 0.267332 0.787121 0.260848
9 0.615221 0.385037 0.602448 0.391022 0.580096 0.357606 0.59553 0.351122
9 0.602448 0.392519 0.589675 0.399002 0.567855 0.36808 0.582757 0.3601
9 0.591804 0.398005 0.577967 0.407481 0.553486 0.374065 0.566259 0.365087
9 0.578499 0.407481 0.564662 0.414963 0.544971 0.383042 0.556679 0.377556
9 0.566791 0.414963 0.553486 0.422943 0.529537 0.39202 0.543906 0.383042
9 0.553486 0.421945 0.541245 0.430923 0.514103 0.395511 0.527408 0.387531
9 0.540713 0.429925 0.526876 0.437905 0.500798 0.403491 0.515168 0.394514
9 0.531666 0.441895 0.519425 0.451372 0.49867 0.422943 0.511442 0.415461
9 0.835019 0.310224 0.824375 0.315711 0.802022 0.287282 0.815327 0.2798
9 0.822778 0.316708 0.811602 0.324688 0.790846 0.295761 0.804151 0.287781
10 0.908994 0.256359 0.901011 0.250873 0.915381 0.233915 0.923363 0.2399
10 0.951038 0.228928 0.954231 0.237905 0.930814 0.244888 0.928153 0.23591
10 0.913784 0.26783 0.906865 0.262344 0.918574 0.247382 0.926024 0.252369
10 0.919638 0.2798 0.911123 0.273815 0.923896 0.255362 0.933475 0.261845
10 0.929218 0.287781 0.919638 0.280798 0.932411 0.26384 0.94199 0.269327
10 0.940926 0.319701 0.92975 0.326185 0.916977 0.304738 0.927621 0.299252
10 0.938797 0.307232 0.930282 0.299751 0.944651 0.283292 0.953699 0.289776
10 0.945716 0.315212 0.938797 0.310224 0.949973 0.295262 0.958489 0.299751
10 0.980841 0.287282 0.981905 0.296259 0.957424 0.300249 0.95636 0.291272
10 0.976583 0.276309 0.97818 0.284289 0.954231 0.289776 0.952634 0.280299
10 0.972326 0.265337 0.973922 0.273815 0.95157 0.278304 0.949973 0.270324
10 0.964343 0.252868 0.965939 0.261845 0.940926 0.267332 0.938265 0.258853
10 0.957424 0.241895 0.959021 0.250374 0.933475 0.256858 0.930814 0.247382
10 0.945184 0.218953 0.948909 0.227431 0.92496 0.235411 0.920703 0.226933
9 0.858435 0.34414 0.847259 0.349626 0.829164 0.320698 0.839808 0.314214
10 0.938797 0.209476 0.94199 0.217456 0.921767 0.22394 0.917509 0.215461
10 0.934007 0.200499 0.935604 0.208978 0.914316 0.213965 0.912187 0.204988
10 0.929218 0.191521 0.930282 0.2 0.909526 0.203491 0.90793 0.195511
9 0.852049 0.225436 0.854178 0.238903 0.816924 0.240898 0.814263 0.228928
9 0.785524 0.382045 0.794039 0.397007 0.747206 0.422444 0.737626 0.40798
9 0.786056 0.304239 0.772751 0.312219 0.755189 0.284289 0.767429 0.277307
9 0.87174 0.253865 0.872805 0.265835 0.841405 0.264339 0.841937 0.253367
9 0.872805 0.236908 0.861629 0.241895 0.847259 0.215461 0.858435 0.209975
9 0.883981 0.222444 0.875466 0.214963 0.896221 0.191521 0.905269 0.2
9 0.900479 0.250873 0.889835 0.243392 0.910059 0.21596 0.922299 0.225436
9 0.89356 0.270324 0.882916 0.275312 0.86429 0.247382 0.877062 0.2399
9 0.442789 0.673317 0.456626 0.666833 0.485365 0.710224 0.470995 0.716708
9 0.459819 0.721696 0.44545 0.729177 0.415114 0.686284 0.427355 0.678803
9 0.774348 0.946135 0.780202 0.957107 0.756786 0.972569 0.74827 0.963092
10 0.70942 0.909227 0.698776 0.905736 0.70942 0.883791 0.718467 0.885786
10 0.787121 0.7202 0.778073 0.726185 0.765301 0.709726 0.775412 0.704239
10 0.773816 0.726683 0.764236 0.73217 0.751464 0.712718 0.759447 0.707232
10 0.752528 0.746633 0.757318 0.752618 0.738691 0.763591 0.733369 0.756608
10 0.864822 0.629426 0.87174 0.638903 0.84513 0.653367 0.838744 0.64389
10 0.903672 0.641895 0.899415 0.633915 0.918574 0.623441 0.922299 0.632419
10 0.927621 0.638404 0.931346 0.647382 0.914316 0.654863 0.909526 0.646883
10 0.933475 0.64788 0.938265 0.65586 0.919106 0.665835 0.914316 0.657855
10 0.953699 0.677307 0.958489 0.683791 0.940394 0.693766 0.937201 0.686783
10 0.960085 0.683791 0.964875 0.691771 0.94678 0.701746 0.941458 0.694264
10 0.769026 0.935162 0.774348 0.942145 0.755721 0.953117 0.751464 0.945636
10 0.755189 0.931671 0.758382 0.938653 0.738691 0.946633 0.73603 0.939152
10 0.698776 0.898254 0.689729 0.894264 0.700905 0.87581 0.710484 0.8798
10 0.974454 0.743142 0.969665 0.73616 0.985631 0.726185 0.990953 0.734165
10 0.548696 0.817456 0.543906 0.810973 0.559872 0.801496 0.56413 0.807481
10 0.541778 0.797506 0.535923 0.789526 0.555082 0.778554 0.55934 0.785536
10 0.517829 0.771571 0.513039 0.76409 0.530601 0.755112 0.534859 0.762594
10 0.551889 0.626933 0.556147 0.633416 0.538052 0.644389 0.533262 0.637406
10 0.536456 0.631421 0.531666 0.624938 0.5471 0.614963 0.552422 0.621446
9 0.816924 0.743142 0.810538 0.730673 0.847259 0.713217 0.85471 0.727681
9 0.733369 0.759102 0.722725 0.765586 0.706759 0.743641 0.719532 0.736658
9 0.577967 0.5202 0.591272 0.513716 0.604577 0.536658 0.592869 0.543142
9 0.55934 0.520698 0.571581 0.513716 0.591804 0.542145 0.579564 0.54813
9 0.676956 0.502743 0.690261 0.495761 0.706759 0.519202 0.693986 0.526683
10 0.898882 0.551122 0.903672 0.558603 0.887174 0.567581 0.882916 0.561097
10 0.97818 0.75611 0.972326 0.74813 0.992017 0.737157 0.996807 0.745137
9 0.647685 0.507731 0.662054 0.501247 0.679617 0.530673 0.668441 0.538155
10 0.122406 0.969077 0.12826 0.977556 0.108036 0.988529 0.102182 0.979551
10 0.0840873 0.946135 0.094199 0.942145 0.104843 0.961596 0.0947312 0.966584
10 0.130389 0.977556 0.125067 0.968579 0.144226 0.957606 0.150612 0.967581
10 0.0287387 0.948628 0.0383183 0.943142 0.04843 0.962594 0.0393827 0.967581
10 0.0180947 0.955611 0.0276743 0.950623 0.0383183 0.969077 0.0276743 0.974564
10 0.0494944 0.963591 0.0606706 0.958105 0.0697179 0.975561 0.059074 0.98005
10 0.0824907 0.971571 0.0723789 0.975561 0.0622672 0.958105 0.0707823 0.953616
10 0.0675891 0.978554 0.0729111 0.988529 0.0532198 0.999501 0.0468334 0.990025
10 0.111229 0.960599 0.116551 0.968579 0.0973922 0.977556 0.0931346 0.969576
10 0.099521 0.977556 0.104843 0.987531 0.0856839 0.996509 0.0803619 0.987531
10 0.130389 0.978554 0.136243 0.987032 0.115487 0.999002 0.109633 0.990025
10 0.0745077 0.989526 0.0702501 0.981047 0.0899415 0.970574 0.0952634 0.979052
10 0.0718467 0.952618 0.0808941 0.947631 0.0904737 0.964589 0.0814263 0.970075
10 0.555615 0.790524 0.560937 0.798504 0.543374 0.80798 0.538584 0.800998
10 0.0377861 0.970574 0.0468334 0.965586 0.0580096 0.983541 0.0489622 0.988529
10 0.0276743 0.975561 0.0367217 0.970574 0.0478978 0.988529 0.0383183 0.994015
10 0.0164981 0.98005 0.0260777 0.974564 0.0367217 0.994514 0.0282065 0.999501
10 0.00691857 0.961596 0.0149015 0.956608 0.0260777 0.973566 0.0164981 0.979551
10 0.58116 0.569576 0.575306 0.5601 0.603513 0.543641 0.609367 0.553117
10 0.924428 0.56808 0.931346 0.577556 0.911655 0.590524 0.904737 0.581546
10 0.879191 0.644888 0.874933 0.638404 0.890899 0.629426 0.896221 0.636409
10 0.85471 0.648379 0.861096 0.656359 0.843534 0.668828 0.836083 0.660349
10 0.792975 0.708229 0.788185 0.700249 0.802555 0.691272 0.809473 0.698753
10 0.680149 0.724688 0.688132 0.719202 0.698244 0.733167 0.690261 0.738653
10 0.573709 0.776559 0.580096 0.786534 0.560937 0.796509 0.556147 0.788529
9 0.660458 0.503741 0.676424 0.497257 0.692922 0.525686 0.679617 0.533666
9 0.635977 0.512219 0.650878 0.505736 0.66578 0.534663 0.655136 0.541147
9 0.443853 0.722693 0.433209 0.727681 0.411921 0.699751 0.423097 0.692768
10 0.470463 0.579551 0.481107 0.574564 0.492283 0.594015 0.481107 0.599501
10 0.0947312 0.916209 0.10644 0.909726 0.116551 0.928678 0.104843 0.934165
10 0.0612028 0.915212 0.0659925 0.924688 0.0468334 0.935162 0.0420436 0.926185
10 0.00638638 0.960599 0.0159659 0.95611 0.0260777 0.974065 0.0164981 0.979551
10 0.0851517 0.946135 0.0947312 0.942145 0.103779 0.961097 0.0936668 0.965586
10 0.0718467 0.951621 0.0803619 0.947132 0.0904737 0.96409 0.0808941 0.969077
10 0.0957956 0.942643 0.104843 0.937656 0.116551 0.957606 0.106972 0.962594
10 0.106972 0.939152 0.116019 0.934165 0.126663 0.951621 0.117616 0.957107
10 0.117616 0.933167 0.127195 0.92818 0.137839 0.944638 0.12826 0.950623
10 0.40926 0.901746 0.415114 0.911222 0.386908 0.925686 0.381586 0.916209
10 0.517829 0.771571 0.513571 0.763092 0.530601 0.755112 0.535391 0.762594
10 0.493348 0.669825 0.498137 0.677805 0.482704 0.687282 0.477914 0.6798
10 0.501863 0.597007 0.51091 0.59601 0.512507 0.614963 0.502927 0.61596
10 0.0936668 0.913716 0.0894093 0.904738 0.110697 0.894763 0.115487 0.904239
10 0.322512 0.582045 0.325705 0.590025 0.304417 0.597506 0.301224 0.590025
10 0.509846 0.686284 0.5157 0.694763 0.486961 0.706733 0.482704 0.697257
10 0.483236 0.574564 0.490687 0.569077 0.502927 0.584539 0.494412 0.591022
10 0.349654 0.542643 0.359234 0.539152 0.368813 0.557606 0.358701 0.562594
10 0.379989 0.527182 0.390633 0.521696 0.401809 0.540648 0.391166 0.546633
9 0.428419 0.604489 0.439596 0.597007 0.454497 0.620449 0.442789 0.626933
9 0.517296 0.519202 0.535391 0.509726 0.564662 0.554115 0.548696 0.563591
9 0.550825 0.560599 0.536456 0.570574 0.505588 0.527681 0.521022 0.518204
9 0.535923 0.57207 0.522086 0.580549 0.496009 0.549127 0.511442 0.539152
9 0.417243 0.705736 0.425758 0.721197 0.360298 0.758603 0.352847 0.746633
9 0.428419 0.718204 0.437467 0.73217 0.367217 0.772569 0.35604 0.759601
10 0.0691857 0.920698 0.064396 0.912219 0.0851517 0.902244 0.0899415 0.910723
10 0.0878127 0.902743 0.0835551 0.893766 0.104843 0.883791 0.109633 0.892269
9 0.627461 0.520698 0.639702 0.513716 0.658861 0.543142 0.645024 0.549626
9 0.61735 0.527182 0.631719 0.521197 0.646621 0.551122 0.633848 0.557107
9 0.978712 0.712219 0.97339 0.724688 0.944119 0.713716 0.948909 0.702244
9 0.828632 0.668828 0.837147 0.681297 0.808409 0.697756 0.799361 0.688279
9 0.766365 0.739651 0.753592 0.744638 0.738159 0.7202 0.750399 0.713217
10 0.0830229 0.918703 0.0931346 0.914713 0.102182 0.933167 0.0926024 0.938155
10 0.0505588 0.96409 0.0606706 0.959102 0.0691857 0.97606 0.059074 0.980549
10 0.0612028 0.958105 0.0707823 0.953616 0.0819585 0.971571 0.0723789 0.976559
10 0.0707823 0.923691 0.0814263 0.918703 0.0920703 0.938653 0.0819585 0.943641
10 0.0606706 0.930175 0.0707823 0.924688 0.0819585 0.945137 0.0707823 0.950623
10 0.0494944 0.93616 0.0601384 0.930673 0.0707823 0.951122 0.0596062 0.95611
10 0.0393827 0.943142 0.0489622 0.937656 0.0601384 0.958603 0.0505588 0.963092
10 0.0282065 0.947132 0.0377861 0.942643 0.0489622 0.963591 0.0388505 0.967581
10 0.0180947 0.954115 0.0282065 0.949626 0.0377861 0.96808 0.0276743 0.973067
10 0.124002 0.967581 0.11868 0.958603 0.136775 0.947631 0.143161 0.95611
10 0.131453 0.977057 0.126131 0.969077 0.144758 0.957606 0.150612 0.967581
10 0.111762 0.9601 0.117084 0.968579 0.0973922 0.978055 0.0926024 0.970075
9 0.47951 0.429426 0.496009 0.422943 0.521022 0.465835 0.505056 0.473815
