9 0.940602 0.438266 0.958647 0.448633 0.920301 0.591894 0.9 0.583412
9 0.245865 0.3082 0.230075 0.30066 0.242105 0.245052 0.261654 0.252592
9 0.366917 0.114986 0.360902 0.139491 0.3 0.112158 0.308271 0.0885957
9 0.357143 0.143261 0.349624 0.167766 0.28797 0.139491 0.294737 0.115928
9 0.348872 0.175306 0.340602 0.202639 0.281203 0.171536 0.28797 0.146089
9 0.339098 0.204524 0.333083 0.229972 0.272932 0.203582 0.280451 0.179076
9 0.333083 0.241282 0.327068 0.260132 0.263158 0.236569 0.271429 0.213007
9 0.333835 0.27427 0.328571 0.29689 0.264662 0.272385 0.270677 0.248822
9 0.259398 0.29689 0.266917 0.275212 0.327068 0.297832 0.320301 0.322337
9 0.257895 0.230914 0.240602 0.220547 0.254887 0.167766 0.275188 0.175306
9 0.0180451 0.813384 0.0270677 0.792648 0.0721805 0.813384 0.0654135 0.836946
10 0.235338 0.424128 0.220301 0.416588 0.231579 0.373233 0.248872 0.381715
10 0.219549 0.413761 0.203759 0.405278 0.213534 0.363808 0.230827 0.371348
9 0.280451 0.153629 0.263158 0.145146 0.278195 0.0961357 0.294737 0.102733
9 0.858647 0.67295 0.836842 0.666352 0.857895 0.577757 0.879699 0.586239
9 0.471429 0.213949 0.461654 0.229972 0.421805 0.196984 0.432331 0.178134
9 0.497744 0.303487 0.492481 0.324222 0.442857 0.30443 0.446617 0.28558
9 0.622556 0.138549 0.616541 0.158341 0.566165 0.132893 0.570677 0.116871
9 0.693233 0.170594 0.738346 0.189444 0.733083 0.207352 0.687218 0.186616
10 0.645113 0.167766 0.649624 0.150801 0.681955 0.167766 0.676692 0.182846
10 0.0759398 0.835061 0.0804511 0.817154 0.115038 0.828464 0.111278 0.847314
10 0.119549 0.846371 0.123308 0.830349 0.152632 0.838831 0.149624 0.855796
9 0.842105 0.396795 0.823308 0.389255 0.83609 0.317625 0.855639 0.322337
9 0.859398 0.322337 0.876692 0.32705 0.862406 0.402451 0.842857 0.392083
9 0.881955 0.328935 0.9 0.33459 0.885714 0.406221 0.864662 0.399623
9 0.834586 0.66541 0.816541 0.655042 0.83609 0.570217 0.857143 0.577757
9 0.370677 0.112158 0.391729 0.119698 0.372932 0.206409 0.347368 0.195099
