9 0.85008 0.719403 0.848485 0.702239 0.903509 0.699254 0.905104 0.71791
9 0.3126 0.5 0.308612 0.482836 0.350877 0.471642 0.354864 0.491791
9 0.211324 0.463433 0.208134 0.447015 0.251196 0.436567 0.253589 0.455224
9 0.163477 0.470896 0.160287 0.454478 0.208134 0.444776 0.210526 0.462687
9 0.303828 0.46194 0.301435 0.447015 0.342903 0.438806 0.346093 0.455224
9 0.259171 0.472388 0.255183 0.456716 0.298246 0.447015 0.301435 0.463433
9 0.214514 0.481343 0.209729 0.464925 0.254386 0.454478 0.259968 0.472388
9 0.168262 0.487313 0.164274 0.472388 0.209729 0.46194 0.213716 0.480597
9 0.263158 0.490299 0.257576 0.474627 0.30303 0.464179 0.305423 0.48209
9 0.299043 0.446269 0.295853 0.431343 0.339713 0.423134 0.342903 0.440299
9 0.217703 0.497761 0.212919 0.48209 0.258373 0.470896 0.260766 0.488806
9 0.172249 0.506716 0.170654 0.489552 0.213716 0.479104 0.217703 0.497761
9 0.666667 0.470896 0.683413 0.471642 0.681818 0.517164 0.663477 0.514925
9 0.526316 0.54403 0.543062 0.546269 0.538278 0.590299 0.519936 0.588806
9 0.558214 0.596269 0.539872 0.594776 0.547847 0.547761 0.563796 0.549254
10 0.0223285 0.75 0.00637959 0.747015 0.0143541 0.709701 0.0295056 0.71194
9 0.255183 0.454478 0.250399 0.437313 0.295853 0.428358 0.299841 0.447015
9 0.163477 0.452985 0.161085 0.435821 0.204147 0.426866 0.206539 0.44403
10 0.0829346 0.764179 0.0677831 0.76194 0.0789474 0.71791 0.0933014 0.721642
9 0.704147 0.359701 0.701754 0.379104 0.629187 0.373881 0.632376 0.353731
9 0.796651 0.299254 0.792663 0.31791 0.715311 0.314179 0.716108 0.292537
9 0.794258 0.320896 0.791069 0.343284 0.708931 0.336567 0.710526 0.314179
9 0.792663 0.34403 0.791069 0.367164 0.711324 0.358955 0.713716 0.339552
9 0.791069 0.365672 0.788676 0.388806 0.708134 0.379104 0.710526 0.358955
9 0.783892 0.390299 0.782297 0.409701 0.698565 0.403731 0.702552 0.38209
9 0.714514 0.408209 0.712919 0.428358 0.634769 0.425373 0.636364 0.402239
9 0.708931 0.337313 0.706539 0.359701 0.627592 0.348507 0.631579 0.329104
9 0.209729 0.445522 0.205742 0.429104 0.247209 0.419403 0.251994 0.437313
9 0.705742 0.311194 0.702552 0.335075 0.620415 0.327612 0.623604 0.30597
9 0.560606 0.261194 0.580542 0.26194 0.576555 0.337313 0.553429 0.335075
9 0.223285 0.423134 0.219298 0.407463 0.261563 0.397761 0.266348 0.415672
9 0.271132 0.415672 0.267943 0.400746 0.308612 0.391791 0.3126 0.408209
9 0.298246 0.429104 0.295056 0.414179 0.337321 0.40597 0.338915 0.422388
9 0.255981 0.435075 0.251994 0.420896 0.294258 0.41194 0.298246 0.430597
10 0.0661882 0.74403 0.0502392 0.741045 0.0590112 0.70597 0.0733652 0.708955
10 0.0366826 0.323881 0.0334928 0.308955 0.0821372 0.3 0.085327 0.314179
9 0.874003 0.736567 0.872408 0.720896 0.92823 0.719403 0.929027 0.739552
9 0.917065 0.596269 0.91866 0.580597 0.963317 0.584328 0.96252 0.602239
9 0.831738 0.630597 0.831738 0.615672 0.876396 0.614925 0.875598 0.632836
9 0.831738 0.614925 0.831738 0.599254 0.87799 0.599254 0.87799 0.615672
9 0.905901 0.660448 0.907496 0.645522 0.953748 0.652239 0.950558 0.667164
9 0.907496 0.645522 0.909888 0.630597 0.955343 0.635075 0.953748 0.652985
9 0.911483 0.628358 0.913876 0.612687 0.95933 0.618657 0.95614 0.635821
9 0.913876 0.61194 0.917065 0.597761 0.960925 0.602985 0.95933 0.618657
9 0.92185 0.579851 0.92504 0.564179 0.96571 0.568657 0.96252 0.585821
9 0.829346 0.665672 0.827751 0.648507 0.875598 0.647015 0.875598 0.665672
9 0.923445 0.563433 0.925837 0.544776 0.9689 0.550746 0.966507 0.56791
9 0.904306 0.536567 0.920255 0.539552 0.914673 0.585075 0.897129 0.582836
9 0.940191 0.53806 0.941786 0.523134 0.984051 0.528358 0.982456 0.543284
9 0.941786 0.522388 0.943381 0.50597 0.986443 0.511194 0.984051 0.528358
9 0.866826 0.785075 0.868421 0.765672 0.924242 0.770149 0.92185 0.791045
9 0.860447 0.760448 0.858852 0.74403 0.913876 0.74403 0.914673 0.76194
9 0.830941 0.647761 0.830941 0.629851 0.876396 0.631343 0.876396 0.649254
9 0.829346 0.681343 0.830144 0.664925 0.874003 0.665672 0.874003 0.68209
10 0.173046 0.314179 0.173844 0.327612 0.143541 0.326866 0.143541 0.314925
10 0.637161 0.225373 0.650718 0.225373 0.650718 0.252985 0.636364 0.252985
10 0.235247 0.323881 0.235247 0.31194 0.267145 0.313433 0.267145 0.325373
10 0.594099 0.599254 0.591707 0.61194 0.561404 0.608209 0.563796 0.596269
10 0.565391 0.590299 0.566188 0.576866 0.595694 0.577612 0.595694 0.591791
10 0.565391 0.570896 0.566986 0.55597 0.611643 0.558209 0.60925 0.575373
10 0.57177 0.549254 0.567783 0.532836 0.61244 0.528358 0.614833 0.54403
10 0.591707 0.26791 0.605263 0.268657 0.602871 0.301493 0.588517 0.3
10 0.558214 0.625373 0.562998 0.609701 0.595694 0.616418 0.591707 0.629851
9 0.830144 0.698507 0.830144 0.681343 0.885167 0.681343 0.885167 0.700746
9 0.795853 0.270896 0.796651 0.292537 0.715311 0.291791 0.715311 0.269403
