10 0.936746 0.265039 0.935913 0.282476 0.916771 0.273758 0.918435 0.256321
9 0.754474 0.144725 0.757803 0.125545 0.778194 0.142982 0.774865 0.159547
9 0.757387 0.092415 0.754057 0.119442 0.715356 0.0897995 0.719933 0.0645161
9 0.65335 0.0496949 0.648772 0.070619 0.622971 0.0496949 0.627133 0.0287707
9 0.764045 0.220575 0.762797 0.240628 0.739492 0.235397 0.740741 0.211857
9 0.783604 0.214473 0.779859 0.234525 0.759467 0.219704 0.76238 0.199651
9 0.460258 0.542284 0.462755 0.520488 0.50437 0.536181 0.502705 0.557105
9 0.691635 0.66347 0.694965 0.640802 0.737412 0.662598 0.734915 0.68701
9 0.689555 0.694856 0.692884 0.672188 0.735747 0.692241 0.732834 0.714037
9 0.738244 0.687881 0.740325 0.665214 0.782355 0.68265 0.781107 0.703575
9 0.737828 0.720139 0.740741 0.6966 0.782772 0.714037 0.781523 0.736704
9 0.732002 0.745423 0.73325 0.723627 0.776529 0.738448 0.774865 0.759372
9 0.731586 0.780296 0.732834 0.757629 0.776945 0.766347 0.775697 0.789887
9 0.792343 0.712293 0.79484 0.688753 0.837287 0.70619 0.836038 0.728858
9 0.795672 0.743679 0.795672 0.721011 0.838535 0.72973 0.837703 0.751526
9 0.780691 0.764603 0.781939 0.741935 0.824386 0.753269 0.823554 0.775065
9 0.778194 0.79163 0.779026 0.768963 0.821889 0.777681 0.820641 0.800349
9 0.739908 0.112467 0.736579 0.136007 0.702039 0.10898 0.707033 0.0836966
9 0.806076 0.158675 0.803163 0.181343 0.774449 0.159547 0.778194 0.136879
10 0.900125 0.244987 0.89638 0.259808 0.878069 0.244115 0.881398 0.230166
9 0.799417 0.153444 0.803995 0.13252 0.835206 0.157803 0.830628 0.183958
9 0.128589 0.36966 0.124428 0.392328 0.0844777 0.352223 0.0903038 0.330427
9 0.124428 0.401046 0.119434 0.427201 0.0782355 0.387097 0.0844777 0.365301
9 0.119018 0.431561 0.115273 0.454228 0.0744902 0.421099 0.0790678 0.397559
9 0.10695 0.475153 0.100707 0.498692 0.0615897 0.456844 0.0674157 0.435048
9 0.242613 0.453357 0.232626 0.436792 0.258427 0.371404 0.26675 0.38884
10 0.170204 0.582389 0.168955 0.59721 0.150229 0.591979 0.151477 0.575414
10 0.253017 0.595466 0.260924 0.601569 0.253849 0.636443 0.246775 0.63034
10 0.274241 0.595466 0.28298 0.598082 0.279234 0.632956 0.270079 0.628596
10 0.284228 0.604185 0.291719 0.6068 0.287973 0.63993 0.280483 0.636443
10 0.186434 0.36966 0.189347 0.352223 0.210154 0.370532 0.207241 0.387097
10 0.379109 0.632084 0.3866 0.637315 0.381606 0.668701 0.3737 0.662598
10 0.400749 0.637315 0.410737 0.63993 0.406159 0.68265 0.39742 0.679163
10 0.220974 0.572799 0.229713 0.57803 0.225135 0.617262 0.21598 0.61116
10 0.230545 0.585004 0.238452 0.588492 0.233874 0.62075 0.226384 0.617262
10 0.243862 0.628596 0.235539 0.622493 0.241365 0.583261 0.250104 0.588492
9 0.698294 0.20401 0.703704 0.183086 0.72784 0.202267 0.72243 0.224063
10 0.500624 0.0322581 0.498543 0.0479512 0.478985 0.0392328 0.481481 0.0226678
10 0.481481 0.0183086 0.478985 0.0374891 0.458177 0.0244115 0.460674 0.00784656
10 0.523096 0.0479512 0.520183 0.0645161 0.502705 0.0540541 0.505202 0.0374891
9 0.918019 0.0366173 0.91469 0.0139494 0.963379 0.00087184 0.965044 0.0226678
9 0.800666 0.070619 0.805243 0.0470793 0.849355 0.07585 0.845194 0.101133
9 0.835622 0.189189 0.831045 0.210985 0.802747 0.186574 0.808573 0.163906
9 0.895131 0.728858 0.893467 0.750654 0.849355 0.732345 0.851852 0.707934
9 0.84228 0.750654 0.844777 0.730602 0.887224 0.749782 0.885144 0.77245
9 0.826467 0.795118 0.828132 0.77245 0.870578 0.786399 0.868914 0.807323
9 0.877237 0.810811 0.877653 0.788143 0.922597 0.796861 0.921764 0.819529
10 0.942988 0.375763 0.934665 0.372276 0.93841 0.340017 0.946317 0.342633
10 0.856846 0.3034 0.864752 0.306888 0.860591 0.344377 0.852684 0.341761
9 0.935497 0.0680035 0.932584 0.0427201 0.97836 0.0209241 0.981273 0.048823
9 0.935497 0.0959024 0.933 0.0697472 0.979193 0.0523104 0.98169 0.0793374
9 0.928423 0.134263 0.925094 0.105493 0.985019 0.0845684 0.987099 0.113339
10 0.656263 0.142982 0.652934 0.160418 0.633375 0.144725 0.636288 0.129032
10 0.545152 0.0645161 0.541823 0.0819529 0.52268 0.0662598 0.526009 0.0505667
10 0.543071 0.048823 0.545152 0.0331299 0.564711 0.0427201 0.56263 0.0601569
10 0.543487 0.0828248 0.5464 0.0645161 0.566792 0.0775937 0.563046 0.0959024
10 0.564295 0.0627724 0.561798 0.0749782 0.543071 0.0627724 0.545568 0.0496949
10 0.565543 0.07585 0.56804 0.0610288 0.585934 0.0741064 0.583437 0.0889276
10 0.633375 0.127289 0.630462 0.142982 0.611319 0.130776 0.614232 0.115955
10 0.651269 0.0645161 0.655015 0.0496949 0.672077 0.0636443 0.668747 0.0793374
10 0.684145 0.07585 0.68248 0.0906713 0.667915 0.0802092 0.670412 0.0680035
10 0.685393 0.0592851 0.681232 0.0749782 0.663754 0.0566696 0.667499 0.0418483
10 0.647108 0.108108 0.644195 0.122929 0.628381 0.108108 0.631294 0.0932868
10 0.727424 0.18483 0.724511 0.199651 0.707865 0.187446 0.710778 0.173496
10 0.703704 0.0741064 0.700375 0.0897995 0.684561 0.0775937 0.68789 0.0619006
10 0.697462 0.0636443 0.700791 0.048823 0.715356 0.0610288 0.712443 0.0775937
10 0.626717 0.027027 0.629213 0.0148213 0.643362 0.0278989 0.641282 0.0401046
9 0.146067 0.3034 0.14149 0.32694 0.100707 0.285963 0.106117 0.265039
