9 0.597527 0.690091 0.589657 0.709065 0.527825 0.666901 0.535132 0.647927
9 0.157392 0.447646 0.141653 0.439916 0.164699 0.380183 0.178752 0.387913
9 0.297358 0.458187 0.312535 0.468025 0.295672 0.520731 0.277684 0.511595
9 0.264193 0.441321 0.277684 0.450457 0.259134 0.505271 0.244519 0.496135
9 0.228218 0.48208 0.211917 0.473647 0.232153 0.417428 0.247892 0.425861
9 0.229904 0.386507 0.224283 0.406184 0.177066 0.381588 0.183249 0.36402
9 0.195053 0.417428 0.206858 0.428672 0.190556 0.460295 0.177066 0.450457
9 0.172007 0.454673 0.158516 0.448349 0.183249 0.387913 0.19674 0.397048
9 0.390669 0.494729 0.403035 0.506676 0.374368 0.559382 0.359753 0.548138
9 0.639685 0.534786 0.646993 0.516514 0.69421 0.541813 0.688027 0.56149
9 0.41765 0.485594 0.410343 0.50246 0.370433 0.477161 0.379427 0.458187
9 0.527825 0.424455 0.533446 0.406887 0.573918 0.425861 0.568859 0.444132
9 0.948286 0.635278 0.943789 0.652846 0.887577 0.625439 0.893198 0.607871
9 0.939854 0.65636 0.935357 0.674631 0.879146 0.649332 0.88308 0.631764
9 0.738617 0.58468 0.744238 0.566409 0.791456 0.588194 0.786397 0.60506
9 0.314221 0.457484 0.329961 0.467323 0.308038 0.52565 0.295672 0.519325
9 0.313097 0.432186 0.30579 0.450457 0.23946 0.411806 0.246206 0.393535
9 0.423834 0.434996 0.419337 0.451862 0.369309 0.430077 0.374368 0.410401
9 0.500281 0.46662 0.506464 0.451862 0.539067 0.468025 0.532884 0.484188
9 0.533446 0.435699 0.528387 0.450457 0.500281 0.434294 0.504216 0.419536
9 0.503654 0.475755 0.499157 0.492621 0.456998 0.470836 0.463182 0.452565
9 0.509275 0.496135 0.515458 0.478566 0.562114 0.503865 0.556492 0.521434
9 0.357504 0.454673 0.372681 0.469431 0.323215 0.565004 0.30579 0.554462
9 0.407532 0.500351 0.421585 0.513703 0.392917 0.568517 0.378302 0.556571
9 0.422709 0.51019 0.436762 0.521434 0.409219 0.574139 0.393479 0.563598
9 0.450253 0.538299 0.46543 0.549543 0.448567 0.586086 0.4362 0.575545
9 0.472737 0.534786 0.488477 0.548138 0.460371 0.603654 0.445194 0.590302
9 0.521079 0.563598 0.528949 0.545327 0.576728 0.56922 0.570545 0.589599
9 0.509275 0.555868 0.526138 0.567814 0.503654 0.624034 0.485666 0.615601
9 0.528949 0.572031 0.544126 0.585383 0.516582 0.636683 0.50253 0.626142
9 0.546936 0.578356 0.562676 0.589599 0.537381 0.647224 0.519393 0.633169
9 0.561551 0.588897 0.577291 0.598735 0.554806 0.657765 0.536818 0.645819
9 0.688589 0.560084 0.695897 0.542516 0.742552 0.566409 0.737493 0.585383
9 0.675098 0.645819 0.689713 0.657765 0.666105 0.711174 0.650365 0.697822
9 0.639123 0.636683 0.654862 0.649332 0.630129 0.702741 0.612704 0.690091
10 0.809444 0.617006 0.815627 0.607871 0.831928 0.625439 0.825745 0.634575
10 0.586284 0.478566 0.580101 0.490513 0.557055 0.470836 0.562676 0.45889
10 0.645306 0.505271 0.646431 0.518623 0.62226 0.522839 0.620573 0.509487
10 0.741428 0.689389 0.728499 0.690091 0.725689 0.658468 0.738617 0.657063
10 0.857223 0.608573 0.870152 0.611384 0.863969 0.650035 0.85104 0.646521
10 0.971894 0.674631 0.961214 0.669009 0.970208 0.641602 0.980326 0.646521
10 0.985947 0.677442 0.976391 0.669712 0.984823 0.645819 0.993817 0.650738
10 0.836987 0.607871 0.848229 0.608573 0.847667 0.635278 0.836425 0.635278
9 0.656549 0.644413 0.670601 0.657063 0.645306 0.711174 0.629005 0.699227
10 0.0674536 0.834856 0.0697021 0.824315 0.0921866 0.830639 0.0899382 0.842586
10 0.227656 0.836964 0.216414 0.831342 0.225408 0.801827 0.236088 0.807449
10 0.157954 0.86156 0.165261 0.851019 0.187746 0.872101 0.179876 0.883345
10 0.537381 0.479972 0.541877 0.469431 0.564924 0.483486 0.561551 0.494027
9 0.666667 0.556571 0.660483 0.57695 0.612142 0.552354 0.618887 0.53338
9 0.750422 0.599438 0.7448 0.616304 0.658235 0.577653 0.666105 0.558679
9 0.713884 0.513703 0.720067 0.494027 0.781338 0.521434 0.776841 0.540408
9 0.636313 0.478566 0.641934 0.458187 0.703766 0.490513 0.698145 0.508784
9 0.571107 0.448349 0.577291 0.427266 0.626194 0.451862 0.620011 0.471539
9 0.576166 0.598735 0.590781 0.607168 0.568859 0.666198 0.55312 0.654954
9 0.590219 0.605762 0.605958 0.617006 0.583474 0.674631 0.568859 0.663387
9 0.610455 0.614195 0.623946 0.626845 0.601461 0.684469 0.584036 0.67182
9 0.623946 0.626845 0.638561 0.638791 0.61439 0.694308 0.600337 0.683064
