10 0.901704 0.799266 0.902359 0.805794 0.878113 0.807426 0.876802 0.800898
4 0.450852 0.74133 0.509174 0.729498 0.549148 0.803754 0.492136 0.817625
4 0.516383 0.563851 0.570773 0.54794 0.621887 0.620155 0.567497 0.636067
4 0.414155 0.596083 0.471166 0.583843 0.512451 0.659731 0.454128 0.672379
4 0.324377 0.616075 0.380079 0.603835 0.420708 0.679723 0.362385 0.690738
4 0.225426 0.446348 0.285059 0.435741 0.31979 0.512036 0.260157 0.522644
4 0.144823 0.459404 0.20249 0.449204 0.236566 0.5255 0.179554 0.536516
10 0.964613 0.336189 0.955439 0.338229 0.947575 0.324357 0.95675 0.322725
10 0.975754 0.352509 0.966579 0.354957 0.95675 0.341085 0.965924 0.338637
10 0.863696 0.381477 0.868283 0.387189 0.846003 0.393309 0.842071 0.386781
10 0.854522 0.367197 0.860419 0.372909 0.836828 0.380661 0.831586 0.373725
10 0.847313 0.360261 0.8519 0.366381 0.831586 0.370869 0.827654 0.365157
10 0.837484 0.345573 0.842726 0.351693 0.823722 0.356589 0.81979 0.350469
10 0.828965 0.330885 0.833552 0.337005 0.813237 0.342309 0.809305 0.336189
10 0.812582 0.308446 0.817824 0.315789 0.795544 0.321093 0.791612 0.314565
10 0.794233 0.27499 0.799476 0.281518 0.775885 0.286414 0.773263 0.280702
10 0.90498 0.243982 0.89384 0.245614 0.885976 0.232558 0.896461 0.23011
10 0.862385 0.195838 0.870904 0.193798 0.880734 0.207262 0.870249 0.20971
10 0.811927 0.103223 0.801442 0.105671 0.792923 0.0909833 0.802752 0.0889433
10 0.779817 0.0489596 0.790301 0.0465116 0.800786 0.0611995 0.790301 0.0636475
10 0.748362 0.0248878 0.758847 0.0228478 0.767366 0.0359037 0.756225 0.0383517
4 0.606815 0.538556 0.661861 0.522644 0.712975 0.595267 0.657929 0.610771
4 0.365662 0.758466 0.422674 0.746226 0.461992 0.820889 0.40498 0.833945
10 0.857143 0.854345 0.862385 0.861281 0.835518 0.868625 0.830275 0.861281
10 0.303408 0.617299 0.299476 0.623827 0.275885 0.616483 0.279817 0.610363
10 0.536042 0.754386 0.540629 0.760098 0.52097 0.766218 0.515727 0.75969
10 0.642857 0.667483 0.638925 0.660547 0.663827 0.654427 0.668414 0.662587
10 0.56422 0.494492 0.574705 0.491636 0.581258 0.504284 0.571429 0.506324
10 0.594364 0.501428 0.583879 0.50306 0.576671 0.492044 0.587156 0.489596
10 0.550459 0.496532 0.562254 0.4949 0.568807 0.509588 0.558322 0.51122
10 0.536697 0.49898 0.546527 0.496532 0.554391 0.510404 0.54325 0.512444
10 0.51114 0.501836 0.522936 0.500204 0.526868 0.51326 0.515727 0.514892
10 0.493447 0.504692 0.504587 0.50306 0.510485 0.51734 0.499345 0.518972
10 0.465924 0.510812 0.476409 0.507956 0.484273 0.522236 0.474443 0.524684
10 0.509174 0.5357 0.513761 0.54182 0.493447 0.547124 0.48886 0.541412
10 0.454128 0.528356 0.443644 0.529988 0.43709 0.515708 0.448231 0.514076
10 0.441678 0.532028 0.430537 0.534476 0.422018 0.518564 0.433159 0.516524
10 0.426606 0.535292 0.416121 0.537332 0.408912 0.522236 0.418087 0.520196
10 0.395151 0.522644 0.405636 0.520604 0.413499 0.536108 0.401704 0.538148
10 0.330931 0.575275 0.342071 0.573235 0.35059 0.586699 0.33945 0.588739
10 0.326343 0.53978 0.335518 0.538148 0.342071 0.550388 0.332241 0.55202
10 0.298165 0.563443 0.288336 0.564667 0.281782 0.550796 0.291612 0.549572
10 0.237221 0.5561 0.247051 0.554468 0.25426 0.567931 0.243775 0.569563
10 0.304063 0.580171 0.313237 0.578947 0.321101 0.594451 0.311927 0.596491
10 0.903014 0.0436557 0.907602 0.0505916 0.88401 0.0567115 0.880079 0.0493676
10 0.963303 0.0354957 0.95806 0.0289678 0.980996 0.0236638 0.984928 0.0297838
10 0.940367 0.0407997 0.935125 0.0350877 0.95806 0.0297838 0.962647 0.0359037
10 0.952818 0.0583435 0.948886 0.0514076 0.969201 0.0461036 0.974443 0.0534476
10 0.359764 0.0155039 0.355832 0.00938392 0.378113 0.00367197 0.3827 0.00979192
10 0.334207 0.0224398 0.330931 0.0150959 0.352556 0.00979192 0.358453 0.0163199
10 0.367628 0.0375357 0.362385 0.0310078 0.3827 0.0252958 0.387942 0.0322317
10 0.34076 0.0436557 0.336828 0.0367197 0.360419 0.0310078 0.364351 0.0383517
10 0.250328 0.0444716 0.24574 0.0371277 0.269332 0.0318237 0.273919 0.0383517
10 0.285059 0.0591595 0.280472 0.0522236 0.304718 0.0452876 0.309961 0.0526316
10 0.259502 0.0656875 0.25426 0.0583435 0.277851 0.0526316 0.283748 0.0595675
10 0.2346 0.0726234 0.229358 0.0656875 0.252949 0.0603835 0.257536 0.0665035
10 0.210354 0.0787434 0.206422 0.0718074 0.225426 0.0669115 0.230013 0.0734394
10 0.061599 0.0261118 0.0530799 0.0281518 0.0419397 0.0130559 0.051114 0.0110159
10 0.109436 0.0481436 0.0989515 0.0501836 0.0897772 0.0350877 0.100262 0.0330477
10 0.0858453 0.0628315 0.0753604 0.0648715 0.0661861 0.0501836 0.0760157 0.0477356
10 0.100917 0.0864953 0.0910878 0.0889433 0.0819135 0.0750714 0.0917431 0.0730314
10 0.152687 0.114239 0.141547 0.116687 0.133683 0.103223 0.143512 0.100775
10 0.174312 0.148511 0.163172 0.150143 0.153997 0.135455 0.165793 0.133823
10 0.161861 0.130151 0.151376 0.132191 0.142857 0.118319 0.153342 0.116279
10 0.152031 0.159935 0.139581 0.162383 0.12844 0.142799 0.139581 0.140351
10 0.214286 0.0534476 0.209043 0.0473276 0.229358 0.0428397 0.23329 0.0485516
10 0.0773263 0.0134639 0.087156 0.0114239 0.093709 0.0224398 0.0832241 0.0248878
10 0.416121 0.0232558 0.412189 0.0167279 0.436435 0.0106079 0.441022 0.0171359
9 0.119921 0.112607 0.108126 0.114647 0.0943644 0.0950632 0.107471 0.0926153
10 0.766055 0.23623 0.771298 0.24235 0.750328 0.248062 0.746396 0.241942
10 0.892529 0.224806 0.883355 0.227662 0.874836 0.215422 0.88401 0.212974
10 0.903014 0.0709914 0.899738 0.0648715 0.923984 0.0587515 0.927916 0.0656875
10 0.876802 0.0783354 0.872215 0.0718074 0.894495 0.0656875 0.900393 0.0726234
10 0.737221 0.00775194 0.746396 0.00530396 0.756225 0.0183599 0.74574 0.0212158
10 0.793578 0.0440636 0.802097 0.0416157 0.811271 0.0546716 0.802097 0.0571195
10 0.827654 0.123623 0.815858 0.126479 0.807339 0.112607 0.816514 0.110567
10 0.848624 0.154631 0.838139 0.156671 0.828965 0.143615 0.838139 0.140759
10 0.859109 0.172991 0.847969 0.175847 0.838139 0.160751 0.847969 0.157895
10 0.942333 0.219502 0.938401 0.213382 0.960026 0.208486 0.964613 0.215014
10 0.895806 0.24847 0.906291 0.246022 0.914155 0.25867 0.90367 0.26071
10 0.769987 0.25255 0.779161 0.256222 0.7654 0.267646 0.75557 0.263566
10 0.936435 0.28927 0.926606 0.29131 0.917431 0.277846 0.927261 0.275806
10 0.955439 0.321501 0.944954 0.323541 0.93578 0.309262 0.946265 0.307222
10 0.99017 0.372501 0.97903 0.374541 0.968545 0.359853 0.980341 0.357405
10 0.876802 0.403509 0.881389 0.410037 0.858453 0.416565 0.853211 0.409221
10 0.870249 0.396573 0.876147 0.403509 0.853866 0.409221 0.848624 0.402693
10 0.865007 0.389229 0.870249 0.396165 0.847969 0.400653 0.844692 0.394125
10 0.832241 0.338637 0.836173 0.345573 0.815858 0.350061 0.810616 0.343533
10 0.796855 0.282334 0.802097 0.28927 0.779817 0.29539 0.774574 0.287638
10 0.458716 0.785802 0.455439 0.779682 0.480341 0.774378 0.483617 0.780498
10 0.446265 0.761322 0.443644 0.754794 0.464613 0.751122 0.468545 0.756834
10 0.442333 0.752754 0.438401 0.746226 0.461337 0.741738 0.465924 0.748266
10 0.872215 0.396573 0.877457 0.402285 0.855177 0.408813 0.85059 0.402693
10 0.644823 0.831905 0.64941 0.838025 0.627785 0.843737 0.623853 0.836801
10 0.549803 0.824969 0.545872 0.818441 0.568152 0.813137 0.573394 0.820073
10 0.45806 0.78621 0.454784 0.779682 0.478375 0.77397 0.482962 0.780906
10 0.496068 0.797226 0.499345 0.804162 0.476409 0.809466 0.472477 0.80253
10 0.568807 0.841289 0.566841 0.833945 0.591088 0.831089 0.593054 0.838025
10 0.536042 0.840065 0.540629 0.846185 0.519004 0.851489 0.514417 0.846185
10 0.468545 0.882497 0.464613 0.876377 0.486894 0.871073 0.490826 0.877193
10 0.43709 0.889025 0.433814 0.883313 0.454784 0.878825 0.459371 0.884945
10 0.106815 0.952264 0.104194 0.946144 0.126474 0.942472 0.129096 0.949
10 0.158585 0.936353 0.161861 0.943696 0.13827 0.947368 0.135649 0.940432
10 0.0753604 0.929009 0.078637 0.935537 0.0583224 0.9388 0.0550459 0.931865
10 0.0275229 0.944104 0.0249017 0.936353 0.0471822 0.933497 0.0498034 0.940432
4 0.199214 0.812729 0.2654 0.79845 0.275229 0.819257 0.207733 0.833129
4 0.279817 0.775602 0.337484 0.764178 0.374181 0.839249 0.317824 0.851081
10 0.914155 0.755202 0.921363 0.760914 0.901048 0.76989 0.894495 0.764178
10 0.91481 0.740514 0.922018 0.746226 0.90498 0.756018 0.897772 0.751122
10 0.817169 0.787434 0.823067 0.793554 0.805374 0.799674 0.800131 0.793146
10 0.6173 0.889025 0.606815 0.891065 0.596986 0.876377 0.608126 0.873929
10 0.64941 0.902081 0.657929 0.899633 0.667759 0.913505 0.657929 0.915953
10 0.657929 0.897593 0.6481 0.900449 0.63827 0.886577 0.6481 0.884129
10 0.941022 0.954712 0.93578 0.948592 0.956094 0.942472 0.961337 0.948592
10 0.817169 0.787026 0.823722 0.793146 0.806684 0.798858 0.799476 0.793146
10 0.743119 0.811098 0.739843 0.804978 0.763434 0.801714 0.7654 0.807834
10 0.678899 0.814361 0.680865 0.821705 0.65924 0.825377 0.655963 0.819665
10 0.698558 0.95716 0.689384 0.9592 0.68152 0.947368 0.690039 0.944512
10 0.726737 0.996736 0.717562 0.999184 0.707077 0.984904 0.716907 0.982048
10 0.679554 0.977968 0.669725 0.980008 0.659895 0.965728 0.669725 0.962872
10 0.67038 0.982456 0.679554 0.9796 0.690039 0.992248 0.678899 0.994696
10 0.657929 0.920441 0.667759 0.917177 0.679554 0.932681 0.669069 0.935537
10 0.790957 0.822929 0.790957 0.815993 0.817169 0.815585 0.817169 0.822929
10 0.625164 0.901673 0.615334 0.904529 0.608126 0.892289 0.617955 0.890249
10 0.753604 0.811506 0.756881 0.817625 0.737221 0.822113 0.73329 0.815177
10 0.737221 0.80457 0.741153 0.81069 0.715596 0.815993 0.711664 0.809466
10 0.354522 0.987352 0.363041 0.984496 0.37287 0.996736 0.363696 0.999592
10 0.631717 0.927785 0.641547 0.924929 0.652687 0.940432 0.642857 0.943696
10 0.633683 0.823337 0.638925 0.830273 0.61599 0.834761 0.611402 0.827417
10 0.507208 0.824561 0.512451 0.831497 0.48886 0.835577 0.486239 0.828641
10 0.545216 0.845369 0.542595 0.838841 0.563565 0.835985 0.565531 0.842921
10 0.482962 0.826601 0.479685 0.819257 0.503277 0.815993 0.506553 0.822113
10 0.865007 0.388821 0.870249 0.394533 0.849279 0.400653 0.844037 0.394533
10 0.875491 0.403509 0.880079 0.410037 0.857798 0.415341 0.853866 0.409221
10 0.459371 0.733986 0.461992 0.740106 0.438401 0.743778 0.436435 0.736842
10 0.880734 0.410853 0.884666 0.417789 0.860419 0.422277 0.856488 0.415749
10 0.307339 0.594043 0.296199 0.596491 0.28768 0.581803 0.298165 0.579355
10 0.317169 0.575683 0.32962 0.574051 0.336173 0.591187 0.325033 0.592411
10 0.368938 0.582619 0.357798 0.585067 0.349934 0.571603 0.360419 0.569155
10 0.381389 0.580987 0.370249 0.583027 0.363041 0.569971 0.373526 0.567931
10 0.403014 0.574867 0.392529 0.577315 0.38401 0.564667 0.39384 0.561812
10 0.385976 0.540188 0.375491 0.54182 0.369594 0.529172 0.380079 0.52754
10 0.380734 0.5255 0.392529 0.52346 0.399738 0.537332 0.388598 0.53978
10 0.416776 0.571195 0.406946 0.572827 0.401048 0.560996 0.409567 0.559364
10 0.427916 0.568747 0.418087 0.570379 0.413499 0.5561 0.423329 0.554876
10 0.450197 0.564667 0.439056 0.565891 0.434469 0.551612 0.444299 0.551204
10 0.463303 0.563443 0.453473 0.564667 0.44692 0.55202 0.45675 0.550388
10 0.475754 0.561404 0.465924 0.562627 0.45806 0.547124 0.469201 0.5459
10 0.47903 0.508772 0.49017 0.505508 0.498689 0.51938 0.486894 0.522644
10 0.583224 0.522236 0.576671 0.516524 0.598296 0.510812 0.603539 0.516524
10 0.545216 0.532028 0.539974 0.526316 0.560944 0.520604 0.566841 0.526724
10 0.512451 0.75561 0.507864 0.748266 0.53211 0.744186 0.536042 0.750306
10 0.527523 0.736026 0.530799 0.742554 0.507864 0.746634 0.504587 0.740106
10 0.454128 0.775602 0.452818 0.768258 0.477064 0.767034 0.477064 0.773562
10 0.454128 0.724194 0.458716 0.730314 0.438401 0.735618 0.434469 0.730314
10 0.325688 0.555284 0.313893 0.556916 0.307339 0.54182 0.319135 0.540596
10 0.292923 0.544676 0.304718 0.542636 0.310616 0.55814 0.299476 0.559772
10 0.285059 0.565075 0.272608 0.566707 0.266055 0.550796 0.278506 0.549164
10 0.887287 0.418605 0.889253 0.425133 0.866972 0.427989 0.865007 0.421461
10 0.889908 0.425949 0.89384 0.431661 0.877457 0.436149 0.873526 0.430437
10 0.8519 0.438596 0.858453 0.433701 0.876802 0.443492 0.870904 0.448388
10 0.762123 0.614443 0.758191 0.607915 0.784404 0.601387 0.788991 0.607507
10 0.722149 0.46634 0.724115 0.47246 0.699869 0.476948 0.696592 0.470828
10 0.695282 0.471236 0.697248 0.476948 0.674312 0.481436 0.671691 0.474908
4 0.788336 0.487556 0.845347 0.47246 0.895806 0.5459 0.83945 0.56018
4 0.698558 0.512852 0.752949 0.497348 0.803408 0.569971 0.749017 0.585883
10 0.667759 0.474908 0.671035 0.481436 0.650066 0.485516 0.646134 0.47858
10 0.269332 0.565891 0.257536 0.568339 0.250328 0.553652 0.261468 0.551612
10 0.623853 0.489188 0.621232 0.483476 0.640891 0.480212 0.643512 0.485924
10 0.618611 0.483884 0.621232 0.489188 0.598952 0.49286 0.595675 0.487964
10 0.334207 0.676867 0.32962 0.683395 0.30865 0.676051 0.312582 0.670339
10 0.28637 0.635251 0.289646 0.630355 0.313893 0.636475 0.310616 0.642595
10 0.31848 0.646675 0.313237 0.652795 0.296199 0.645859 0.300786 0.640555
10 0.293578 0.605059 0.288336 0.609955 0.270642 0.602611 0.27654 0.596899
10 0.295544 0.597307 0.28637 0.600163 0.274574 0.585883 0.284404 0.583843
10 0.239843 0.570787 0.230013 0.572419 0.22346 0.558548 0.233945 0.556916
10 0.0550459 0.0346797 0.0661861 0.0322317 0.0753604 0.0465116 0.0655308 0.0489596
