10 0.0202605 0.459516 0.0318379 0.457413 0.040521 0.47897 0.0267728 0.481598
9 0.246744 0.401682 0.251809 0.412198 0.2178 0.419033 0.212735 0.410095
9 0.176556 0.427971 0.17945 0.438486 0.136758 0.444269 0.13314 0.433228
9 0.214182 0.419558 0.219247 0.430599 0.184515 0.439012 0.178726 0.427971
9 0.251809 0.413249 0.254703 0.42429 0.221418 0.430074 0.21563 0.419033
9 0.13314 0.42429 0.134588 0.436383 0.0998553 0.442166 0.0947902 0.431125
9 0.171491 0.41693 0.176556 0.427445 0.138929 0.43428 0.134588 0.424816
9 0.214182 0.408517 0.217077 0.420084 0.176556 0.427971 0.171491 0.418507
9 0.128075 0.414301 0.13097 0.425868 0.0955137 0.431125 0.0911722 0.421136
9 0.10492 0.355941 0.107091 0.367508 0.0723589 0.372766 0.0680174 0.361725
9 0.164978 0.40694 0.168596 0.417455 0.134588 0.425868 0.129522 0.414301
9 0.200434 0.398002 0.205499 0.409569 0.172214 0.417981 0.167149 0.405889
9 0.240232 0.392219 0.244573 0.402734 0.209841 0.410095 0.205499 0.399054
9 0.162084 0.395373 0.167149 0.407992 0.13097 0.415352 0.124457 0.40326
9 0.127352 0.40326 0.128799 0.414301 0.089725 0.421136 0.0832127 0.412198
9 0.123734 0.392744 0.126628 0.403785 0.0846599 0.411672 0.0795948 0.400105
9 0.248915 0.424816 0.253256 0.435331 0.218524 0.442166 0.212735 0.431651
9 0.213459 0.431125 0.217077 0.442166 0.183792 0.450053 0.178726 0.440589
9 0.178003 0.437434 0.180897 0.44795 0.145441 0.455836 0.140376 0.444795
9 0.130246 0.435857 0.134588 0.446898 0.102026 0.453207 0.0976845 0.442166
9 0.138929 0.445846 0.142547 0.457413 0.107091 0.463722 0.10275 0.453207
9 0.251809 0.436383 0.254703 0.445846 0.221418 0.452681 0.217077 0.442692
9 0.21563 0.442692 0.219247 0.453207 0.184515 0.460042 0.180174 0.450578
9 0.175832 0.449527 0.180897 0.461094 0.147612 0.469506 0.1411 0.458465
9 0.140376 0.457413 0.143271 0.468454 0.108538 0.474763 0.10492 0.464774
9 0.256874 0.445846 0.260492 0.456887 0.22576 0.463197 0.222142 0.453207
9 0.219971 0.453207 0.223589 0.463197 0.18958 0.470557 0.184515 0.460042
9 0.185239 0.460042 0.18958 0.469506 0.154848 0.477392 0.150507 0.468454
9 0.149059 0.466877 0.153401 0.477392 0.114327 0.48633 0.109262 0.476341
9 0.260492 0.456887 0.26411 0.467928 0.228654 0.474238 0.224313 0.463722
9 0.224313 0.463722 0.228654 0.474238 0.193922 0.481073 0.188857 0.470032
9 0.188857 0.469506 0.192475 0.481073 0.158466 0.487907 0.153401 0.478444
9 0.151954 0.477392 0.158466 0.487907 0.115774 0.497371 0.109986 0.487382
9 0.118669 0.380126 0.12301 0.392219 0.081042 0.400105 0.0759768 0.388538
9 0.1411 0.34858 0.143994 0.360147 0.111433 0.364353 0.108538 0.353312
9 0.195369 0.481073 0.198263 0.492114 0.164255 0.5 0.15919 0.487907
9 0.545586 0.0867508 0.562952 0.0856993 0.567294 0.118822 0.552098 0.1204
9 0.631693 0.164564 0.615051 0.165089 0.615051 0.135121 0.634588 0.136172
9 0.593343 0.117771 0.612156 0.117771 0.613603 0.14511 0.594067 0.145636
9 0.649783 0.0856993 0.666425 0.0851735 0.670043 0.113039 0.651954 0.114616
9 0.630246 0.086225 0.648336 0.0846477 0.65123 0.11409 0.632417 0.11409
9 0.614327 0.0856993 0.629522 0.0846477 0.631693 0.11409 0.615051 0.11409
9 0.592619 0.0636172 0.613603 0.0636172 0.615051 0.109884 0.59479 0.109884
9 0.51013 0.0914826 0.52822 0.0888538 0.536179 0.116193 0.517366 0.119348
9 0.178003 0.329127 0.182344 0.340694 0.147612 0.346477 0.142547 0.336488
9 0.763386 0.0809674 0.745297 0.0814932 0.742402 0.053102 0.761216 0.053102
9 0.743849 0.0825447 0.725036 0.0830705 0.722865 0.0520505 0.741679 0.0520505
9 0.724313 0.0825447 0.70767 0.0825447 0.702605 0.053102 0.721418 0.053102
9 0.705499 0.0835962 0.68741 0.0846477 0.685239 0.0536278 0.702605 0.053102
9 0.68741 0.0846477 0.670043 0.0846477 0.666425 0.0557308 0.685962 0.0557308
9 0.666425 0.0851735 0.65123 0.0846477 0.649059 0.055205 0.666425 0.055205
9 0.650507 0.164038 0.635311 0.164564 0.63314 0.135121 0.649783 0.135121
9 0.599855 0.15878 0.617945 0.158254 0.617945 0.187171 0.599132 0.187171
9 0.654124 0.162461 0.670043 0.162461 0.670767 0.191377 0.653401 0.190326
9 0.635311 0.165615 0.651954 0.165615 0.652677 0.194532 0.635311 0.194006
9 0.616498 0.165615 0.63314 0.165089 0.637482 0.192955 0.618669 0.194532
9 0.641823 0.261304 0.625181 0.261304 0.621563 0.231335 0.640376 0.230284
9 0.660637 0.26183 0.643271 0.261304 0.640376 0.231861 0.658466 0.231335
9 0.67945 0.260778 0.662084 0.261304 0.65919 0.231335 0.677279 0.229758
9 0.618669 0.263407 0.636035 0.26183 0.639653 0.290747 0.621563 0.291272
9 0.636758 0.262355 0.655572 0.262355 0.657019 0.291272 0.638929 0.291272
9 0.655572 0.264458 0.671491 0.263933 0.674385 0.291798 0.657019 0.29285
9 0.306802 0.289169 0.326339 0.285489 0.345152 0.335962 0.325615 0.340694
9 0.287265 0.288118 0.309696 0.284437 0.324168 0.335962 0.304631 0.340168
9 0.268452 0.287066 0.288712 0.284437 0.303907 0.334911 0.285818 0.338591
9 0.247467 0.290221 0.268452 0.287592 0.287265 0.337014 0.26411 0.343323
9 0.287988 0.473186 0.26411 0.474763 0.250362 0.399054 0.269175 0.398002
9 0.218524 0.322818 0.222865 0.334911 0.188133 0.339642 0.184515 0.329127
9 0.23589 0.47266 0.238784 0.483176 0.204776 0.490011 0.200434 0.480021
9 0.157019 0.487382 0.16136 0.498948 0.121563 0.506835 0.116498 0.497371
10 0.735166 0.807571 0.740955 0.817035 0.718524 0.824395 0.710564 0.81756
10 0.185239 0.218191 0.186686 0.226604 0.158466 0.228181 0.158466 0.219769
10 0.578148 0.77918 0.571635 0.771819 0.593343 0.763407 0.599132 0.770768
10 0.521708 0.741325 0.527496 0.74816 0.504342 0.758149 0.499276 0.751314
10 0.500724 0.733964 0.505789 0.742376 0.484805 0.751314 0.479016 0.743954
10 0.589001 0.970557 0.58466 0.977918 0.554993 0.968454 0.560058 0.960042
10 0.185962 0.237645 0.188857 0.245531 0.166425 0.250263 0.162808 0.242376
10 0.183792 0.206625 0.18741 0.215563 0.16136 0.22082 0.157742 0.212934
10 0.188857 0.227655 0.188857 0.237119 0.162084 0.238696 0.160637 0.229758
9 0.388567 0.320715 0.374096 0.31756 0.383502 0.286015 0.399421 0.290221
10 0.24602 0.229232 0.230825 0.23081 0.22576 0.210831 0.241679 0.209253
10 0.541968 0.231335 0.529667 0.231861 0.527496 0.215563 0.539074 0.214511
10 0.55644 0.232913 0.544139 0.232387 0.544863 0.214511 0.55644 0.214511
10 0.572359 0.232913 0.559334 0.233438 0.55644 0.21346 0.570188 0.211882
9 0.562229 0.235016 0.563676 0.245531 0.518813 0.246583 0.519537 0.236593
9 0.239508 0.297581 0.223589 0.299159 0.219971 0.271819 0.233719 0.269716
10 0.684515 0.791798 0.690304 0.798107 0.667149 0.808097 0.662084 0.800736
10 0.698987 0.797581 0.703329 0.805994 0.681621 0.81388 0.675832 0.806519
10 0.650507 0.802313 0.643271 0.794427 0.670767 0.784437 0.676556 0.791798
9 0.827786 0.830705 0.818379 0.838065 0.791606 0.821241 0.80246 0.81388
9 0.871201 0.83123 0.867583 0.841746 0.835745 0.83123 0.84081 0.821241
9 0.400868 0.399579 0.408104 0.387487 0.447902 0.399054 0.442113 0.411672
9 0.385673 0.429022 0.392909 0.41693 0.431983 0.427971 0.424747 0.440063
9 0.366136 0.456887 0.371925 0.444795 0.413893 0.456887 0.40521 0.471083
9 0.347323 0.485804 0.354559 0.474763 0.396527 0.487382 0.389291 0.5
9 0.34081 0.501052 0.348046 0.491062 0.38712 0.502103 0.380608 0.514196
9 0.334298 0.516299 0.341534 0.505258 0.379161 0.516299 0.372648 0.52734
9 0.316208 0.547319 0.324891 0.534175 0.361795 0.546267 0.354559 0.55836
10 0.937771 0.882229 0.945007 0.88959 0.921129 0.900105 0.914616 0.892219
9 0.945731 0.709253 0.960926 0.70715 0.965268 0.732387 0.950796 0.733964
10 0.593343 0.786015 0.586831 0.777077 0.61288 0.768665 0.619392 0.778128
10 0.786541 0.0783386 0.77424 0.0783386 0.772069 0.055205 0.786541 0.0546793
10 0.957308 0.661409 0.969609 0.659306 0.977569 0.678233 0.968162 0.680862
9 0.362518 0.46898 0.319826 0.464248 0.314761 0.393796 0.341534 0.390116
9 0.467438 0.323344 0.478292 0.33123 0.45369 0.352261 0.438495 0.344374
9 0.240232 0.483176 0.243849 0.493691 0.208394 0.500526 0.203329 0.490536
9 0.449349 0.665615 0.457308 0.652997 0.554269 0.681914 0.54631 0.695058
9 0.882779 0.828076 0.889291 0.815983 0.995658 0.847529 0.987699 0.861199
9 0.879884 0.841746 0.886397 0.83123 0.981187 0.86225 0.97178 0.876972
9 0.266281 0.706099 0.280753 0.708728 0.269899 0.733438 0.25398 0.73081
9 0.249638 0.702944 0.264834 0.708202 0.251809 0.735016 0.232272 0.730284
9 0.262663 0.671399 0.277135 0.67613 0.264834 0.703996 0.248915 0.701893
9 0.277135 0.674553 0.290159 0.679285 0.278582 0.708728 0.262663 0.704522
9 0.324891 0.48265 0.341534 0.488433 0.305355 0.555731 0.285094 0.550999
9 0.921852 0.401157 0.914616 0.414301 0.879161 0.404837 0.88712 0.391167
9 0.128799 0.545216 0.123734 0.531546 0.229378 0.511041 0.233719 0.525237
9 0.159913 0.507886 0.163531 0.519453 0.124457 0.527865 0.121563 0.51735
9 0.200434 0.502629 0.203329 0.513144 0.167149 0.520505 0.163531 0.509989
9 0.240955 0.494742 0.244573 0.506309 0.209117 0.512093 0.205499 0.501052
9 0.159913 0.498423 0.163531 0.508412 0.12301 0.51735 0.117945 0.506835
9 0.196093 0.492114 0.199711 0.503155 0.164255 0.509464 0.159913 0.499474
9 0.895803 0.81756 0.902315 0.803365 1.00072 0.833859 0.994211 0.847529
9 0.849493 0.794953 0.847323 0.807045 0.81042 0.804416 0.81259 0.791798
9 0.97178 0.794953 0.967438 0.805468 0.931983 0.797581 0.937048 0.784963
9 0.894356 0.760778 0.921852 0.739222 0.997829 0.783386 0.98987 0.80021
9 0.921129 0.663512 0.941389 0.669821 0.910275 0.727655 0.890014 0.721346
9 0.887844 0.650368 0.908104 0.656151 0.873372 0.710831 0.856006 0.705573
9 0.942836 0.525237 0.963821 0.522608 0.985528 0.581493 0.967438 0.586225
9 0.918234 0.580967 0.936324 0.587802 0.896527 0.641956 0.879161 0.636172
9 0.901592 0.564669 0.918958 0.569401 0.884226 0.626183 0.864689 0.621977
2 0.811143 0.641956 0.840087 0.641956 0.840087 0.664564 0.811143 0.664564
2 0.840087 0.636172 0.863965 0.636172 0.863965 0.6551 0.840087 0.6551
2 0.786541 0.674553 0.816208 0.674553 0.816208 0.697687 0.786541 0.697687
2 0.816932 0.682965 0.846599 0.682965 0.846599 0.705047 0.816932 0.705047
2 0.772793 0.697161 0.803184 0.697161 0.803184 0.721346 0.772793 0.721346
2 0.803184 0.705573 0.834298 0.705573 0.834298 0.728181 0.803184 0.728181
2 0.822721 0.630389 0.843705 0.630389 0.843705 0.64511 0.822721 0.64511
9 0.909551 0.367508 0.909551 0.382755 0.863242 0.381178 0.862518 0.367508
9 0.649059 0.084122 0.63314 0.084122 0.63097 0.0557308 0.649059 0.0557308
