9 0.962189 0.149488 0.971912 0.154971 0.956428 0.182018 0.947425 0.176535
9 0.544472 0.456506 0.551314 0.464912 0.526107 0.488304 0.517825 0.480263
9 0.492618 0.388158 0.49946 0.39693 0.469932 0.422149 0.46273 0.413377
9 0.472092 0.425073 0.478574 0.434942 0.451566 0.457602 0.442564 0.449196
9 0.504501 0.412281 0.510983 0.421784 0.482175 0.445541 0.474613 0.437865
9 0.486136 0.44152 0.492618 0.449927 0.46417 0.474415 0.455888 0.466009
9 0.527908 0.432749 0.53511 0.44152 0.507382 0.46674 0.4991 0.457968
9 0.503061 0.468567 0.509183 0.476974 0.481095 0.498173 0.474613 0.490132
9 0.509183 0.476243 0.515304 0.484284 0.489017 0.506579 0.480735 0.498173
9 0.546633 0.490863 0.553475 0.5 0.516745 0.531433 0.508462 0.523026
10 0.384228 0.694444 0.379546 0.690058 0.389989 0.681287 0.394671 0.687135
9 0.553835 0.501462 0.561397 0.510599 0.523947 0.545322 0.516024 0.536915
9 0.551674 0.526681 0.558156 0.535819 0.532229 0.559576 0.523947 0.55117
9 0.578322 0.541301 0.585524 0.551901 0.553115 0.578947 0.545553 0.570175
9 0.592726 0.563596 0.599568 0.572734 0.568959 0.601974 0.560677 0.593567
9 0.602449 0.626096 0.610011 0.62098 0.631257 0.64693 0.624055 0.653509
9 0.608931 0.619152 0.616133 0.61367 0.637378 0.641082 0.630897 0.645833
9 0.616133 0.61367 0.623695 0.608553 0.645301 0.634868 0.637739 0.640716
9 0.458408 0.411915 0.46561 0.420687 0.438963 0.445541 0.430681 0.437865
9 0.453367 0.403874 0.459849 0.413012 0.431041 0.438596 0.423118 0.429459
9 0.5009 0.341374 0.508822 0.351243 0.481455 0.376096 0.472092 0.367325
9 0.481095 0.306287 0.488297 0.315789 0.459849 0.340278 0.451206 0.331871
10 0.379546 0.666301 0.383867 0.67288 0.371624 0.68348 0.366583 0.677266
10 0.332013 0.694444 0.326972 0.688596 0.338495 0.679094 0.342816 0.684576
10 0.306806 0.648757 0.311847 0.654971 0.294562 0.670687 0.288441 0.665205
10 0.374865 0.604167 0.379546 0.609284 0.368383 0.619518 0.362982 0.614401
10 0.28412 0.633772 0.277998 0.637792 0.266835 0.623173 0.274037 0.618421
10 0.297443 0.600512 0.304645 0.596491 0.314368 0.610746 0.307166 0.615497
10 0.348578 0.456871 0.353619 0.463085 0.341376 0.472588 0.335974 0.46674
10 0.338495 0.445906 0.342816 0.452485 0.332013 0.461257 0.326611 0.455775
9 0.315808 0.210161 0.311127 0.201389 0.337054 0.187135 0.341736 0.196272
10 0.474253 0.234284 0.469211 0.229532 0.481095 0.219298 0.486496 0.224781
10 0.533309 0.187135 0.527188 0.181287 0.540151 0.169225 0.545553 0.175804
9 0.415196 0.311769 0.407994 0.302997 0.437162 0.278874 0.443644 0.287281
9 0.396471 0.337719 0.403313 0.347588 0.375225 0.370614 0.367303 0.362573
9 0.409795 0.352339 0.416637 0.361477 0.387468 0.385599 0.380266 0.378289
9 0.415196 0.36038 0.422398 0.369152 0.396111 0.394371 0.387468 0.38633
9 0.635578 0.593933 0.644941 0.586257 0.665466 0.614766 0.656824 0.621711
9 0.655384 0.578582 0.664026 0.572368 0.684912 0.598684 0.67807 0.605629
9 0.664026 0.571272 0.674109 0.564693 0.694274 0.590643 0.686712 0.598319
10 0.627296 0.484649 0.633417 0.480629 0.64278 0.493787 0.637739 0.498173
10 0.633057 0.479532 0.638819 0.475512 0.647461 0.487939 0.64278 0.492325
10 0.639179 0.474781 0.645301 0.47076 0.653943 0.483187 0.649262 0.487573
10 0.663666 0.497076 0.657904 0.501096 0.648542 0.487939 0.654663 0.483553
10 0.645301 0.470029 0.651422 0.465643 0.659705 0.477339 0.654663 0.481725
10 0.669788 0.491959 0.664026 0.495614 0.653943 0.482091 0.660425 0.477705
10 0.651422 0.464547 0.657544 0.460161 0.665826 0.471126 0.660425 0.475512
10 0.675909 0.484649 0.670508 0.489401 0.659345 0.475512 0.665826 0.471491
10 0.682031 0.479898 0.676629 0.484284 0.666187 0.47076 0.671948 0.46674
10 0.656824 0.459064 0.663666 0.454313 0.671948 0.46674 0.666547 0.471126
10 0.664026 0.454313 0.669788 0.450658 0.67879 0.462719 0.672668 0.467105
10 0.688153 0.474781 0.682391 0.479167 0.673389 0.466374 0.67951 0.462354
10 0.667987 0.44883 0.674109 0.44481 0.683111 0.456871 0.67771 0.460526
10 0.67807 0.460526 0.684192 0.456871 0.691754 0.468567 0.686352 0.472588
10 0.673749 0.443713 0.68023 0.439327 0.689233 0.451389 0.683471 0.45614
10 0.683471 0.45614 0.689593 0.451389 0.698596 0.464181 0.693194 0.468933
10 0.637739 0.498538 0.64314 0.493787 0.652863 0.506213 0.647101 0.510599
10 0.646381 0.51133 0.6417 0.514985 0.630897 0.502558 0.636658 0.498173
9 0.581923 0.443713 0.590205 0.451389 0.568239 0.479532 0.557436 0.471491
10 0.622974 0.490863 0.628016 0.487208 0.635938 0.497076 0.631257 0.501462
9 0.669427 0.422149 0.662586 0.413743 0.689953 0.391082 0.696075 0.399488
10 0.529708 0.323099 0.53547 0.318348 0.546273 0.330409 0.540871 0.335892
10 0.540151 0.204313 0.544833 0.210526 0.532589 0.220395 0.527188 0.214547
10 0.603169 0.153509 0.60821 0.159722 0.595967 0.170322 0.590205 0.163743
10 0.637018 0.0204678 0.64314 0.0153509 0.652503 0.0259503 0.646741 0.0317982
9 0.662225 0.210161 0.669788 0.218933 0.64206 0.245249 0.633417 0.236842
9 0.696435 0.260599 0.685632 0.258772 0.690673 0.224781 0.701837 0.226974
9 0.650342 0.263889 0.64314 0.255482 0.670868 0.233553 0.676629 0.242325
10 0.662946 0.239766 0.657544 0.233553 0.669788 0.222222 0.674829 0.229167
10 0.653583 0.274123 0.647821 0.266813 0.661505 0.255848 0.666547 0.262427
9 0.662225 0.277412 0.655384 0.270102 0.67915 0.248538 0.686352 0.258772
9 0.711199 0.32712 0.703277 0.33443 0.680591 0.306652 0.690673 0.299342
10 0.630537 0.532895 0.627296 0.52595 0.64242 0.519371 0.644941 0.526316
10 0.647101 0.533626 0.652503 0.52924 0.662586 0.542763 0.657184 0.546784
10 0.616133 0.49598 0.622614 0.491959 0.630537 0.504386 0.625495 0.508406
10 0.408714 0.714547 0.402953 0.709795 0.414116 0.699927 0.418797 0.705409
10 0.0943464 0.984284 0.0882247 0.982822 0.0918257 0.968202 0.0979474 0.969664
10 0.705798 0.459795 0.699676 0.464547 0.689953 0.451389 0.696075 0.446272
9 0.111991 0.492325 0.104789 0.498904 0.0669788 0.455775 0.074901 0.448099
10 0.0360101 0.418129 0.0374505 0.425073 0.0223263 0.427997 0.0212459 0.421053
9 0.0713 0.425073 0.0669788 0.415936 0.0986676 0.405336 0.102269 0.415936
9 0.109111 0.413012 0.10587 0.406067 0.128196 0.398392 0.131077 0.405702
10 0.205618 0.326389 0.200576 0.320175 0.21534 0.309576 0.219662 0.316155
10 0.126395 0.479167 0.131437 0.484284 0.121354 0.495249 0.115592 0.490132
9 0.225063 0.441886 0.230465 0.449196 0.205978 0.46674 0.200216 0.458699
10 0.194454 0.445541 0.198416 0.451754 0.188333 0.458333 0.183651 0.452851
9 0.10695 0.502193 0.114152 0.495614 0.125315 0.507675 0.118473 0.513523
10 0.110911 0.995249 0.104429 0.994152 0.10767 0.979898 0.113792 0.981725
10 0.0698596 0.49269 0.0637378 0.49598 0.0554555 0.483553 0.0619373 0.479167
10 0.0316889 0.515716 0.024847 0.516813 0.021606 0.501827 0.0280879 0.500365
10 0.0147641 0.510234 0.00756212 0.512061 0.00396111 0.498173 0.0115232 0.496345
10 0.018005 0.52595 0.0115232 0.528143 0.00756212 0.513523 0.014404 0.511696
10 0.021606 0.542032 0.0151242 0.54386 0.0118833 0.52924 0.0187252 0.527412
10 0.0266475 0.556652 0.0190853 0.558114 0.0158444 0.54386 0.0226864 0.542032
10 0.0291682 0.572368 0.0223263 0.574196 0.0187252 0.559942 0.0259273 0.558114
10 0.0363702 0.402047 0.0381707 0.409722 0.0201656 0.412646 0.0183651 0.404971
2 0.101548 0.34905 0.125675 0.34905 0.125675 0.364035 0.101548 0.364035
2 0.114152 0.342836 0.139719 0.342836 0.139719 0.357822 0.114152 0.357822
2 0.126035 0.335892 0.153403 0.335892 0.153403 0.351608 0.126035 0.351608
10 0.186892 0.0519006 0.183291 0.0453216 0.198055 0.0394737 0.200936 0.0467836
9 0.0885848 0.24269 0.0846237 0.232822 0.114512 0.221491 0.117753 0.230263
9 0.0853439 0.256944 0.0806626 0.247442 0.109831 0.23538 0.113072 0.243787
9 0.0720202 0.260599 0.0615772 0.263523 0.0554555 0.239766 0.0655384 0.236477
9 0.0622974 0.269371 0.0511343 0.271564 0.0446525 0.242325 0.0550954 0.239401
10 0.0338495 0.261696 0.0291682 0.255848 0.0414116 0.245614 0.0460929 0.251096
10 0.039251 0.280702 0.0334894 0.278509 0.0414116 0.264985 0.0475333 0.268275
9 0.205618 0.267178 0.200216 0.258041 0.229024 0.243421 0.233705 0.252193
9 0.167447 0.285819 0.162045 0.276681 0.188693 0.262061 0.193374 0.270468
9 0.136838 0.300804 0.132517 0.292398 0.159525 0.278143 0.163846 0.287646
9 0.10587 0.318348 0.101188 0.309211 0.128196 0.295687 0.132517 0.304459
9 0.0731005 0.333699 0.0691394 0.325292 0.0957868 0.311769 0.101188 0.321637
9 0.0424919 0.346857 0.0388909 0.338085 0.0651782 0.325658 0.0698596 0.334795
9 0.264674 0.294956 0.259993 0.289474 0.275117 0.277778 0.279798 0.285453
9 0.123154 0.332237 0.118473 0.324196 0.145121 0.310307 0.149802 0.318713
10 0.0482535 0.58845 0.0410515 0.590278 0.0367303 0.573465 0.0435722 0.571637
10 0.0396111 0.615132 0.0338495 0.616959 0.0298884 0.602339 0.0363702 0.601243
10 0.0640979 0.652412 0.0576161 0.654605 0.0532949 0.638523 0.0597767 0.636696
9 0.234426 0.898392 0.223983 0.89693 0.226503 0.871345 0.236586 0.872442
9 0.293842 0.884137 0.28592 0.890716 0.260713 0.861842 0.268995 0.855629
9 0.244508 0.79057 0.236586 0.797515 0.212459 0.771199 0.222542 0.762792
9 0.276918 0.762427 0.268995 0.769006 0.246669 0.74269 0.253871 0.736111
9 0.287 0.756579 0.279438 0.762792 0.257832 0.739035 0.266475 0.733187
9 0.341376 0.767178 0.332373 0.772661 0.31977 0.754386 0.329132 0.749269
10 0.348578 0.749269 0.354339 0.752558 0.346777 0.766082 0.341376 0.762427
9 0.351458 0.83443 0.343536 0.840643 0.323371 0.815058 0.333093 0.808114
9 0.341736 0.840278 0.334534 0.847588 0.313288 0.823465 0.323371 0.815789
9 0.334174 0.84905 0.325531 0.854898 0.305005 0.830409 0.314008 0.823465
9 0.324451 0.854532 0.317969 0.860015 0.301404 0.842105 0.308967 0.836623
9 0.317969 0.861842 0.310767 0.869152 0.2852 0.839181 0.294923 0.83114
9 0.310407 0.869883 0.302845 0.876096 0.276918 0.846491 0.28484 0.840278
9 0.301044 0.876096 0.294562 0.882675 0.275117 0.861111 0.281959 0.855629
9 0.167447 0.975146 0.17753 0.970395 0.191934 0.998538 0.18005 1
10 0.111991 0.959064 0.119914 0.961988 0.115232 0.97807 0.10767 0.976243
9 0.245949 0.90095 0.234066 0.899123 0.236586 0.871345 0.24883 0.872442
9 0.21498 0.871345 0.225423 0.872807 0.223263 0.899123 0.212459 0.897295
10 0.0331293 0.671418 0.0262874 0.669225 0.0298884 0.653143 0.0363702 0.654605
9 0.202017 0.897295 0.191934 0.89693 0.193014 0.876827 0.203457 0.877924
10 0.0770616 0.695541 0.0698596 0.697368 0.0662586 0.683114 0.0731005 0.681287
9 0.126395 0.697003 0.120274 0.70212 0.10695 0.684942 0.114152 0.68019
10 0.0277278 0.692251 0.0212459 0.690789 0.0252071 0.675073 0.0316889 0.676535
10 0.0205257 0.721491 0.0136838 0.720395 0.0169247 0.70614 0.0237667 0.706871
10 0.110551 0.723319 0.111991 0.730263 0.0983075 0.734284 0.0957868 0.726974
10 0.114152 0.731725 0.115592 0.739401 0.100828 0.74269 0.0983075 0.735746
10 0.117393 0.748904 0.118473 0.756213 0.105149 0.759503 0.102989 0.752558
10 0.127836 0.788743 0.130717 0.796053 0.118833 0.801901 0.114872 0.794956
10 0.115232 0.823099 0.109471 0.825658 0.103349 0.812135 0.109111 0.809942
10 0.14116 0.807018 0.146201 0.813596 0.133958 0.823099 0.128196 0.81652
9 0.145481 0.833333 0.153043 0.828216 0.163846 0.844664 0.157004 0.849415
9 0.229744 0.834064 0.235506 0.830044 0.244148 0.842471 0.238747 0.846491
10 0.10839 0.899854 0.115232 0.901681 0.111991 0.915936 0.105149 0.915205
9 0.102629 0.952851 0.0950666 0.951389 0.0993878 0.934211 0.10695 0.936769
10 0.117393 0.933114 0.125675 0.935673 0.121354 0.95212 0.113432 0.950658
10 0.68023 0.438962 0.686352 0.434211 0.695355 0.445906 0.689233 0.450658
10 0.685992 0.433114 0.692114 0.429094 0.700396 0.440789 0.694995 0.445541
9 0.943104 0.139254 0.952467 0.146199 0.934462 0.171418 0.924739 0.165936
10 0.830393 0.447734 0.836514 0.443348 0.845157 0.455409 0.840115 0.45943
10 0.799064 0.472588 0.805185 0.468202 0.815628 0.480994 0.809507 0.485746
10 0.805185 0.46674 0.811307 0.463085 0.819589 0.475512 0.813828 0.479167
10 0.810587 0.460526 0.815988 0.456506 0.826792 0.470029 0.82103 0.474415
10 0.815988 0.455409 0.82247 0.451023 0.833273 0.465643 0.827512 0.469298
10 0.827152 0.4375 0.831833 0.44481 0.81995 0.452485 0.814548 0.445175
10 0.823551 0.451023 0.829672 0.447003 0.839395 0.459795 0.833633 0.464181
10 0.840475 0.428363 0.845517 0.435307 0.834354 0.444079 0.828952 0.438231
10 0.835794 0.441886 0.841196 0.437865 0.850558 0.449927 0.844797 0.453947
10 0.833633 0.41886 0.827872 0.422515 0.818869 0.408626 0.824991 0.405336
10 0.841556 0.4375 0.846237 0.434211 0.855239 0.443713 0.850558 0.448465
9 0.780699 0.520833 0.7861 0.527047 0.768095 0.543494 0.762333 0.538012
9 0.759453 0.336257 0.75153 0.344298 0.727404 0.316886 0.737126 0.308845
9 0.799424 0.33114 0.791142 0.337719 0.768455 0.310673 0.777818 0.303728
9 0.725963 0.0157164 0.731725 0.0244883 0.707958 0.0445906 0.700756 0.0358187
9 0.738567 0.971857 0.733165 0.975146 0.723443 0.961257 0.729204 0.956871
9 0.837595 0.974781 0.843716 0.97076 0.851278 0.983187 0.846237 0.986842
10 0.792942 0.476974 0.798704 0.472588 0.808066 0.484284 0.803025 0.489035
10 0.78718 0.482822 0.792942 0.47807 0.803385 0.491228 0.798344 0.49598
10 0.781779 0.487573 0.787541 0.482822 0.797983 0.495249 0.792942 0.499635
10 0.776737 0.492325 0.782139 0.488304 0.790781 0.500731 0.78502 0.504386
10 0.687072 0.567982 0.692474 0.563596 0.702917 0.57712 0.698236 0.581506
10 0.692114 0.563231 0.698596 0.557018 0.709039 0.571272 0.703637 0.57712
10 0.698236 0.557018 0.703997 0.552632 0.71444 0.56652 0.709399 0.571272
10 0.702917 0.551901 0.710479 0.547149 0.719842 0.560307 0.71444 0.565789
10 0.709399 0.546418 0.71552 0.542032 0.725243 0.555921 0.720202 0.560307
10 0.716961 0.542763 0.722722 0.539108 0.733525 0.552266 0.727764 0.556652
10 0.723082 0.539108 0.729204 0.534357 0.738567 0.547149 0.733525 0.551535
10 0.727404 0.532895 0.733525 0.527412 0.744689 0.542398 0.739647 0.547149
10 0.734246 0.528509 0.740727 0.524123 0.75009 0.536915 0.744328 0.542032
10 0.737126 0.520833 0.743608 0.515716 0.755492 0.530336 0.74973 0.535819
10 0.744689 0.515716 0.75117 0.510599 0.761613 0.524854 0.756572 0.529605
10 0.75117 0.511696 0.757292 0.50731 0.767015 0.520468 0.761973 0.525219
10 0.757652 0.50731 0.763774 0.502558 0.773136 0.516082 0.767735 0.520833
10 0.762333 0.501096 0.768815 0.49598 0.778538 0.509503 0.772776 0.514254
10 0.770256 0.497076 0.776737 0.493421 0.78538 0.505848 0.779258 0.510234
9 0.896651 0.923977 0.902413 0.919225 0.911775 0.931287 0.906374 0.935307
9 0.901692 0.914474 0.907814 0.909357 0.916817 0.921418 0.911775 0.926535
9 0.92942 0.91155 0.924379 0.915936 0.913216 0.903143 0.918977 0.898392
10 0.861721 0.235015 0.867123 0.243056 0.851278 0.254751 0.845517 0.248538
10 0.842636 0.241228 0.837595 0.235015 0.848037 0.226608 0.852359 0.232456
10 0.837595 0.235015 0.832553 0.229167 0.844797 0.218933 0.849838 0.224415
10 0.840835 0.210892 0.846597 0.217836 0.829672 0.232091 0.82319 0.225146
10 0.835794 0.20614 0.840115 0.212719 0.825711 0.224415 0.82031 0.218933
10 0.828232 0.201754 0.833273 0.208699 0.82067 0.219298 0.814908 0.213085
10 0.816709 0.211988 0.810587 0.207602 0.825351 0.192617 0.831473 0.199196
10 0.78394 0.101243 0.792582 0.104167 0.787901 0.121345 0.779618 0.118787
10 0.842636 0.064693 0.847317 0.0701754 0.834354 0.0804094 0.829312 0.0741959
10 0.847317 0.0705409 0.851638 0.0774854 0.838315 0.0862573 0.833633 0.0804094
10 0.850198 0.0793129 0.853799 0.0847953 0.842996 0.0924708 0.838675 0.0866228
10 0.854879 0.0844298 0.85884 0.0921053 0.847317 0.0994152 0.842636 0.0932018
10 0.861721 0.0902778 0.865682 0.0979532 0.850918 0.10636 0.846597 0.0994152
9 0.900612 0.117325 0.909615 0.123538 0.894851 0.15095 0.885128 0.145833
9 0.92942 0.134137 0.938063 0.13962 0.924019 0.167032 0.914656 0.162281
9 0.953187 0.144737 0.962189 0.149854 0.946345 0.177632 0.936262 0.172515
10 0.85596 0.229532 0.861001 0.236477 0.846597 0.247076 0.841196 0.241228
10 0.868563 0.241228 0.872884 0.248904 0.85632 0.260965 0.850918 0.253655
9 0.933021 0.904605 0.92834 0.907895 0.919698 0.897661 0.924379 0.89364
10 0.871804 0.249635 0.876485 0.255482 0.863162 0.265351 0.85848 0.259503
9 0.842276 0.429825 0.849478 0.424342 0.873605 0.449927 0.866403 0.45614
9 0.850558 0.423611 0.85776 0.417032 0.881527 0.442982 0.873605 0.449561
9 0.85704 0.416667 0.865322 0.409722 0.890529 0.433845 0.881527 0.44152
9 0.845517 0.343567 0.852719 0.337719 0.878286 0.361111 0.871444 0.368421
9 0.852359 0.336623 0.859201 0.330775 0.883327 0.353436 0.877566 0.36038
9 0.85812 0.328947 0.865322 0.322368 0.89269 0.346126 0.886208 0.354167
9 0.918617 0.32712 0.926179 0.336257 0.898091 0.361111 0.889809 0.353436
10 0.868203 0.304094 0.872884 0.309211 0.863882 0.318348 0.859201 0.313231
10 0.85596 0.315058 0.851278 0.309211 0.861001 0.300073 0.866042 0.305921
10 0.85776 0.315058 0.854879 0.322368 0.841916 0.315789 0.844436 0.307749
10 0.847677 0.310307 0.841916 0.304459 0.85704 0.290936 0.862441 0.29788
10 0.89305 0.30519 0.886568 0.300073 0.899892 0.283626 0.906374 0.289839
10 0.89233 0.270468 0.897371 0.278143 0.882247 0.291301 0.876125 0.284357
10 0.885848 0.266447 0.890169 0.272295 0.878646 0.282895 0.873605 0.277047
10 0.879006 0.253655 0.883327 0.26133 0.867483 0.273392 0.861361 0.266082
10 0.682031 0.572734 0.687793 0.568713 0.697515 0.581506 0.692114 0.585892
10 0.827872 0.423977 0.82211 0.427997 0.812387 0.414108 0.818509 0.410088
10 0.711559 0.454313 0.705438 0.458699 0.695355 0.445175 0.701837 0.440424
10 0.665106 0.516813 0.671948 0.513158 0.67951 0.524854 0.674109 0.52924
10 0.747569 0.383772 0.754051 0.379751 0.761973 0.391447 0.755492 0.395833
10 0.753331 0.378655 0.759453 0.374635 0.766655 0.384503 0.760893 0.38962
10 0.776737 0.396564 0.770976 0.401316 0.760893 0.38962 0.767375 0.384503
10 0.67843 0.548977 0.673389 0.552997 0.664026 0.541667 0.669427 0.536915
10 0.653223 0.52924 0.659345 0.524854 0.667627 0.536915 0.661865 0.540936
10 0.657544 0.523026 0.665106 0.517909 0.674109 0.530336 0.668347 0.535453
10 0.684552 0.543494 0.67879 0.548611 0.667987 0.535819 0.673749 0.530702
10 0.690313 0.538743 0.685272 0.542763 0.674829 0.529971 0.680591 0.525585
10 0.831473 0.401316 0.825351 0.405702 0.814188 0.391447 0.82103 0.387427
10 0.671588 0.513523 0.67735 0.509503 0.685992 0.520468 0.680951 0.524854
10 0.696795 0.53326 0.692114 0.538012 0.680591 0.524488 0.686352 0.520102
10 0.676269 0.508406 0.683111 0.503655 0.692114 0.516082 0.687072 0.521199
10 0.704357 0.527412 0.698596 0.532164 0.688153 0.519371 0.693194 0.51462
10 0.682391 0.502558 0.688513 0.498538 0.696435 0.510599 0.691033 0.514254
10 0.686712 0.49598 0.693194 0.491959 0.702557 0.505117 0.697155 0.509503
10 0.71336 0.517909 0.708318 0.522295 0.697875 0.509137 0.703637 0.504386
10 0.771696 0.403143 0.765574 0.407529 0.756212 0.395833 0.762333 0.391447
10 0.764854 0.407164 0.760173 0.411915 0.74973 0.400585 0.755852 0.395833
10 0.739647 0.387792 0.745769 0.383772 0.754051 0.394737 0.74937 0.399854
10 0.758372 0.413012 0.752611 0.417398 0.742528 0.404605 0.74865 0.400219
10 0.690673 0.427997 0.697515 0.423611 0.707598 0.436404 0.701837 0.44152
10 0.717321 0.44883 0.711199 0.453947 0.701476 0.440424 0.707598 0.436404
10 0.697875 0.423246 0.703997 0.419225 0.713 0.431287 0.707238 0.436038
10 0.722362 0.443713 0.717321 0.448099 0.707238 0.436038 0.713 0.431287
10 0.703277 0.41886 0.709399 0.413743 0.719842 0.426535 0.71372 0.431652
10 0.728484 0.439327 0.723082 0.443713 0.71372 0.431287 0.720202 0.426901
10 0.708678 0.413012 0.71516 0.408626 0.724523 0.421418 0.719121 0.425804
10 0.734966 0.434576 0.729564 0.439693 0.719481 0.42617 0.725243 0.421784
10 0.71516 0.40826 0.720922 0.403509 0.731365 0.415936 0.725963 0.421418
10 0.741448 0.428363 0.735326 0.433845 0.725243 0.421418 0.731365 0.416667
10 0.720562 0.402412 0.727404 0.398026 0.737126 0.410453 0.731725 0.415205
10 0.747209 0.423977 0.741448 0.429094 0.732445 0.416301 0.738567 0.412281
10 0.726683 0.397295 0.732445 0.392544 0.743248 0.405336 0.737847 0.410819
10 0.737847 0.410453 0.743608 0.406067 0.752611 0.417763 0.746849 0.423611
10 0.733885 0.394006 0.739647 0.38962 0.74829 0.399854 0.743248 0.405336
10 0.693194 0.491228 0.699316 0.486842 0.709399 0.500731 0.703637 0.505117
10 0.720562 0.513158 0.71444 0.518275 0.703997 0.504751 0.709039 0.5
10 0.700036 0.486111 0.705438 0.482822 0.71444 0.494883 0.709759 0.499635
10 0.780338 0.463816 0.774577 0.468567 0.764134 0.455044 0.769896 0.450658
10 0.7843 0.457968 0.779258 0.461988 0.770616 0.450658 0.776377 0.446272
10 0.765934 0.432018 0.771336 0.428363 0.781419 0.440424 0.776377 0.444444
10 0.791142 0.453582 0.78574 0.457602 0.776017 0.44481 0.781779 0.440789
10 0.772416 0.426901 0.778178 0.422149 0.788261 0.435307 0.782499 0.439693
10 0.776737 0.419225 0.783219 0.41557 0.791862 0.429459 0.78682 0.43348
10 0.797623 0.449561 0.791502 0.453216 0.782139 0.439693 0.787901 0.435673
10 0.804105 0.443713 0.797983 0.448099 0.788261 0.435307 0.794382 0.430921
10 0.782859 0.414474 0.788981 0.410819 0.798704 0.423977 0.793302 0.427997
10 0.809147 0.4375 0.803385 0.44152 0.794022 0.429094 0.799784 0.424708
10 0.789701 0.409722 0.795823 0.406067 0.804465 0.41886 0.798344 0.422515
10 0.815628 0.433114 0.809507 0.4375 0.799784 0.423977 0.806266 0.419956
10 0.796543 0.407529 0.802305 0.403143 0.810587 0.413377 0.805546 0.417763
10 0.819589 0.426901 0.814908 0.430921 0.806986 0.420322 0.813108 0.416301
10 0.801945 0.401316 0.807346 0.397295 0.813828 0.406433 0.808786 0.410453
10 0.807346 0.396564 0.813828 0.392544 0.82319 0.405336 0.817789 0.410453
10 0.761973 0.439693 0.768095 0.435673 0.775657 0.446637 0.769896 0.451389
10 0.754771 0.443713 0.760173 0.439693 0.769535 0.450292 0.764494 0.454678
10 0.724883 0.507675 0.719481 0.511696 0.710119 0.5 0.71552 0.495614
10 0.773136 0.468202 0.767375 0.472953 0.758372 0.460161 0.764134 0.45614
10 0.704717 0.48136 0.711559 0.477339 0.720922 0.490497 0.71552 0.494518
10 0.730645 0.502193 0.725603 0.506944 0.716241 0.494518 0.721282 0.490132
10 0.711559 0.476608 0.717321 0.472588 0.726323 0.485015 0.721282 0.489401
10 0.736766 0.497807 0.731725 0.502558 0.720922 0.489401 0.727404 0.484649
10 0.718041 0.472953 0.723443 0.467836 0.734246 0.480994 0.728844 0.486842
10 0.744328 0.493787 0.737847 0.498904 0.728484 0.486111 0.734246 0.481725
10 0.723803 0.468202 0.730284 0.463816 0.740367 0.476608 0.735326 0.48136
10 0.75081 0.490497 0.744328 0.493787 0.735686 0.480263 0.741448 0.476608
10 0.729924 0.463085 0.736046 0.459064 0.745409 0.47076 0.740007 0.475512
10 0.740367 0.475146 0.746489 0.470395 0.756572 0.482456 0.75045 0.487573
10 0.735686 0.457237 0.742168 0.452485 0.752251 0.465643 0.746849 0.470029
10 0.761253 0.477705 0.756212 0.481725 0.747569 0.47076 0.753331 0.46674
10 0.742888 0.451754 0.74865 0.448099 0.757652 0.460892 0.752251 0.464547
10 0.767015 0.473684 0.761973 0.477705 0.751891 0.465643 0.758012 0.461257
10 0.74937 0.448099 0.754411 0.44481 0.762694 0.455775 0.757652 0.460161
10 0.181131 0.0413012 0.17753 0.0343567 0.192294 0.0266813 0.195895 0.0336257
