10 0.15362 0.920899 0.148728 0.918124 0.157534 0.913683 0.161448 0.916181
4 0.451566 0.755482 0.493151 0.747433 0.522016 0.797391 0.480431 0.805995
10 0.409002 0.809881 0.407045 0.806273 0.421233 0.804052 0.42319 0.807105
10 0.414384 0.792118 0.417319 0.796558 0.401663 0.799611 0.398728 0.795171
10 0.387965 0.759367 0.394814 0.758257 0.399217 0.767971 0.392857 0.769359
4 0.752446 0.219539 0.796477 0.217596 0.804305 0.270053 0.760763 0.272828
4 0.561644 0.735498 0.603229 0.728004 0.632094 0.77713 0.59002 0.785457
4 0.505382 0.745212 0.547456 0.737441 0.57681 0.787399 0.535225 0.795726
4 0.603718 0.807105 0.645303 0.799334 0.674168 0.849847 0.632094 0.857896
10 0.479941 0.903414 0.482877 0.907577 0.466732 0.910908 0.464286 0.906467
4 0.547945 0.817652 0.58953 0.810158 0.618395 0.859561 0.57681 0.868165
4 0.492661 0.827921 0.534247 0.819872 0.56409 0.869553 0.522016 0.878157
13 0.348337 0.683597 0.549902 0.645296 0.579256 0.693589 0.376712 0.732445
13 0.264188 0.540661 0.466732 0.502082 0.496575 0.550652 0.292564 0.589509
13 0.502446 0.483764 0.73728 0.438801 0.861057 0.653344 0.625734 0.696642
13 0.316536 0.152373 0.580724 0.157924 0.568982 0.379129 0.304795 0.374688
10 0.398239 0.801277 0.401174 0.805717 0.387476 0.808215 0.38454 0.80433
10 0.383562 0.988621 0.3909 0.98751 0.394325 0.996947 0.386986 0.99778
10 0.141389 0.913128 0.136008 0.909797 0.146282 0.904802 0.151174 0.907855
10 0.80773 0.721343 0.799902 0.722731 0.794031 0.714127 0.80137 0.712739
10 0.13454 0.345545 0.140411 0.34499 0.141879 0.353872 0.136008 0.354427
10 0.117417 0.290591 0.124266 0.290036 0.127202 0.299195 0.119863 0.300028
10 0.905088 0.932834 0.901174 0.935887 0.888943 0.930613 0.893346 0.927283
10 0.958904 0.875382 0.960372 0.871496 0.975049 0.873161 0.973581 0.877047
10 0.768591 0.706633 0.761252 0.707744 0.755382 0.698307 0.761742 0.696364
10 0.795499 0.701638 0.78816 0.70247 0.7818 0.692756 0.790117 0.691091
10 0.799902 0.739939 0.806262 0.738829 0.810176 0.7466 0.803816 0.74771
9 0.159002 0.966417 0.150196 0.967527 0.143346 0.955037 0.151663 0.953927
10 0.7818 0.716347 0.787671 0.714682 0.794031 0.723009 0.787671 0.724674
10 0.800881 0.688315 0.807241 0.687205 0.813112 0.696919 0.806751 0.698585
10 0.812622 0.954482 0.809198 0.957535 0.79501 0.95254 0.797456 0.949487
10 0.893836 0.941993 0.8909 0.944768 0.879159 0.94005 0.882583 0.937274
10 0.841977 0.949764 0.848826 0.949764 0.847847 0.959478 0.840509 0.959201
10 0.29501 0.964197 0.29501 0.961143 0.308708 0.960588 0.309198 0.963919
6 0.276908 0.0785457 0.622798 0.0788232 0.606654 0.457397 0.261742 0.451291
