10 0.575413 0.168539 0.575413 0.151685 0.600207 0.14794 0.600207 0.164794
10 0.0216942 0.0131086 0.035124 0.0131086 0.0330579 0.0617978 0.0206612 0.0599251
9 0.754132 0.554307 0.754132 0.574906 0.708678 0.574906 0.707645 0.554307
9 0.753099 0.479401 0.753099 0.5 0.709711 0.498127 0.708678 0.475655
9 0.880165 0.659176 0.880165 0.681648 0.833678 0.681648 0.832645 0.662921
9 0.754132 0.449438 0.754132 0.47191 0.709711 0.470037 0.708678 0.451311
9 0.759298 0.376404 0.759298 0.398876 0.715909 0.395131 0.715909 0.374532
9 0.762397 0.350187 0.761364 0.372659 0.716942 0.368914 0.716942 0.348315
9 0.751033 0.322097 0.75 0.344569 0.710744 0.342697 0.710744 0.320225
9 0.758264 0.273408 0.758264 0.297753 0.714876 0.29588 0.714876 0.273408
9 0.755165 0.168539 0.755165 0.187266 0.711777 0.187266 0.71281 0.166667
9 0.758264 0.142322 0.758264 0.166667 0.716942 0.162921 0.716942 0.140449
9 0.758264 0.117978 0.758264 0.140449 0.710744 0.138577 0.710744 0.114232
10 0.241736 0.116105 0.248967 0.131086 0.23657 0.151685 0.230372 0.140449
10 0.241736 0.353933 0.247934 0.367041 0.233471 0.391386 0.227273 0.376404
10 0.240702 0.146067 0.248967 0.159176 0.238636 0.181648 0.230372 0.172285
10 0.269628 0.140449 0.269628 0.159176 0.254132 0.162921 0.253099 0.142322
10 0.272727 0.106742 0.272727 0.123596 0.255165 0.123596 0.254132 0.106742
10 0.256198 0.0861423 0.255165 0.0692884 0.271694 0.0674157 0.271694 0.0861423
10 0.256198 0.106742 0.255165 0.0861423 0.270661 0.0842697 0.271694 0.104869
10 0.275826 0.161049 0.27686 0.181648 0.254132 0.183521 0.252066 0.162921
10 0.270661 0.181648 0.271694 0.200375 0.255165 0.202247 0.253099 0.183521
10 0.243802 0.245318 0.248967 0.262172 0.235537 0.280899 0.229339 0.265918
10 0.275826 0.252809 0.275826 0.271536 0.255165 0.269663 0.255165 0.250936
10 0.274793 0.290262 0.274793 0.308989 0.254132 0.307116 0.253099 0.28839
10 0.241736 0.29588 0.247934 0.310861 0.235537 0.335206 0.229339 0.320225
9 0.754132 0.606742 0.754132 0.627341 0.708678 0.627341 0.708678 0.606742
9 0.744835 0.631086 0.745868 0.651685 0.711777 0.651685 0.710744 0.632959
9 0.691116 0.269663 0.691116 0.292135 0.649793 0.290262 0.64876 0.26779
9 0.690083 0.29588 0.690083 0.318352 0.65186 0.318352 0.650826 0.29588
9 0.15186 0.183521 0.16219 0.183521 0.161157 0.264045 0.150826 0.264045
9 0.126033 0.368914 0.140496 0.363296 0.145661 0.438202 0.132231 0.44382
9 0.150826 0.357678 0.160124 0.357678 0.159091 0.438202 0.149793 0.438202
9 0.110537 0.449438 0.125 0.449438 0.123967 0.526217 0.108471 0.526217
9 0.316116 0.29588 0.321281 0.277154 0.350207 0.314607 0.345041 0.329588
9 0.333678 0.468165 0.346074 0.468165 0.347107 0.526217 0.334711 0.526217
9 0.394628 0.589888 0.402893 0.610487 0.370868 0.661049 0.36157 0.644195
9 0.402893 0.61236 0.411157 0.627341 0.381198 0.679775 0.373967 0.664794
9 0.422521 0.610487 0.430785 0.627341 0.40186 0.681648 0.394628 0.664794
9 0.447314 0.608614 0.454545 0.625468 0.423554 0.672285 0.416322 0.657303
9 0.482438 0.608614 0.490702 0.625468 0.460744 0.677903 0.452479 0.661049
9 0.688017 0.627341 0.688017 0.64794 0.647727 0.64794 0.646694 0.625468
9 0.681818 0.604869 0.681818 0.621723 0.649793 0.623596 0.649793 0.604869
9 0.691116 0.558052 0.691116 0.576779 0.649793 0.576779 0.649793 0.554307
9 0.68905 0.52809 0.68905 0.550562 0.646694 0.548689 0.645661 0.526217
9 0.68905 0.475655 0.68905 0.5 0.646694 0.496255 0.646694 0.473783
9 0.688017 0.449438 0.688017 0.47191 0.64876 0.468165 0.64876 0.447566
9 0.688017 0.421348 0.688017 0.445693 0.64876 0.445693 0.647727 0.423221
9 0.691116 0.398876 0.691116 0.419476 0.65186 0.417603 0.650826 0.395131
9 0.690083 0.374532 0.691116 0.395131 0.649793 0.393258 0.64876 0.370787
9 0.572314 0.389513 0.572314 0.411985 0.530992 0.41573 0.529959 0.389513
9 0.572314 0.353933 0.572314 0.376404 0.529959 0.378277 0.529959 0.355805
9 0.691116 0.322097 0.692149 0.344569 0.65186 0.340824 0.650826 0.320225
10 0.241736 0.322097 0.248967 0.335206 0.235537 0.361423 0.228306 0.346442
10 0.241736 0.406367 0.248967 0.423221 0.234504 0.447566 0.227273 0.434457
10 0.680785 0.144195 0.679752 0.162921 0.661157 0.162921 0.660124 0.144195
10 0.990702 0.945693 0.990702 0.964419 0.971074 0.964419 0.970041 0.945693
10 0.475207 0.520599 0.482438 0.509363 0.495868 0.543071 0.487603 0.552434
10 0.510331 0.544944 0.503099 0.55618 0.489669 0.524345 0.496901 0.511236
10 0.517562 0.524345 0.524793 0.509363 0.541322 0.541199 0.534091 0.552434
10 0.533058 0.522472 0.540289 0.505618 0.557851 0.539326 0.549587 0.554307
10 0.543388 0.509363 0.548554 0.490637 0.571281 0.518727 0.565083 0.535581
10 0.802686 0.447566 0.815083 0.445693 0.81405 0.486891 0.802686 0.488764
10 0.719008 0.44382 0.719008 0.423221 0.744835 0.426966 0.743802 0.447566
10 0.804752 0.511236 0.815083 0.509363 0.816116 0.546816 0.805785 0.546816
10 0.941116 0.90824 0.932851 0.906367 0.932851 0.865169 0.942149 0.865169
10 0.945248 0.863296 0.954545 0.865169 0.954545 0.900749 0.946281 0.900749
10 0.96281 0.863296 0.97314 0.863296 0.972107 0.902622 0.963843 0.904494
10 0.81405 0.237828 0.81405 0.219101 0.834711 0.219101 0.835744 0.237828
10 0.303719 0.140449 0.295455 0.140449 0.295455 0.101124 0.303719 0.102996
10 0.834711 0.185393 0.835744 0.202247 0.816116 0.200375 0.816116 0.183521
10 0.815083 0.17603 0.81405 0.157303 0.834711 0.159176 0.835744 0.17603
10 0.818182 0.157303 0.819215 0.142322 0.838843 0.144195 0.83781 0.161049
10 0.818182 0.140449 0.818182 0.123596 0.839876 0.123596 0.839876 0.142322
10 0.623967 0.308989 0.612603 0.305243 0.616736 0.26779 0.627066 0.273408
10 0.657025 0.264045 0.657025 0.243446 0.678719 0.245318 0.678719 0.264045
10 0.719008 0.264045 0.719008 0.243446 0.742769 0.245318 0.742769 0.265918
10 0.719008 0.237828 0.719008 0.213483 0.739669 0.217228 0.739669 0.237828
10 0.655992 0.235955 0.655992 0.215356 0.679752 0.215356 0.679752 0.235955
10 0.659091 0.213483 0.658058 0.192884 0.684917 0.191011 0.684917 0.21161
10 0.661157 0.187266 0.660124 0.166667 0.686983 0.168539 0.68595 0.187266
10 0.463843 0.526217 0.472107 0.513109 0.485537 0.548689 0.478306 0.561798
10 0.350207 0.616105 0.359504 0.625468 0.35124 0.657303 0.340909 0.649813
10 0.366736 0.571161 0.375 0.58427 0.360537 0.617978 0.35124 0.604869
10 0.431818 0.00749064 0.440083 0.00749064 0.440083 0.0468165 0.430785 0.0468165
10 0.31405 0.140449 0.305785 0.140449 0.305785 0.101124 0.31405 0.101124
10 0.317149 0.110487 0.325413 0.110487 0.325413 0.142322 0.317149 0.142322
10 0.338843 0.138577 0.328512 0.140449 0.328512 0.106742 0.33781 0.106742
10 0.242769 0.438202 0.247934 0.449438 0.234504 0.470037 0.228306 0.456929
10 0.242769 0.460674 0.25 0.47191 0.23657 0.501873 0.230372 0.492509
10 0.241736 0.494382 0.248967 0.505618 0.235537 0.529963 0.229339 0.516854
10 0.244835 0.518727 0.25 0.529963 0.238636 0.550562 0.232438 0.541199
10 0.27686 0.458801 0.27686 0.477528 0.255165 0.475655 0.254132 0.456929
10 0.274793 0.496255 0.274793 0.514981 0.255165 0.513109 0.254132 0.496255
10 0.27376 0.513109 0.274793 0.533708 0.253099 0.531835 0.253099 0.513109
10 0.171488 0.565543 0.183884 0.567416 0.182851 0.602996 0.171488 0.602996
10 0.0878099 0.64794 0.0991736 0.64794 0.10124 0.694757 0.089876 0.696629
10 0.0785124 0.651685 0.0878099 0.651685 0.0867769 0.689139 0.0764463 0.687266
10 0.240702 0.548689 0.247934 0.561798 0.234504 0.589888 0.22624 0.576779
10 0.292355 0.314607 0.301653 0.316479 0.301653 0.348315 0.293388 0.348315
10 0.357438 0.00561798 0.367769 0.00749064 0.366736 0.0468165 0.357438 0.0468165
10 0.347107 0.00374532 0.355372 0.00374532 0.355372 0.0411985 0.346074 0.0411985
10 0.367769 0.00749064 0.377066 0.00749064 0.376033 0.0468165 0.367769 0.0468165
10 0.379132 0.00749064 0.38843 0.00749064 0.387397 0.0468165 0.378099 0.0468165
10 0.387397 0.00561798 0.397727 0.00561798 0.396694 0.0430712 0.38843 0.0430712
10 0.39876 0.00561798 0.408058 0.00561798 0.407025 0.0411985 0.39876 0.0411985
10 0.408058 0.00561798 0.417355 0.00561798 0.418388 0.0449438 0.409091 0.0449438
10 0.420455 0.00561798 0.430785 0.00561798 0.429752 0.0468165 0.420455 0.0449438
9 0.119835 0.245318 0.132231 0.243446 0.136364 0.312734 0.123967 0.314607
