2 0.00556328 0.838596 0.122392 0.838596 0.122392 0.961404 0.00556328 0.961404
4 0.549374 0.720468 0.603616 0.705263 0.64395 0.802339 0.586926 0.818713
4 0.468707 0.74386 0.52573 0.727485 0.566064 0.823392 0.510431 0.840936
4 0.388039 0.766082 0.446453 0.750877 0.486787 0.851462 0.431154 0.867836
4 0.310153 0.788304 0.365786 0.77193 0.40751 0.871345 0.351878 0.888889
4 0.229485 0.811696 0.286509 0.795322 0.325452 0.892398 0.269819 0.909942
4 0.47427 0.54152 0.531293 0.525146 0.570236 0.622222 0.514604 0.639766
4 0.394993 0.563743 0.450626 0.547368 0.49096 0.644444 0.435327 0.661988
4 0.315716 0.584795 0.371349 0.569591 0.411683 0.666667 0.354659 0.684211
4 0.236439 0.608187 0.292072 0.591813 0.332406 0.690058 0.276773 0.706433
4 0.401947 0.361404 0.454798 0.345029 0.496523 0.444444 0.442281 0.459649
4 0.32267 0.384795 0.379694 0.367251 0.418637 0.465497 0.361613 0.481871
4 0.243394 0.408187 0.299026 0.390643 0.33936 0.487719 0.283727 0.505263
4 0.164117 0.431579 0.22114 0.414035 0.260083 0.511111 0.204451 0.528655
4 0.0848401 0.452632 0.140473 0.436257 0.180807 0.532164 0.123783 0.549708
