10 0.55239 0.262887 0.542279 0.262887 0.539522 0.240206 0.548713 0.240206
9 0.476103 0.742268 0.467831 0.735052 0.509191 0.670103 0.518382 0.678351
9 0.212316 0.594845 0.220588 0.58866 0.242647 0.635052 0.233456 0.640206
9 0.227022 0.593814 0.234375 0.58866 0.257353 0.634021 0.248162 0.640206
9 0.242647 0.591753 0.25 0.585567 0.272978 0.631959 0.263787 0.638144
9 0.258272 0.591753 0.265625 0.585567 0.288603 0.630928 0.279412 0.638144
9 0.272059 0.58866 0.280331 0.583505 0.303309 0.627835 0.294118 0.634021
9 0.301471 0.586598 0.310662 0.581443 0.332721 0.625773 0.321691 0.634021
9 0.318015 0.586598 0.326287 0.580412 0.347426 0.626804 0.339154 0.631959
9 0.363051 0.623711 0.35386 0.631959 0.331801 0.583505 0.340993 0.57732
9 0.362132 0.583505 0.371324 0.576289 0.394301 0.62268 0.38511 0.628866
9 0.379596 0.581443 0.387868 0.575258 0.409926 0.621649 0.399816 0.627835
9 0.204963 0.514433 0.214154 0.510309 0.233456 0.557732 0.224265 0.562887
9 0.293199 0.552577 0.284007 0.557732 0.262868 0.51134 0.272059 0.505155
9 0.306985 0.551546 0.297794 0.556701 0.277574 0.509278 0.286765 0.504124
9 0.305147 0.504124 0.314338 0.497938 0.335478 0.550515 0.326287 0.55567
9 0.36489 0.5 0.375 0.493814 0.394301 0.546392 0.384191 0.551546
9 0.46875 0.492784 0.477022 0.487629 0.498162 0.537113 0.488051 0.543299
9 0.482537 0.490722 0.491728 0.485567 0.513787 0.539175 0.504596 0.542268
9 0.500919 0.493814 0.51011 0.48866 0.527574 0.537113 0.518382 0.542268
9 0.544118 0.492784 0.554228 0.486598 0.574449 0.536082 0.563419 0.541237
9 0.557904 0.490722 0.568015 0.484536 0.589154 0.534021 0.577206 0.538144
9 0.479779 0.164948 0.472426 0.173196 0.444853 0.124742 0.452206 0.118557
9 0.495404 0.163918 0.485294 0.171134 0.461397 0.12268 0.46875 0.116495
9 0.529412 0.160825 0.520221 0.168041 0.492647 0.121649 0.500919 0.114433
9 0.547794 0.159794 0.539522 0.168041 0.51011 0.118557 0.518382 0.112371
9 0.565257 0.159794 0.556066 0.165979 0.528493 0.118557 0.535846 0.11134
9 0.511949 0.737113 0.503676 0.729897 0.547794 0.668041 0.556066 0.675258
9 0.457721 0.74433 0.448529 0.736082 0.488971 0.673196 0.497243 0.679381
9 0.636029 0.158763 0.625919 0.163918 0.598346 0.116495 0.605699 0.110309
9 0.439338 0.74433 0.431985 0.737113 0.471507 0.674227 0.47886 0.680412
9 0.105699 0.445361 0.152574 0.441237 0.152574 0.453608 0.106618 0.457732
9 0.0404412 0.45567 0.0900735 0.452577 0.0909926 0.463918 0.0404412 0.465979
9 0.0422794 0.472165 0.0891544 0.46701 0.0882353 0.479381 0.0431985 0.483505
9 0.0487132 0.48866 0.0955882 0.484536 0.0955882 0.497938 0.0477941 0.502062
9 0.0459559 0.506186 0.0955882 0.502062 0.0965074 0.513402 0.0459559 0.516495
9 0.0459559 0.524742 0.0965074 0.520619 0.0965074 0.534021 0.0459559 0.535052
9 0.0496324 0.545361 0.0946691 0.542268 0.0955882 0.55567 0.0505515 0.556701
9 0.046875 0.56701 0.0974265 0.561856 0.0974265 0.574227 0.046875 0.578351
9 0.0928309 0.649485 0.139706 0.646392 0.140625 0.658763 0.0928309 0.660825
9 0.0716912 0.679381 0.0716912 0.669072 0.141544 0.662887 0.142463 0.674227
9 0.0735294 0.695876 0.0726103 0.683505 0.142463 0.679381 0.142463 0.690722
9 0.0735294 0.712371 0.0735294 0.702062 0.142463 0.695876 0.143382 0.707216
9 0.0955882 0.727835 0.0955882 0.716495 0.142463 0.712371 0.143382 0.725773
9 0.0735294 0.743299 0.0735294 0.73299 0.144301 0.727835 0.145221 0.738144
9 0.0983456 0.765979 0.14614 0.761856 0.14614 0.773196 0.0974265 0.77732
9 0.256434 0.763918 0.249081 0.756701 0.290441 0.693814 0.297794 0.701031
9 0.274816 0.762887 0.267463 0.75567 0.306985 0.691753 0.315257 0.698969
9 0.293199 0.761856 0.284926 0.753608 0.324449 0.689691 0.332721 0.696907
9 0.310662 0.759794 0.303309 0.753608 0.342831 0.68866 0.351103 0.695876
9 0.330882 0.75567 0.323529 0.750515 0.362132 0.684536 0.370404 0.691753
9 0.348346 0.753608 0.340993 0.746392 0.380515 0.683505 0.388787 0.690722
9 0.36489 0.753608 0.355699 0.746392 0.397978 0.681443 0.407169 0.689691
9 0.382353 0.751546 0.375 0.74433 0.41636 0.680412 0.425551 0.68866
9 0.401654 0.750515 0.393382 0.741237 0.434743 0.678351 0.443934 0.685567
9 0.420037 0.749485 0.411765 0.742268 0.452206 0.676289 0.460478 0.684536
9 0.617647 0.159794 0.605699 0.16701 0.578125 0.117526 0.587316 0.109278
9 0.653493 0.157732 0.643382 0.163918 0.616728 0.116495 0.624081 0.109278
10 0.522059 0.265979 0.513787 0.265979 0.513787 0.245361 0.522059 0.246392
10 0.320772 0.229897 0.320772 0.218557 0.338235 0.218557 0.338235 0.228866
10 0.347426 0.224742 0.347426 0.215464 0.365809 0.215464 0.365809 0.224742
10 0.345588 0.214433 0.344669 0.204124 0.363051 0.204124 0.363051 0.213402
10 0.323529 0.217526 0.323529 0.206186 0.340074 0.207216 0.339154 0.216495
10 0.318934 0.207216 0.318934 0.195876 0.339154 0.195876 0.339154 0.207216
10 0.318015 0.194845 0.318015 0.182474 0.335478 0.182474 0.336397 0.193814
10 0.361213 0.159794 0.361213 0.169072 0.344669 0.170103 0.344669 0.160825
10 0.290441 0.129897 0.300551 0.128866 0.299632 0.149485 0.290441 0.149485
10 0.299632 0.128866 0.310662 0.127835 0.310662 0.149485 0.299632 0.149485
10 0.309743 0.127835 0.318934 0.127835 0.319853 0.148454 0.310662 0.149485
10 0.386949 0.140206 0.386029 0.128866 0.405331 0.128866 0.405331 0.139175
10 0.409007 0.138144 0.408088 0.127835 0.426471 0.127835 0.426471 0.137113
10 0.38511 0.15567 0.38511 0.143299 0.403493 0.143299 0.404412 0.154639
10 0.386029 0.168041 0.38511 0.15567 0.404412 0.156701 0.404412 0.16701
10 0.409007 0.164948 0.408088 0.153608 0.428309 0.154639 0.42739 0.164948
10 0.409926 0.16701 0.409007 0.178351 0.387868 0.178351 0.387868 0.16701
10 0.410846 0.187629 0.410846 0.175258 0.431066 0.178351 0.430147 0.187629
10 0.391544 0.201031 0.391544 0.189691 0.408088 0.190722 0.408088 0.2
10 0.391544 0.213402 0.390625 0.201031 0.409926 0.2 0.409007 0.21134
10 0.412684 0.210309 0.411765 0.2 0.428309 0.198969 0.428309 0.209278
10 0.41636 0.221649 0.415441 0.210309 0.432904 0.209278 0.432904 0.220619
10 0.410846 0.213402 0.410846 0.224742 0.390625 0.225773 0.390625 0.215464
10 0.414522 0.23299 0.413603 0.221649 0.428309 0.22268 0.428309 0.23299
10 0.415441 0.234021 0.414522 0.24433 0.393382 0.243299 0.394301 0.230928
10 0.413603 0.256701 0.413603 0.24433 0.431985 0.241237 0.432904 0.253608
10 0.492647 0.263918 0.483456 0.263918 0.481618 0.242268 0.48989 0.242268
10 0.347426 0.237113 0.346507 0.224742 0.366728 0.224742 0.366728 0.236082
10 0.320772 0.240206 0.320772 0.229897 0.338235 0.228866 0.338235 0.240206
9 0.671875 0.157732 0.661765 0.162887 0.632353 0.116495 0.641544 0.108247
10 0.339154 0.240206 0.339154 0.251546 0.32261 0.252577 0.321691 0.241237
9 0.688419 0.153608 0.678309 0.159794 0.650735 0.114433 0.659007 0.107216
9 0.726103 0.157732 0.715993 0.165979 0.684743 0.115464 0.694853 0.107216
9 0.747243 0.15567 0.736213 0.163918 0.705882 0.114433 0.714154 0.108247
9 0.763787 0.154639 0.753676 0.162887 0.722426 0.113402 0.731618 0.106186
9 0.78125 0.152577 0.772059 0.159794 0.740809 0.112371 0.75 0.105155
9 0.821691 0.153608 0.8125 0.160825 0.779412 0.112371 0.786765 0.105155
10 0.168199 0.139175 0.175551 0.130928 0.186581 0.145361 0.180147 0.152577
10 0.183824 0.138144 0.191176 0.131959 0.199449 0.14433 0.193015 0.149485
10 0.195772 0.139175 0.204044 0.131959 0.213235 0.148454 0.206801 0.154639
10 0.205882 0.137113 0.214154 0.129897 0.227941 0.148454 0.219669 0.156701
10 0.221507 0.264948 0.234375 0.263918 0.235294 0.28866 0.223346 0.28866
10 0.233456 0.263918 0.245404 0.264948 0.245404 0.28866 0.234375 0.28866
10 0.245404 0.263918 0.255515 0.263918 0.254596 0.283505 0.246324 0.283505
10 0.256434 0.262887 0.265625 0.262887 0.263787 0.283505 0.256434 0.282474
10 0.264706 0.262887 0.274816 0.262887 0.275735 0.283505 0.264706 0.283505
10 0.274816 0.263918 0.277574 0.252577 0.295037 0.261856 0.292279 0.271134
10 0.272978 0.240206 0.277574 0.228866 0.294118 0.239175 0.289522 0.248454
10 0.0992647 0.619588 0.0873162 0.623711 0.0799632 0.589691 0.09375 0.591753
10 0.109375 0.619588 0.0992647 0.62268 0.0928309 0.589691 0.102941 0.587629
10 0.120404 0.620619 0.108456 0.62268 0.102941 0.585567 0.113971 0.583505
10 0.129596 0.619588 0.118566 0.620619 0.115809 0.585567 0.126838 0.584536
10 0.139706 0.619588 0.130515 0.619588 0.127757 0.586598 0.138787 0.585567
10 0.349265 0.271134 0.348346 0.258763 0.366728 0.259794 0.365809 0.271134
10 0.409007 0.256701 0.409007 0.26701 0.390625 0.268041 0.390625 0.257732
10 0.36489 0.248454 0.36489 0.258763 0.347426 0.258763 0.347426 0.248454
9 0.106618 0.391753 0.151654 0.390722 0.152574 0.402062 0.106618 0.403093
