9 0.963692 0.729962 0.964308 0.718511 0.997538 0.723282 0.996308 0.735687
9 0.354462 0.292939 0.355077 0.278626 0.406769 0.28626 0.406154 0.298664
9 0.259077 0.42271 0.250462 0.421756 0.255385 0.342557 0.263385 0.344466
9 0.327385 0.417939 0.327385 0.40458 0.361231 0.410305 0.361231 0.42271
9 0.366154 0.409351 0.365538 0.396947 0.4 0.400763 0.399385 0.413168
9 0.348923 0.389313 0.350154 0.375954 0.400615 0.387405 0.399385 0.399809
9 0.352615 0.360687 0.353231 0.348282 0.403077 0.355916 0.402462 0.366412
9 0.352 0.34542 0.353231 0.333015 0.403077 0.340649 0.402462 0.353053
9 0.353846 0.318702 0.354462 0.306298 0.404923 0.312977 0.404923 0.325382
9 0.353846 0.305344 0.353846 0.293893 0.405538 0.299618 0.405538 0.310115
9 0.355692 0.276718 0.355692 0.264313 0.408 0.270992 0.408 0.281489
9 0.374154 0.207061 0.366154 0.206107 0.369231 0.153626 0.376 0.153626
9 0.294154 0.341603 0.286154 0.341603 0.291692 0.262405 0.298462 0.263359
9 0.283692 0.340649 0.276308 0.339695 0.281231 0.259542 0.288 0.260496
9 0.273846 0.337786 0.266462 0.336832 0.271385 0.258588 0.278154 0.258588
9 0.263385 0.337786 0.255385 0.337786 0.260923 0.258588 0.267692 0.258588
9 0.444308 0.217557 0.435692 0.216603 0.439385 0.163168 0.448 0.164122
9 0.417846 0.21374 0.410462 0.212786 0.414769 0.160305 0.420923 0.16126
9 0.4 0.209924 0.392615 0.208969 0.395692 0.157443 0.403077 0.158397
9 0.391385 0.208969 0.383385 0.208969 0.387077 0.15458 0.393846 0.155534
9 0.268308 0.423664 0.259692 0.42271 0.265846 0.343511 0.273231 0.34542
9 0.278769 0.423664 0.269538 0.421756 0.276923 0.342557 0.284308 0.344466
9 0.288 0.425573 0.280615 0.425573 0.285538 0.346374 0.293538 0.346374
9 0.251077 0.502863 0.243692 0.502863 0.250462 0.423664 0.257846 0.424618
9 0.302154 0.659351 0.294154 0.659351 0.297846 0.605916 0.305846 0.60687
9 0.294154 0.646947 0.285538 0.646947 0.289231 0.59542 0.296615 0.59542
9 0.284308 0.639313 0.276923 0.637405 0.280615 0.584924 0.288 0.586832
9 0.358769 0.535305 0.358769 0.522901 0.392615 0.527672 0.392615 0.540076
9 0.320615 0.52958 0.321231 0.51813 0.355077 0.522901 0.354462 0.534351
9 0.359385 0.521947 0.36 0.508588 0.394462 0.514313 0.393846 0.525763
9 0.321846 0.516221 0.322462 0.503817 0.355692 0.509542 0.354462 0.520038
9 0.36 0.506679 0.360615 0.494275 0.394462 0.5 0.394462 0.512405
9 0.322462 0.502863 0.323077 0.490458 0.356923 0.496183 0.355692 0.507634
9 0.36 0.492366 0.361231 0.480916 0.395692 0.485687 0.395077 0.498092
9 0.321846 0.487595 0.322462 0.476145 0.356923 0.480916 0.356308 0.492366
9 0.361231 0.479008 0.361231 0.467557 0.396308 0.472328 0.395077 0.484733
9 0.361846 0.465649 0.362462 0.45229 0.396923 0.458015 0.396308 0.47042
9 0.323692 0.474237 0.324923 0.460878 0.358154 0.467557 0.356923 0.479962
9 0.283692 0.509542 0.275692 0.508588 0.28 0.428435 0.287385 0.429389
9 0.272 0.506679 0.264615 0.504771 0.270769 0.426527 0.277538 0.427481
9 0.261538 0.505725 0.254154 0.503817 0.260923 0.424618 0.268923 0.426527
9 0.382154 0.208015 0.375385 0.208015 0.377846 0.153626 0.384615 0.153626
9 0.364308 0.207061 0.356923 0.206107 0.36 0.152672 0.366769 0.152672
9 0.923077 0.462786 0.930462 0.462786 0.925538 0.540076 0.918769 0.540076
9 0.158154 0.288168 0.165538 0.290076 0.160615 0.368321 0.153231 0.366412
9 0.185846 0.331107 0.192615 0.332061 0.188308 0.41126 0.181538 0.410305
9 0.176 0.330153 0.183385 0.331107 0.178462 0.409351 0.171077 0.408397
9 0.166154 0.32729 0.173538 0.328244 0.168615 0.406489 0.160615 0.405534
9 0.211077 0.252863 0.217846 0.253817 0.213538 0.331107 0.206769 0.330153
9 0.201231 0.251908 0.209231 0.251908 0.203692 0.332061 0.196923 0.331107
9 0.191385 0.246183 0.199385 0.247137 0.193231 0.324427 0.186462 0.323473
9 0.180923 0.247137 0.188308 0.247137 0.182769 0.326336 0.176615 0.325382
9 0.171077 0.244275 0.179077 0.246183 0.174154 0.325382 0.166769 0.324427
9 0.148923 0.28626 0.156923 0.287214 0.151385 0.365458 0.143385 0.364504
9 0.355692 0.204198 0.348308 0.20229 0.351385 0.150763 0.358154 0.151718
9 0.110154 0.38645 0.109538 0.398855 0.0756923 0.39313 0.0756923 0.381679
9 0.111385 0.373092 0.110154 0.384542 0.0756923 0.376908 0.0763077 0.365458
9 0.112615 0.35687 0.111385 0.369275 0.0781538 0.362595 0.0793846 0.352099
9 0.113846 0.344466 0.112615 0.355916 0.0775385 0.349237 0.0787692 0.336832
9 0.115692 0.314885 0.114462 0.32729 0.0812308 0.321565 0.0818462 0.30916
9 0.117538 0.301527 0.116923 0.313931 0.0818462 0.305344 0.0824615 0.294847
9 0.118154 0.28626 0.117538 0.298664 0.0824615 0.293893 0.0824615 0.282443
9 0.245538 0.166031 0.246769 0.178435 0.196923 0.192748 0.195692 0.180344
9 0.195077 0.334924 0.203077 0.335878 0.197538 0.415076 0.190769 0.414122
9 0.205538 0.335878 0.213538 0.337786 0.207385 0.415076 0.2 0.413168
9 0.152615 0.371183 0.160615 0.371183 0.154462 0.451336 0.146462 0.449427
9 0.117538 0.344466 0.125538 0.34542 0.120615 0.423664 0.112615 0.423664
9 0.346462 0.203244 0.338462 0.203244 0.340923 0.147901 0.348308 0.148855
9 0.328615 0.200382 0.320615 0.198473 0.324308 0.145992 0.331077 0.146947
9 0.319385 0.199427 0.312615 0.198473 0.315077 0.145992 0.322462 0.145992
9 0.310769 0.197519 0.302769 0.197519 0.305231 0.144084 0.313231 0.145038
9 0.300923 0.195611 0.293538 0.194656 0.296615 0.14313 0.304 0.144084
9 0.291692 0.195611 0.283692 0.193702 0.288 0.14313 0.294769 0.144084
9 0.282462 0.191794 0.275077 0.191794 0.278769 0.141221 0.286154 0.141221
9 0.273231 0.193702 0.266462 0.191794 0.269538 0.139313 0.276308 0.139313
9 0.239385 0.42271 0.248 0.423664 0.241231 0.503817 0.233231 0.501908
9 0.144 0.527672 0.148308 0.515267 0.193231 0.550573 0.189538 0.562023
9 0.113846 0.477099 0.120615 0.47042 0.129846 0.497137 0.123692 0.503817
9 0.112615 0.426527 0.12 0.426527 0.119385 0.467557 0.112 0.466603
9 0.200615 0.420802 0.208 0.42271 0.202462 0.5 0.195077 0.498092
9 0.190154 0.418893 0.198154 0.420802 0.192 0.498092 0.184615 0.497137
9 0.179692 0.414122 0.187692 0.416031 0.182769 0.496183 0.174769 0.494275
9 0.169846 0.410305 0.177846 0.412214 0.172308 0.490458 0.164923 0.487595
9 0.159385 0.410305 0.168 0.41126 0.161231 0.489504 0.153846 0.487595
9 0.311385 0.666031 0.302769 0.666031 0.307077 0.61355 0.314462 0.61355
9 0.32 0.675573 0.312 0.674618 0.315077 0.622137 0.322462 0.623092
9 0.328615 0.675573 0.321846 0.675573 0.325538 0.623092 0.332308 0.624046
9 0.721231 0.257634 0.713231 0.255725 0.716923 0.204198 0.724308 0.204198
9 0.812308 0.270992 0.804923 0.270038 0.807385 0.217557 0.814154 0.217557
9 0.803077 0.269084 0.795692 0.269084 0.798769 0.215649 0.805538 0.216603
9 0.793846 0.26813 0.786462 0.26813 0.788308 0.214695 0.796308 0.214695
9 0.776 0.266221 0.768 0.264313 0.771692 0.211832 0.779077 0.21374
9 0.766769 0.264313 0.758769 0.263359 0.762462 0.210878 0.769231 0.210878
9 0.757538 0.262405 0.750769 0.26145 0.753231 0.209924 0.76 0.210878
9 0.748308 0.260496 0.740308 0.260496 0.744 0.208015 0.750769 0.208015
9 0.730462 0.258588 0.723077 0.257634 0.726154 0.206107 0.732308 0.207061
9 0.712 0.256679 0.704 0.255725 0.708308 0.20229 0.715077 0.203244
9 0.337231 0.678435 0.329846 0.677481 0.334154 0.624046 0.340923 0.625954
9 0.702769 0.254771 0.694769 0.253817 0.698462 0.201336 0.705846 0.20229
9 0.694154 0.253817 0.686154 0.252863 0.689846 0.200382 0.696615 0.201336
9 0.684308 0.251908 0.676308 0.251908 0.681231 0.199427 0.688 0.199427
9 0.567385 0.73187 0.573538 0.73187 0.570462 0.812023 0.563692 0.811069
9 0.558769 0.729962 0.565538 0.730916 0.561231 0.810115 0.553846 0.80916
9 0.549538 0.728053 0.556923 0.729008 0.552 0.80916 0.544615 0.807252
9 0.539692 0.729008 0.547692 0.729962 0.543385 0.808206 0.536 0.807252
9 0.530462 0.727099 0.537846 0.728053 0.533538 0.807252 0.525538 0.806298
9 0.820923 0.270992 0.813538 0.270992 0.816615 0.218511 0.824 0.218511
9 0.830154 0.273855 0.822154 0.272901 0.825846 0.22042 0.832615 0.221374
9 0.839385 0.274809 0.831385 0.273855 0.835077 0.221374 0.841846 0.222328
9 0.848615 0.276718 0.841846 0.275763 0.843692 0.223282 0.850462 0.223282
9 0.819077 0.94084 0.819077 0.926527 0.870154 0.930344 0.869538 0.942748
9 0.764308 0.93416 0.764308 0.921756 0.815385 0.926527 0.814769 0.937977
9 0.710154 0.931298 0.709538 0.916031 0.759385 0.921756 0.759385 0.93416
9 0.654154 0.924618 0.654154 0.91126 0.705846 0.916985 0.705231 0.929389
9 0.652923 0.908397 0.652923 0.896947 0.702769 0.902672 0.702154 0.913168
9 0.595692 0.919847 0.595692 0.907443 0.647385 0.912214 0.646769 0.924618
9 0.845538 0.752863 0.852308 0.753817 0.847385 0.832061 0.840615 0.831107
9 0.836923 0.754771 0.842462 0.754771 0.838154 0.833015 0.832 0.832061
9 0.840615 0.668893 0.849231 0.668893 0.843692 0.748092 0.836923 0.746183
9 0.832615 0.655534 0.840615 0.656489 0.838154 0.708969 0.829538 0.708969
9 0.823385 0.655534 0.831385 0.655534 0.828308 0.707061 0.820923 0.707061
9 0.814154 0.65458 0.820923 0.653626 0.818462 0.706107 0.811692 0.705153
9 0.804923 0.651718 0.812923 0.651718 0.809846 0.705153 0.801846 0.705153
9 0.884923 0.282443 0.878154 0.282443 0.881231 0.229008 0.888 0.229962
9 0.875692 0.280534 0.868923 0.27958 0.871385 0.229008 0.878769 0.229008
9 0.867077 0.277672 0.860308 0.277672 0.862154 0.225191 0.868923 0.226145
9 0.857846 0.276718 0.850462 0.276718 0.853538 0.223282 0.860308 0.225191
9 0.521846 0.726145 0.529846 0.726145 0.524308 0.807252 0.517538 0.807252
9 0.512615 0.723282 0.519385 0.724237 0.515077 0.804389 0.508308 0.802481
9 0.503385 0.723282 0.510769 0.723282 0.505846 0.805344 0.499077 0.804389
9 0.675692 0.250954 0.668308 0.250954 0.672 0.198473 0.678154 0.199427
9 0.657846 0.249046 0.650462 0.247137 0.652923 0.194656 0.660308 0.195611
9 0.648615 0.246183 0.640615 0.246183 0.643692 0.192748 0.651077 0.193702
9 0.639385 0.245229 0.632 0.245229 0.635077 0.192748 0.641846 0.193702
9 0.629538 0.244275 0.622154 0.242366 0.625846 0.189885 0.632615 0.191794
9 0.552615 0.263359 0.552615 0.25 0.604923 0.256679 0.604923 0.26813
9 0.553846 0.247137 0.554462 0.233779 0.605538 0.241412 0.605538 0.253817
9 0.535385 0.229962 0.527385 0.229962 0.529846 0.177481 0.537231 0.177481
9 0.525538 0.229008 0.518154 0.228053 0.521846 0.175573 0.529846 0.175573
9 0.480615 0.223282 0.473231 0.222328 0.476923 0.169847 0.483692 0.169847
9 0.472615 0.22042 0.464615 0.22042 0.467692 0.167939 0.474462 0.167939
9 0.462769 0.219466 0.455385 0.218511 0.458462 0.166031 0.465846 0.166985
9 0.454154 0.217557 0.446154 0.217557 0.449846 0.165076 0.457231 0.165076
9 0.412923 0.700382 0.417846 0.69084 0.444308 0.727099 0.438769 0.737595
9 0.393231 0.687023 0.386462 0.685115 0.390154 0.634542 0.396923 0.634542
9 0.384 0.68416 0.376615 0.683206 0.380308 0.631679 0.387692 0.632634
9 0.356923 0.681298 0.348308 0.681298 0.352 0.627863 0.359385 0.628817
9 0.347077 0.678435 0.339077 0.679389 0.343385 0.625954 0.350154 0.626908
9 0.666462 0.249046 0.659077 0.249046 0.662154 0.196565 0.669538 0.197519
9 0.432615 0.459924 0.433231 0.448473 0.465846 0.453244 0.465231 0.464695
9 0.495385 0.723282 0.501538 0.723282 0.497231 0.800573 0.490462 0.799618
9 0.431385 0.475191 0.432615 0.462786 0.465231 0.465649 0.464 0.478053
9 0.572308 0.646947 0.579692 0.646947 0.574769 0.727099 0.568 0.726145
9 0.562462 0.645992 0.569846 0.646947 0.566154 0.725191 0.559385 0.724237
9 0.554462 0.645038 0.561846 0.645992 0.556308 0.725191 0.549538 0.724237
9 0.544615 0.64313 0.552 0.64313 0.548308 0.723282 0.540923 0.722328
9 0.536 0.642176 0.542769 0.642176 0.538462 0.721374 0.531077 0.721374
9 0.527385 0.640267 0.534154 0.639313 0.529231 0.719466 0.522462 0.718511
9 0.517538 0.638359 0.525538 0.639313 0.521231 0.717557 0.513231 0.716603
9 0.509538 0.637405 0.516923 0.637405 0.511385 0.717557 0.504615 0.715649
9 0.479385 0.67271 0.486769 0.673664 0.481846 0.751908 0.473231 0.75
9 0.487385 0.677481 0.495385 0.678435 0.491077 0.760496 0.483077 0.758588
9 0.499077 0.637405 0.507077 0.637405 0.502154 0.718511 0.494769 0.716603
9 0.414154 0.611641 0.414769 0.600191 0.464615 0.608779 0.464 0.620229
9 0.427692 0.542939 0.427692 0.532443 0.461538 0.537214 0.460308 0.546756
9 0.427692 0.531489 0.428923 0.519084 0.462154 0.522901 0.461538 0.535305
9 0.428923 0.517176 0.430154 0.503817 0.463385 0.509542 0.462154 0.520992
9 0.430154 0.501908 0.430769 0.490458 0.464615 0.495229 0.464 0.506679
9 0.430769 0.48855 0.431385 0.475191 0.464615 0.480916 0.464 0.493321
9 0.185846 0.180344 0.189538 0.191794 0.146462 0.225191 0.142154 0.212786
