10 0.819013 0.326353 0.824497 0.317627 0.857404 0.322862 0.853748 0.330716
9 0.835466 0.390052 0.826325 0.396161 0.758684 0.375218 0.767824 0.36911
9 0.786106 0.472077 0.859232 0.493892 0.850091 0.500873 0.776965 0.479058
9 0.784278 0.457243 0.853748 0.478185 0.848263 0.485166 0.775137 0.463351
9 0.778793 0.441536 0.848263 0.464223 0.839122 0.470332 0.769653 0.447644
9 0.771481 0.425829 0.846435 0.448517 0.839122 0.455497 0.76234 0.43281
9 0.775137 0.411867 0.842779 0.435428 0.835466 0.441536 0.764168 0.419721
9 0.771481 0.397906 0.839122 0.418848 0.829982 0.425829 0.76234 0.404014
9 0.765996 0.382199 0.846435 0.407504 0.837294 0.414485 0.756856 0.38918
9 0.83181 0.373473 0.822669 0.380454 0.749543 0.357766 0.758684 0.351658
10 0.837294 0.314136 0.85192 0.308901 0.868373 0.321117 0.855576 0.326353
9 0.606947 0.358639 0.616088 0.366492 0.559415 0.380454 0.552102 0.3726
9 0.610603 0.36911 0.621572 0.375218 0.579525 0.38918 0.570384 0.381326
9 0.619744 0.382199 0.627057 0.38918 0.566728 0.404887 0.559415 0.398778
9 0.636197 0.391798 0.645338 0.398778 0.570384 0.418848 0.559415 0.410995
9 0.625229 0.406632 0.632541 0.413613 0.577697 0.429319 0.566728 0.422339
9 0.64351 0.417103 0.650823 0.424956 0.577697 0.445026 0.566728 0.438045
9 0.647166 0.430192 0.654479 0.438045 0.581353 0.458988 0.570384 0.451134
9 0.789762 0.486038 0.86106 0.508726 0.85192 0.516579 0.778793 0.492147
9 0.793419 0.501745 0.864717 0.52356 0.855576 0.530541 0.784278 0.508726
9 0.795247 0.516579 0.866545 0.539267 0.859232 0.54712 0.786106 0.52356
9 0.79159 0.528796 0.866545 0.551483 0.855576 0.557592 0.78245 0.535777
10 0.458867 0.0497382 0.446069 0.0445026 0.468007 0.0322862 0.478976 0.0366492
10 0.365631 0.0584642 0.354662 0.0645724 0.327239 0.0549738 0.338208 0.0488656
10 0.400366 0.0636998 0.389397 0.0689354 0.363803 0.0584642 0.374771 0.052356
10 0.402194 0.0401396 0.389397 0.0471204 0.369287 0.0383944 0.380256 0.0322862
10 0.404022 0.0052356 0.416819 0.0061082 0.411335 0.0253054 0.396709 0.0235602
10 0.382084 0.0104712 0.398537 0.0122164 0.389397 0.0279232 0.372943 0.026178
10 0.360146 0.0139616 0.374771 0.0157068 0.365631 0.030541 0.349177 0.0279232
10 0.341865 0.0157068 0.35649 0.017452 0.343693 0.034904 0.330896 0.0331588
10 0.321755 0.017452 0.338208 0.0200698 0.325411 0.0357766 0.308958 0.0314136
10 0.0347349 0.0846422 0.0329068 0.0776614 0.0621572 0.074171 0.0639854 0.0811518
10 0.0310786 0.0680628 0.0292505 0.0602094 0.0621572 0.0593368 0.0621572 0.0671902
10 0.0329068 0.0776614 0.0292505 0.069808 0.0585009 0.0671902 0.0603291 0.074171
10 0.023766 0.052356 0.0219378 0.0445026 0.0511883 0.0418848 0.0548446 0.0506108
10 0.0201097 0.0375218 0.0164534 0.0296684 0.047532 0.026178 0.0493601 0.034904
10 0.0164534 0.030541 0.0127971 0.0209424 0.0457038 0.0183246 0.047532 0.0270506
9 0.650823 0.441536 0.658135 0.449389 0.583181 0.470332 0.57404 0.463351
9 0.652651 0.453752 0.661792 0.461606 0.588665 0.481675 0.577697 0.474695
9 0.656307 0.467714 0.665448 0.474695 0.590494 0.495637 0.579525 0.488656
9 0.489945 0.499127 0.559415 0.479058 0.568556 0.487784 0.500914 0.506108
9 0.493601 0.537522 0.568556 0.517452 0.577697 0.524433 0.502742 0.544503
9 0.334552 0.50349 0.413163 0.522688 0.402194 0.530541 0.327239 0.511344
9 0.347349 0.546248 0.418647 0.562827 0.411335 0.572426 0.33638 0.554974
9 0.886654 0.613438 0.875686 0.619546 0.802559 0.596859 0.8117 0.589878
9 0.510055 0.600349 0.586837 0.577661 0.595978 0.585515 0.519196 0.60733
9 0.363803 0.611693 0.444241 0.605585 0.446069 0.615183 0.369287 0.622164
9 0.367459 0.623037 0.447898 0.616928 0.449726 0.625654 0.369287 0.632635
9 0.3766 0.63438 0.453382 0.628272 0.457038 0.637871 0.378428 0.643106
9 0.383912 0.645724 0.460695 0.640489 0.462523 0.648342 0.38574 0.653578
9 0.38574 0.655323 0.457038 0.651832 0.462523 0.659686 0.389397 0.664921
9 0.468007 0.671902 0.486289 0.67103 0.497258 0.708551 0.477148 0.710297
9 0.493601 0.670157 0.511883 0.670157 0.517367 0.708551 0.499086 0.709424
9 0.513711 0.668412 0.533821 0.668412 0.542962 0.705061 0.522852 0.705934
9 0.539305 0.666667 0.557587 0.665794 0.566728 0.704188 0.548446 0.705061
9 0.681901 0.646597 0.698355 0.646597 0.709324 0.685864 0.689214 0.687609
9 0.327239 0.478185 0.40585 0.495637 0.396709 0.504363 0.319927 0.486038
9 0.482633 0.474695 0.553931 0.455497 0.563071 0.464223 0.493601 0.483421
9 0.661792 0.479058 0.670932 0.486038 0.595978 0.507853 0.585009 0.500873
9 0.319927 0.450262 0.400366 0.466841 0.389397 0.475567 0.310786 0.458988
9 0.665448 0.492147 0.674589 0.499127 0.599634 0.52007 0.588665 0.513089
9 0.670932 0.515707 0.680073 0.52356 0.605119 0.544503 0.59415 0.537522
9 0.597806 0.548866 0.674589 0.528796 0.683729 0.535777 0.606947 0.555846
9 0.466179 0.437173 0.542962 0.41623 0.552102 0.424084 0.47532 0.444154
9 0.460695 0.424956 0.539305 0.404887 0.548446 0.411867 0.471664 0.431937
9 0.458867 0.410995 0.533821 0.390925 0.542962 0.398778 0.468007 0.417976
9 0.457038 0.385689 0.52468 0.366492 0.535649 0.374346 0.466179 0.393543
9 0.288848 0.138743 0.305302 0.140489 0.281536 0.180628 0.265082 0.178883
9 0.244973 0.169284 0.259598 0.168412 0.26691 0.205934 0.254113 0.206806
9 0.64351 0.310646 0.627057 0.312391 0.617916 0.269634 0.634369 0.267888
9 0.588665 0.272251 0.603291 0.272251 0.606947 0.314136 0.588665 0.314136
9 0.541133 0.273997 0.557587 0.273124 0.563071 0.311518 0.542962 0.311518
9 0.40585 0.348168 0.420475 0.351658 0.391225 0.386562 0.372943 0.383072
9 0.310786 0.422339 0.389397 0.438918 0.380256 0.447644 0.301645 0.430192
9 0.312614 0.435428 0.391225 0.45288 0.383912 0.461606 0.303473 0.444154
10 0.473492 0.0549738 0.460695 0.0506108 0.484461 0.039267 0.493601 0.0445026
10 0.488117 0.061082 0.47532 0.056719 0.49543 0.04363 0.506399 0.047993
10 0.499086 0.0706806 0.488117 0.065445 0.508227 0.0532286 0.521024 0.0584642
10 0.767824 0.23822 0.756856 0.244328 0.729433 0.232112 0.738574 0.226003
10 0.789762 0.22164 0.780622 0.228621 0.751371 0.21815 0.76234 0.212042
10 0.800731 0.21466 0.789762 0.220768 0.765996 0.212042 0.775137 0.206806
10 0.813528 0.208551 0.804388 0.216405 0.776965 0.206806 0.786106 0.199825
10 0.870201 0.211169 0.88117 0.205061 0.904936 0.21466 0.895795 0.220768
10 0.857404 0.160558 0.870201 0.15445 0.893967 0.164921 0.88117 0.17103
10 0.88117 0.169284 0.870201 0.177138 0.846435 0.166667 0.855576 0.160558
10 0.886654 0.126527 0.897623 0.131763 0.875686 0.142234 0.864717 0.136998
10 0.857404 0.139616 0.844607 0.135253 0.868373 0.121291 0.879342 0.124782
10 0.85192 0.115183 0.866545 0.119546 0.846435 0.131763 0.837294 0.128272
10 0.822669 0.104712 0.837294 0.109948 0.815356 0.122164 0.802559 0.116928
10 0.842779 0.109075 0.853748 0.113438 0.833638 0.124782 0.822669 0.120419
10 0.939671 0.119546 0.926874 0.114311 0.946984 0.0986038 0.959781 0.103839
10 0.926874 0.114311 0.914077 0.109075 0.934186 0.0933682 0.945155 0.0968586
10 0.908592 0.10733 0.895795 0.102094 0.921389 0.08726 0.934186 0.0924956
10 0.882998 0.0951134 0.872029 0.0907504 0.890311 0.0776614 0.904936 0.082897
10 0.775137 0.230366 0.767824 0.236475 0.740402 0.226876 0.749543 0.22164
10 0.914077 0.233857 0.906764 0.239092 0.882998 0.229494 0.890311 0.224258
10 0.853748 0.0846422 0.842779 0.0794066 0.862888 0.065445 0.872029 0.0689354
10 0.90128 0.23822 0.893967 0.244328 0.872029 0.235602 0.88117 0.229494
10 0.888483 0.312391 0.897623 0.306283 0.917733 0.314136 0.908592 0.320244
10 0.899452 0.30541 0.908592 0.299302 0.926874 0.306283 0.919561 0.311518
10 0.88117 0.312391 0.872029 0.318499 0.848263 0.308901 0.857404 0.303665
10 0.868373 0.295812 0.879342 0.288831 0.90128 0.300175 0.890311 0.306283
10 0.91042 0.292321 0.899452 0.298429 0.875686 0.287086 0.888483 0.280977
10 0.952468 0.294939 0.945155 0.301047 0.917733 0.292321 0.926874 0.286213
10 0.932358 0.286213 0.941499 0.280105 0.961609 0.287086 0.954296 0.293194
10 0.932358 0.280105 0.921389 0.28534 0.897623 0.273997 0.91042 0.269634
10 0.720293 0.297557 0.73309 0.290576 0.755027 0.300175 0.740402 0.306283
10 0.747715 0.280105 0.760512 0.273124 0.784278 0.283595 0.773309 0.289703
10 0.76234 0.270506 0.773309 0.264398 0.795247 0.274869 0.786106 0.280105
10 0.829982 0.263525 0.840951 0.256545 0.862888 0.268761 0.853748 0.273124
10 0.776965 0.266143 0.787934 0.260035 0.809872 0.267888 0.800731 0.273997
10 0.884826 0.252182 0.877514 0.259162 0.850091 0.249564 0.86106 0.243455
10 0.892139 0.246946 0.882998 0.252182 0.859232 0.24171 0.868373 0.235602
10 0.866545 0.0898778 0.853748 0.0855148 0.875686 0.069808 0.890311 0.074171
10 0.837294 0.0794066 0.824497 0.074171 0.842779 0.0602094 0.853748 0.0636998
10 0.521024 0.0732984 0.508227 0.0680628 0.526508 0.0558464 0.537477 0.0602094
10 0.160878 0.508726 0.179159 0.508726 0.177331 0.525305 0.160878 0.524433
10 0.109689 0.511344 0.127971 0.511344 0.126143 0.527051 0.107861 0.526178
10 0.0914077 0.515707 0.107861 0.513089 0.113346 0.528796 0.095064 0.529668
10 0.0767824 0.513962 0.095064 0.513962 0.095064 0.530541 0.0767824 0.529668
10 0.241316 0.486038 0.25777 0.484293 0.259598 0.501745 0.244973 0.502618
10 0.221207 0.490401 0.239488 0.488656 0.241316 0.501745 0.224863 0.502618
10 0.173675 0.492147 0.190128 0.492147 0.186472 0.506981 0.171846 0.506108
10 0.137112 0.49651 0.153565 0.495637 0.153565 0.510471 0.13894 0.510471
10 0.120658 0.494764 0.13894 0.493892 0.137112 0.510471 0.11883 0.510471
10 0.0914077 0.498255 0.104205 0.498255 0.102377 0.513962 0.0895795 0.513089
10 0.0566728 0.499127 0.0767824 0.499127 0.0767824 0.514834 0.0566728 0.514834
10 0.502742 0.362129 0.50457 0.371728 0.466179 0.373473 0.462523 0.363874
10 0.0822669 0.102094 0.0639854 0.0994764 0.0786106 0.0811518 0.0968921 0.0837696
10 0.297989 0.0977312 0.288848 0.102967 0.263254 0.091623 0.276051 0.0863874
10 0.329068 0.0986038 0.319927 0.105585 0.294333 0.095986 0.305302 0.0890052
10 0.35649 0.08726 0.345521 0.0933682 0.318099 0.082897 0.329068 0.0767888
10 0.126143 0.512216 0.144424 0.511344 0.146252 0.527051 0.127971 0.527923
10 0.179159 0.506108 0.199269 0.506981 0.197441 0.522688 0.177331 0.521815
10 0.79159 0.0645724 0.775137 0.0593368 0.795247 0.0462478 0.808044 0.0514834
10 0.210238 0.506981 0.228519 0.504363 0.234004 0.521815 0.215722 0.522688
10 0.776965 0.0558464 0.764168 0.0506108 0.786106 0.0375218 0.798903 0.0427574
10 0.764168 0.0497382 0.751371 0.0462478 0.771481 0.0314136 0.78245 0.0357766
10 0.751371 0.04363 0.736746 0.039267 0.758684 0.0235602 0.771481 0.0279232
10 0.738574 0.0375218 0.723949 0.0322862 0.747715 0.0183246 0.760512 0.0235602
10 0.720293 0.0322862 0.709324 0.0279232 0.731261 0.0165794 0.740402 0.0200698
10 0.702011 0.0287958 0.691042 0.0235602 0.707495 0.0104712 0.720293 0.0139616
10 0.685558 0.0235602 0.672761 0.017452 0.691042 0.004363 0.705667 0.0095986
10 0.714808 0.0636998 0.727605 0.069808 0.707495 0.082897 0.694698 0.078534
10 0.703839 0.056719 0.714808 0.0602094 0.694698 0.0750436 0.685558 0.0724258
10 0.689214 0.0514834 0.700183 0.0558464 0.678245 0.0689354 0.665448 0.0645724
10 0.670932 0.0471204 0.681901 0.052356 0.665448 0.0628272 0.652651 0.0584642
10 0.659963 0.0383944 0.672761 0.04363 0.650823 0.0575916 0.638026 0.0541012
10 0.645338 0.0357766 0.656307 0.0410122 0.638026 0.052356 0.625229 0.047993
10 0.250457 0.50349 0.26691 0.502618 0.26691 0.52007 0.252285 0.52007
10 0.232176 0.502618 0.250457 0.502618 0.246801 0.518325 0.230347 0.516579
9 0.850091 0.748691 0.866545 0.749564 0.853748 0.788831 0.837294 0.787086
