9 0.930233 0.778004 0.946144 0.781059 0.932681 0.823829 0.919217 0.820774
9 0.363525 0.496945 0.365973 0.484725 0.419829 0.49389 0.417381 0.505092
9 0.244798 0.460285 0.246022 0.448065 0.301102 0.45723 0.298654 0.467413
9 0.305998 0.46945 0.310894 0.45723 0.363525 0.468432 0.361077 0.480652
9 0.368421 0.483707 0.370869 0.46945 0.428397 0.48167 0.423501 0.49389
9 0.429621 0.49389 0.429621 0.48167 0.487148 0.492872 0.485924 0.505092
9 0.494492 0.507128 0.49694 0.494908 0.553244 0.504073 0.549572 0.517312
9 0.244798 0.473523 0.24847 0.458248 0.302326 0.470468 0.298654 0.482688
9 0.301102 0.484725 0.304774 0.470468 0.358629 0.480652 0.356181 0.49389
9 0.423501 0.507128 0.427173 0.49389 0.482252 0.507128 0.47858 0.519348
9 0.499388 0.491853 0.504284 0.479633 0.554468 0.490835 0.550796 0.503055
9 0.485924 0.519348 0.488372 0.505092 0.543452 0.517312 0.541004 0.53055
9 0.485924 0.538697 0.489596 0.525458 0.541004 0.535642 0.538556 0.54888
9 0.413709 0.537678 0.416157 0.525458 0.470012 0.534623 0.467564 0.545825
9 0.362301 0.513238 0.367197 0.5 0.417381 0.51222 0.414933 0.523422
9 0.29743 0.5 0.301102 0.48778 0.354957 0.498982 0.351285 0.511202
9 0.238678 0.489817 0.24235 0.476578 0.296206 0.48778 0.293758 0.5
9 0.164015 0.541752 0.168911 0.527495 0.216646 0.534623 0.214198 0.54888
9 0.189718 0.448065 0.192166 0.435845 0.24235 0.447047 0.238678 0.45723
9 0.438188 0.480652 0.439412 0.470468 0.492044 0.480652 0.49082 0.491853
9 0.680539 0.922607 0.682987 0.910387 0.752754 0.923625 0.750306 0.937882
9 0.19951 0.417515 0.203182 0.405295 0.253366 0.415479 0.250918 0.42668
9 0.275398 0.404277 0.277846 0.39002 0.329253 0.400204 0.326805 0.413442
9 0.405141 0.42668 0.408813 0.413442 0.458996 0.424644 0.456548 0.437882
9 0.463892 0.439919 0.467564 0.42668 0.520196 0.436864 0.517748 0.45112
9 0.317013 0.427699 0.321909 0.413442 0.374541 0.425662 0.370869 0.436864
9 0.388005 0.440937 0.391677 0.42668 0.439412 0.436864 0.438188 0.450102
9 0.44798 0.45112 0.449204 0.4389 0.50306 0.449084 0.500612 0.461303
9 0.504284 0.460285 0.507956 0.448065 0.564259 0.459267 0.561812 0.471487
9 0.257038 0.429735 0.258262 0.416497 0.314565 0.42668 0.310894 0.4389
9 0.380661 0.470468 0.383109 0.45723 0.433293 0.467413 0.429621 0.48167
9 0.319461 0.4389 0.321909 0.427699 0.370869 0.4389 0.365973 0.45112
9 0.384333 0.454175 0.385557 0.439919 0.438188 0.45112 0.433293 0.464358
9 0.444308 0.465377 0.446756 0.453157 0.500612 0.46334 0.49694 0.47556
9 0.50306 0.47556 0.504284 0.46334 0.559364 0.473523 0.556916 0.486762
9 0.19339 0.433809 0.195838 0.42057 0.247246 0.431772 0.24235 0.44501
9 0.249694 0.446029 0.252142 0.433809 0.304774 0.441955 0.302326 0.454175
9 0.308446 0.456212 0.312118 0.443992 0.363525 0.454175 0.361077 0.466395
9 0.209302 0.671079 0.212974 0.657841 0.263158 0.669043 0.26071 0.681263
9 0.264382 0.683299 0.26683 0.671079 0.324357 0.683299 0.320685 0.694501
9 0.334149 0.696538 0.336597 0.683299 0.391677 0.693483 0.390453 0.705703
9 0.768666 0.682281 0.784578 0.682281 0.777234 0.726069 0.76377 0.724033
9 0.555692 0.550916 0.559364 0.537678 0.609547 0.547862 0.607099 0.5611
9 0.648715 0.629328 0.652387 0.615071 0.703794 0.624236 0.70257 0.636456
9 0.646267 0.643585 0.649939 0.630346 0.703794 0.64053 0.700122 0.653768
9 0.572827 0.721996 0.576499 0.710794 0.627907 0.718941 0.624235 0.732179
9 0.572827 0.746436 0.576499 0.734216 0.630355 0.744399 0.625459 0.755601
9 0.634027 0.755601 0.637699 0.742363 0.69033 0.752546 0.686659 0.764766
9 0.5459 0.779022 0.548348 0.765784 0.599755 0.775967 0.596083 0.788187
9 0.784578 0.683299 0.802938 0.685336 0.793146 0.731161 0.77601 0.730143
9 0.4541 0.701629 0.455324 0.687373 0.512852 0.698574 0.50918 0.709776
9 0.762546 0.727088 0.777234 0.730143 0.766218 0.775967 0.75153 0.772912
9 0.77601 0.733198 0.791922 0.734216 0.780906 0.779022 0.766218 0.774949
9 0.578947 0.847251 0.583843 0.832994 0.635251 0.849287 0.630355 0.863544
9 0.731946 0.812627 0.734394 0.799389 0.778458 0.807536 0.77601 0.820774
9 0.725826 0.836049 0.729498 0.822811 0.773562 0.831976 0.768666 0.844196
9 0.719706 0.866599 0.72093 0.85336 0.768666 0.85947 0.766218 0.872709
9 0.707466 0.878819 0.70869 0.86558 0.767442 0.876782 0.76377 0.889002
9 0.618115 0.563136 0.620563 0.550916 0.671971 0.5611 0.667075 0.572301
9 0.553244 0.531568 0.556916 0.520367 0.609547 0.53055 0.605875 0.540733
9 0.620563 0.544807 0.624235 0.532587 0.675643 0.541752 0.673195 0.55499
9 0.623011 0.531568 0.627907 0.519348 0.679315 0.529532 0.676867 0.54277
9 0.499388 0.731161 0.50306 0.715886 0.556916 0.728106 0.555692 0.740326
9 0.312118 0.710794 0.315789 0.696538 0.374541 0.708758 0.372093 0.721996
9 0.219094 0.714868 0.222766 0.703666 0.292534 0.718941 0.290086 0.730143
9 0.212974 0.733198 0.216646 0.720978 0.286414 0.734216 0.282742 0.747454
9 0.456548 0.846232 0.458996 0.832994 0.494492 0.840122 0.49082 0.85336
9 0.498164 0.854379 0.499388 0.841141 0.555692 0.854379 0.553244 0.86558
9 0.641371 0.454175 0.643819 0.440937 0.687882 0.450102 0.682987 0.462322
9 0.578947 0.47556 0.581395 0.46334 0.635251 0.473523 0.630355 0.486762
9 0.640147 0.474542 0.642595 0.462322 0.695226 0.471487 0.691554 0.483707
9 0.647491 0.490835 0.649939 0.478615 0.695226 0.486762 0.691554 0.498982
9 0.572827 0.490835 0.577723 0.47556 0.630355 0.48778 0.626683 0.502037
9 0.632803 0.501018 0.635251 0.486762 0.687882 0.497963 0.684211 0.511202
9 0.565483 0.50611 0.567931 0.49389 0.619339 0.503055 0.616891 0.514257
9 0.631579 0.517312 0.634027 0.505092 0.682987 0.516293 0.681763 0.527495
9 0.55814 0.519348 0.561812 0.507128 0.614443 0.517312 0.611995 0.528513
9 0.328029 0.394094 0.330477 0.381874 0.379437 0.392057 0.375765 0.404277
