10 0.90059 0.923249 0.914069 0.926611 0.90396 0.943417 0.889638 0.940616
9 0.700927 0.728291 0.695872 0.714846 0.781803 0.704762 0.785173 0.717087
9 0.560236 0.737815 0.580455 0.735014 0.593092 0.792157 0.57203 0.793838
9 0.653749 0.760784 0.673968 0.758543 0.68155 0.812885 0.661331 0.814566
10 0.042123 0.0470588 0.0269587 0.054902 0 0.0330532 0.0126369 0.0252101
10 0.139006 0.322129 0.127211 0.319328 0.137321 0.30084 0.149115 0.304202
10 0.155855 0.32605 0.142376 0.322689 0.153328 0.305882 0.165122 0.309804
10 0.170177 0.332213 0.155013 0.327731 0.166807 0.309244 0.181129 0.313165
10 0.214827 0.346218 0.199663 0.342297 0.21567 0.322129 0.229149 0.326611
10 0.230834 0.35014 0.21567 0.346779 0.228307 0.328291 0.242628 0.332213
10 0.294019 0.364146 0.280539 0.360784 0.292334 0.341737 0.305813 0.345658
10 0.341196 0.37423 0.327717 0.371429 0.337826 0.355742 0.348778 0.358543
10 0.116259 0.364146 0.128896 0.367507 0.121314 0.381513 0.108677 0.377591
10 0.132266 0.368067 0.144903 0.370868 0.136479 0.385434 0.123842 0.382073
10 0.148273 0.370868 0.162595 0.37479 0.1508 0.389356 0.140691 0.385434
10 0.178602 0.377031 0.192923 0.380392 0.182814 0.396078 0.168492 0.392717
10 0.195451 0.379832 0.209773 0.383754 0.197136 0.4 0.186184 0.397199
10 0.213142 0.383193 0.225779 0.387675 0.213142 0.404482 0.200505 0.4
10 0.227464 0.387115 0.242628 0.391036 0.230834 0.408964 0.21567 0.405042
10 0.240944 0.393838 0.255265 0.398319 0.244313 0.413445 0.230834 0.409524
10 0.257793 0.39944 0.27043 0.403361 0.26032 0.417927 0.246841 0.413445
9 0.53412 0.731092 0.553496 0.728852 0.56866 0.784314 0.548441 0.785994
9 0.750632 0.652661 0.747262 0.638095 0.826453 0.630812 0.828981 0.643697
10 0.288964 0.404482 0.302443 0.407843 0.291491 0.42521 0.276327 0.421289
9 0.757372 0.631933 0.754844 0.618487 0.836563 0.611204 0.83909 0.62409
9 0.41786 0.192157 0.399326 0.193838 0.390901 0.138375 0.407751 0.137815
9 0.497894 0.209524 0.480202 0.210644 0.473463 0.155182 0.490312 0.154622
9 0.284751 0.213445 0.295703 0.223529 0.230834 0.258824 0.21904 0.24986
9 0.250211 0.24986 0.262848 0.259384 0.20219 0.294118 0.190396 0.284034
9 0.269587 0.266106 0.280539 0.27507 0.219882 0.310364 0.207245 0.30084
9 0.297388 0.272269 0.310025 0.281793 0.245998 0.319328 0.233361 0.309244
9 0.346251 0.269468 0.358888 0.278431 0.293176 0.315406 0.281382 0.306443
9 0.361415 0.284034 0.37321 0.294678 0.305813 0.331092 0.294019 0.321008
9 0.374052 0.298039 0.385004 0.308683 0.320977 0.345658 0.307498 0.335574
9 0.404381 0.306443 0.41786 0.315966 0.351306 0.352941 0.338669 0.342857
9 0.4246 0.709244 0.443134 0.708123 0.452401 0.752381 0.434709 0.753501
9 0.478517 0.715406 0.498736 0.714286 0.511373 0.771429 0.491154 0.771989
9 0.53075 0.171989 0.549284 0.169748 0.559393 0.22521 0.540017 0.226891
9 0.561078 0.179832 0.579612 0.177591 0.589722 0.231933 0.570345 0.233613
9 0.647852 0.202801 0.665543 0.2 0.673968 0.256022 0.656276 0.257703
9 0.871946 0.444818 0.867734 0.431373 0.946925 0.422969 0.949452 0.434734
9 0.812974 0.521008 0.809604 0.507563 0.892165 0.49972 0.89385 0.512605
9 0.804549 0.557423 0.801179 0.543417 0.884583 0.536695 0.88711 0.54902
9 0.670598 0.616807 0.654591 0.62577 0.598989 0.583193 0.614996 0.573669
10 0.275484 0.396078 0.290649 0.4 0.276327 0.420168 0.262848 0.415686
10 0.316765 0.416246 0.331929 0.419608 0.320977 0.434734 0.306655 0.430812
10 0.79444 0.879552 0.796967 0.888515 0.767481 0.894678 0.762426 0.885714
10 0.171019 0.964706 0.180286 0.955742 0.201348 0.966387 0.192923 0.97423
10 0.381634 0.697479 0.396799 0.70028 0.386689 0.717087 0.37321 0.713725
10 0.569503 0.477871 0.584667 0.482353 0.571188 0.50028 0.557709 0.496919
10 0.553496 0.47451 0.566976 0.478992 0.555181 0.496359 0.541702 0.492997
10 0.491154 0.458824 0.504634 0.462185 0.494524 0.480112 0.480202 0.477311
10 0.476832 0.454902 0.490312 0.459384 0.477675 0.47563 0.464195 0.472829
10 0.460826 0.455462 0.47262 0.458824 0.464195 0.472829 0.451559 0.469468
10 0.444819 0.445938 0.460826 0.44986 0.449031 0.468347 0.432182 0.464986
10 0.430497 0.442577 0.444819 0.446499 0.432182 0.463866 0.41786 0.459944
10 0.368155 0.427451 0.383319 0.432493 0.372367 0.447619 0.357203 0.444258
10 0.352148 0.42521 0.364785 0.428011 0.356361 0.443697 0.342039 0.440336
10 0.586352 0.446499 0.57203 0.441457 0.586352 0.420168 0.600674 0.42521
10 0.646167 0.458824 0.631003 0.453221 0.646167 0.434174 0.660489 0.438655
10 0.389217 0.393838 0.374052 0.391597 0.384162 0.371429 0.398484 0.37535
10 0.668913 0.459384 0.652906 0.454902 0.663016 0.439216 0.679023 0.443697
10 0.726201 0.478992 0.711879 0.47451 0.722831 0.456022 0.737152 0.458824
10 0.748104 0.482913 0.735468 0.479552 0.743892 0.463866 0.755687 0.466667
10 0.84583 0.813445 0.83909 0.803361 0.865206 0.795518 0.871104 0.804482
10 0.834035 0.833613 0.827296 0.823529 0.859309 0.816246 0.863521 0.82577
10 0.828981 0.862185 0.821398 0.852661 0.846672 0.842577 0.853412 0.851541
10 0.647852 0.905882 0.641112 0.913165 0.614153 0.901961 0.620893 0.894678
10 0.179444 0.955182 0.189553 0.947899 0.211457 0.959664 0.201348 0.967507
10 0.0480202 0.579832 0.0614996 0.582633 0.0505476 0.6 0.0353833 0.597199
10 0.264532 0.957983 0.274642 0.95014 0.297388 0.964706 0.288121 0.971989
10 0.0775063 0.592157 0.0893008 0.596078 0.0791912 0.610644 0.0665543 0.607843
10 0.0918281 0.596078 0.10615 0.598319 0.095198 0.615686 0.0817186 0.612325
10 0.111205 0.598319 0.124684 0.602801 0.110362 0.619048 0.0968829 0.614566
10 0.283909 0.597759 0.290649 0.586555 0.327717 0.595518 0.32182 0.606162
10 0.174389 0.637535 0.188711 0.641457 0.176074 0.659944 0.162595 0.656022
10 0.21567 0.648739 0.231676 0.652661 0.216512 0.670028 0.203875 0.665546
10 0.276327 0.664986 0.290649 0.669468 0.278012 0.687395 0.264532 0.683473
10 0.292334 0.668347 0.310025 0.671709 0.296546 0.695238 0.279697 0.690756
10 0.304128 0.761345 0.31171 0.752381 0.334457 0.762465 0.327717 0.769188
10 0.220725 0.814006 0.229149 0.806162 0.251053 0.817927 0.242628 0.82521
10 0.326032 0.834734 0.336142 0.828011 0.355518 0.838655 0.347936 0.846499
10 0.199663 0.826891 0.216512 0.829692 0.207245 0.848179 0.192081 0.845938
10 0.16091 0.87563 0.155855 0.864986 0.181971 0.855462 0.188711 0.866667
10 0.0968829 0.882913 0.11289 0.889076 0.0918281 0.913165 0.0749789 0.908123
10 0.0758214 0.885714 0.0893008 0.889636 0.0758214 0.907563 0.062342 0.903641
10 0.0235889 0.87619 0.0379107 0.878992 0.0269587 0.895798 0.0143218 0.892437
10 0.155855 0.923249 0.165965 0.913165 0.193766 0.927171 0.184499 0.937255
10 0.206403 0.936695 0.214827 0.927731 0.235046 0.939496 0.226622 0.946779
10 0.217355 0.927731 0.225779 0.919888 0.248526 0.931653 0.239259 0.938936
9 0.282224 0.0862745 0.265375 0.087395 0.259478 0.0313725 0.275484 0.0302521
