10 0.0416667 0.708995 0.0208333 0.70194 0.03125 0.659612 0.0520833 0.661376
10 0.216667 0.917108 0.239583 0.922399 0.229167 0.957672 0.208333 0.952381
9 0.204167 0.546737 0.185417 0.537919 0.229167 0.467372 0.247917 0.472663
9 0.264583 0.559083 0.245833 0.553792 0.28125 0.479718 0.297917 0.486772
9 0.291667 0.56261 0.270833 0.557319 0.30625 0.485009 0.322917 0.4903
9 0.370833 0.594356 0.35 0.585538 0.385417 0.514991 0.402083 0.520282
9 0.427083 0.601411 0.408333 0.594356 0.439583 0.52381 0.458333 0.529101
9 0.31875 0.573192 0.3 0.566138 0.333333 0.493827 0.35 0.499118
9 0.233333 0.552028 0.216667 0.544974 0.252083 0.472663 0.26875 0.479718
10 0.25625 0.925926 0.283333 0.934744 0.270833 0.971781 0.24375 0.962963
10 0.189583 0.910053 0.2125 0.91358 0.204167 0.950617 0.18125 0.948854
10 0.0791667 0.714286 0.05625 0.708995 0.0625 0.664903 0.0875 0.664903
10 0.16875 0.908289 0.1875 0.911817 0.18125 0.948854 0.160417 0.945326
10 0.15 0.902998 0.170833 0.906526 0.158333 0.945326 0.1375 0.941799
10 0.122917 0.897707 0.145833 0.902998 0.135417 0.941799 0.1125 0.934744
10 0.0458333 0.888889 0.06875 0.89418 0.05625 0.92769 0.0333333 0.924162
10 0.279167 0.75485 0.252083 0.753086 0.25625 0.714286 0.283333 0.716049
10 0.227083 0.747795 0.204167 0.744268 0.214583 0.703704 0.2375 0.708995
10 0.18125 0.737213 0.160417 0.73545 0.170833 0.693122 0.191667 0.696649
10 0.102083 0.723104 0.0791667 0.716049 0.0958333 0.670194 0.11875 0.675485
9 0.177083 0.559083 0.15625 0.552028 0.1875 0.485009 0.20625 0.492063
