10 0.305818 0.884586 0.304245 0.876993 0.319969 0.876993 0.319969 0.884586
9 0.878145 0.481397 0.869497 0.475323 0.894654 0.444191 0.90173 0.449506
9 0.886006 0.283219 0.878931 0.279423 0.900943 0.246773 0.907233 0.251329
9 0.884434 0.32574 0.876572 0.320425 0.898585 0.288535 0.904874 0.292331
9 0.884434 0.344723 0.876572 0.340926 0.897013 0.307517 0.904874 0.312073
9 0.883648 0.360668 0.876572 0.356112 0.897799 0.324222 0.90566 0.328018
9 0.881289 0.384207 0.874214 0.378891 0.89544 0.347001 0.902516 0.350797
9 0.882075 0.403189 0.875 0.399393 0.89544 0.365983 0.903302 0.370539
9 0.881289 0.419134 0.874214 0.414579 0.897013 0.383447 0.903302 0.388003
9 0.881289 0.441913 0.873428 0.438117 0.894654 0.403948 0.90173 0.409263
9 0.879717 0.460137 0.872642 0.45634 0.896226 0.42445 0.903302 0.429005
9 0.891509 0.474563 0.898585 0.479119 0.877358 0.510251 0.869497 0.504935
9 0.925314 0.381169 0.967767 0.420653 0.960692 0.426727 0.918239 0.387244
9 0.878931 0.531511 0.871069 0.526955 0.891509 0.494305 0.899371 0.498102
9 0.706761 0.602885 0.705975 0.611238 0.665881 0.611997 0.667453 0.602885
9 0.798742 0.125285 0.80739 0.125285 0.805818 0.166287 0.79717 0.166287
9 0.78695 0.123007 0.795597 0.123007 0.794025 0.164009 0.784591 0.164768
9 0.699686 0.707669 0.706761 0.70615 0.717767 0.742597 0.709119 0.745634
9 0.742925 0.736522 0.735063 0.737282 0.72956 0.697798 0.738208 0.697039
9 0.73978 0.694002 0.730346 0.694002 0.727201 0.654518 0.735849 0.653759
9 0.71305 0.659074 0.720912 0.658314 0.726415 0.69552 0.718553 0.697798
9 0.688679 0.651481 0.697327 0.650721 0.701258 0.687927 0.69261 0.688686
9 0.886006 0.264996 0.878931 0.2612 0.897799 0.227031 0.90566 0.230828
9 0.931604 0.381169 0.937107 0.375854 0.964623 0.403948 0.958333 0.410023
9 0.662736 0.663629 0.671384 0.661352 0.680818 0.697798 0.672956 0.700835
9 0.965409 0.169324 0.966195 0.178436 0.933176 0.178436 0.933176 0.169324
10 0.903302 0.688686 0.903302 0.681093 0.919025 0.681853 0.919025 0.689446
10 0.903302 0.651481 0.911164 0.654518 0.904874 0.6735 0.897013 0.669704
10 0.937107 0.523159 0.937107 0.530752 0.919025 0.530752 0.919025 0.522399
10 0.968553 0.516325 0.968553 0.523159 0.951258 0.52164 0.951258 0.514806
10 0.968553 0.508732 0.968553 0.514806 0.954403 0.514806 0.953616 0.507213
10 0.951258 0.507213 0.951258 0.515566 0.933962 0.515566 0.933176 0.507213
9 0.884434 0.306758 0.876572 0.301443 0.897799 0.269552 0.90566 0.273349
9 0.997642 0.128322 0.997642 0.138193 0.958333 0.135915 0.958333 0.126803
9 0.966981 0.160213 0.966981 0.169324 0.933962 0.167806 0.933962 0.158694
9 0.994497 0.182232 0.993711 0.190585 0.955189 0.190585 0.954403 0.181473
9 0.921384 0.335611 0.929245 0.330296 0.968553 0.370539 0.961478 0.377373
9 0.921384 0.196659 0.926887 0.189066 0.976415 0.218679 0.971698 0.225513
9 0.94261 0.220957 0.947327 0.214123 0.978774 0.233106 0.97327 0.240699
9 0.976415 0.244495 0.970912 0.252088 0.941038 0.233106 0.945755 0.226272
9 0.933176 0.238421 0.940252 0.232346 0.983491 0.269552 0.977987 0.276386
9 0.930031 0.248292 0.936321 0.242217 0.978774 0.280942 0.972484 0.287775
9 0.923742 0.258162 0.930818 0.250569 0.972484 0.290053 0.964623 0.296128
9 0.922956 0.27183 0.930818 0.265756 0.971698 0.306758 0.964623 0.313591
9 0.924528 0.287775 0.930818 0.28246 0.970912 0.323462 0.964623 0.329537
9 0.920597 0.318907 0.928459 0.312832 0.968553 0.353075 0.961478 0.359909
9 0.672956 0.660592 0.680818 0.658314 0.693396 0.696279 0.684748 0.698557
9 0.653302 0.666667 0.660377 0.664389 0.671384 0.701595 0.663522 0.703872
10 0.289308 0.900532 0.290094 0.908884 0.272013 0.909643 0.271226 0.90205
9 0.127358 0.829157 0.13522 0.829157 0.13522 0.867122 0.126572 0.867122
9 0.296384 0.726651 0.295597 0.716781 0.335692 0.716781 0.336478 0.725133
9 0.236635 0.68489 0.261792 0.681853 0.264151 0.689446 0.237421 0.692483
9 0.233491 0.826879 0.240566 0.832954 0.217767 0.862566 0.210692 0.857251
9 0.22327 0.823842 0.230346 0.829157 0.205975 0.861048 0.199686 0.855733
9 0.204403 0.826879 0.211478 0.830676 0.191824 0.863326 0.185535 0.85877
9 0.189465 0.829157 0.196541 0.832954 0.179245 0.865604 0.170597 0.862566
9 0.174528 0.829157 0.18239 0.832194 0.167453 0.867122 0.158805 0.864085
9 0.162736 0.829157 0.170597 0.832194 0.156447 0.866363 0.148585 0.863326
9 0.150943 0.828398 0.158019 0.831435 0.144654 0.866363 0.136792 0.863326
9 0.117138 0.829916 0.125 0.830676 0.123428 0.867882 0.115566 0.867882
9 0.294025 0.745634 0.335692 0.745634 0.336478 0.753986 0.294811 0.753986
9 0.106132 0.830676 0.113994 0.831435 0.111635 0.8694 0.103774 0.8694
9 0.0943396 0.830676 0.102201 0.831435 0.100629 0.8694 0.091195 0.870159
9 0.0841195 0.829916 0.0919811 0.829916 0.091195 0.867122 0.081761 0.867882
9 0.238208 0.754746 0.22956 0.750949 0.242138 0.725133 0.25 0.72817
9 0.226415 0.755505 0.217767 0.751708 0.22956 0.725133 0.237421 0.72817
9 0.213836 0.756264 0.205975 0.752468 0.216195 0.725892 0.224057 0.728929
9 0.179245 0.790433 0.17217 0.787396 0.189465 0.751708 0.197327 0.755505
9 0.173742 0.761579 0.180818 0.765376 0.168239 0.787396 0.161164 0.783599
9 0.161164 0.762339 0.169025 0.766894 0.154088 0.791951 0.14544 0.787396
9 0.296384 0.738041 0.296384 0.72817 0.334906 0.72817 0.335692 0.736522
9 0.294025 0.765376 0.294025 0.755505 0.333333 0.756264 0.333333 0.765376
9 0.643082 0.669704 0.650157 0.667426 0.661164 0.703872 0.653302 0.70691
9 0.636006 0.534548 0.642296 0.529992 0.666667 0.559605 0.659591 0.56492
9 0.632075 0.672741 0.640723 0.669704 0.65173 0.707669 0.643868 0.710706
9 0.621855 0.675778 0.630503 0.6735 0.640723 0.709947 0.632075 0.712225
9 0.632075 0.716781 0.623428 0.718299 0.611635 0.681093 0.618711 0.678815
9 0.525157 0.610478 0.516509 0.610478 0.515723 0.570995 0.524371 0.570995
9 0.536164 0.610478 0.52673 0.610478 0.525943 0.570995 0.535377 0.570235
9 0.54717 0.613516 0.539308 0.613516 0.537736 0.573273 0.545597 0.572513
9 0.55739 0.611238 0.549528 0.611238 0.549528 0.570995 0.558962 0.570995
9 0.634434 0.571754 0.639937 0.566439 0.665881 0.593774 0.659591 0.599848
9 0.63522 0.553531 0.641509 0.548975 0.665881 0.577828 0.658805 0.583903
9 0.636792 0.503417 0.643082 0.498102 0.667453 0.527715 0.661164 0.53303
9 0.295597 0.775247 0.294025 0.766135 0.334119 0.767654 0.334906 0.776006
9 0.637579 0.487472 0.64544 0.482156 0.668239 0.511769 0.66195 0.517084
9 0.582547 0.394077 0.573113 0.394077 0.574686 0.354594 0.583333 0.354594
9 0.691038 0.107821 0.716981 0.123007 0.71305 0.1306 0.687107 0.114655
9 0.289308 0.841306 0.288522 0.832194 0.329403 0.832194 0.329403 0.840547
9 0.287736 0.829916 0.287736 0.821564 0.32783 0.821564 0.32783 0.829916
9 0.291667 0.818527 0.290881 0.810175 0.330975 0.811693 0.330189 0.819286
9 0.291667 0.808656 0.291667 0.800304 0.331761 0.801063 0.330975 0.808656
9 0.293239 0.788155 0.333333 0.790433 0.334119 0.798785 0.292453 0.796507
9 0.294811 0.785877 0.294811 0.776765 0.334119 0.778284 0.334906 0.787396
10 0.884434 0.698557 0.891509 0.700835 0.886792 0.715262 0.878931 0.712225
10 0.970912 0.737282 0.963836 0.741838 0.953616 0.727411 0.959906 0.722855
10 0.971698 0.727411 0.964623 0.729689 0.958333 0.713743 0.965409 0.711465
10 0.687893 0.824601 0.693396 0.820046 0.702044 0.834472 0.695755 0.837509
10 0.573113 0.867122 0.565252 0.862566 0.577044 0.84738 0.583333 0.851936
10 0.590409 0.867122 0.583333 0.862566 0.592767 0.849658 0.599057 0.853455
10 0.600629 0.866363 0.59434 0.862566 0.602987 0.849658 0.609277 0.853455
10 0.611635 0.864844 0.605346 0.862566 0.609277 0.849658 0.615566 0.852696
10 0.630503 0.867882 0.621855 0.868641 0.624214 0.851177 0.631289 0.851936
10 0.720126 0.81473 0.725629 0.810934 0.734277 0.823842 0.72956 0.827639
10 0.711478 0.817768 0.716195 0.812453 0.727201 0.823842 0.720912 0.829157
10 0.705189 0.820046 0.710692 0.816249 0.716981 0.828398 0.711478 0.831435
10 0.694182 0.822323 0.700472 0.818527 0.709119 0.829157 0.704403 0.834472
10 0.662736 0.838269 0.666667 0.832954 0.679245 0.842825 0.675314 0.84738
10 0.551887 0.861048 0.544811 0.856492 0.553459 0.845103 0.559748 0.849658
10 0.663522 0.867882 0.657233 0.863326 0.668239 0.849658 0.675314 0.854973
10 0.674528 0.870159 0.667453 0.866363 0.676101 0.850418 0.683176 0.854973
10 0.688679 0.867882 0.680818 0.865604 0.686321 0.851177 0.693396 0.853455
10 0.714623 0.8694 0.705975 0.867882 0.711478 0.851936 0.718553 0.854973
10 0.701258 0.851936 0.702044 0.845103 0.716195 0.845862 0.715409 0.852696
10 0.717767 0.84814 0.714623 0.839787 0.728774 0.834472 0.732704 0.842065
10 0.724057 0.861807 0.716981 0.858011 0.724843 0.845103 0.731132 0.849658
10 0.732704 0.84738 0.738208 0.850418 0.733491 0.863326 0.727201 0.860289
10 0.733491 0.849658 0.72956 0.842065 0.738994 0.835991 0.742925 0.842065
10 0.55739 0.864844 0.551887 0.860289 0.561321 0.84814 0.566824 0.853455
10 0.544025 0.864844 0.536164 0.863326 0.540881 0.84738 0.546384 0.849658
10 0.863208 0.779803 0.860849 0.787396 0.84434 0.781321 0.847484 0.774487
10 0.0518868 0.911921 0.0511006 0.904328 0.0668239 0.904328 0.0668239 0.911921
10 0.253931 0.979499 0.251572 0.986333 0.235063 0.979499 0.238208 0.971906
10 0.0141509 0.928626 0.0196541 0.936978 0.00707547 0.944571 0.00157233 0.937737
10 0.0754717 0.930904 0.0746855 0.923311 0.0896226 0.923311 0.0896226 0.930904
10 0.241352 0.892179 0.240566 0.883068 0.255503 0.882308 0.256289 0.89142
10 0.173742 0.921033 0.172956 0.91268 0.189465 0.911162 0.190252 0.920273
10 0.176101 0.908884 0.174528 0.900532 0.19261 0.899013 0.19261 0.907365
10 0.171384 0.899013 0.169811 0.89142 0.186321 0.89142 0.187107 0.899013
10 0.139937 0.90205 0.139151 0.892938 0.15566 0.892179 0.156447 0.900532
10 0.0731132 0.910402 0.072327 0.902809 0.0888365 0.901291 0.0888365 0.908884
10 0.0314465 0.915718 0.0314465 0.908125 0.047956 0.906606 0.047956 0.914199
10 0.53695 0.862566 0.528302 0.861048 0.533019 0.845862 0.539308 0.846621
10 0.487421 0.846621 0.486635 0.839028 0.503145 0.840547 0.502358 0.84738
10 0.486635 0.856492 0.487421 0.848899 0.503931 0.849658 0.503145 0.857251
10 0.503931 0.846621 0.503931 0.839787 0.516509 0.841306 0.516509 0.84814
10 0.503145 0.855733 0.503931 0.84738 0.517296 0.84814 0.516509 0.855733
10 0.523585 0.860289 0.516509 0.856492 0.525157 0.842065 0.531447 0.846621
10 0.436321 0.879271 0.437107 0.870919 0.45283 0.872437 0.45283 0.88003
10 0.47956 0.908125 0.487421 0.904328 0.494497 0.920273 0.487421 0.92407
10 0.450472 0.94533 0.451258 0.936219 0.468553 0.938497 0.467767 0.946849
10 0.474843 0.971147 0.474843 0.97874 0.456761 0.97798 0.457547 0.969628
10 0.533805 0.917236 0.540881 0.917995 0.539308 0.930144 0.533019 0.929385
10 0.540094 0.918755 0.54717 0.918755 0.54717 0.930904 0.540094 0.930904
10 0.546384 0.918755 0.554245 0.919514 0.553459 0.933941 0.546384 0.933941
10 0.976415 0.867882 0.970912 0.867882 0.970912 0.849658 0.977201 0.851177
10 0.774371 0.825361 0.767296 0.825361 0.766509 0.809415 0.772799 0.808656
10 0.800314 0.842825 0.808962 0.843584 0.808176 0.85877 0.799528 0.85877
10 0.805031 0.864844 0.808962 0.860289 0.819969 0.870159 0.816824 0.874715
10 0.841195 0.883068 0.841981 0.875475 0.859277 0.877752 0.858491 0.885345
10 0.860063 0.886105 0.860063 0.877752 0.876572 0.877752 0.875 0.885345
10 0.877358 0.885345 0.878145 0.877752 0.894654 0.879271 0.893868 0.886864
10 0.981132 0.889142 0.980346 0.88003 0.998428 0.882308 0.997642 0.889901
10 0.897799 0.886105 0.897799 0.878512 0.91195 0.88003 0.911164 0.886864
10 0.996069 0.8694 0.988208 0.868641 0.988994 0.850418 0.995283 0.851177
10 0.968553 0.868641 0.959906 0.867882 0.961478 0.848899 0.968553 0.850418
10 0.580189 0.918755 0.58805 0.917995 0.588836 0.933941 0.581761 0.933941
10 0.903302 0.864085 0.900157 0.857251 0.914308 0.850418 0.917453 0.858011
10 0.904874 0.832954 0.907233 0.825361 0.923742 0.829916 0.921384 0.837509
10 0.90566 0.824601 0.907233 0.817008 0.921384 0.819286 0.920597 0.826879
10 0.944969 0.810934 0.95283 0.811693 0.950472 0.82612 0.943396 0.825361
10 0.96934 0.830676 0.961478 0.829916 0.963836 0.813212 0.970912 0.813971
10 0.987421 0.830676 0.97956 0.829916 0.980346 0.81473 0.987421 0.81549
10 0.966981 0.809415 0.96934 0.802582 0.982704 0.807897 0.97956 0.813971
10 0.970126 0.802582 0.972484 0.794989 0.986635 0.800304 0.984277 0.806378
10 0.860063 0.788914 0.857704 0.795748 0.842767 0.790433 0.845912 0.783599
10 0.765723 0.826879 0.757862 0.826879 0.759434 0.810175 0.765723 0.810175
10 0.757862 0.823842 0.75 0.824601 0.749214 0.808656 0.756289 0.807897
10 0.916667 0.959757 0.922956 0.962794 0.916667 0.974184 0.909591 0.971147
10 0.948113 0.984814 0.948113 0.991648 0.933176 0.990888 0.933176 0.984814
10 0.591195 0.921033 0.59827 0.921033 0.59827 0.936219 0.590409 0.935459
10 0.599843 0.921033 0.607704 0.921033 0.606918 0.935459 0.599057 0.9347
10 0.624214 0.938497 0.617138 0.937737 0.618711 0.921033 0.625786 0.921792
10 0.628145 0.921792 0.633648 0.921792 0.633648 0.935459 0.628145 0.935459
10 0.636006 0.922551 0.643082 0.922551 0.642296 0.936978 0.634434 0.936219
10 0.64544 0.924829 0.652516 0.924829 0.650157 0.940774 0.643082 0.939256
10 0.654874 0.922551 0.662736 0.923311 0.661164 0.938497 0.654088 0.937737
10 0.589623 0.966591 0.580975 0.96735 0.580189 0.950645 0.58805 0.949886
10 0.596698 0.950645 0.605346 0.951405 0.60456 0.969628 0.595912 0.968869
10 0.608491 0.952923 0.616352 0.952923 0.617138 0.968869 0.609277 0.968869
10 0.619497 0.954442 0.626572 0.953683 0.626572 0.969628 0.618711 0.968869
10 0.627358 0.953683 0.63522 0.953683 0.63522 0.968869 0.626572 0.968869
10 0.63522 0.952923 0.643868 0.953683 0.642296 0.96735 0.634434 0.966591
10 0.649371 0.996203 0.649371 0.987851 0.667453 0.98861 0.668239 0.996963
10 0.673742 0.998481 0.673742 0.98861 0.689465 0.990129 0.690252 0.999241
10 0.777516 0.975702 0.786164 0.974943 0.783805 0.992407 0.775157 0.990888
10 0.86478 0.95672 0.871069 0.959757 0.86478 0.973424 0.857704 0.969628
10 0.873428 0.95672 0.879717 0.959757 0.873428 0.972665 0.867138 0.968869
10 0.90566 0.974184 0.899371 0.969628 0.908805 0.95672 0.914308 0.960516
9 0.072327 0.794229 0.0825472 0.794229 0.0809748 0.832194 0.0707547 0.832194
