10 0.805243 0.043024 0.805243 0.0522434 0.7603 0.0510141 0.761548 0.0399508
9 0.374532 0.567916 0.37578 0.582667 0.260924 0.587585 0.258427 0.573448
9 0.58427 0.413645 0.583021 0.428396 0.468165 0.423479 0.469413 0.410572
9 0.349563 0.422864 0.350811 0.436386 0.235955 0.441303 0.234707 0.427781
9 0.35206 0.437615 0.353308 0.451137 0.2397 0.45421 0.237203 0.441303
9 0.350811 0.451137 0.349563 0.465888 0.238452 0.468347 0.238452 0.455439
9 0.355805 0.475108 0.355805 0.489244 0.242197 0.492317 0.2397 0.478795
9 0.354557 0.491088 0.355805 0.50461 0.244694 0.508912 0.243446 0.49539
9 0.485643 0.478181 0.514357 0.477566 0.525593 0.558697 0.494382 0.558082
9 0.367041 0.516902 0.365793 0.529809 0.253433 0.533497 0.250936 0.52059
9 0.364544 0.530424 0.364544 0.543946 0.252185 0.548248 0.250936 0.534112
9 0.586767 0.591887 0.588015 0.603565 0.473159 0.605409 0.470662 0.593116
9 0.420724 0.910264 0.397004 0.911494 0.389513 0.854948 0.416979 0.854333
9 0.380774 0.61217 0.382022 0.626306 0.264669 0.62815 0.263421 0.614628
9 0.310861 0.64536 0.339576 0.642901 0.357054 0.723417 0.329588 0.725876
9 0.275905 0.648433 0.309613 0.645974 0.327091 0.72649 0.294632 0.729564
9 0.332085 0.729564 0.360799 0.72649 0.372035 0.781192 0.345818 0.784266
9 0.300874 0.731407 0.332085 0.728949 0.343321 0.784266 0.31211 0.786109
9 0.367041 0.797787 0.397004 0.7941 0.411985 0.850031 0.383271 0.851875
9 0.473159 0.787953 0.499376 0.788568 0.48814 0.869699 0.460674 0.86847
9 0.513109 0.786724 0.543071 0.788568 0.520599 0.869699 0.490637 0.86724
9 0.539326 0.788568 0.569288 0.790412 0.560549 0.872157 0.530587 0.871543
9 0.583021 0.400123 0.581773 0.41303 0.470662 0.408113 0.47191 0.395206
9 0.585518 0.385986 0.585518 0.400123 0.474407 0.395206 0.475655 0.382299
9 0.589263 0.368162 0.588015 0.381684 0.470662 0.377382 0.473159 0.36386
9 0.609238 0.317763 0.609238 0.334358 0.483146 0.333128 0.484395 0.318377
9 0.428215 0.138291 0.399501 0.137677 0.404494 0.0811309 0.430712 0.0817455
9 0.456929 0.138291 0.430712 0.137062 0.438202 0.0817455 0.463171 0.0823602
9 0.483146 0.143208 0.456929 0.141979 0.464419 0.0860479 0.490637 0.0866626
9 0.513109 0.137677 0.485643 0.137062 0.493134 0.0817455 0.519351 0.0823602
9 0.566792 0.141364 0.539326 0.139521 0.548065 0.0848187 0.575531 0.0848187
9 0.598002 0.141364 0.570537 0.141364 0.575531 0.0866626 0.600499 0.0866626
9 0.625468 0.141979 0.599251 0.141979 0.600499 0.0866626 0.627965 0.0866626
9 0.355805 0.135833 0.344569 0.147511 0.244694 0.122926 0.25593 0.111862
9 0.344569 0.153042 0.330836 0.164106 0.234707 0.137062 0.245943 0.125999
9 0.334582 0.168408 0.320849 0.180701 0.224719 0.153042 0.237203 0.141364
9 0.329588 0.183774 0.317104 0.194837 0.220974 0.167793 0.23221 0.156116
9 0.334582 0.225569 0.324594 0.23909 0.222222 0.213276 0.23221 0.200983
9 0.514357 0.255685 0.516854 0.24032 0.629213 0.245237 0.625468 0.258758
9 0.501873 0.280885 0.503121 0.267363 0.612984 0.268593 0.611735 0.282114
9 0.233458 0.2311 0.245943 0.219422 0.347066 0.243393 0.334582 0.255071
9 0.237203 0.249539 0.249688 0.237861 0.348315 0.264905 0.333333 0.276583
9 0.33583 0.292563 0.324594 0.304241 0.223471 0.277197 0.235955 0.266134
9 0.333333 0.307929 0.3196 0.319607 0.220974 0.292563 0.234707 0.280885
9 0.332085 0.335587 0.317104 0.34665 0.219725 0.322065 0.23221 0.310387
9 0.536829 0.878304 0.565543 0.882606 0.538077 0.937308 0.51186 0.934849
9 0.387016 0.90965 0.357054 0.907191 0.362047 0.851875 0.39201 0.851875
10 0.610487 0.0356484 0.609238 0.0485556 0.554307 0.0473264 0.554307 0.0338045
10 0.857678 0.824831 0.881398 0.82606 0.875156 0.847572 0.850187 0.845728
10 0.900125 0.909035 0.88015 0.909035 0.88015 0.882606 0.902622 0.883221
10 0.921348 0.90842 0.902622 0.907806 0.907615 0.88445 0.926342 0.885679
10 0.990012 0.90842 0.970037 0.90842 0.975031 0.885065 0.992509 0.885679
10 0.645443 0.823602 0.66417 0.824216 0.661673 0.844499 0.644195 0.843884
10 0.670412 0.821758 0.690387 0.822987 0.689139 0.844499 0.667915 0.84327
10 0.695381 0.822372 0.714107 0.822987 0.710362 0.839582 0.692884 0.838353
10 0.716604 0.822987 0.737828 0.822987 0.734082 0.844499 0.710362 0.842655
10 0.78402 0.827289 0.80774 0.827904 0.802747 0.850645 0.781523 0.849416
10 0.80774 0.827289 0.832709 0.827289 0.831461 0.847572 0.810237 0.846343
10 0.883895 0.827289 0.906367 0.828519 0.902622 0.852489 0.882647 0.85126
10 0.269663 0.0467117 0.284644 0.0559312 0.244694 0.0700676 0.230961 0.0608482
10 0.827715 0.183159 0.810237 0.18193 0.813983 0.160418 0.832709 0.161033
10 0.878901 0.185618 0.858926 0.185618 0.860175 0.162876 0.881398 0.163491
10 0.907615 0.185618 0.885144 0.185003 0.883895 0.160418 0.908864 0.161647
10 0.952559 0.186232 0.931336 0.185618 0.933833 0.161647 0.953808 0.162876
10 0.712859 0.111862 0.690387 0.110633 0.694132 0.0897357 0.714107 0.0903503
10 0.756554 0.116165 0.737828 0.114935 0.741573 0.0940381 0.761548 0.0946527
10 0.826467 0.116779 0.801498 0.116165 0.806492 0.0921942 0.830212 0.0940381
10 0.852684 0.113706 0.828964 0.112477 0.833958 0.0940381 0.853933 0.0940381
10 0.917603 0.121082 0.900125 0.120467 0.90387 0.0989551 0.922597 0.100799
10 0.832709 0.883221 0.860175 0.88445 0.857678 0.909035 0.833958 0.907806
10 0.810237 0.885679 0.833958 0.886908 0.828964 0.90842 0.806492 0.906577
10 0.762797 0.885679 0.785268 0.886294 0.781523 0.907806 0.761548 0.905962
10 0.717853 0.881991 0.740325 0.882606 0.739076 0.903503 0.715356 0.902274
10 0.334582 0.0251998 0.333333 0.0350338 0.290886 0.0331899 0.293383 0.0227412
10 0.111111 0.510756 0.0811486 0.511371 0.0786517 0.468961 0.106117 0.468961
10 0.657928 0.958205 0.6804 0.959435 0.675406 0.979717 0.655431 0.979103
10 0.700375 0.98279 0.682896 0.982176 0.686642 0.962508 0.70412 0.963737
10 0.770287 0.988937 0.751561 0.987707 0.757803 0.964966 0.776529 0.96681
10 0.775281 0.963122 0.799001 0.963122 0.795256 0.988322 0.774032 0.987707
10 0.842697 0.989551 0.822722 0.986478 0.836454 0.963122 0.856429 0.966195
10 0.891386 0.988937 0.868914 0.988322 0.871411 0.964352 0.892634 0.965581
10 0.93633 0.989551 0.917603 0.988937 0.921348 0.96681 0.942572 0.968654
10 0.925094 0.910264 0.94382 0.910264 0.941323 0.93362 0.923845 0.933006
10 0.968789 0.931776 0.947566 0.931162 0.948814 0.909035 0.968789 0.910264
10 0.873908 0.930547 0.855181 0.928703 0.858926 0.907806 0.877653 0.909035
10 0.803995 0.931162 0.782772 0.929318 0.787765 0.90842 0.806492 0.909035
10 0.764045 0.907806 0.78402 0.90842 0.780275 0.929932 0.7603 0.928703
10 0.737828 0.906577 0.761548 0.906577 0.757803 0.929318 0.735331 0.928703
10 0.716604 0.904118 0.739076 0.904118 0.736579 0.927474 0.714107 0.926859
10 0.690387 0.905962 0.710362 0.905962 0.707865 0.926245 0.68789 0.92563
10 0.665418 0.904118 0.68789 0.904118 0.681648 0.924401 0.662921 0.923171
10 0.690387 0.880762 0.712859 0.880762 0.71161 0.901045 0.689139 0.899816
9 0.398252 0.136447 0.372035 0.136447 0.377029 0.0811309 0.401998 0.0805163
