9 0.346311 0.643519 0.346311 0.626543 0.389344 0.625 0.387295 0.643519
9 0.315574 0.632716 0.315574 0.652778 0.277664 0.652778 0.277664 0.634259
9 0.313525 0.694444 0.313525 0.714506 0.276639 0.714506 0.277664 0.695988
9 0.313525 0.716049 0.314549 0.734568 0.272541 0.734568 0.27459 0.716049
9 0.314549 0.734568 0.315574 0.75463 0.27459 0.753086 0.275615 0.736111
9 0.314549 0.75463 0.314549 0.771605 0.27459 0.774691 0.27459 0.757716
9 0.313525 0.776235 0.313525 0.791667 0.272541 0.796296 0.272541 0.777778
9 0.314549 0.794753 0.314549 0.810185 0.275615 0.813272 0.275615 0.79784
9 0.3125 0.814815 0.3125 0.83179 0.27459 0.83642 0.27459 0.817901
9 0.3125 0.83179 0.3125 0.851852 0.275615 0.854938 0.27459 0.83642
9 0.3125 0.850309 0.3125 0.871914 0.273566 0.875 0.27459 0.856481
9 0.314549 0.871914 0.3125 0.890432 0.27459 0.895062 0.273566 0.875
9 0.311475 0.890432 0.3125 0.908951 0.27459 0.91358 0.27459 0.896605
9 0.435451 0.890432 0.432377 0.910494 0.38832 0.904321 0.390369 0.884259
9 0.411885 0.856481 0.413934 0.875 0.376025 0.87963 0.376025 0.859568
9 0.435451 0.799383 0.445697 0.799383 0.445697 0.864198 0.434426 0.864198
9 0.454918 0.807099 0.466189 0.805556 0.468238 0.87037 0.455943 0.871914
9 0.344262 0.859568 0.344262 0.841049 0.38627 0.839506 0.38627 0.856481
9 0.345287 0.839506 0.345287 0.820988 0.38627 0.820988 0.38627 0.83642
9 0.345287 0.819444 0.343238 0.802469 0.38627 0.802469 0.38627 0.817901
9 0.345287 0.802469 0.345287 0.782407 0.38627 0.782407 0.387295 0.799383
9 0.346311 0.779321 0.345287 0.763889 0.387295 0.760802 0.387295 0.779321
9 0.345287 0.760802 0.345287 0.743827 0.38627 0.740741 0.38627 0.759259
9 0.313525 0.67284 0.3125 0.692901 0.275615 0.692901 0.276639 0.675926
9 0.315574 0.614198 0.313525 0.632716 0.277664 0.632716 0.277664 0.618827
9 0.315574 0.555556 0.316598 0.574074 0.278689 0.574074 0.277664 0.558642
9 0.38832 0.384259 0.401639 0.384259 0.401639 0.449074 0.38832 0.449074
9 0.272541 0.37963 0.285861 0.37963 0.285861 0.444444 0.272541 0.444444
9 0.285861 0.376543 0.300205 0.376543 0.300205 0.444444 0.285861 0.444444
9 0.29918 0.37963 0.310451 0.37963 0.310451 0.447531 0.29918 0.447531
9 0.310451 0.37963 0.321721 0.37963 0.321721 0.447531 0.310451 0.447531
9 0.32377 0.37963 0.335041 0.37963 0.335041 0.445988 0.32377 0.445988
9 0.33709 0.382716 0.348361 0.382716 0.348361 0.447531 0.33709 0.447531
9 0.349385 0.381173 0.360656 0.381173 0.360656 0.445988 0.349385 0.445988
9 0.36168 0.37963 0.375 0.37963 0.375 0.447531 0.36168 0.447531
9 0.375 0.382716 0.387295 0.382716 0.387295 0.447531 0.375 0.447531
9 0.402664 0.381173 0.413934 0.381173 0.413934 0.449074 0.402664 0.449074
9 0.316598 0.53858 0.314549 0.555556 0.279713 0.557099 0.278689 0.53858
9 0.741803 0.435185 0.756148 0.435185 0.756148 0.503086 0.741803 0.503086
9 0.756148 0.441358 0.770492 0.441358 0.770492 0.50463 0.756148 0.50463
9 0.786885 0.433642 0.80123 0.433642 0.80123 0.50463 0.786885 0.50463
9 0.803279 0.441358 0.816598 0.441358 0.816598 0.50463 0.803279 0.50463
9 0.818648 0.436728 0.830943 0.436728 0.830943 0.506173 0.818648 0.506173
9 0.834016 0.438272 0.846311 0.438272 0.846311 0.506173 0.834016 0.506173
9 0.848361 0.436728 0.859631 0.436728 0.859631 0.506173 0.848361 0.506173
9 0.317623 0.498457 0.315574 0.516975 0.279713 0.515432 0.279713 0.496914
9 0.315574 0.515432 0.316598 0.535494 0.279713 0.537037 0.278689 0.518519
9 0.347336 0.743827 0.345287 0.725309 0.387295 0.722222 0.387295 0.740741
9 0.345287 0.720679 0.345287 0.70216 0.38627 0.70216 0.38627 0.719136
9 0.346311 0.70216 0.346311 0.683642 0.387295 0.683642 0.387295 0.70216
9 0.483607 0.621914 0.481557 0.601852 0.523566 0.604938 0.523566 0.621914
9 0.478484 0.851852 0.479508 0.833333 0.522541 0.834877 0.520492 0.853395
9 0.478484 0.833333 0.478484 0.811728 0.519467 0.814815 0.519467 0.833333
9 0.478484 0.810185 0.480533 0.79321 0.522541 0.794753 0.522541 0.813272
9 0.480533 0.787037 0.481557 0.771605 0.521516 0.774691 0.522541 0.791667
9 0.481557 0.766975 0.480533 0.75 0.522541 0.75 0.522541 0.766975
9 0.481557 0.70679 0.481557 0.688272 0.522541 0.686728 0.522541 0.70679
9 0.483607 0.683642 0.482582 0.666667 0.52459 0.666667 0.52459 0.685185
9 0.481557 0.665123 0.481557 0.643519 0.522541 0.643519 0.523566 0.66358
9 0.480533 0.643519 0.481557 0.623457 0.522541 0.626543 0.522541 0.646605
9 0.483607 0.601852 0.483607 0.583333 0.523566 0.583333 0.52459 0.601852
9 0.427254 0.83642 0.427254 0.851852 0.38832 0.856481 0.38832 0.841049
9 0.481557 0.58179 0.481557 0.563272 0.52459 0.563272 0.52459 0.580247
9 0.482582 0.561728 0.483607 0.54321 0.523566 0.54321 0.52459 0.561728
9 0.483607 0.53858 0.483607 0.520062 0.52459 0.520062 0.52459 0.540123
9 0.481557 0.516975 0.481557 0.5 0.52459 0.498457 0.52459 0.520062
9 0.881148 0.510802 0.866803 0.512346 0.866803 0.408951 0.878074 0.408951
9 0.459016 0.145062 0.459016 0.162037 0.373975 0.165123 0.373975 0.145062
9 0.315574 0.57716 0.316598 0.597222 0.278689 0.595679 0.278689 0.57716
9 0.316598 0.595679 0.316598 0.618827 0.278689 0.615741 0.278689 0.597222
9 0.315574 0.655864 0.314549 0.675926 0.276639 0.675926 0.276639 0.655864
9 0.477459 0.871914 0.478484 0.851852 0.519467 0.858025 0.519467 0.87963
9 0.425205 0.817901 0.42623 0.834877 0.38832 0.837963 0.389344 0.819444
9 0.347336 0.682099 0.347336 0.666667 0.38832 0.66358 0.38832 0.682099
9 0.431352 0.584877 0.431352 0.601852 0.392418 0.604938 0.392418 0.58642
9 0.348361 0.666667 0.347336 0.648148 0.389344 0.643519 0.38832 0.662037
9 0.348361 0.625 0.347336 0.604938 0.389344 0.608025 0.389344 0.625
9 0.347336 0.604938 0.347336 0.58642 0.390369 0.58642 0.390369 0.604938
9 0.348361 0.58642 0.348361 0.570988 0.389344 0.566358 0.389344 0.58642
9 0.349385 0.569444 0.348361 0.550926 0.389344 0.54784 0.390369 0.566358
9 0.348361 0.549383 0.347336 0.532407 0.390369 0.529321 0.391393 0.54784
9 0.430328 0.529321 0.430328 0.544753 0.391393 0.54784 0.391393 0.529321
9 0.430328 0.546296 0.430328 0.563272 0.391393 0.567901 0.391393 0.54784
9 0.430328 0.566358 0.430328 0.584877 0.392418 0.58642 0.391393 0.570988
9 0.431352 0.604938 0.432377 0.62037 0.392418 0.626543 0.391393 0.606481
9 0.425205 0.79784 0.425205 0.816358 0.389344 0.820988 0.387295 0.802469
9 0.430328 0.621914 0.430328 0.640432 0.390369 0.645062 0.390369 0.623457
9 0.429303 0.640432 0.430328 0.660494 0.389344 0.662037 0.390369 0.638889
9 0.428279 0.66358 0.428279 0.680556 0.391393 0.682099 0.390369 0.66358
9 0.428279 0.682099 0.430328 0.697531 0.390369 0.700617 0.389344 0.685185
9 0.427254 0.699074 0.428279 0.719136 0.389344 0.723765 0.389344 0.70216
9 0.427254 0.720679 0.425205 0.739198 0.391393 0.740741 0.391393 0.723765
9 0.427254 0.739198 0.427254 0.759259 0.38832 0.760802 0.38832 0.742284
9 0.425205 0.759259 0.425205 0.776235 0.389344 0.782407 0.389344 0.762346
9 0.425205 0.782407 0.425205 0.79784 0.38832 0.800926 0.389344 0.782407
9 0.259221 0.385802 0.271516 0.385802 0.271516 0.450617 0.259221 0.450617
