0 0.93044 0.602704 0.942489 0.654603 0.901 0.674289 0.88758 0.625174
0 0.217582 0.521376 0.214295 0.543249 0.196768 0.538079 0.199507 0.515411
0 0.265507 0.820044 0.264823 0.843309 0.247296 0.841121 0.248117 0.818453
0 0.227304 0.791808 0.231959 0.808113 0.217034 0.817856 0.212105 0.802148
0 0.171163 0.771127 0.190607 0.763174 0.197316 0.798568 0.177461 0.807318
0 0.219225 0.740107 0.231823 0.737522 0.234698 0.767151 0.222101 0.769338
0 0.209229 0.712269 0.192797 0.716047 0.189922 0.689799 0.20608 0.685822
0 0.270026 0.68284 0.255648 0.68801 0.250582 0.662557 0.264823 0.656989
0 0.2792 0.579042 0.279337 0.594949 0.262769 0.594552 0.262632 0.578644
0 0.240312 0.565719 0.249487 0.574468 0.240449 0.595148 0.231686 0.585802
0 0.214295 0.561742 0.230316 0.576854 0.219636 0.599125 0.204163 0.585802
0 0.177735 0.566514 0.155279 0.567707 0.1561 0.533108 0.178283 0.533307
0 0.206764 0.42593 0.186773 0.43269 0.183212 0.404056 0.204026 0.398091
0 0.394495 0.815073 0.393811 0.832372 0.378338 0.830781 0.378748 0.813879
0 0.246063 0.324319 0.241682 0.351561 0.222785 0.344204 0.227167 0.316962
0 0.207312 0.336449 0.191976 0.332074 0.196084 0.305627 0.211283 0.310201
0 0.256333 0.261086 0.253047 0.282163 0.234424 0.274806 0.237574 0.254723
0 0.268657 0.183734 0.265507 0.21376 0.241271 0.207198 0.244831 0.175979
0 0.196495 0.148538 0.176092 0.152317 0.17308 0.123881 0.193619 0.119706
0 0.353553 0.105389 0.33945 0.103997 0.339997 0.0783456 0.354512 0.0795387
0 0.379707 0.106781 0.359852 0.105389 0.3604 0.072579 0.379433 0.073971
0 0.398193 0.106383 0.385321 0.104593 0.38628 0.0785444 0.399151 0.0799364
0 0.363002 0.678863 0.364508 0.696361 0.349719 0.697753 0.348213 0.680652
0 0.338491 0.733545 0.326167 0.734142 0.325757 0.710877 0.338354 0.710877
0 0.264001 0.849672 0.263453 0.872937 0.244557 0.871346 0.245105 0.84828
0 0.279474 0.930404 0.292346 0.931597 0.291798 0.956453 0.278926 0.955458
0 0.264823 0.927023 0.276462 0.931994 0.27208 0.956453 0.260304 0.951879
0 0.137478 0.792802 0.150897 0.78624 0.156374 0.810698 0.142818 0.816862
0 0.140901 0.147544 0.1231 0.133625 0.133096 0.107576 0.150486 0.12249
0 0.151582 0.16723 0.140079 0.144562 0.15925 0.123683 0.170341 0.148538
0 0.0829796 0.154106 0.0974942 0.173394 0.0814734 0.199443 0.0673696 0.181149
0 0.102971 0.206204 0.0925647 0.227282 0.0742161 0.20859 0.0851705 0.185723
0 0.13022 0.258103 0.134054 0.229867 0.157333 0.238019 0.153088 0.266057
0 0.101602 0.232054 0.0947556 0.259893 0.0739422 0.24836 0.0805149 0.22072
0 0.113789 0.345596 0.117623 0.312985 0.146789 0.321933 0.142955 0.354544
0 0.0728468 0.337244 0.0649048 0.386558 0.0286184 0.375621 0.0361495 0.326307
0 0.111187 0.399284 0.115021 0.372241 0.135835 0.379002 0.132274 0.406045
0 0.164864 0.388149 0.151582 0.383376 0.155005 0.357526 0.168013 0.361702
0 0.0647679 0.395506 0.0572368 0.44482 0.0208134 0.435872 0.0275229 0.384967
0 0.0990004 0.442235 0.104615 0.403858 0.135424 0.413601 0.129536 0.452575
0 0.0914693 0.485584 0.0963987 0.452973 0.125702 0.463114 0.121457 0.494929
0 0.0903738 0.529131 0.093934 0.501094 0.117623 0.508451 0.113652 0.535096
0 0.125428 0.571485 0.118171 0.55518 0.134328 0.541261 0.141038 0.557964
0 0.0506641 0.580036 0.0605231 0.59654 0.0483363 0.613641 0.0380665 0.596739
0 0.0653156 0.588785 0.0794194 0.591171 0.0766808 0.617817 0.0623032 0.615629
0 0.0699712 0.664148 0.0662741 0.643468 0.084212 0.636508 0.0877721 0.656393
0 0.125565 0.693975 0.119677 0.665739 0.139395 0.657785 0.145009 0.685027
0 0.14583 0.742096 0.12844 0.746272 0.123511 0.71028 0.14186 0.705309
0 0.16459 0.726188 0.149801 0.728177 0.147748 0.700736 0.163221 0.698747
0 0.37601 0.715252 0.380939 0.730165 0.366836 0.740107 0.361495 0.724597
0 0.351636 0.821635 0.364371 0.822231 0.364371 0.847683 0.351089 0.847286
0 0.984253 0.903758 0.999726 0.90515 0.999178 0.93617 0.983021 0.934182
0 0.649596 0.999602 0.626455 0.999205 0.640559 0.965202 0.657127 0.981706
0 0.563741 0.871943 0.557442 0.847485 0.579488 0.833565 0.586471 0.858421
0 0.668629 0.825413 0.683829 0.845098 0.669314 0.871147 0.653156 0.852058
0 0.644256 0.796381 0.660277 0.812488 0.647816 0.838934 0.632206 0.824021
0 0.556621 0.828594 0.559496 0.799761 0.586745 0.805727 0.584828 0.832969
0 0.650828 0.758998 0.620156 0.738914 0.634808 0.692384 0.665754 0.711672
0 0.579488 0.715053 0.562919 0.702327 0.573052 0.669517 0.590031 0.681448
0 0.565247 0.609465 0.575791 0.600318 0.58387 0.619805 0.5736 0.629549
0 0.620978 0.576059 0.633575 0.579042 0.631384 0.600915 0.618787 0.598727
0 0.676434 0.6035 0.68999 0.609664 0.685472 0.634917 0.671505 0.629151
0 0.588799 0.982501 0.590853 0.951879 0.615364 0.957049 0.613173 0.984888
0 0.683007 0.88268 0.702451 0.892424 0.695057 0.923245 0.675476 0.913701
0 0.300972 0.851859 0.301109 0.827998 0.320553 0.828594 0.319321 0.851859
0 0.710667 0.869159 0.731069 0.862398 0.735862 0.894611 0.715733 0.901173
0 0.764343 0.835355 0.727372 0.829191 0.731069 0.765957 0.768862 0.773315
0 0.709434 0.80175 0.68643 0.767946 0.712995 0.732154 0.73641 0.766952
0 0.687936 0.776496 0.657401 0.760191 0.669451 0.712269 0.700534 0.730762
0 0.747501 0.652018 0.761194 0.654603 0.758866 0.679459 0.745447 0.676476
0 0.73285 0.638298 0.744215 0.644661 0.738327 0.667926 0.727509 0.661165
0 0.695057 0.61384 0.707791 0.617021 0.704094 0.643667 0.69136 0.640087
0 0.762974 0.607278 0.762016 0.620799 0.754074 0.619805 0.755032 0.606284
0 0.802684 0.637701 0.790634 0.637105 0.791319 0.620402 0.803232 0.620799
0 0.951116 0.885265 0.977543 0.921058 0.950842 0.957447 0.924962 0.924438
0 0.561276 0.89481 0.564699 0.867568 0.588114 0.873335 0.584417 0.89998
0 0.434479 0.0934579 0.422703 0.0926626 0.423388 0.067409 0.435301 0.0680056
0 0.41791 0.10002 0.405861 0.099821 0.406819 0.0731756 0.41928 0.0743687
0 0.542517 0.642076 0.544708 0.625373 0.560181 0.630941 0.558401 0.647445
0 0.389292 0.866574 0.384226 0.881289 0.370122 0.869557 0.375462 0.854842
0 0.390388 0.883277 0.389429 0.899781 0.372997 0.897992 0.373134 0.881289
0 0.387786 0.909724 0.385047 0.925035 0.369711 0.917677 0.372724 0.902366
0 0.382993 0.924239 0.38669 0.940346 0.373545 0.947107 0.369574 0.930801
0 0.380392 0.945516 0.385732 0.962418 0.372587 0.97236 0.366699 0.956651
0 0.395454 0.948896 0.402437 0.96202 0.389977 0.976735 0.382446 0.96381
0 0.418458 0.950885 0.425989 0.965202 0.413255 0.979121 0.405861 0.965202
0 0.441462 0.947306 0.451732 0.961026 0.441325 0.98111 0.430645 0.968582
0 0.428591 0.934182 0.436396 0.915689 0.452965 0.931 0.44557 0.949095
0 0.442832 0.920064 0.440367 0.897793 0.459811 0.893617 0.462139 0.914894
0 0.529235 0.889242 0.528276 0.918075 0.503629 0.915888 0.50445 0.886657
0 0.529235 0.855438 0.529235 0.885067 0.504176 0.884669 0.504587 0.854245
0 0.424757 0.900378 0.422292 0.8793 0.441599 0.875721 0.443927 0.896003
0 0.472682 0.863989 0.458989 0.862796 0.460085 0.835753 0.473641 0.837145
0 0.433247 0.790416 0.43845 0.771923 0.456799 0.783257 0.451869 0.801153
0 0.428043 0.773911 0.428591 0.754027 0.449541 0.756015 0.448994 0.776496
0 0.531425 0.753828 0.528139 0.782661 0.506504 0.777491 0.509927 0.748857
0 0.430371 0.740107 0.437081 0.727182 0.451458 0.743488 0.44516 0.755419
0 0.465836 0.69477 0.478707 0.687612 0.484458 0.712468 0.471587 0.719825
0 0.490483 0.667528 0.504039 0.671704 0.500616 0.69656 0.486923 0.692583
0 0.515815 0.680652 0.524305 0.695566 0.510064 0.712865 0.501575 0.696759
0 0.164316 0.0491151 0.165138 0.0811294 0.140901 0.0823225 0.139258 0.051899
