10 0.85081 0.952101 0.839727 0.961345 0.820119 0.940336 0.831202 0.931092
10 0.151748 0.87563 0.143223 0.863025 0.167093 0.847059 0.173913 0.859664
10 0.0716113 0.759664 0.0613811 0.747059 0.0895141 0.728571 0.0980392 0.741176
10 0.0818414 0.77479 0.0716113 0.761345 0.100597 0.743697 0.108269 0.754622
10 0.108269 0.758824 0.117647 0.772269 0.0903666 0.790756 0.0809889 0.777311
10 0.200341 0.737815 0.208866 0.75042 0.184143 0.768067 0.173913 0.756303
10 0.210571 0.752941 0.217391 0.764706 0.194373 0.779832 0.184996 0.768908
10 0.219096 0.768908 0.227621 0.782353 0.206309 0.794958 0.196078 0.783193
10 0.229327 0.784874 0.238704 0.796639 0.211424 0.815126 0.201194 0.801681
10 0.242114 0.79916 0.249787 0.810924 0.220801 0.828571 0.212276 0.815966
10 0.120205 0.773109 0.130435 0.786555 0.100597 0.803361 0.0920716 0.790756
10 0.12873 0.788235 0.136402 0.80084 0.109974 0.819328 0.101449 0.805882
10 0.087809 0.790756 0.0971867 0.805042 0.0682012 0.823529 0.057971 0.810924
10 0.12532 0.831092 0.116795 0.818487 0.140665 0.8 0.150895 0.811765
10 0.112532 0.819328 0.121057 0.831933 0.0988917 0.847899 0.0895141 0.836975
10 0.102302 0.863866 0.0929241 0.851261 0.1185 0.834454 0.127025 0.847059
10 0.13214 0.847059 0.123615 0.833613 0.14919 0.816807 0.157715 0.830252
10 0.234442 0.842857 0.226769 0.829412 0.251492 0.811765 0.259165 0.823529
10 0.249787 0.855462 0.238704 0.841176 0.26428 0.82437 0.272805 0.838655
10 0.0187553 0.752101 0.00937766 0.738655 0.0409207 0.717647 0.0485934 0.730252
10 0.0767263 0.715966 0.086104 0.728571 0.0613811 0.745378 0.0520034 0.733613
10 0.0511509 0.729412 0.0434783 0.715966 0.0724638 0.698319 0.0792839 0.710924
4 0.300938 0.715126 0.361466 0.67563 0.449275 0.801681 0.389599 0.843697
4 0.25746 0.462185 0.316283 0.423529 0.40324 0.547899 0.344416 0.587395
4 0.435635 0.342857 0.495311 0.302521 0.581415 0.428571 0.521739 0.468908
4 0.523444 0.284874 0.58312 0.243697 0.670929 0.369748 0.612106 0.409244
4 0.392157 0.655462 0.449275 0.616807 0.536232 0.742017 0.477408 0.781513
4 0.480818 0.597479 0.539642 0.556303 0.625746 0.682353 0.56607 0.722689
4 0.658142 0.478992 0.716113 0.439496 0.804774 0.564706 0.745098 0.603361
4 0.344416 0.40084 0.405797 0.361345 0.493606 0.488235 0.432225 0.529412
4 0.568627 0.536975 0.628303 0.497479 0.716113 0.623529 0.655584 0.663866
10 0.180733 0.710924 0.188406 0.723529 0.16283 0.739496 0.153453 0.728571
10 0.247229 0.216807 0.237852 0.22437 0.220801 0.196639 0.231032 0.189076
10 0.0179028 0.607563 0.0289855 0.598319 0.0468883 0.62605 0.0341006 0.633613
10 0.132992 0.636975 0.13896 0.64958 0.112532 0.667227 0.104007 0.656303
10 0.141517 0.651261 0.14919 0.663025 0.126172 0.678992 0.117647 0.668067
10 0.150043 0.663866 0.158568 0.67563 0.133845 0.691597 0.12532 0.680672
10 0.156863 0.681513 0.16624 0.693277 0.14237 0.709244 0.134697 0.697479
10 0.171355 0.694958 0.179881 0.708403 0.153453 0.72521 0.144075 0.712605
10 0.140665 0.861345 0.132992 0.848739 0.160273 0.830252 0.167945 0.842017
10 0.161125 0.889076 0.1526 0.877311 0.175618 0.861345 0.181586 0.872269
10 0.861893 0.938655 0.853367 0.94958 0.83035 0.926891 0.84058 0.915966
10 0.116795 0.878992 0.109122 0.867227 0.13214 0.84958 0.139812 0.862185
10 0.838875 0.796639 0.849957 0.786555 0.870418 0.809244 0.86104 0.819328
10 0.826087 0.811765 0.838022 0.79916 0.86104 0.82521 0.851662 0.834454
10 0.813299 0.822689 0.826087 0.811765 0.8474 0.837815 0.83717 0.847899
10 0.800512 0.835294 0.811594 0.82437 0.83376 0.846218 0.822677 0.857983
10 0.812447 0.87395 0.797101 0.885714 0.772379 0.852101 0.786019 0.841176
10 0.786019 0.897479 0.774936 0.909244 0.748508 0.880672 0.761296 0.870588
10 0.769821 0.909244 0.757033 0.920168 0.733163 0.890756 0.746803 0.880672
10 0.756181 0.921008 0.744246 0.931092 0.723785 0.905042 0.73572 0.895798
10 0.915601 0.889076 0.905371 0.9 0.8815 0.87479 0.892583 0.865546
10 0.942029 0.915966 0.932651 0.926891 0.905371 0.901681 0.915601 0.890756
10 0.901961 0.9 0.891731 0.910924 0.869565 0.884874 0.880648 0.87563
10 0.929241 0.927731 0.919864 0.937815 0.894288 0.912605 0.903666 0.902521
10 0.916454 0.938655 0.907076 0.94958 0.880648 0.92521 0.891731 0.915126
10 0.889173 0.914286 0.878943 0.92437 0.85763 0.901681 0.869565 0.891597
10 0.876385 0.927731 0.867008 0.936975 0.841432 0.913445 0.852515 0.902521
10 0.904518 0.952101 0.894288 0.963866 0.868713 0.940336 0.879795 0.929412
10 0.888321 0.963025 0.878943 0.973109 0.855072 0.95042 0.867008 0.940336
10 0.852515 0.784874 0.862745 0.77479 0.88491 0.796639 0.87468 0.808403
10 0.86445 0.773109 0.876385 0.761345 0.895993 0.786555 0.887468 0.796639
10 0.943734 0.792437 0.933504 0.780672 0.953964 0.763025 0.963342 0.773109
10 0.199488 0.888235 0.208866 0.902521 0.184143 0.919328 0.174766 0.907563
10 0.0127877 0.884034 0.00255754 0.871429 0.026428 0.854622 0.0349531 0.867227
10 0.029838 0.913445 0.0213129 0.9 0.0494459 0.882353 0.056266 0.894958
10 0.0383632 0.927731 0.029838 0.914286 0.0571185 0.898319 0.0630861 0.910924
10 0.127025 0.894118 0.117647 0.882353 0.139812 0.867227 0.146633 0.878151
10 0.12873 0.913445 0.117647 0.89916 0.146633 0.878992 0.155158 0.893277
10 0.143223 0.922689 0.134697 0.910924 0.16283 0.892437 0.168798 0.907563
10 0.171355 0.906723 0.161978 0.892437 0.189258 0.87479 0.196078 0.887395
10 0.196078 0.931092 0.189258 0.918487 0.214834 0.904202 0.220801 0.918487
10 0.928389 0.780672 0.917306 0.768908 0.941176 0.747899 0.951407 0.760504
10 0.0664962 0.912605 0.0750213 0.926891 0.0468883 0.947059 0.0366581 0.931933
10 0.170503 0.907563 0.179028 0.920168 0.15601 0.936975 0.14578 0.92437
10 0.184143 0.921008 0.192668 0.935294 0.167945 0.951261 0.156863 0.938655
10 0.0784314 0.927731 0.086104 0.942017 0.0605286 0.957983 0.0511509 0.945378
10 0.087809 0.945378 0.0937766 0.957143 0.0664962 0.972269 0.0588235 0.962185
10 0.0997442 0.952101 0.108269 0.965546 0.0767263 0.986555 0.0664962 0.973109
10 0.878943 0.759664 0.889173 0.74958 0.911338 0.776471 0.902813 0.784874
4 0.167945 0.521849 0.226769 0.480672 0.314578 0.607563 0.254902 0.647899
