5 0.694896 0.471008 0.759861 0.4719 0.758701 0.552186 0.694896 0.551293
5 0.632251 0.471008 0.694896 0.4719 0.693735 0.552186 0.63109 0.552186
4 0.256381 0.248885 0.306265 0.248885 0.307425 0.32917 0.25406 0.32917
4 0.319026 0.248885 0.37007 0.250669 0.36891 0.330062 0.316705 0.32917
4 0.381671 0.250669 0.433875 0.250669 0.433875 0.330062 0.38051 0.32917
4 0.460557 0.279215 0.511601 0.280107 0.511601 0.361285 0.459397 0.360393
4 0.524362 0.279215 0.577726 0.279215 0.576566 0.360393 0.524362 0.3595
4 0.267981 0.379126 0.320186 0.380018 0.319026 0.460303 0.266821 0.460303
4 0.200696 0.507583 0.2529 0.507583 0.2529 0.587868 0.199536 0.58876
4 0.262181 0.50669 0.315545 0.507583 0.315545 0.58876 0.263341 0.589652
4 0.327146 0.50669 0.38051 0.507583 0.38051 0.587868 0.325986 0.589652
4 0.392111 0.507583 0.443155 0.508475 0.443155 0.589652 0.389791 0.589652
4 0.190255 0.712756 0.241299 0.712756 0.240139 0.793042 0.187935 0.793042
4 0.25174 0.711864 0.303944 0.712756 0.302784 0.794826 0.25058 0.794826
4 0.315545 0.712756 0.366589 0.713649 0.366589 0.794826 0.313225 0.794826
4 0.506961 0.746655 0.559165 0.747547 0.558005 0.828724 0.5058 0.828724
4 0.570766 0.747547 0.62413 0.747547 0.62297 0.828724 0.570766 0.828724
4 0.635731 0.746655 0.686775 0.747547 0.685615 0.829616 0.634571 0.830508
4 0.699536 0.747547 0.75058 0.748439 0.74942 0.828724 0.698376 0.828724
4 0.191415 0.248885 0.242459 0.248885 0.241299 0.32917 0.190255 0.32917
