10 0.0944206 0.809756 0.106223 0.830894 0.0751073 0.876423 0.0622318 0.858537
10 0.770386 0.281301 0.7897 0.282927 0.788627 0.343089 0.769313 0.343089
10 0.85515 0.269919 0.837983 0.269919 0.835837 0.203252 0.854077 0.203252
10 0.814378 0.281301 0.833691 0.284553 0.832618 0.336585 0.814378 0.338211
10 0.945279 0.0146341 0.963519 0.0130081 0.963519 0.0747967 0.945279 0.0747967
10 0.880901 0.120325 0.880901 0.0894309 0.924893 0.095935 0.922747 0.125203
10 0.822961 0.120325 0.821888 0.0878049 0.869099 0.0878049 0.869099 0.118699
10 0.795064 0.0439024 0.815451 0.0439024 0.814378 0.108943 0.795064 0.107317
10 0.795064 0.287805 0.812232 0.289431 0.810086 0.349593 0.791845 0.349593
10 0.748927 0.279675 0.767167 0.281301 0.766094 0.339837 0.747854 0.338211
10 0.859442 0.203252 0.876609 0.204878 0.876609 0.261789 0.859442 0.263415
10 0.772532 0.203252 0.790773 0.204878 0.7897 0.260163 0.771459 0.260163
10 0.751073 0.204878 0.769313 0.204878 0.76824 0.263415 0.75 0.265041
10 0.752146 0.0422764 0.769313 0.0439024 0.769313 0.110569 0.752146 0.110569
10 0.743562 0.110569 0.727468 0.108943 0.730687 0.0422764 0.747854 0.0439024
10 0.708155 0.0325203 0.726395 0.0308943 0.726395 0.099187 0.709227 0.100813
10 0.666309 0.0325203 0.683476 0.0341463 0.68133 0.097561 0.665236 0.099187
10 0.642704 0.0341463 0.662017 0.0341463 0.659871 0.0943089 0.642704 0.0926829
10 0.83691 0.287805 0.85515 0.286179 0.854077 0.349593 0.835837 0.349593
10 0.858369 0.286179 0.876609 0.286179 0.876609 0.343089 0.858369 0.343089
10 0.724249 0.273171 0.706009 0.276423 0.704936 0.211382 0.724249 0.211382
10 0.195279 0.523577 0.213519 0.525203 0.2103 0.590244 0.19206 0.588618
10 0.305794 0.447154 0.32618 0.447154 0.325107 0.505691 0.304721 0.504065
10 0.303648 0.517073 0.324034 0.518699 0.321888 0.588618 0.302575 0.586992
10 0.280043 0.512195 0.301502 0.512195 0.299356 0.59187 0.27897 0.59187
10 0.0954936 0.61626 0.113734 0.61626 0.114807 0.674797 0.0954936 0.674797
10 0.259657 0.518699 0.27897 0.520325 0.275751 0.590244 0.258584 0.586992
10 0.238197 0.520325 0.256438 0.520325 0.256438 0.585366 0.236052 0.585366
10 0.216738 0.520325 0.234979 0.521951 0.234979 0.586992 0.214592 0.585366
10 0.284335 0.437398 0.301502 0.44065 0.299356 0.500813 0.281116 0.499187
10 0.900215 0.282927 0.881974 0.282927 0.880901 0.219512 0.901288 0.221138
10 0.263948 0.43252 0.282189 0.434146 0.27897 0.497561 0.259657 0.495935
10 0.256438 0.512195 0.23927 0.510569 0.23927 0.450407 0.256438 0.450407
10 0.215665 0.445528 0.234979 0.44878 0.232833 0.505691 0.213519 0.504065
10 0.19206 0.450407 0.2103 0.450407 0.204936 0.513821 0.189914 0.510569
10 0.924893 0.213008 0.945279 0.213008 0.945279 0.273171 0.924893 0.274797
10 0.927039 0.297561 0.945279 0.297561 0.947425 0.364228 0.927039 0.362602
10 0.901288 0.297561 0.919528 0.297561 0.921674 0.364228 0.902361 0.365854
10 0.725322 0.284553 0.744635 0.287805 0.743562 0.346341 0.724249 0.346341
10 0.683476 0.281301 0.703863 0.281301 0.703863 0.344715 0.682403 0.344715
10 0.32618 0.525203 0.344421 0.526829 0.342275 0.586992 0.32618 0.586992
10 0.416309 0.256911 0.399142 0.256911 0.400215 0.193496 0.418455 0.195122
10 0.310086 0.279675 0.330472 0.279675 0.328326 0.344715 0.309013 0.344715
10 0.287554 0.266667 0.304721 0.269919 0.303648 0.330081 0.286481 0.331707
10 0.266094 0.263415 0.285408 0.265041 0.284335 0.326829 0.266094 0.326829
10 0.244635 0.260163 0.263948 0.260163 0.262876 0.331707 0.243562 0.331707
10 0.222103 0.266667 0.240343 0.268293 0.23927 0.336585 0.222103 0.336585
10 0.444206 0.188618 0.461373 0.188618 0.459227 0.252033 0.444206 0.252033
10 0.421674 0.196748 0.438841 0.198374 0.438841 0.261789 0.420601 0.261789
10 0.393777 0.268293 0.376609 0.266667 0.377682 0.20813 0.395923 0.20813
10 0.375536 0.271545 0.39485 0.271545 0.393777 0.331707 0.375536 0.331707
10 0.373391 0.266667 0.356223 0.266667 0.357296 0.203252 0.375536 0.204878
10 0.334764 0.196748 0.353004 0.196748 0.353004 0.265041 0.334764 0.265041
10 0.309013 0.188618 0.331545 0.188618 0.331545 0.261789 0.309013 0.261789
10 0.2897 0.186992 0.309013 0.186992 0.309013 0.250407 0.2897 0.250407
10 0.269313 0.18374 0.287554 0.185366 0.285408 0.250407 0.267167 0.250407
10 0.248927 0.196748 0.266094 0.195122 0.266094 0.256911 0.248927 0.258537
10 0.229614 0.18374 0.245708 0.185366 0.242489 0.252033 0.225322 0.252033
10 0.331545 0.276423 0.351931 0.276423 0.350858 0.336585 0.331545 0.334959
10 0.396996 0.265041 0.417382 0.266667 0.416309 0.326829 0.395923 0.326829
10 0.66309 0.279675 0.68133 0.279675 0.679185 0.339837 0.660944 0.339837
10 0.527897 0.284553 0.54721 0.286179 0.54721 0.354472 0.526824 0.354472
10 0.639485 0.281301 0.658798 0.282927 0.657725 0.346341 0.638412 0.346341
10 0.658798 0.269919 0.640558 0.269919 0.639485 0.206504 0.658798 0.206504
10 0.618026 0.282927 0.636266 0.289431 0.629828 0.349593 0.610515 0.343089
10 0.597639 0.196748 0.616953 0.196748 0.61588 0.271545 0.597639 0.271545
10 0.592275 0.281301 0.610515 0.279675 0.610515 0.346341 0.593348 0.349593
10 0.569742 0.287805 0.587983 0.286179 0.589056 0.349593 0.570815 0.349593
10 0.552575 0.284553 0.569742 0.291057 0.560086 0.349593 0.542918 0.343089
10 0.506438 0.274797 0.524678 0.276423 0.525751 0.338211 0.506438 0.339837
10 0.420601 0.273171 0.438841 0.273171 0.437768 0.338211 0.419528 0.338211
10 0.550429 0.20813 0.570815 0.20813 0.56867 0.269919 0.550429 0.269919
10 0.525751 0.201626 0.545064 0.201626 0.545064 0.266667 0.527897 0.268293
10 0.487124 0.279675 0.504292 0.281301 0.504292 0.349593 0.486052 0.347967
10 0.487124 0.190244 0.507511 0.188618 0.506438 0.243902 0.487124 0.243902
10 0.464592 0.268293 0.483906 0.268293 0.482833 0.328455 0.465665 0.330081
10 0.464592 0.188618 0.483906 0.188618 0.483906 0.252033 0.466738 0.252033
10 0.443133 0.269919 0.462446 0.269919 0.462446 0.333333 0.44206 0.331707
10 0.329399 0.447154 0.347639 0.44878 0.347639 0.505691 0.327253 0.505691
10 0.351931 0.518699 0.371245 0.521951 0.368026 0.59187 0.349785 0.586992
10 0.233906 0.773984 0.254292 0.773984 0.254292 0.839024 0.233906 0.839024
10 0.5397 0.715447 0.559013 0.715447 0.559013 0.777236 0.5397 0.777236
10 0.433476 0.705691 0.451717 0.705691 0.451717 0.765854 0.433476 0.765854
10 0.454936 0.700813 0.475322 0.700813 0.475322 0.770732 0.454936 0.770732
10 0.478541 0.700813 0.495708 0.700813 0.495708 0.77561 0.478541 0.77561
10 0.540773 0.78374 0.55794 0.78374 0.55794 0.84878 0.540773 0.84878
10 0.51824 0.785366 0.536481 0.785366 0.536481 0.850407 0.51824 0.850407
10 0.509657 0.700813 0.531116 0.700813 0.531116 0.765854 0.509657 0.765854
10 0.628755 0.725203 0.648069 0.725203 0.648069 0.795122 0.628755 0.795122
10 0.561159 0.790244 0.581545 0.790244 0.581545 0.853659 0.561159 0.853659
10 0.433476 0.782114 0.451717 0.782114 0.451717 0.845528 0.433476 0.845528
10 0.584764 0.786992 0.60515 0.786992 0.60515 0.847154 0.584764 0.847154
10 0.607296 0.786992 0.626609 0.786992 0.626609 0.850407 0.607296 0.850407
10 0.654506 0.79187 0.669528 0.79187 0.669528 0.858537 0.654506 0.858537
10 0.693133 0.804878 0.714592 0.804878 0.714592 0.871545 0.693133 0.871545
10 0.585837 0.702439 0.607296 0.702439 0.607296 0.772358 0.585837 0.772358
10 0.607296 0.713821 0.627682 0.713821 0.627682 0.777236 0.607296 0.777236
10 0.67382 0.715447 0.694206 0.715447 0.694206 0.77561 0.67382 0.77561
10 0.412017 0.697561 0.430258 0.697561 0.430258 0.75935 0.412017 0.75935
10 0.469957 0.786992 0.492489 0.786992 0.492489 0.865041 0.469957 0.865041
10 0.761803 0.717073 0.781116 0.717073 0.781116 0.780488 0.761803 0.780488
10 0.256438 0.704065 0.274678 0.704065 0.274678 0.764228 0.256438 0.764228
10 0.212446 0.770732 0.232833 0.770732 0.232833 0.845528 0.212446 0.845528
10 0.189914 0.778862 0.209227 0.778862 0.209227 0.847154 0.189914 0.847154
10 0.167382 0.692683 0.185622 0.692683 0.185622 0.762602 0.167382 0.762602
10 0.190987 0.697561 0.209227 0.697561 0.209227 0.75935 0.190987 0.75935
10 0.212446 0.695935 0.230687 0.695935 0.230687 0.764228 0.212446 0.764228
10 0.234979 0.697561 0.252146 0.697561 0.252146 0.760976 0.234979 0.760976
10 0.255365 0.78374 0.275751 0.78374 0.275751 0.855285 0.255365 0.855285
10 0.320815 0.773984 0.340129 0.773984 0.340129 0.839024 0.320815 0.839024
10 0.387339 0.695935 0.407725 0.695935 0.407725 0.773984 0.387339 0.773984
10 0.277897 0.782114 0.296137 0.782114 0.296137 0.853659 0.277897 0.853659
10 0.275751 0.694309 0.29721 0.694309 0.29721 0.756098 0.275751 0.756098
10 0.298283 0.694309 0.31867 0.694309 0.31867 0.75935 0.298283 0.75935
10 0.344421 0.77561 0.362661 0.77561 0.362661 0.843902 0.344421 0.843902
10 0.341202 0.695935 0.363734 0.695935 0.363734 0.762602 0.341202 0.762602
10 0.36588 0.699187 0.38412 0.699187 0.38412 0.757724 0.36588 0.757724
10 0.36588 0.782114 0.385193 0.782114 0.385193 0.855285 0.36588 0.855285
10 0.717811 0.721951 0.737124 0.721951 0.737124 0.786992 0.717811 0.786992
10 0.806867 0.718699 0.825107 0.718699 0.825107 0.786992 0.806867 0.786992
10 0.351931 0.437398 0.371245 0.439024 0.368026 0.508943 0.350858 0.508943
10 0.457082 0.526829 0.477468 0.528455 0.475322 0.59187 0.454936 0.59187
10 0.567597 0.455285 0.584764 0.455285 0.585837 0.518699 0.566524 0.518699
10 0.546137 0.531707 0.563305 0.533333 0.563305 0.598374 0.543991 0.598374
10 0.546137 0.455285 0.562232 0.456911 0.562232 0.517073 0.545064 0.517073
10 0.524678 0.455285 0.541845 0.456911 0.541845 0.520325 0.522532 0.520325
10 0.517167 0.526829 0.536481 0.528455 0.535408 0.595122 0.516094 0.593496
10 0.497854 0.456911 0.517167 0.456911 0.516094 0.518699 0.497854 0.520325
10 0.480687 0.530081 0.498927 0.531707 0.497854 0.598374 0.478541 0.595122
10 0.461373 0.450407 0.480687 0.452033 0.478541 0.513821 0.4603 0.513821
10 0.589056 0.450407 0.611588 0.452033 0.610515 0.525203 0.587983 0.523577
10 0.437768 0.525203 0.453863 0.526829 0.451717 0.588618 0.434549 0.585366
10 0.43133 0.588618 0.415236 0.590244 0.416309 0.533333 0.433476 0.534959
10 0.438841 0.447154 0.458155 0.450407 0.454936 0.507317 0.437768 0.504065
10 0.392704 0.521951 0.41309 0.525203 0.410944 0.58374 0.391631 0.58374
10 0.416309 0.450407 0.435622 0.452033 0.434549 0.517073 0.415236 0.515447
10 0.41309 0.517073 0.393777 0.515447 0.395923 0.453659 0.41309 0.456911
10 0.375536 0.442276 0.393777 0.445528 0.391631 0.510569 0.372318 0.507317
10 0.567597 0.530081 0.585837 0.531707 0.585837 0.588618 0.566524 0.588618
10 0.589056 0.531707 0.609442 0.533333 0.608369 0.59187 0.589056 0.59187
10 0.850858 0.538211 0.832618 0.534959 0.832618 0.474797 0.849785 0.474797
10 0.784335 0.549593 0.804721 0.549593 0.804721 0.622764 0.784335 0.622764
10 0.920601 0.465041 0.940987 0.465041 0.940987 0.533333 0.920601 0.533333
10 0.854077 0.544715 0.871245 0.544715 0.871245 0.611382 0.854077 0.611382
10 0.879828 0.469919 0.899142 0.469919 0.899142 0.533333 0.879828 0.533333
10 0.85515 0.463415 0.874464 0.463415 0.874464 0.534959 0.85515 0.534959
10 0.833691 0.547967 0.850858 0.547967 0.850858 0.611382 0.833691 0.611382
10 0.810086 0.547967 0.829399 0.547967 0.829399 0.61626 0.810086 0.61626
10 0.7897 0.468293 0.80794 0.468293 0.80794 0.530081 0.7897 0.530081
10 0.765021 0.465041 0.785408 0.465041 0.785408 0.531707 0.765021 0.531707
10 0.655579 0.461789 0.674893 0.461789 0.674893 0.526829 0.655579 0.526829
10 0.73927 0.539837 0.758584 0.539837 0.758584 0.606504 0.73927 0.606504
10 0.722103 0.460163 0.741416 0.460163 0.741416 0.525203 0.722103 0.525203
10 0.699571 0.539837 0.717811 0.539837 0.717811 0.609756 0.699571 0.609756
10 0.614807 0.533333 0.63412 0.533333 0.63412 0.595122 0.614807 0.595122
10 0.614807 0.455285 0.635193 0.455285 0.635193 0.523577 0.614807 0.523577
10 0.655579 0.539837 0.677039 0.539837 0.677039 0.614634 0.655579 0.614634
10 0.679185 0.465041 0.698498 0.465041 0.698498 0.533333 0.679185 0.533333
10 0.130901 0.128455 0.131974 0.102439 0.174893 0.102439 0.17382 0.130081
