9 0.856487 0.329046 0.861079 0.340836 0.784156 0.371919 0.778416 0.360129
9 0.710677 0.757771 0.710677 0.769561 0.656716 0.77492 0.655568 0.76313
9 0.804822 0.315113 0.811711 0.324759 0.764638 0.349411 0.75775 0.338692
9 0.839265 0.3194 0.843858 0.329046 0.768083 0.3612 0.76349 0.350482
9 0.886338 0.348339 0.89093 0.356913 0.815155 0.382637 0.809414 0.371919
9 0.847302 0.471597 0.84845 0.483387 0.793341 0.488746 0.792193 0.475884
9 0.871412 0.487674 0.87256 0.49732 0.819747 0.50268 0.817451 0.491961
9 0.762342 0.553055 0.762342 0.563773 0.707233 0.566988 0.707233 0.55627
9 0.414466 0.463023 0.41791 0.473741 0.366246 0.491961 0.361653 0.481243
9 0.433984 0.598071 0.433984 0.608789 0.381171 0.61522 0.380023 0.60343
9 0.572905 0.689175 0.572905 0.700965 0.518944 0.705252 0.517796 0.693462
9 0.27899 0.620579 0.280138 0.632369 0.226177 0.637728 0.225029 0.624866
9 0.326062 0.655949 0.326062 0.665595 0.270953 0.670954 0.270953 0.660236
9 0.36969 0.741693 0.368542 0.730975 0.450057 0.723473 0.450057 0.735263
9 0.471871 0.733119 0.47302 0.747053 0.386912 0.755627 0.385763 0.742765
9 0.405281 0.768489 0.404133 0.754555 0.486797 0.747053 0.486797 0.759914
9 0.427095 0.779207 0.427095 0.765273 0.508611 0.759914 0.509759 0.770632
9 0.510907 0.777063 0.512055 0.789925 0.456946 0.794212 0.455798 0.78135
9 0.668197 0.740622 0.669346 0.752412 0.616533 0.756699 0.615385 0.744909
9 0.538462 0.269025 0.530425 0.261522 0.570608 0.226152 0.578645 0.233655
