10 0.232684 0.0374468 0.224026 0.0306383 0.232143 0.000851064 0.24026 0.00510638
4 0.114177 0.724255 0.167208 0.72766 0.162338 0.898723 0.109848 0.895319
4 0.0925325 0.311489 0.144481 0.316596 0.138528 0.488511 0.086039 0.483404
4 0.157468 0.316596 0.210498 0.321702 0.206169 0.491915 0.152056 0.488511
4 0.242424 0.24766 0.294372 0.251915 0.288961 0.422128 0.237554 0.417872
4 0.3079 0.251915 0.36039 0.25617 0.354978 0.425532 0.302489 0.422128
4 0.373377 0.25617 0.425325 0.258723 0.419913 0.43234 0.367965 0.428936
4 0.42803 0.71234 0.481602 0.714894 0.476732 0.886809 0.42316 0.882553
4 0.356602 0.707234 0.40855 0.71234 0.40368 0.881702 0.35119 0.878298
4 0.28355 0.701277 0.33658 0.705532 0.331169 0.876596 0.27868 0.873191
4 0.180736 0.728511 0.232143 0.732766 0.227273 0.904681 0.174784 0.898723
4 0.0481602 0.719149 0.100649 0.722553 0.0952381 0.894468 0.0427489 0.891064
4 0.936688 0.628936 0.988095 0.63234 0.98539 0.801702 0.931818 0.799149
4 0.560065 0.18383 0.611472 0.187234 0.607143 0.358298 0.554113 0.354043
4 0.632576 0.188085 0.683983 0.19234 0.679654 0.361702 0.627165 0.358298
4 0.737554 0.066383 0.790584 0.0697872 0.786255 0.24 0.733766 0.235745
4 0.811147 0.0706383 0.863095 0.0748936 0.859307 0.245106 0.806277 0.240851
4 0.884199 0.0757447 0.936147 0.0782979 0.931277 0.250213 0.878788 0.245106
4 0.608225 0.671489 0.660173 0.675745 0.655303 0.845957 0.602814 0.841702
4 0.687771 0.674894 0.739177 0.68 0.734307 0.850213 0.6829 0.845957
4 0.766234 0.681702 0.819264 0.685106 0.814935 0.855319 0.761364 0.851915
4 0.864719 0.624681 0.916667 0.627234 0.912338 0.798298 0.859848 0.794043
4 0.0265152 0.307234 0.0790043 0.31234 0.0725108 0.482553 0.0211039 0.479149
