10 1 0.0362381 0.994545 0.0457291 0.965455 0.0284728 0.971818 0.0189819
10 0.516364 0.05522 0.505455 0.0612597 0.484545 0.0319241 0.497273 0.0250216
10 0.454545 0.155306 0.455455 0.142364 0.492727 0.146678 0.490909 0.158758
10 0.466364 0.13805 0.47 0.125108 0.503636 0.130285 0.500909 0.143227
10 0.613636 0.136324 0.613636 0.122519 0.648182 0.125108 0.647273 0.13805
10 0.614545 0.11648 0.601818 0.123382 0.583636 0.092321 0.595455 0.0862813
10 0.47 0.117343 0.457273 0.124245 0.437273 0.0931838 0.449091 0.0871441
10 0.505455 0.0716135 0.493636 0.0776531 0.474545 0.0465919 0.486364 0.041415
10 0.408182 0.0301984 0.41 0.0189819 0.446364 0.0224331 0.444545 0.0336497
10 0.304545 0.5522 0.291818 0.559103 0.271818 0.528904 0.282727 0.522865
10 0.418182 0.0146678 0.418182 0.00258844 0.450909 0.00431406 0.45 0.0155306
10 0.372727 0.849871 0.373636 0.836928 0.406364 0.837791 0.407273 0.849871
10 0.397273 0.61346 0.386364 0.618637 0.365455 0.58585 0.376364 0.578947
10 0.265455 0.621225 0.267273 0.609146 0.307273 0.611734 0.305455 0.625539
10 0.278182 0.604832 0.279091 0.592752 0.315455 0.595341 0.314545 0.606557
10 0.336364 0.52459 0.338182 0.511648 0.372727 0.515099 0.371818 0.527179
10 0.437273 0.18723 0.439091 0.176014 0.472727 0.180328 0.469091 0.191544
10 0.423636 0.204487 0.424545 0.191544 0.460909 0.196721 0.459091 0.207938
10 0.540909 0.207938 0.529091 0.213115 0.510909 0.182053 0.522727 0.176877
10 0.578182 0.185505 0.579091 0.172563 0.615455 0.175151 0.614545 0.186368
10 0.569091 0.201035 0.57 0.189819 0.602727 0.191544 0.602727 0.203624
10 0.700909 0.194133 0.690909 0.200173 0.670909 0.168248 0.680909 0.163072
10 0.688182 0.209664 0.677273 0.215703 0.659091 0.186368 0.67 0.180328
10 0.696364 0.21484 0.696364 0.201035 0.733636 0.201035 0.732727 0.215703
10 0.686364 0.230371 0.686364 0.217429 0.720909 0.219154 0.72 0.232959
10 0.676364 0.221743 0.663636 0.229508 0.645455 0.19931 0.657273 0.194133
10 0.534545 0.227783 0.521818 0.233822 0.503636 0.204487 0.513636 0.19931
10 0.654545 0.255393 0.642727 0.262295 0.624545 0.233822 0.635455 0.228645
10 0.677273 0.245902 0.679091 0.232959 0.712727 0.235548 0.711818 0.247627
10 0.498182 0.2761 0.485455 0.28214 0.469091 0.249353 0.48 0.245039
10 0.485455 0.289905 0.475455 0.295945 0.456364 0.268335 0.467273 0.261432
10 0.497273 0.298533 0.498182 0.284728 0.534545 0.287317 0.532727 0.300259
10 0.475455 0.308024 0.463636 0.314064 0.446364 0.285591 0.459091 0.279551
10 0.316364 0.53667 0.304545 0.542709 0.282727 0.510785 0.294545 0.503883
10 0.179091 0.330457 0.170909 0.340811 0.14 0.319241 0.147273 0.310613
10 0.990909 0.0517688 0.986364 0.0621225 0.954545 0.0448663 0.960909 0.0345125
10 0.339091 0.129422 0.341818 0.118205 0.374545 0.121657 0.371818 0.132873
10 0.227273 0.292494 0.23 0.280414 0.264545 0.284728 0.262727 0.295945
10 0.257273 0.222606 0.251818 0.230371 0.223636 0.213978 0.230909 0.205349
10 0.26 0.245902 0.261818 0.232097 0.298182 0.235548 0.296364 0.247627
10 0.281818 0.210526 0.284545 0.19931 0.319091 0.202761 0.319091 0.213978
10 0.424545 0.183779 0.412727 0.189819 0.396364 0.160483 0.406364 0.153581
10 0.305455 0.177739 0.306364 0.16566 0.342727 0.169974 0.34 0.180328
10 0.352727 0.113891 0.354545 0.100949 0.387273 0.1044 0.385455 0.11648
10 0.394545 0.444349 0.395455 0.431406 0.426364 0.433132 0.425455 0.445211
10 0.363636 0.096635 0.364545 0.0845557 0.399091 0.0871441 0.398182 0.100086
10 0.374545 0.0802416 0.374545 0.0681622 0.407273 0.0707506 0.406364 0.0819672
10 0.385455 0.0655738 0.387273 0.0526316 0.419091 0.05522 0.419091 0.0672994
10 0.0381818 0.280414 0.03 0.290768 0.000909091 0.270923 0.00818182 0.262295
10 0.0572727 0.24849 0.05 0.257981 0.0263636 0.24245 0.0327273 0.233822
10 0.0663636 0.24849 0.0745455 0.239862 0.0990909 0.257118 0.09 0.265746
10 0.214545 0.308887 0.216364 0.295945 0.251818 0.300259 0.249091 0.313201
10 0.192727 0.342537 0.194545 0.328732 0.234545 0.333046 0.233636 0.347714
10 0.379091 0.249353 0.366364 0.25453 0.350909 0.225194 0.360909 0.219154
10 0.357273 0.280414 0.344545 0.286454 0.328182 0.257981 0.338182 0.251941
10 0.379091 0.269198 0.38 0.255393 0.418182 0.258844 0.417273 0.273512
10 0.359091 0.302847 0.36 0.289042 0.394545 0.294219 0.393636 0.306299
10 0.312727 0.367558 0.315455 0.355479 0.347273 0.359793 0.346364 0.372735
10 0.418182 0.389991 0.405455 0.396894 0.387273 0.363244 0.398182 0.358067
10 0.429091 0.373598 0.417273 0.378775 0.400909 0.350302 0.413636 0.345125
10 0.393636 0.42019 0.381818 0.425367 0.365455 0.396031 0.377273 0.391717
10 0.169091 0.373598 0.172727 0.362381 0.207273 0.367558 0.204545 0.378775
10 0.158182 0.390854 0.16 0.378775 0.2 0.383089 0.199091 0.395168
10 0.147273 0.407248 0.148182 0.395168 0.184545 0.400345 0.181818 0.411562
10 0.232727 0.460742 0.219091 0.466782 0.202727 0.437446 0.215455 0.431406
10 0.220909 0.477998 0.207273 0.484038 0.190909 0.452977 0.201818 0.4478
10 0.08 0.505608 0.0818182 0.494392 0.115455 0.496117 0.113636 0.508197
10 0.383636 0.439172 0.370909 0.445211 0.355455 0.415876 0.366364 0.410699
10 0.638182 0.294219 0.639091 0.280414 0.675455 0.284728 0.674545 0.295945
10 0.615455 0.32528 0.617273 0.312338 0.652727 0.317515 0.650909 0.329594
10 0.462727 0.346851 0.464545 0.333046 0.500909 0.335634 0.500909 0.347714
10 0.895455 0.459016 0.909091 0.467645 0.89 0.493529 0.876364 0.485764
10 0.768182 0.0534944 0.775455 0.0422778 0.804545 0.0569456 0.796364 0.0698878
10 0.759091 0.069025 0.766364 0.0595341 0.794545 0.0767903 0.787273 0.0854185
10 0.789091 0.0880069 0.795455 0.0767903 0.829091 0.0949094 0.821818 0.105263
10 0.968182 0.367558 0.979091 0.375324 0.959091 0.401208 0.944545 0.393443
10 0.940909 0.399482 0.954545 0.40811 0.935455 0.431406 0.920909 0.424504
10 0.919091 0.429681 0.93 0.438309 0.911818 0.462468 0.898182 0.454702
10 0.800909 0.251079 0.789091 0.257981 0.768182 0.228645 0.78 0.222606
10 0.42 0.412425 0.420909 0.399482 0.453636 0.401208 0.452727 0.41415
10 0.785455 0.265746 0.773636 0.272649 0.754545 0.239862 0.766364 0.233822
10 0.774545 0.28214 0.760909 0.287317 0.744545 0.257118 0.756364 0.251941
10 0.884545 0.32528 0.872727 0.332183 0.850909 0.298533 0.863636 0.293356
10 0.870909 0.341674 0.859091 0.346851 0.841818 0.320104 0.852727 0.313201
10 0.763636 0.321829 0.763636 0.308024 0.798182 0.310613 0.798182 0.323555
10 0.739091 0.352028 0.739091 0.340811 0.771818 0.342537 0.770909 0.353753
10 0.799091 0.0707506 0.807273 0.0603969 0.836364 0.078516 0.828182 0.0880069
10 0.78 0.0388266 0.786364 0.0293356 0.813636 0.0431406 0.806364 0.0534944
10 0.808182 0.0534944 0.815455 0.0431406 0.846364 0.0612597 0.838182 0.0707506
10 0.82 0.0396894 0.827273 0.0293356 0.859091 0.0465919 0.851818 0.0569456
10 0.789091 0.0215703 0.796364 0.0103538 0.826364 0.02761 0.82 0.0379638
10 0.829091 0.0232959 0.835455 0.0129422 0.869091 0.0310613 0.861818 0.0396894
10 0.842727 0.00949094 0.847273 0.000862813 0.879091 0.0172563 0.871818 0.0258844
10 0.961818 0.1717 0.967273 0.161346 0.995455 0.177739 0.988182 0.18723
10 0.968182 0.151855 0.961818 0.161346 0.93 0.144953 0.937273 0.133736
10 0.978182 0.134599 0.971818 0.14409 0.939091 0.127696 0.946364 0.11648
10 0.946364 0.114754 0.938182 0.126833 0.91 0.108714 0.916364 0.0983607
10 0.803636 0.0069025 0.82 0.000862813 0.835455 0.0103538 0.827273 0.0215703
10 0.955455 0.0974978 0.948182 0.107852 0.915455 0.0888697 0.922727 0.0793788
10 0.989091 0.119068 0.981818 0.129422 0.95 0.109577 0.956364 0.0974978
10 0.999091 0.100949 0.992727 0.11044 0.962727 0.0940466 0.969091 0.0836928
10 0.969091 0.08283 0.960909 0.0931838 0.932727 0.0750647 0.940909 0.064711
10 0.983636 0.0681622 0.977273 0.0776531 0.945455 0.0595341 0.951818 0.0500431
10 0.849091 0.373598 0.836364 0.3805 0.818182 0.349439 0.830909 0.343399
10 0.825455 0.405522 0.811818 0.411562 0.794545 0.383089 0.807273 0.377049
10 0.813636 0.422778 0.800909 0.429681 0.780909 0.396031 0.792727 0.390854
10 0.510909 0.470233 0.511818 0.458154 0.550909 0.459879 0.55 0.471959
10 0.533636 0.413287 0.520909 0.42019 0.504545 0.39258 0.516364 0.38654
10 0.572727 0.370147 0.561818 0.377912 0.540909 0.345125 0.550909 0.338223
10 0.604545 0.342537 0.605455 0.329594 0.639091 0.332183 0.639091 0.345988
10 0.591818 0.358067 0.593636 0.345125 0.630909 0.347714 0.63 0.360656
10 0.581818 0.374461 0.582727 0.361519 0.617273 0.36497 0.616364 0.377049
10 0.549091 0.422778 0.55 0.410699 0.582727 0.412425 0.58 0.424504
10 0.523636 0.432269 0.51 0.437446 0.492727 0.407248 0.505455 0.401208
10 0.693636 0.396031 0.681818 0.402071 0.663636 0.371872 0.674545 0.36497
10 0.704545 0.378775 0.691818 0.384814 0.673636 0.355479 0.686364 0.349439
10 0.695455 0.417601 0.696364 0.404659 0.73 0.407248 0.73 0.42019
10 0.72 0.38654 0.72 0.374461 0.752727 0.375324 0.752727 0.387403
10 0.728182 0.368421 0.728182 0.356342 0.761818 0.35893 0.760909 0.371009
10 0.645455 0.458154 0.631818 0.464193 0.611818 0.432269 0.624545 0.42623
10 0.620909 0.490078 0.607273 0.495255 0.590909 0.465919 0.602727 0.459879
10 0.500909 0.464193 0.488182 0.470233 0.471818 0.442623 0.483636 0.437446
10 0.799091 0.433132 0.784545 0.440035 0.769091 0.410699 0.781818 0.406385
10 0.490909 0.502157 0.491818 0.488352 0.527273 0.492666 0.524545 0.505608
10 0.444545 0.54616 0.430909 0.553063 0.414545 0.52459 0.428182 0.517688
10 0.561818 0.571182 0.549091 0.577222 0.533636 0.545298 0.545455 0.540984
10 0.574545 0.553926 0.562727 0.559965 0.543636 0.53063 0.555455 0.52459
10 0.586364 0.561691 0.588182 0.550475 0.62 0.5522 0.62 0.563417
10 0.66 0.631579 0.647273 0.638481 0.629091 0.608283 0.64 0.602243
10 0.622727 0.677308 0.609091 0.683348 0.591818 0.654012 0.603636 0.648835
10 0.598182 0.710958 0.586364 0.716997 0.568182 0.685936 0.58 0.680759
10 0.586364 0.725626 0.574545 0.731665 0.556364 0.704918 0.568182 0.698878
10 0.573636 0.740293 0.56 0.746333 0.544545 0.718723 0.556364 0.713546
10 0.454545 0.712683 0.440909 0.718723 0.426364 0.691976 0.439091 0.686799
10 0.73 0.534944 0.717273 0.540121 0.701818 0.510785 0.714545 0.506471
10 0.765455 0.488352 0.753636 0.494392 0.737273 0.465919 0.747273 0.460742
10 0.775455 0.470233 0.764545 0.476273 0.748182 0.446074 0.76 0.440897
10 0.163636 0.11044 0.170909 0.100949 0.195455 0.117343 0.188182 0.126833
