10 0.00117786 0.966372 0.00117786 0.951327 0.0318021 0.968142 0.0200236 0.976991
10 0.024735 0.978761 0.03298 0.969027 0.0694935 0.984956 0.0588928 0.99469
10 0.499411 0.381416 0.510012 0.369027 0.546525 0.386726 0.537102 0.39823
10 0.458186 0.361062 0.468787 0.348673 0.506478 0.367257 0.498233 0.379646
10 0.416961 0.340708 0.425206 0.330973 0.46172 0.346903 0.454653 0.356637
10 0.590106 0.402655 0.598351 0.392035 0.634865 0.409735 0.62662 0.419469
10 0.553592 0.384071 0.563015 0.374336 0.598351 0.390265 0.590106 0.400885
10 0.510012 0.364602 0.520612 0.353097 0.559482 0.371681 0.550059 0.383186
10 0.47232 0.345133 0.480565 0.334513 0.519435 0.352212 0.510012 0.362832
10 0.425206 0.324779 0.435807 0.314159 0.477032 0.331858 0.466431 0.343363
10 0.599529 0.384956 0.61013 0.374336 0.645465 0.39115 0.636042 0.402655
10 0.559482 0.364602 0.568905 0.353982 0.605418 0.371681 0.595995 0.382301
10 0.520612 0.346018 0.530035 0.334513 0.567727 0.353097 0.557126 0.363717
10 0.479388 0.325664 0.489988 0.315044 0.528857 0.334513 0.518257 0.345133
10 0.441696 0.30708 0.452297 0.29646 0.486455 0.313274 0.474676 0.323894
10 0.616019 0.370796 0.62662 0.359292 0.657244 0.375221 0.646643 0.385841
10 0.57126 0.348673 0.580683 0.337168 0.619552 0.354867 0.611307 0.367257
10 0.550059 0.315044 0.559482 0.304425 0.598351 0.323009 0.590106 0.333628
10 0.47232 0.279646 0.484099 0.268142 0.515901 0.283186 0.5053 0.293805
10 0.64311 0.338053 0.65371 0.327434 0.691402 0.345133 0.683157 0.356637
10 0.60424 0.319469 0.614841 0.30885 0.650177 0.326549 0.641932 0.337168
10 0.565371 0.299115 0.573616 0.288496 0.612485 0.30708 0.601885 0.317699
10 0.62073 0.30354 0.631331 0.292035 0.669022 0.309735 0.6596 0.321239
10 0.540636 0.4 0.550059 0.387611 0.584217 0.404425 0.572438 0.415044
10 0.574794 0.416814 0.586572 0.40531 0.621908 0.424779 0.612485 0.434513
10 0.557126 0.434513 0.567727 0.423009 0.60424 0.439823 0.595995 0.451327
10 0.391048 0.441593 0.401649 0.430088 0.43934 0.449558 0.429918 0.460177
10 0.341578 0.489381 0.354535 0.477876 0.388693 0.49292 0.378092 0.506195
10 0.499411 0.540708 0.508834 0.529204 0.54417 0.546018 0.535925 0.557522
10 0.466431 0.525664 0.47821 0.513274 0.508834 0.529204 0.498233 0.540708
10 0.433451 0.509735 0.444052 0.499115 0.474676 0.513274 0.466431 0.524779
10 0.369847 0.476991 0.37927 0.466372 0.419317 0.483186 0.409894 0.493805
10 0.32391 0.455752 0.334511 0.444248 0.366313 0.460177 0.355713 0.470796
10 0.489988 0.513274 0.499411 0.50177 0.534747 0.519469 0.525324 0.529204
10 0.449941 0.493805 0.460542 0.483186 0.497055 0.500885 0.486455 0.512389
10 0.409894 0.476106 0.420495 0.465487 0.454653 0.480531 0.446408 0.492035
10 0.34629 0.421239 0.35689 0.411504 0.393404 0.429204 0.382803 0.438938
10 0.387515 0.372566 0.39576 0.361947 0.434629 0.379646 0.424028 0.389381
10 0.514723 0.480531 0.526502 0.469912 0.559482 0.486726 0.551237 0.49646
10 0.479388 0.461947 0.491166 0.451327 0.525324 0.466372 0.517079 0.477876
10 0.532391 0.465487 0.541814 0.453982 0.57715 0.470796 0.568905 0.482301
10 0.489988 0.446018 0.500589 0.433628 0.53828 0.451327 0.528857 0.463717
10 0.453475 0.426549 0.464075 0.415929 0.498233 0.432743 0.48881 0.444248
10 0.415783 0.406195 0.424028 0.39646 0.460542 0.413274 0.449941 0.423894
10 0.547703 0.451327 0.555948 0.438938 0.592462 0.456637 0.584217 0.466372
10 0.506478 0.431858 0.517079 0.420354 0.552415 0.438053 0.542992 0.448673
10 0.425206 0.39115 0.434629 0.380531 0.473498 0.399115 0.465253 0.40885
10 0.660777 0.302655 0.671378 0.29115 0.710247 0.309735 0.700824 0.321239
10 0.512367 0.230088 0.52179 0.219469 0.56066 0.238053 0.551237 0.247788
10 0.673734 0.284071 0.681979 0.272566 0.718492 0.290265 0.709069 0.3
10 0.650177 0.0690265 0.660777 0.0566372 0.702002 0.0761062 0.690224 0.0893805
10 0.639576 0.132743 0.650177 0.121239 0.681979 0.138053 0.671378 0.148673
10 0.605418 0.115044 0.617197 0.10354 0.647821 0.120354 0.63722 0.130973
10 0.70318 0.138938 0.714959 0.128319 0.755006 0.147788 0.744405 0.160177
10 0.636042 0.0831858 0.645465 0.0725664 0.684335 0.0929204 0.673734 0.102655
10 0.764429 0.146903 0.775029 0.135398 0.813899 0.154867 0.804476 0.166372
10 0.808009 0.168142 0.81861 0.156637 0.856302 0.175221 0.848057 0.187611
10 0.806832 0.145133 0.816254 0.134513 0.85159 0.152212 0.842167 0.161947
10 0.766784 0.124779 0.776207 0.114159 0.812721 0.131858 0.800942 0.142478
10 0.693757 0.0911504 0.705536 0.079646 0.738516 0.0955752 0.727915 0.106195
10 0.743227 0.0920354 0.755006 0.080531 0.795053 0.1 0.784452 0.112389
10 0.59364 0.133628 0.603062 0.122124 0.640754 0.138938 0.632509 0.149558
10 0.833922 0.111504 0.842167 0.10177 0.873969 0.116814 0.865724 0.126549
10 0.791519 0.0929204 0.799764 0.0823009 0.837456 0.099115 0.829211 0.107965
10 0.751472 0.0734513 0.760895 0.0637168 0.796231 0.080531 0.786808 0.0893805
10 0.803298 0.0752212 0.812721 0.0637168 0.852768 0.0831858 0.842167 0.0946903
10 0.762073 0.0557522 0.771496 0.0460177 0.806832 0.0619469 0.798587 0.0716814
10 0.678445 0.0371681 0.687868 0.0274336 0.723204 0.0451327 0.712603 0.0548673
10 0.780919 0.0424779 0.790342 0.0309735 0.829211 0.0513274 0.819788 0.060177
10 0.726737 0.0371681 0.734982 0.0274336 0.76914 0.0424779 0.759717 0.0522124
10 0.687868 0.020354 0.698469 0.00973451 0.731449 0.0247788 0.723204 0.0345133
10 0.779741 0.202655 0.791519 0.19115 0.831567 0.209735 0.822144 0.222124
10 0.633687 0.152212 0.644287 0.141593 0.678445 0.156637 0.669022 0.168142
10 0.638398 0.269027 0.650177 0.257522 0.679623 0.271681 0.671378 0.284071
10 0.730271 0.244248 0.740872 0.233628 0.777385 0.252212 0.766784 0.262832
10 0.603062 0.251327 0.614841 0.239823 0.647821 0.256637 0.638398 0.267257
10 0.567727 0.232743 0.578327 0.221239 0.613663 0.238938 0.603062 0.248673
10 0.69258 0.271681 0.70318 0.261062 0.73616 0.276991 0.726737 0.287611
10 0.658422 0.253097 0.669022 0.241593 0.700824 0.258407 0.691402 0.268142
10 0.62073 0.236283 0.631331 0.224779 0.667845 0.242478 0.656066 0.253097
10 0.583039 0.217699 0.594817 0.206195 0.628975 0.223894 0.619552 0.233628
10 0.636042 0.219469 0.645465 0.209735 0.678445 0.224779 0.6702 0.235398
10 0.592462 0.200885 0.603062 0.188496 0.646643 0.207965 0.633687 0.219469
10 0.551237 0.178761 0.56066 0.169027 0.595995 0.185841 0.584217 0.19646
10 0.68669 0.223009 0.696113 0.212389 0.73616 0.230973 0.726737 0.242478
10 0.583039 0.149558 0.592462 0.138938 0.624264 0.153982 0.614841 0.163717
10 0.644287 0.202655 0.654888 0.190265 0.694935 0.209735 0.685512 0.221239
10 0.600707 0.180531 0.611307 0.169912 0.650177 0.189381 0.639576 0.2
10 0.565371 0.164602 0.573616 0.153982 0.608952 0.169027 0.599529 0.179646
10 0.718492 0.216814 0.726737 0.20531 0.759717 0.222124 0.750294 0.231858
10 0.684335 0.200885 0.693757 0.188496 0.726737 0.204425 0.714959 0.215929
10 0.75265 0.211504 0.760895 0.2 0.795053 0.217699 0.78563 0.228319
10 0.712603 0.19115 0.722026 0.179646 0.756184 0.197345 0.746761 0.20708
10 0.651355 0.183186 0.660777 0.172566 0.694935 0.187611 0.685512 0.19823
10 0.614841 0.165487 0.625442 0.153982 0.658422 0.170796 0.646643 0.182301
10 0.380448 0.506195 0.391048 0.49469 0.424028 0.509735 0.414605 0.520354
10 0.414605 0.523009 0.425206 0.510619 0.464075 0.528319 0.452297 0.540708
10 0.45583 0.542478 0.464075 0.531858 0.499411 0.548673 0.489988 0.558407
10 0.166078 0.80885 0.177856 0.797345 0.213192 0.815044 0.203769 0.827434
10 0.351001 0.856637 0.367491 0.864602 0.347468 0.890265 0.3298 0.884956
10 0.168433 0.855752 0.180212 0.844248 0.213192 0.861062 0.201413 0.873451
10 0.151943 0.826549 0.162544 0.814159 0.201413 0.833628 0.190813 0.845133
10 0.114252 0.80531 0.124853 0.795575 0.161366 0.814159 0.149588 0.823894
10 0.0812721 0.788496 0.0930506 0.778761 0.124853 0.79469 0.113074 0.80531
10 0.0388693 0.770796 0.04947 0.759292 0.0883392 0.778761 0.0789164 0.788496
10 0.0506478 0.753097 0.0612485 0.743363 0.0989399 0.761062 0.0895171 0.771681
10 0.0906949 0.772566 0.100118 0.762832 0.137809 0.778761 0.129564 0.788496
10 0.133098 0.79292 0.142521 0.782301 0.175501 0.797345 0.1649 0.807965
10 0.203769 0.829204 0.21437 0.816814 0.253239 0.837168 0.243816 0.846903
10 0.29682 0.920354 0.312132 0.929204 0.292108 0.953097 0.274441 0.947788
10 0.217903 0.811504 0.229682 0.800885 0.266196 0.819469 0.255595 0.830088
10 0.177856 0.792035 0.186101 0.781416 0.222615 0.799115 0.21437 0.810619
10 0.142521 0.776106 0.151943 0.764602 0.184923 0.779646 0.175501 0.790265
10 0.103651 0.756637 0.113074 0.746018 0.151943 0.762832 0.142521 0.774336
10 0.0671378 0.738938 0.0789164 0.726549 0.113074 0.744248 0.101296 0.755752
10 0.121319 0.741593 0.13192 0.731858 0.168433 0.748673 0.160188 0.760177
10 0.162544 0.762832 0.170789 0.751327 0.203769 0.767257 0.194346 0.777876
10 0.196702 0.778761 0.204947 0.768142 0.242638 0.784956 0.233216 0.79646
10 0.233216 0.79823 0.243816 0.786726 0.281508 0.80531 0.269729 0.815929
10 0.321555 0.892035 0.338045 0.900885 0.315665 0.924779 0.300353 0.918584
10 0.270907 0.949558 0.285041 0.958407 0.262662 0.979646 0.249706 0.973451
10 0.134276 0.726549 0.144876 0.715929 0.180212 0.733628 0.171967 0.744248
10 0.14841 0.89292 0.160188 0.882301 0.193168 0.89823 0.183746 0.90885
10 0.00117786 0.944248 0.00235571 0.930088 0.0353357 0.946903 0.0259128 0.954867
10 0.0306243 0.959292 0.0400471 0.947788 0.0777385 0.965487 0.0683157 0.976106
10 0.0694935 0.977876 0.0789164 0.967257 0.114252 0.984071 0.104829 0.99469
10 0.0447585 0.944248 0.0553592 0.933628 0.0942285 0.951327 0.0848057 0.961947
10 0.00706714 0.924779 0.0200236 0.913274 0.0541814 0.931858 0.0424028 0.943363
10 0.00117786 0.89823 0.00235571 0.884071 0.0376914 0.900885 0.0270907 0.909735
10 0.0294464 0.912389 0.0388693 0.902655 0.0753828 0.918584 0.0636042 0.929204
10 0.0647821 0.931858 0.0753828 0.919469 0.108363 0.933628 0.0977621 0.945133
10 0.101296 0.948673 0.111896 0.938053 0.147232 0.954867 0.136631 0.966372
10 0.110718 0.872566 0.121319 0.861062 0.159011 0.881416 0.147232 0.892035
10 0.0235571 0.784956 0.0353357 0.775221 0.0671378 0.790265 0.0553592 0.80177
10 0.0694935 0.852212 0.0800942 0.842478 0.117786 0.861947 0.107185 0.872566
10 0.0306243 0.834513 0.041225 0.823894 0.0777385 0.841593 0.0671378 0.852212
10 0.121319 0.855752 0.13192 0.844248 0.167256 0.861947 0.156655 0.873451
10 0.0800942 0.835398 0.0883392 0.823894 0.127208 0.841593 0.117786 0.852212
10 0.0424028 0.817699 0.0541814 0.80708 0.0871614 0.823894 0.0753828 0.834513
10 0.00824499 0.799115 0.0212014 0.787611 0.0530035 0.804425 0.0424028 0.815929
10 0.134276 0.838053 0.143698 0.828319 0.175501 0.843363 0.167256 0.853982
10 0.0918728 0.817699 0.103651 0.80708 0.136631 0.823894 0.127208 0.834513
10 0.0588928 0.80177 0.0718492 0.790265 0.101296 0.80708 0.0883392 0.816814
10 0.0965842 0.706195 0.107185 0.695575 0.143698 0.713274 0.13192 0.723894
10 0.173145 0.746018 0.183746 0.735398 0.219081 0.751327 0.208481 0.762832
10 0.414605 0.546903 0.424028 0.534513 0.46172 0.552212 0.452297 0.562832
10 0.249706 0.532743 0.257951 0.522124 0.29682 0.541593 0.285041 0.551327
10 0.195524 0.59646 0.206125 0.585841 0.24735 0.606195 0.235571 0.616814
10 0.250883 0.60177 0.261484 0.589381 0.302709 0.610619 0.292108 0.621239
10 0.208481 0.580531 0.221437 0.569027 0.259128 0.589381 0.246172 0.6
10 0.3404 0.621239 0.351001 0.611504 0.38987 0.630088 0.37927 0.641593
10 0.301531 0.604425 0.312132 0.59292 0.347468 0.609735 0.338045 0.621239
10 0.260306 0.583186 0.272085 0.572566 0.308598 0.59115 0.297998 0.60177
10 0.215548 0.560177 0.226148 0.550442 0.267373 0.570796 0.256773 0.581416
10 0.39576 0.628319 0.40636 0.616814 0.442874 0.634513 0.433451 0.645133
10 0.35689 0.607965 0.367491 0.597345 0.404005 0.615929 0.393404 0.626549
10 0.292108 0.553982 0.303887 0.543363 0.341578 0.561947 0.332155 0.572566
10 0.281508 0.641593 0.292108 0.629204 0.330978 0.646903 0.319199 0.658407
10 0.334511 0.574336 0.34629 0.563717 0.383981 0.583186 0.374558 0.593805
10 0.376914 0.595575 0.385159 0.584071 0.426384 0.602655 0.415783 0.614159
10 0.427562 0.599115 0.438163 0.586726 0.47821 0.60531 0.467609 0.617699
10 0.38987 0.579646 0.398115 0.568142 0.434629 0.584956 0.425206 0.595575
10 0.349823 0.560177 0.359246 0.548673 0.398115 0.567257 0.388693 0.577876
10 0.30742 0.539823 0.316843 0.529204 0.354535 0.547788 0.34629 0.557522
10 0.26384 0.517699 0.273263 0.506195 0.31331 0.525664 0.305065 0.536283
10 0.444052 0.584071 0.454653 0.572566 0.497055 0.592035 0.486455 0.602655
10 0.401649 0.563717 0.413428 0.552212 0.451119 0.569912 0.441696 0.580531
10 0.241461 0.619469 0.252061 0.607965 0.289753 0.627434 0.279152 0.638053
10 0.320377 0.659292 0.3298 0.647788 0.366313 0.664602 0.359246 0.676106
10 0.212014 0.764602 0.220259 0.753982 0.257951 0.770796 0.24735 0.780531
10 0.123675 0.675221 0.133098 0.664602 0.167256 0.682301 0.157833 0.69292
10 0.254417 0.784071 0.26384 0.772566 0.301531 0.790265 0.292108 0.802655
10 0.266196 0.767257 0.274441 0.755752 0.312132 0.774336 0.303887 0.784071
10 0.228504 0.749558 0.236749 0.738938 0.270907 0.754867 0.261484 0.765487
10 0.190813 0.730088 0.199058 0.718584 0.236749 0.736283 0.226148 0.747788
10 0.149588 0.710619 0.161366 0.699115 0.19788 0.718584 0.184923 0.730088
10 0.108363 0.690265 0.117786 0.679646 0.157833 0.69823 0.147232 0.70885
10 0.243816 0.736283 0.253239 0.724779 0.287397 0.741593 0.279152 0.752212
10 0.204947 0.715929 0.215548 0.70531 0.249706 0.723009 0.241461 0.732743
10 0.163722 0.693805 0.173145 0.684071 0.210836 0.70354 0.201413 0.712389
10 0.294464 0.737168 0.306243 0.726549 0.338045 0.742478 0.327444 0.753982
10 0.359246 0.677876 0.368669 0.666372 0.408716 0.685841 0.399293 0.69646
10 0.253239 0.717699 0.262662 0.706195 0.301531 0.723009 0.292108 0.734513
10 0.213192 0.69823 0.222615 0.686726 0.257951 0.70354 0.249706 0.713274
10 0.177856 0.679646 0.187279 0.669912 0.221437 0.686726 0.213192 0.69646
10 0.138987 0.659292 0.14841 0.649558 0.186101 0.666372 0.175501 0.676991
10 0.306243 0.719469 0.314488 0.707965 0.348645 0.723894 0.338045 0.734513
10 0.268551 0.700885 0.276796 0.690265 0.314488 0.706195 0.306243 0.716814
10 0.233216 0.684071 0.243816 0.673451 0.274441 0.688496 0.265018 0.699115
10 0.19788 0.664602 0.207303 0.655752 0.242638 0.673451 0.233216 0.682301
10 0.154299 0.643363 0.1649 0.633628 0.203769 0.653097 0.194346 0.663717
10 0.742049 0.0247788 0.751472 0.0141593 0.787986 0.0309735 0.776207 0.0415929
