10 0.771546 0.706376 0.756498 0.706376 0.760602 0.671141 0.772914 0.672819
9 0.5171 0.40604 0.518468 0.422819 0.477428 0.421141 0.47606 0.40604
9 0.686731 0.565436 0.673051 0.567114 0.673051 0.511745 0.686731 0.511745
9 0.783858 0.575503 0.76881 0.575503 0.76881 0.498322 0.78249 0.498322
9 0.80301 0.577181 0.787962 0.575503 0.78933 0.498322 0.80301 0.498322
9 0.838577 0.580537 0.823529 0.582215 0.824897 0.52349 0.838577 0.52349
9 0.898769 0.577181 0.883721 0.578859 0.880985 0.498322 0.897401 0.498322
9 0.522572 0.469799 0.522572 0.486577 0.46238 0.491611 0.461012 0.473154
9 0.521204 0.446309 0.521204 0.464765 0.46238 0.468121 0.46238 0.451342
9 0.515732 0.422819 0.519836 0.441275 0.461012 0.447987 0.461012 0.42953
9 0.521204 0.380872 0.522572 0.401007 0.478796 0.402685 0.477428 0.384228
9 0.318741 0.644295 0.320109 0.657718 0.284542 0.659396 0.284542 0.647651
9 0.522572 0.337248 0.522572 0.355705 0.463748 0.357383 0.463748 0.337248
9 0.52394 0.313758 0.52394 0.332215 0.465116 0.333893 0.465116 0.317114
9 0.521204 0.290268 0.521204 0.310403 0.463748 0.312081 0.46238 0.290268
9 0.525308 0.270134 0.525308 0.290268 0.481532 0.290268 0.480164 0.271812
9 0.384405 0.318792 0.385773 0.300336 0.437756 0.300336 0.436389 0.318792
9 0.388509 0.29698 0.388509 0.278523 0.445964 0.275168 0.447332 0.293624
9 0.392613 0.268456 0.392613 0.248322 0.440492 0.246644 0.440492 0.266779
9 0.270862 0.684564 0.269494 0.701342 0.222982 0.696309 0.22435 0.67953
9 0.671683 0.563758 0.655267 0.563758 0.655267 0.508389 0.671683 0.506711
9 0.616963 0.560403 0.604651 0.563758 0.603283 0.506711 0.618331 0.506711
9 0.878249 0.283557 0.864569 0.283557 0.861833 0.216443 0.875513 0.216443
9 0.861833 0.280201 0.848153 0.280201 0.844049 0.213087 0.857729 0.213087
9 0.72093 0.369128 0.737346 0.369128 0.737346 0.447987 0.72093 0.447987
9 0.738714 0.369128 0.75513 0.369128 0.75513 0.447987 0.738714 0.447987
9 0.756498 0.374161 0.771546 0.374161 0.771546 0.441275 0.756498 0.441275
9 0.774282 0.374161 0.78933 0.374161 0.78933 0.444631 0.774282 0.444631
9 0.790698 0.379195 0.808482 0.379195 0.808482 0.449664 0.790698 0.449664
9 0.808482 0.372483 0.827633 0.372483 0.827633 0.447987 0.808482 0.447987
9 0.824897 0.384228 0.842681 0.384228 0.842681 0.456376 0.824897 0.456376
9 0.842681 0.379195 0.863201 0.379195 0.863201 0.454698 0.842681 0.454698
9 0.864569 0.380872 0.879617 0.380872 0.879617 0.451342 0.864569 0.451342
9 0.625171 0.268456 0.610123 0.268456 0.611491 0.189597 0.626539 0.187919
9 0.644323 0.270134 0.627907 0.270134 0.632011 0.201342 0.645691 0.20302
9 0.660739 0.27349 0.647059 0.27349 0.647059 0.20302 0.660739 0.204698
9 0.678523 0.27349 0.664843 0.275168 0.667579 0.199664 0.681259 0.201342
9 0.715458 0.275168 0.70041 0.276846 0.703146 0.201342 0.718194 0.20302
9 0.786594 0.275168 0.774282 0.27349 0.774282 0.20302 0.78933 0.20302
9 0.805746 0.280201 0.792066 0.278523 0.792066 0.224832 0.805746 0.224832
9 0.823529 0.270134 0.80985 0.270134 0.811218 0.201342 0.826265 0.201342
9 0.316005 0.674497 0.316005 0.689597 0.280438 0.689597 0.281806 0.672819
9 0.320109 0.619128 0.321477 0.635906 0.290014 0.637584 0.290014 0.622483
10 0.638851 0.65604 0.653899 0.654362 0.652531 0.697987 0.637483 0.696309
9 0.874145 0.577181 0.857729 0.577181 0.860465 0.496644 0.875513 0.498322
9 0.393981 0.446309 0.395349 0.427852 0.4487 0.431208 0.4487 0.447987
9 0.395349 0.416107 0.396717 0.401007 0.450068 0.404362 0.450068 0.421141
9 0.471956 0.557047 0.473324 0.541946 0.522572 0.540268 0.52394 0.557047
9 0.473324 0.583893 0.473324 0.567114 0.52394 0.565436 0.52394 0.583893
9 0.313269 0.562081 0.313269 0.580537 0.250342 0.580537 0.248974 0.563758
9 0.387141 0.342282 0.387141 0.325503 0.440492 0.325503 0.439124 0.342282
9 0.818057 0.578859 0.804378 0.578859 0.807114 0.501678 0.820793 0.501678
9 0.634747 0.565436 0.619699 0.563758 0.621067 0.506711 0.636115 0.506711
10 0.295486 0.233221 0.296854 0.214765 0.324213 0.219799 0.322845 0.236577
9 0.303694 0.595638 0.303694 0.614094 0.242134 0.612416 0.242134 0.595638
10 0.398085 0.192953 0.399453 0.174497 0.424077 0.177852 0.422709 0.194631
10 0.225718 0.526846 0.239398 0.528523 0.235294 0.560403 0.221614 0.557047
10 0.276334 0.610738 0.276334 0.629195 0.243502 0.630872 0.243502 0.612416
10 0.277702 0.629195 0.276334 0.645973 0.243502 0.644295 0.24487 0.629195
10 0.387141 0.669463 0.403557 0.671141 0.402189 0.704698 0.387141 0.704698
10 0.5171 0.645973 0.53078 0.645973 0.53078 0.682886 0.5171 0.681208
10 0.55814 0.645973 0.567715 0.645973 0.569083 0.681208 0.55814 0.681208
10 0.573187 0.647651 0.586867 0.649329 0.586867 0.686242 0.573187 0.686242
9 0.391245 0.466443 0.395349 0.449664 0.447332 0.451342 0.447332 0.469799
9 0.393981 0.511745 0.393981 0.494966 0.447332 0.496644 0.445964 0.513423
9 0.393981 0.555369 0.392613 0.536913 0.444596 0.530201 0.445964 0.54698
9 0.893297 0.281879 0.879617 0.283557 0.879617 0.214765 0.894665 0.214765
9 0.310534 0.538591 0.310534 0.557047 0.25855 0.555369 0.257182 0.538591
9 0.316005 0.505034 0.317373 0.520134 0.266758 0.520134 0.266758 0.503356
9 0.311902 0.461409 0.309166 0.47651 0.257182 0.468121 0.261286 0.45302
9 0.316005 0.360738 0.317373 0.379195 0.264022 0.379195 0.264022 0.364094
9 0.316005 0.333893 0.316005 0.348993 0.264022 0.350671 0.264022 0.333893
9 0.313269 0.312081 0.313269 0.330537 0.261286 0.330537 0.262654 0.312081
9 0.320109 0.288591 0.320109 0.308725 0.269494 0.308725 0.269494 0.291946
9 0.322845 0.270134 0.321477 0.288591 0.269494 0.283557 0.269494 0.266779
9 0.221614 0.360738 0.221614 0.379195 0.179207 0.38255 0.179207 0.365772
9 0.22435 0.290268 0.22435 0.307047 0.173735 0.312081 0.173735 0.295302
9 0.22435 0.270134 0.22435 0.286913 0.172367 0.285235 0.172367 0.266779
9 0.751026 0.275168 0.735978 0.27349 0.735978 0.214765 0.749658 0.213087
9 0.767442 0.276846 0.753762 0.275168 0.756498 0.216443 0.770178 0.216443
9 0.841313 0.280201 0.829001 0.280201 0.829001 0.224832 0.841313 0.224832
9 0.853625 0.582215 0.842681 0.580537 0.844049 0.52349 0.854993 0.52349
9 0.662107 0.365772 0.677155 0.365772 0.675787 0.441275 0.662107 0.439597
9 0.227086 0.387584 0.227086 0.402685 0.175103 0.40604 0.173735 0.389262
9 0.623803 0.364094 0.638851 0.364094 0.638851 0.444631 0.623803 0.444631
