10 0.0193548 0.891405 0.0104839 0.887802 0.025 0.873392 0.033871 0.876994
10 0.38871 0.537313 0.377419 0.532681 0.392742 0.517756 0.401613 0.521873
10 0.277419 0.500772 0.28629 0.504889 0.273387 0.518785 0.264516 0.516212
10 0.303226 0.506433 0.293548 0.503345 0.307258 0.486876 0.316129 0.489964
10 0.28629 0.525476 0.277419 0.521873 0.291935 0.505404 0.300806 0.508492
10 0.316129 0.51158 0.308065 0.507977 0.322581 0.492537 0.331452 0.49614
10 0.307258 0.509521 0.316935 0.512609 0.303226 0.529079 0.293548 0.526505
10 0.337097 0.49614 0.345968 0.499228 0.331452 0.517241 0.320968 0.513639
10 0.320968 0.515183 0.330645 0.518271 0.318548 0.535255 0.308871 0.532681
10 0.345161 0.520329 0.33629 0.516212 0.35 0.502831 0.358065 0.506433
10 0.33629 0.518271 0.345161 0.521359 0.332258 0.536799 0.322581 0.534225
10 0.358871 0.524961 0.35 0.521873 0.364516 0.504375 0.375 0.507977
10 0.348387 0.523932 0.358065 0.527535 0.344355 0.541945 0.334677 0.539372
10 0.373387 0.530108 0.364516 0.526505 0.380645 0.508492 0.389516 0.512095
10 0.362903 0.528564 0.372581 0.532167 0.358065 0.548636 0.348387 0.545548
10 0.376613 0.53474 0.387903 0.538857 0.374194 0.554812 0.36371 0.551209
10 0.437097 0.400412 0.448387 0.402985 0.435484 0.419969 0.425 0.417396
10 0.402419 0.541945 0.391935 0.538343 0.406452 0.521873 0.416129 0.524447
10 0.391129 0.539372 0.401613 0.542975 0.38871 0.558929 0.379032 0.556356
10 0.417742 0.546577 0.408065 0.54246 0.421774 0.52702 0.431452 0.531137
10 0.408065 0.545548 0.416935 0.548636 0.403226 0.564076 0.393548 0.561503
10 0.419355 0.551209 0.429032 0.554297 0.414516 0.570767 0.404839 0.567679
10 0.433065 0.533711 0.443548 0.537313 0.431452 0.553268 0.420968 0.55018
10 0.445161 0.556871 0.435484 0.553268 0.45 0.537828 0.459677 0.540916
10 0.43629 0.555327 0.445161 0.559444 0.430645 0.57334 0.420968 0.569738
10 0.449194 0.559959 0.458871 0.562532 0.446774 0.579516 0.437097 0.576943
10 0.25 0.567164 0.239516 0.563047 0.254839 0.546577 0.265323 0.549665
10 0.26371 0.572826 0.254032 0.568708 0.269355 0.553783 0.278226 0.557385
10 0.251613 0.570252 0.26129 0.572826 0.248387 0.590839 0.237097 0.588266
10 0.277419 0.578487 0.266129 0.573855 0.283065 0.557385 0.293548 0.560988
10 0.28871 0.501801 0.278226 0.498199 0.293548 0.481729 0.303226 0.485332
10 0.262097 0.494596 0.273387 0.498199 0.258871 0.514668 0.247581 0.511065
10 0.279839 0.476583 0.290323 0.480185 0.275 0.496655 0.264516 0.493052
10 0.248387 0.488935 0.258065 0.492023 0.245968 0.506433 0.23629 0.504375
10 0.468548 0.407617 0.479032 0.41122 0.465323 0.427174 0.455645 0.424601
10 0.312903 0.429233 0.302419 0.42563 0.316935 0.409161 0.326613 0.412249
10 0.347581 0.420484 0.357258 0.424601 0.341935 0.441071 0.332258 0.437468
10 0.359677 0.425116 0.369355 0.428718 0.354839 0.445703 0.344355 0.441585
10 0.258871 0.412249 0.268548 0.414822 0.255645 0.431292 0.245161 0.428718
10 0.273387 0.415337 0.283871 0.418425 0.270161 0.435924 0.258871 0.432836
10 0.280645 0.442615 0.272581 0.439012 0.28871 0.423572 0.295968 0.427689
10 0.301613 0.428718 0.31129 0.431806 0.297581 0.448276 0.28871 0.445188
10 0.312903 0.435924 0.322581 0.438497 0.308871 0.454967 0.3 0.451879
10 0.326613 0.439527 0.337097 0.443644 0.323387 0.45754 0.314516 0.454452
10 0.344355 0.443129 0.353226 0.446217 0.341129 0.461657 0.331452 0.458055
10 0.371774 0.448791 0.362097 0.445188 0.376613 0.429233 0.38629 0.432836
10 0.384677 0.454967 0.375 0.452393 0.387097 0.435924 0.397581 0.439012
10 0.360484 0.446217 0.370968 0.450335 0.354032 0.469892 0.343548 0.466289
10 0.372581 0.453937 0.383871 0.458055 0.370161 0.473495 0.358871 0.469892
10 0.400806 0.456511 0.392742 0.453423 0.407258 0.437468 0.416935 0.441071
10 0.390323 0.455481 0.4 0.458569 0.383065 0.476068 0.374194 0.472465
10 0.41371 0.464231 0.404839 0.460113 0.421774 0.441585 0.430645 0.445188
10 0.404839 0.461657 0.41371 0.464745 0.398387 0.4807 0.390323 0.476583
10 0.425806 0.471436 0.416935 0.466804 0.432258 0.451879 0.441129 0.455996
10 0.416935 0.468863 0.426613 0.471951 0.412097 0.489964 0.402419 0.486876
10 0.429032 0.475039 0.43871 0.478641 0.426613 0.493052 0.416129 0.489964
10 0.456452 0.481729 0.445968 0.477612 0.458871 0.462687 0.469355 0.466289
10 0.442742 0.480185 0.453226 0.483788 0.441935 0.498713 0.431452 0.495111
10 0.470161 0.486361 0.460484 0.482759 0.477419 0.464745 0.487903 0.468348
10 0.247581 0.485847 0.237903 0.481729 0.253226 0.46526 0.262097 0.468348
10 0.26129 0.490479 0.252419 0.487391 0.265323 0.472465 0.274194 0.475553
10 0.265323 0.576428 0.275 0.580031 0.259677 0.597015 0.25 0.593927
10 0.292742 0.583634 0.281452 0.580031 0.295968 0.564591 0.304839 0.568194
10 0.279032 0.583119 0.287903 0.586722 0.271774 0.60525 0.26129 0.601132
10 0.310484 0.669068 0.300806 0.665466 0.315323 0.648482 0.324194 0.652084
10 0.298387 0.668554 0.308065 0.672671 0.294355 0.687082 0.284677 0.684508
10 0.316129 0.671127 0.325806 0.675244 0.310484 0.690685 0.300806 0.686567
10 0.328226 0.678847 0.337097 0.682964 0.323387 0.69789 0.312903 0.694287
10 0.337903 0.678332 0.329032 0.675244 0.341129 0.656716 0.350806 0.65929
10 0.352419 0.683994 0.342742 0.68142 0.358871 0.661863 0.367742 0.664951
10 0.342742 0.682964 0.351613 0.686567 0.337097 0.702007 0.328226 0.698405
10 0.368548 0.688626 0.358871 0.685023 0.372581 0.667524 0.382258 0.670612
10 0.356452 0.687597 0.366129 0.691199 0.351613 0.707669 0.341129 0.704581
10 0.383065 0.693258 0.373387 0.689141 0.38871 0.672671 0.398387 0.675759
10 0.372581 0.693258 0.382258 0.696346 0.368548 0.714359 0.357258 0.711271
10 0.4 0.697375 0.389516 0.694287 0.402419 0.677818 0.41129 0.680906
10 0.382258 0.718477 0.371774 0.715389 0.387097 0.695831 0.396774 0.698405
10 0.418548 0.680906 0.427419 0.683994 0.414516 0.699949 0.405645 0.696346
10 0.430645 0.688626 0.440323 0.691714 0.428226 0.707669 0.416935 0.704066
10 0.442742 0.712815 0.433871 0.709213 0.445968 0.695317 0.454839 0.69789
10 0.46129 0.697375 0.470968 0.700463 0.456452 0.717447 0.446774 0.713845
10 0.433065 0.714359 0.441935 0.717447 0.428226 0.734431 0.418548 0.731858
10 0.450806 0.721565 0.46129 0.724653 0.448387 0.740607 0.43871 0.737005
10 0.253226 0.732373 0.243548 0.729285 0.257258 0.71333 0.266935 0.716418
10 0.270161 0.734431 0.26129 0.730829 0.274194 0.715903 0.283065 0.719506
10 0.284677 0.738549 0.276613 0.734946 0.289516 0.720535 0.297581 0.723109
10 0.300806 0.74421 0.291935 0.740607 0.304032 0.726197 0.31371 0.729285
10 0.275 0.738034 0.284677 0.741637 0.268548 0.758106 0.258871 0.754503
10 0.285484 0.764282 0.275 0.760679 0.28871 0.743181 0.3 0.747298
10 0.31371 0.750386 0.304839 0.746269 0.318548 0.731343 0.328226 0.735975
10 0.298387 0.76737 0.289516 0.763767 0.301613 0.748842 0.312097 0.75193
10 0.334677 0.734431 0.343548 0.738034 0.329032 0.755018 0.318548 0.750901
10 0.326613 0.672671 0.316129 0.670098 0.326613 0.652084 0.337903 0.654658
10 0.3 0.643335 0.312097 0.646938 0.297581 0.661863 0.287097 0.658775
10 0.305645 0.589295 0.295968 0.585692 0.310484 0.569738 0.320968 0.572826
10 0.269355 0.656716 0.279032 0.660319 0.265323 0.675244 0.256452 0.672156
10 0.293548 0.586207 0.303226 0.590324 0.287097 0.606794 0.277419 0.603191
10 0.321774 0.592898 0.312097 0.589295 0.326613 0.57334 0.335484 0.577458
10 0.310484 0.58878 0.320161 0.592383 0.306452 0.608852 0.296774 0.605764
10 0.318548 0.617087 0.308065 0.613484 0.324194 0.595986 0.334677 0.600103
10 0.339516 0.602162 0.349194 0.605764 0.333871 0.622234 0.323387 0.618631
10 0.333871 0.598559 0.324194 0.594956 0.341129 0.576428 0.350806 0.580546
10 0.352419 0.603191 0.341129 0.599588 0.355645 0.582604 0.366935 0.586207
10 0.365323 0.607308 0.354839 0.603706 0.370161 0.586207 0.381452 0.590324
10 0.355645 0.608338 0.364516 0.611426 0.351613 0.626866 0.341935 0.623778
10 0.38629 0.590839 0.395968 0.594442 0.379839 0.611426 0.368548 0.608338
10 0.369355 0.610911 0.379032 0.614514 0.365323 0.630983 0.355645 0.626866
10 0.391935 0.617602 0.382258 0.613999 0.395968 0.599588 0.404839 0.603191
10 0.380645 0.616572 0.390323 0.62069 0.377419 0.63613 0.367742 0.633042
10 0.408065 0.622748 0.396774 0.618631 0.409677 0.603706 0.420968 0.607823
10 0.395968 0.621204 0.404839 0.625322 0.390323 0.642306 0.379839 0.638703
10 0.404032 0.647967 0.393548 0.644364 0.405645 0.629439 0.416129 0.633042
10 0.425 0.630983 0.433871 0.634586 0.419355 0.652084 0.408871 0.648482
10 0.419355 0.630468 0.408871 0.62738 0.421774 0.611426 0.431452 0.614514
10 0.437097 0.634071 0.426613 0.630468 0.43871 0.613484 0.449194 0.617087
10 0.304032 0.62738 0.297581 0.634071 0.267742 0.624807 0.275 0.617602
10 0.451613 0.63613 0.441935 0.633042 0.454839 0.616058 0.465323 0.620175
10 0.43871 0.6351 0.450806 0.638703 0.435484 0.655687 0.424194 0.652084
10 0.453226 0.640762 0.46371 0.644364 0.45 0.661348 0.43871 0.657231
10 0.253226 0.648482 0.244355 0.645394 0.258065 0.629439 0.265323 0.632527
10 0.266935 0.652084 0.258871 0.648996 0.272581 0.633556 0.281452 0.636644
10 0.255645 0.652084 0.26371 0.655172 0.25 0.670612 0.241129 0.667524
10 0.287903 0.638188 0.297581 0.641276 0.283065 0.658775 0.272581 0.655172
10 0.454032 0.402985 0.465323 0.407102 0.450806 0.423057 0.439516 0.41894
10 0.425 0.39475 0.434677 0.398868 0.420161 0.413793 0.409677 0.410705
10 0.7 0.488935 0.709677 0.493052 0.694355 0.510036 0.683871 0.505919
10 0.152419 0.638188 0.141935 0.634586 0.154839 0.618631 0.166129 0.621719
10 0.179032 0.564076 0.168548 0.560473 0.183871 0.544004 0.192742 0.547607
10 0.206452 0.55018 0.197581 0.546577 0.21129 0.529593 0.220968 0.533196
10 0.195968 0.549151 0.204839 0.553268 0.190323 0.568194 0.181452 0.565106
10 0.219355 0.555841 0.21129 0.551724 0.227419 0.535769 0.23629 0.539887
10 0.210484 0.554812 0.219355 0.557385 0.206452 0.572311 0.196774 0.569223
10 0.234677 0.562532 0.225 0.558415 0.237903 0.544004 0.247581 0.546577
10 0.225 0.559959 0.233871 0.563562 0.220161 0.578487 0.210484 0.575399
10 0.232258 0.585178 0.223387 0.58209 0.23629 0.56665 0.245161 0.570767
10 0.0403226 0.569223 0.0314516 0.566135 0.0451613 0.55018 0.0540323 0.553268
10 0.109677 0.59753 0.1 0.594442 0.112097 0.577972 0.121774 0.580031
10 0.0927419 0.617087 0.0830645 0.613484 0.0959677 0.597015 0.105645 0.600618
10 0.154839 0.611426 0.145161 0.606794 0.162903 0.590839 0.170968 0.594956
10 0.133871 0.610911 0.125806 0.607308 0.141129 0.591354 0.15 0.594442
10 0.187097 0.625322 0.195968 0.628924 0.180645 0.645908 0.171774 0.642306
10 0.441935 0.375193 0.451613 0.37931 0.435484 0.39578 0.425 0.392177
10 0.212097 0.654658 0.202419 0.652084 0.214516 0.635615 0.225 0.638703
10 0.210484 0.633042 0.201613 0.630468 0.212903 0.615028 0.222581 0.617602
10 0.225 0.637159 0.216129 0.634071 0.229839 0.617087 0.240323 0.61966
10 0.239516 0.64282 0.229839 0.639732 0.241129 0.625322 0.251613 0.62841
10 0.228226 0.642306 0.23871 0.644879 0.225806 0.662378 0.214516 0.65929
10 0.0387097 0.708183 0.05 0.712815 0.033871 0.72877 0.0233871 0.724653
10 0.191935 0.685023 0.2 0.688111 0.185484 0.704066 0.175806 0.700463
10 0.215323 0.713845 0.204839 0.710242 0.219355 0.691714 0.230645 0.695831
10 0.201613 0.712301 0.212097 0.716418 0.197581 0.732373 0.187097 0.72877
10 0.232258 0.700978 0.242742 0.703551 0.231452 0.720021 0.220161 0.716418
10 0.230645 0.724138 0.240323 0.727226 0.227419 0.742151 0.217742 0.739063
10 0.245968 0.706125 0.254839 0.709213 0.242742 0.725682 0.231452 0.722079
10 0.0516129 0.737005 0.0612903 0.740607 0.0443548 0.756047 0.0346774 0.752445
10 0.167742 0.539887 0.177419 0.544519 0.16129 0.560988 0.150806 0.556871
10 0.192742 0.545548 0.183871 0.541945 0.197581 0.527535 0.206452 0.530623
10 0.016129 0.528049 0.0241935 0.521359 0.0483871 0.530623 0.0419355 0.536284
10 0.178226 0.542975 0.167742 0.538343 0.184677 0.521359 0.195161 0.525991
10 0.212903 0.396294 0.203226 0.393206 0.219355 0.375708 0.228226 0.378796
10 0.202419 0.395265 0.21129 0.399382 0.195968 0.415337 0.185484 0.41122
10 0.214516 0.400926 0.224194 0.405044 0.21129 0.41894 0.2 0.415337
10 0.229839 0.406073 0.237097 0.409161 0.223387 0.424601 0.214516 0.420998
10 0.244355 0.409161 0.254032 0.412249 0.242742 0.426145 0.233871 0.423057
10 0.0354839 0.462687 0.0419355 0.457025 0.0620968 0.464745 0.0564516 0.469892
10 0.120161 0.440556 0.129032 0.444159 0.115323 0.460628 0.106452 0.457025
10 0.134677 0.446217 0.145161 0.450849 0.130645 0.466804 0.120161 0.462687
10 0.158065 0.455996 0.149194 0.452393 0.16371 0.436438 0.172581 0.440041
10 0.146774 0.453937 0.156452 0.45754 0.142742 0.472465 0.134677 0.469377
10 0.173387 0.461143 0.16371 0.457025 0.179032 0.439527 0.187903 0.443129
10 0.16129 0.459599 0.170968 0.462687 0.159677 0.479156 0.149194 0.476583
10 0.171774 0.485847 0.162903 0.482759 0.177419 0.46526 0.187097 0.468863
10 0.187903 0.465775 0.178226 0.462172 0.192742 0.445703 0.201613 0.448791
10 0.201613 0.470407 0.192742 0.467319 0.208065 0.450849 0.216935 0.454452
10 0.191935 0.471436 0.2 0.474524 0.185484 0.490479 0.175806 0.487391
10 0.216129 0.477097 0.206452 0.473495 0.218548 0.459599 0.227419 0.463201
10 0.23629 0.460628 0.245161 0.464231 0.231452 0.480185 0.220161 0.476583
10 0.205645 0.474524 0.215323 0.478127 0.202419 0.494081 0.192742 0.490479
10 0.219355 0.4807 0.229839 0.483788 0.218548 0.501287 0.207258 0.498713
10 0.23629 0.484303 0.245968 0.487391 0.232258 0.504375 0.222581 0.500772
10 0.0790323 0.506948 0.0685484 0.503345 0.0846774 0.486876 0.0935484 0.490479
10 0.066129 0.504375 0.0758065 0.507977 0.0629032 0.523417 0.0540323 0.520329
10 0.106452 0.516212 0.0959677 0.512609 0.11129 0.494596 0.121774 0.499228
10 0.120161 0.521359 0.110484 0.518271 0.127419 0.499228 0.137903 0.502831
10 0.151613 0.531137 0.141935 0.528049 0.156452 0.510036 0.165323 0.513124
10 0.164516 0.537313 0.153226 0.533711 0.166935 0.518271 0.176613 0.522388
10 0.0774194 0.747813 0.0887097 0.751415 0.075 0.76737 0.0637097 0.764282
10 0.0895161 0.756047 0.100806 0.75965 0.0879032 0.776119 0.0758065 0.773031
10 0.119355 0.742151 0.129032 0.745239 0.116935 0.760679 0.107258 0.758106
10 0.195161 0.866701 0.185484 0.863098 0.200806 0.84457 0.210484 0.848173
10 0.194355 0.889346 0.184677 0.885229 0.197581 0.870818 0.206452 0.873906
10 0.225806 0.875965 0.214516 0.873392 0.228226 0.856408 0.237903 0.86001
10 0.214516 0.873906 0.224194 0.878024 0.207258 0.895008 0.198387 0.89089
10 0.237903 0.882141 0.228226 0.878538 0.240323 0.863098 0.251613 0.867216
10 0.235484 0.907874 0.225 0.904272 0.241935 0.885229 0.251613 0.889346
10 0.033871 0.899125 0.0233871 0.896037 0.0370968 0.878024 0.0467742 0.880597
10 0.0483871 0.902213 0.0395161 0.899125 0.0516129 0.88317 0.0596774 0.885229
10 0.0620968 0.90736 0.0524194 0.904272 0.0653226 0.888832 0.075 0.89192
10 0.0814516 0.891405 0.0927419 0.895522 0.075 0.911992 0.0645161 0.90736
10 0.0959677 0.896552 0.104839 0.89964 0.0927419 0.916624 0.0822581 0.913536
10 0.106452 0.922285 0.0975806 0.919197 0.108871 0.903757 0.117742 0.90736
10 0.126613 0.908389 0.134677 0.911477 0.120161 0.926917 0.11129 0.923314
10 0.13629 0.91508 0.145968 0.918168 0.131452 0.934637 0.121774 0.93052
10 0.15 0.921256 0.159677 0.924858 0.145968 0.939269 0.137097 0.936181
10 0.164516 0.926917 0.175 0.93052 0.162903 0.946475 0.150806 0.942872
10 0.400806 0.219763 0.390323 0.215646 0.405645 0.199691 0.415323 0.203294
10 0.304839 0.288729 0.293548 0.285126 0.307258 0.269171 0.317742 0.272774
10 0.327419 0.296963 0.316129 0.29439 0.328226 0.277921 0.33871 0.281009
10 0.380645 0.272774 0.390323 0.275862 0.375806 0.291817 0.366935 0.288729
10 0.433871 0.310859 0.425806 0.307771 0.43871 0.291817 0.447581 0.294905
10 0.462903 0.323726 0.451613 0.320124 0.46371 0.303654 0.474194 0.307257
10 0.418548 0.331446 0.408065 0.327329 0.422581 0.309315 0.433065 0.312403
10 0.291935 0.366444 0.282258 0.362841 0.298387 0.344313 0.308065 0.347916
10 0.320161 0.375708 0.312097 0.372105 0.327419 0.355636 0.33629 0.359238
10 0.362903 0.37159 0.353226 0.367988 0.370161 0.34843 0.379839 0.352548
10 0.380645 0.378796 0.391129 0.381369 0.379032 0.398868 0.368548 0.396294
10 0.396774 0.383428 0.406452 0.386516 0.392742 0.40247 0.383871 0.399382
10 0.208871 0.872877 0.198387 0.86876 0.21371 0.850746 0.223387 0.854864
10 0.179839 0.885229 0.170968 0.881112 0.183871 0.866186 0.193548 0.870304
10 0.118548 0.78281 0.109677 0.779207 0.121774 0.764282 0.132258 0.76737
10 0.162903 0.880597 0.154839 0.87648 0.165323 0.862584 0.175 0.865157
10 0.153226 0.750386 0.162903 0.753989 0.149194 0.770458 0.13871 0.76737
10 0.137097 0.768914 0.146774 0.773031 0.132258 0.787957 0.120968 0.783839
10 0.150806 0.774575 0.16129 0.777663 0.147581 0.793618 0.137097 0.79053
10 0.165323 0.779207 0.174194 0.78281 0.159677 0.797735 0.15 0.794133
10 0.190323 0.785383 0.180645 0.781266 0.196774 0.762738 0.206452 0.766341
10 0.204839 0.792074 0.195161 0.788471 0.208871 0.769429 0.220161 0.773031
10 0.193548 0.787957 0.203226 0.792589 0.187097 0.809058 0.176613 0.805455
10 0.207258 0.793103 0.215323 0.797221 0.200806 0.811631 0.192742 0.808029
10 0.216935 0.818837 0.206452 0.815234 0.220161 0.796706 0.230645 0.800309
10 0.23629 0.801853 0.245968 0.80597 0.230645 0.823984 0.220968 0.819866
10 0.0258065 0.807514 0.0362903 0.812146 0.0217742 0.827586 0.0112903 0.824498
10 0.0395161 0.833248 0.0290323 0.829645 0.0427419 0.812146 0.0524194 0.815234
10 0.0564516 0.818837 0.066129 0.82244 0.0516129 0.83788 0.0427419 0.834792
10 0.0733871 0.799279 0.0822581 0.802882 0.066129 0.819866 0.0572581 0.816264
10 0.0846774 0.80597 0.0943548 0.809573 0.0814516 0.823984 0.0701613 0.819866
10 0.0935484 0.82913 0.083871 0.825528 0.0991935 0.808543 0.108065 0.812146
10 0.0814516 0.82913 0.091129 0.831704 0.0766129 0.849202 0.0677419 0.846629
10 0.108871 0.833762 0.1 0.830674 0.114516 0.81472 0.123387 0.817808
10 0.125 0.840968 0.11371 0.83685 0.125806 0.82244 0.13629 0.826557
10 0.0975806 0.834792 0.108065 0.838394 0.0943548 0.854349 0.0830645 0.850746
10 0.112097 0.838394 0.122581 0.841997 0.108871 0.857437 0.0983871 0.853834
10 0.121774 0.864128 0.112097 0.86104 0.124194 0.845085 0.135484 0.848688
10 0.142742 0.827586 0.151613 0.831189 0.137097 0.847144 0.126613 0.844056
10 0.13629 0.870304 0.125806 0.866701 0.139516 0.850746 0.150806 0.853834
10 0.150806 0.874421 0.140323 0.870818 0.151613 0.855893 0.16371 0.859496
10 0.166935 0.856922 0.157258 0.85332 0.170161 0.838394 0.179032 0.841997
10 0.179032 0.864128 0.168548 0.860525 0.182258 0.842512 0.193548 0.846114
10 0.341129 0.761709 0.331452 0.757077 0.345161 0.742666 0.355645 0.746783
10 0.358065 0.764282 0.348387 0.760165 0.362903 0.74421 0.372581 0.747813
10 0.347581 0.761709 0.357258 0.765311 0.341129 0.78281 0.331452 0.779207
10 0.337097 0.839938 0.345161 0.843541 0.333065 0.858981 0.323387 0.856408
10 0.259677 0.811631 0.251613 0.808029 0.266129 0.792589 0.275806 0.796191
10 0.275806 0.816264 0.266129 0.812661 0.279839 0.796191 0.28871 0.799794
10 0.250806 0.809573 0.259677 0.813176 0.245968 0.828101 0.237097 0.824498
10 0.264516 0.815749 0.275 0.819352 0.26129 0.835306 0.250806 0.831704
10 0.289516 0.82244 0.279839 0.818322 0.294355 0.800309 0.304032 0.802882
10 0.279032 0.819866 0.289516 0.823469 0.276613 0.839938 0.266129 0.836336
10 0.304032 0.826557 0.295968 0.822954 0.312097 0.806999 0.320161 0.810602
10 0.287903 0.846629 0.278226 0.843026 0.293548 0.826557 0.302419 0.83016
10 0.316935 0.832218 0.308065 0.828101 0.323387 0.812661 0.332258 0.816778
10 0.307258 0.831189 0.316935 0.834792 0.303226 0.850232 0.293548 0.846629
10 0.333871 0.837365 0.324194 0.833248 0.339516 0.816778 0.348387 0.820896
10 0.320968 0.835821 0.332258 0.839424 0.320161 0.857437 0.308065 0.854349
10 0.347581 0.841997 0.33871 0.83788 0.352419 0.821925 0.36129 0.825528
10 0.362097 0.8456 0.353226 0.842512 0.366129 0.826042 0.375 0.82913
10 0.371774 0.770973 0.362903 0.767885 0.374194 0.752959 0.383871 0.756562
10 0.346774 0.864642 0.337097 0.86104 0.35 0.8456 0.360484 0.849202
10 0.378226 0.851776 0.367742 0.847658 0.381452 0.830674 0.391935 0.834792
10 0.366129 0.850746 0.376613 0.854864 0.362903 0.870304 0.352419 0.866701
10 0.393548 0.856922 0.383065 0.853834 0.396774 0.835306 0.406452 0.838909
10 0.414516 0.838909 0.423387 0.842512 0.409677 0.858466 0.400806 0.855378
10 0.384677 0.878024 0.375 0.874936 0.38871 0.858466 0.396774 0.861554
10 0.254839 0.887802 0.242742 0.883685 0.258065 0.868245 0.267742 0.871848
10 0.268548 0.895008 0.257258 0.892949 0.267742 0.873906 0.278226 0.87648
10 0.292742 0.905301 0.283871 0.901698 0.297581 0.886258 0.306452 0.890376
10 0.310484 0.909418 0.301613 0.90633 0.31371 0.89192 0.322581 0.895008
10 0.221774 0.902213 0.21129 0.898096 0.225806 0.882656 0.235484 0.886258
10 0.43871 0.871848 0.447581 0.87648 0.429032 0.89089 0.419355 0.886773
10 0.828226 0.0360268 0.822581 0.0432321 0.798387 0.0344828 0.804839 0.0272774
10 0.249194 0.804941 0.239516 0.801853 0.251613 0.785898 0.26129 0.788471
10 0.439516 0.820896 0.430645 0.817293 0.446774 0.800309 0.456452 0.803911
10 0.433065 0.792074 0.441935 0.795162 0.427419 0.81369 0.417742 0.810602
10 0.416935 0.788471 0.426613 0.791559 0.41371 0.808543 0.403226 0.80597
10 0.56371 0.600103 0.574194 0.604735 0.558871 0.62069 0.548387 0.616058
10 0.58871 0.607823 0.579839 0.604735 0.592742 0.588266 0.602419 0.591354
10 0.610484 0.590839 0.619355 0.594442 0.604839 0.610911 0.595161 0.607308
10 0.578226 0.606794 0.587903 0.610396 0.574194 0.626351 0.56371 0.623263
10 0.593548 0.611426 0.603226 0.615028 0.590323 0.630468 0.579839 0.62738
10 0.470161 0.621204 0.479839 0.624807 0.465323 0.641276 0.455645 0.638188
10 0.485484 0.626351 0.494355 0.629439 0.480645 0.646423 0.470161 0.642306
10 0.462903 0.664436 0.454032 0.661348 0.468548 0.644364 0.477419 0.647967
10 0.499194 0.631498 0.508065 0.6351 0.495161 0.650026 0.485484 0.646938
10 0.482258 0.649511 0.492742 0.653114 0.477419 0.670098 0.467742 0.666495
10 0.493548 0.67473 0.483871 0.671127 0.497581 0.655687 0.506452 0.658775
10 0.507258 0.657231 0.498387 0.652599 0.51371 0.637674 0.523387 0.641791
10 0.529032 0.641791 0.53871 0.645394 0.524194 0.661863 0.514516 0.65826
10 0.51129 0.660834 0.520161 0.663922 0.507258 0.680391 0.498387 0.677303
10 0.537097 0.668554 0.526613 0.664436 0.539516 0.65054 0.549194 0.654143
10 0.554032 0.670612 0.545968 0.66701 0.559677 0.653114 0.567742 0.656716
10 0.520161 0.687082 0.510484 0.68245 0.525806 0.666495 0.535484 0.671127
10 0.539516 0.670612 0.553226 0.674215 0.53629 0.694802 0.524194 0.691199
9 0.594355 0.695831 0.609677 0.699949 0.584677 0.737519 0.568548 0.733402
10 0.475 0.703037 0.484677 0.706639 0.470161 0.724138 0.46129 0.721565
10 0.485484 0.729799 0.476613 0.725682 0.489516 0.709727 0.498387 0.712301
10 0.504032 0.714359 0.512903 0.717447 0.499194 0.734431 0.490323 0.731343
10 0.489516 0.734431 0.499194 0.738549 0.484677 0.756047 0.473387 0.752445
9 0.541935 0.803911 0.528226 0.798765 0.556452 0.761709 0.570968 0.766341
10 0.471774 0.806999 0.462903 0.803397 0.479032 0.784869 0.487903 0.787957
10 0.38871 0.778693 0.398387 0.782295 0.383871 0.799794 0.374194 0.796706
10 0.404839 0.78281 0.41371 0.786927 0.397581 0.803397 0.38871 0.799794
10 0.719355 0.0952136 0.708065 0.0910962 0.723387 0.0751415 0.733871 0.0782295
10 0.75 0.10911 0.759677 0.113227 0.745161 0.128667 0.735484 0.125579
10 0.78871 0.143078 0.779032 0.13999 0.792742 0.123006 0.801613 0.126094
10 0.716129 0.33299 0.706452 0.330417 0.719355 0.313433 0.729839 0.317036
10 0.735484 0.316521 0.743548 0.319609 0.731452 0.335049 0.721774 0.331961
10 0.717742 0.336593 0.727419 0.340196 0.712903 0.356665 0.703226 0.353577
10 0.731452 0.342254 0.740323 0.345857 0.727419 0.360782 0.717742 0.357694
10 0.743548 0.366958 0.734677 0.362841 0.751613 0.346886 0.760484 0.351004
10 0.767742 0.32527 0.775806 0.327329 0.76371 0.344828 0.754839 0.342254
10 0.782258 0.330417 0.790323 0.33402 0.778226 0.347401 0.769355 0.344313
10 0.790323 0.355121 0.781452 0.352548 0.795161 0.336078 0.804032 0.339166
10 0.840323 0.337622 0.828226 0.337108 0.828226 0.31858 0.839516 0.31858
10 0.767742 0.354092 0.775 0.358209 0.760484 0.371076 0.752419 0.367473
10 0.792742 0.360782 0.800806 0.36387 0.785484 0.380854 0.775806 0.377766
10 0.677419 0.398353 0.667742 0.39475 0.681452 0.378281 0.690323 0.381369
10 0.691935 0.404529 0.682258 0.401441 0.694355 0.386516 0.702419 0.389604
10 0.679839 0.40247 0.689516 0.406073 0.675806 0.423057 0.665323 0.419969
10 0.704839 0.409161 0.694355 0.405558 0.71129 0.387545 0.720161 0.391662
10 0.692742 0.407102 0.704032 0.410705 0.690323 0.427174 0.679839 0.424601
10 0.725 0.394236 0.733065 0.397838 0.718548 0.413793 0.709677 0.41019
10 0.739516 0.415337 0.729839 0.412764 0.743548 0.394236 0.752419 0.397324
10 0.708065 0.412764 0.717742 0.414822 0.706452 0.432321 0.695161 0.430262
10 0.721774 0.418425 0.730645 0.422028 0.716129 0.439012 0.706452 0.436438
10 0.749194 0.424601 0.740323 0.420998 0.754032 0.405044 0.762097 0.407617
10 0.73629 0.423572 0.745968 0.42666 0.731452 0.441585 0.723387 0.439012
10 0.766129 0.409676 0.775 0.412764 0.762903 0.429233 0.752419 0.42666
10 0.746774 0.448791 0.737097 0.446217 0.749194 0.429233 0.759677 0.431292
10 0.682258 0.479671 0.673387 0.475553 0.687097 0.461657 0.694355 0.46526
10 0.697581 0.484817 0.68871 0.481215 0.701613 0.465775 0.710484 0.468348
10 0.679839 0.50386 0.670968 0.500772 0.685484 0.484303 0.693548 0.487905
10 0.712903 0.489964 0.703226 0.485847 0.718548 0.469892 0.728226 0.474009
10 0.704032 0.331446 0.71371 0.334534 0.700806 0.349974 0.691129 0.346886
10 0.689516 0.325785 0.699194 0.330417 0.685484 0.345342 0.675806 0.342769
10 0.842742 0.145136 0.854839 0.145651 0.854032 0.163664 0.841935 0.163664
10 0.701613 0.327329 0.691935 0.323212 0.708065 0.306227 0.717742 0.310345
10 0.766935 0.189398 0.756452 0.18631 0.770968 0.168811 0.779839 0.172414
10 0.785484 0.198147 0.775 0.195059 0.78871 0.17859 0.798387 0.182192
10 0.724194 0.178075 0.734677 0.181163 0.720161 0.198662 0.709677 0.195059
10 0.734677 0.202779 0.725 0.199177 0.740323 0.182707 0.749194 0.18631
10 0.749194 0.207926 0.739516 0.204323 0.752419 0.187854 0.762097 0.190427
10 0.764516 0.193515 0.775 0.196603 0.76129 0.214102 0.750806 0.211014
10 0.779839 0.200721 0.789516 0.204323 0.776613 0.219763 0.767742 0.21719
10 0.845161 0.216675 0.856452 0.21719 0.856452 0.235718 0.845161 0.235203
10 0.682258 0.241894 0.673387 0.238291 0.68871 0.221307 0.697581 0.224395
10 0.710484 0.251673 0.701613 0.248585 0.715323 0.233145 0.723387 0.236233
10 0.812097 0.253217 0.804032 0.257334 0.784677 0.245497 0.794355 0.24035
10 0.729839 0.238291 0.73871 0.242409 0.723387 0.258363 0.714516 0.254761
10 0.681452 0.26351 0.671774 0.259393 0.68871 0.241894 0.696774 0.244982
10 0.699194 0.251158 0.708871 0.255275 0.693548 0.272774 0.683065 0.268142
10 0.712097 0.256819 0.721774 0.260937 0.709677 0.276377 0.699194 0.272774
10 0.73871 0.262481 0.729839 0.258878 0.745968 0.241894 0.755645 0.246011
10 0.727419 0.261451 0.73629 0.264539 0.723387 0.279979 0.71371 0.277921
10 0.758065 0.249099 0.766935 0.253217 0.752419 0.267627 0.743548 0.264025
10 0.741935 0.266083 0.750806 0.269686 0.735484 0.286155 0.726613 0.283067
10 0.769355 0.273289 0.759677 0.269686 0.773387 0.253217 0.783065 0.256305
10 0.784677 0.279465 0.775806 0.275862 0.78871 0.260937 0.798387 0.264539
10 0.767742 0.277921 0.778226 0.279979 0.769355 0.297993 0.757258 0.295934
10 0.78629 0.298507 0.775806 0.295934 0.784677 0.279465 0.795161 0.282553
10 0.799194 0.286155 0.808065 0.288214 0.801613 0.304683 0.790323 0.303654
10 0.674194 0.31755 0.665323 0.314462 0.675806 0.299022 0.683871 0.301081
10 0.687903 0.322697 0.678226 0.319609 0.692742 0.303654 0.701613 0.307257
10 0.676613 0.322182 0.684677 0.32527 0.670968 0.341225 0.662097 0.337622
10 0.576613 0.585692 0.585484 0.58981 0.574194 0.602676 0.564516 0.599074
10 0.549194 0.593927 0.558871 0.59753 0.545968 0.612455 0.53629 0.609367
10 0.564516 0.576943 0.575 0.580031 0.562097 0.595986 0.551613 0.592898
10 0.65 0.30983 0.658871 0.313433 0.644355 0.329388 0.634677 0.325785
10 0.478226 0.325785 0.466935 0.322182 0.482258 0.303654 0.493548 0.307771
10 0.507258 0.31858 0.516935 0.321153 0.504032 0.337622 0.493548 0.335564
10 0.520968 0.324241 0.529839 0.327844 0.516129 0.343798 0.507258 0.34174
10 0.533065 0.34843 0.521774 0.346372 0.533065 0.329388 0.544355 0.332476
10 0.549194 0.354092 0.539516 0.351518 0.550806 0.333505 0.56129 0.335564
10 0.56129 0.358724 0.551613 0.355121 0.566935 0.338652 0.576613 0.342254
10 0.575 0.363356 0.565323 0.359238 0.578226 0.344313 0.587903 0.34843
10 0.492742 0.337108 0.503226 0.341225 0.487903 0.356665 0.478226 0.353577
10 0.505645 0.343284 0.516129 0.346886 0.501613 0.36387 0.491935 0.360268
10 0.517742 0.365929 0.508065 0.363356 0.519355 0.347916 0.529032 0.350489
10 0.550806 0.357694 0.559677 0.360782 0.544355 0.377252 0.535484 0.374164
10 0.562097 0.380854 0.551613 0.377766 0.564516 0.361297 0.574194 0.364385
10 0.590323 0.368502 0.580645 0.365414 0.595161 0.346886 0.604839 0.350489
10 0.575806 0.386516 0.566129 0.383428 0.576613 0.367473 0.587097 0.370561
10 0.605645 0.374678 0.595968 0.371076 0.610484 0.355636 0.620161 0.359238
10 0.593548 0.372105 0.602419 0.375708 0.587097 0.391148 0.579032 0.38806
10 0.607258 0.378281 0.617742 0.381884 0.606452 0.397838 0.595161 0.39475
10 0.620968 0.37931 0.61129 0.375708 0.622581 0.361297 0.632258 0.36387
10 0.633871 0.385486 0.625 0.381884 0.637097 0.366958 0.645161 0.370046
10 0.649194 0.389089 0.63871 0.385486 0.652419 0.369017 0.662903 0.372105
10 0.66371 0.39475 0.653226 0.391148 0.664516 0.375708 0.675 0.37931
10 0.625 0.382913 0.633065 0.386516 0.619355 0.402985 0.610484 0.399897
10 0.637097 0.38703 0.647581 0.390118 0.635484 0.405044 0.624194 0.40247
10 0.651613 0.392177 0.66129 0.39578 0.647581 0.41019 0.637903 0.407102
10 0.665323 0.396809 0.675 0.399897 0.662097 0.415337 0.651613 0.412249
10 0.479032 0.409676 0.469355 0.406073 0.483065 0.389089 0.491935 0.392692
10 0.495968 0.412764 0.48629 0.409676 0.5 0.393206 0.508871 0.396809
10 0.664516 0.314977 0.672581 0.319094 0.658065 0.333505 0.65 0.330417
10 0.633871 0.306227 0.643548 0.310345 0.629839 0.3263 0.619355 0.322697
10 0.493548 0.438497 0.483065 0.43438 0.498387 0.416881 0.508065 0.420484
10 0.616129 0.302625 0.626613 0.306742 0.612903 0.321668 0.603226 0.319094
10 0.390323 0.755018 0.400806 0.758621 0.38629 0.774575 0.375806 0.771487
10 0.375806 0.774575 0.384677 0.779207 0.370161 0.794647 0.359677 0.790015
10 0.401613 0.779722 0.391129 0.776119 0.404032 0.760679 0.415323 0.764797
10 0.437097 0.791559 0.425806 0.787442 0.437903 0.772517 0.45 0.776119
10 0.566935 0.223881 0.558065 0.220278 0.572581 0.203294 0.582258 0.206897
10 0.61129 0.216675 0.601613 0.213073 0.61371 0.197118 0.624194 0.200721
10 0.633065 0.199691 0.642742 0.203809 0.628226 0.219763 0.617742 0.216161
10 0.594355 0.237262 0.584677 0.233659 0.597581 0.218219 0.606452 0.221822
10 0.623387 0.246011 0.614516 0.242409 0.628226 0.226454 0.637903 0.230571
10 0.63629 0.251158 0.625806 0.247555 0.640323 0.230571 0.650806 0.234689
10 0.658065 0.233145 0.667742 0.237777 0.654839 0.253731 0.644355 0.250129
10 0.53629 0.245497 0.545968 0.248585 0.532258 0.265569 0.521774 0.261966
10 0.517742 0.264025 0.527419 0.268657 0.51371 0.283067 0.502419 0.279465
10 0.550806 0.251158 0.56129 0.255275 0.546774 0.27123 0.53629 0.268142
10 0.533871 0.269171 0.542742 0.272774 0.527419 0.288729 0.518548 0.285126
10 0.562903 0.259907 0.571774 0.26351 0.556452 0.278435 0.548387 0.274318
10 0.544355 0.277921 0.553226 0.281523 0.537903 0.296963 0.529032 0.293875
10 0.570968 0.285126 0.56129 0.281523 0.575806 0.262995 0.587097 0.266598
10 0.560484 0.282038 0.570161 0.286155 0.554032 0.30211 0.543548 0.298507
10 0.575806 0.285641 0.58629 0.290273 0.570968 0.305713 0.560484 0.30211
10 0.591129 0.292331 0.600806 0.295934 0.583871 0.312403 0.575 0.308286
10 0.607258 0.272774 0.616935 0.276377 0.602419 0.293875 0.591935 0.290273
10 0.617742 0.296963 0.608065 0.292846 0.622581 0.276377 0.632258 0.280494
10 0.634677 0.283582 0.643548 0.287185 0.630645 0.30211 0.621774 0.299537
10 0.644355 0.308286 0.633871 0.305198 0.645968 0.287185 0.658871 0.290787
10 0.66371 0.291817 0.674194 0.295934 0.659677 0.311374 0.649194 0.307771
10 0.603226 0.296963 0.61371 0.301595 0.599194 0.316521 0.58871 0.313433
10 0.484677 0.412249 0.494355 0.415852 0.480645 0.430777 0.470968 0.428204
10 0.524194 0.425116 0.51371 0.420998 0.526613 0.405558 0.537097 0.409161
10 0.547581 0.590839 0.537903 0.587751 0.551613 0.571796 0.56129 0.575399
10 0.515323 0.504375 0.525806 0.507463 0.51371 0.523417 0.504032 0.521873
10 0.532258 0.508492 0.541935 0.512609 0.528226 0.527535 0.518548 0.524447
10 0.562097 0.495111 0.571774 0.498713 0.555645 0.516727 0.545161 0.513124
10 0.545161 0.514668 0.555645 0.517756 0.542742 0.53474 0.531452 0.531652
10 0.571774 0.522903 0.560484 0.518785 0.574194 0.503345 0.584677 0.506948
10 0.554839 0.538343 0.545968 0.53474 0.559677 0.5193 0.569355 0.522903
10 0.569355 0.545033 0.559677 0.541431 0.574194 0.522903 0.583065 0.525991
10 0.587097 0.526505 0.576613 0.523417 0.591129 0.506433 0.600806 0.510036
10 0.604032 0.528564 0.593548 0.525476 0.605645 0.508492 0.616129 0.512609
10 0.590323 0.530623 0.6 0.534225 0.587903 0.55018 0.576613 0.547092
10 0.61371 0.536284 0.605645 0.533196 0.617742 0.517241 0.626613 0.520329
10 0.631452 0.540401 0.620161 0.536799 0.634677 0.518785 0.645161 0.522388
10 0.645968 0.543489 0.637097 0.540401 0.649194 0.523417 0.658065 0.52702
10 0.660484 0.549665 0.650806 0.546577 0.66371 0.531137 0.672581 0.534225
10 0.619355 0.543489 0.630645 0.546577 0.618548 0.563562 0.607258 0.560473
10 0.645161 0.550695 0.655645 0.554297 0.642742 0.570767 0.631452 0.567164
10 0.459677 0.560988 0.450806 0.557385 0.465323 0.540916 0.474194 0.544519
10 0.46371 0.564591 0.473387 0.568708 0.458065 0.585178 0.449194 0.58106
10 0.473387 0.567164 0.464516 0.563562 0.482258 0.546063 0.490323 0.55018
10 0.48871 0.572311 0.479032 0.569223 0.495161 0.552239 0.504032 0.555327
10 0.508871 0.555327 0.517742 0.558415 0.504839 0.573855 0.495968 0.570767
10 0.473387 0.590839 0.462903 0.588266 0.476613 0.570252 0.487097 0.57437
10 0.492742 0.574884 0.501613 0.578487 0.48871 0.592898 0.480645 0.589295
10 0.519355 0.579516 0.509677 0.575914 0.523387 0.560473 0.533065 0.564076
10 0.508065 0.577458 0.516935 0.580546 0.505645 0.595986 0.495968 0.593927
10 0.535484 0.567679 0.545161 0.570767 0.531452 0.587751 0.521774 0.585178
10 0.521774 0.585692 0.530645 0.58878 0.517742 0.603191 0.509677 0.600618
10 0.537903 0.58878 0.545968 0.593412 0.530645 0.608338 0.521774 0.604735
10 0.546774 0.490479 0.555645 0.493567 0.541935 0.511065 0.533065 0.507977
10 0.529032 0.506948 0.520161 0.504889 0.530645 0.487391 0.540323 0.489449
10 0.510484 0.424086 0.520968 0.428204 0.505645 0.444673 0.495161 0.441585
10 0.501613 0.500772 0.51129 0.504375 0.499194 0.520329 0.487903 0.517241
10 0.537903 0.430777 0.527419 0.427174 0.542742 0.41122 0.552419 0.415852
10 0.525806 0.428718 0.535484 0.432836 0.520968 0.449305 0.509677 0.446217
10 0.53871 0.436438 0.549194 0.440041 0.53629 0.454967 0.525806 0.451879
10 0.552419 0.435924 0.542742 0.432321 0.558065 0.415852 0.567742 0.419969
10 0.566129 0.441071 0.556452 0.437468 0.569355 0.422542 0.578226 0.425116
10 0.582258 0.443644 0.572581 0.441071 0.584677 0.423572 0.595161 0.42666
10 0.55 0.459084 0.541129 0.455481 0.556452 0.438497 0.566129 0.4421
10 0.570161 0.443644 0.578226 0.447247 0.564516 0.461657 0.555645 0.458055
10 0.584677 0.446732 0.593548 0.44982 0.579839 0.46526 0.570968 0.462687
10 0.602419 0.429748 0.61129 0.432836 0.595161 0.448276 0.587903 0.444673
10 0.607258 0.454967 0.598387 0.451364 0.612097 0.435924 0.620968 0.439527
10 0.594355 0.474009 0.584677 0.470921 0.595968 0.453937 0.607258 0.457025
10 0.624194 0.459084 0.614516 0.454967 0.630645 0.439527 0.639516 0.443644
10 0.607258 0.477612 0.597581 0.475039 0.61129 0.458055 0.620968 0.461143
10 0.637097 0.464745 0.628226 0.461143 0.641935 0.445188 0.650806 0.448791
10 0.627419 0.462172 0.637097 0.46526 0.623387 0.481215 0.614516 0.478127
10 0.652419 0.469377 0.643548 0.465775 0.656452 0.449305 0.666129 0.452393
10 0.637903 0.48842 0.627419 0.484817 0.641129 0.468348 0.651613 0.472465
10 0.666935 0.475553 0.658065 0.471436 0.672581 0.454967 0.682258 0.458569
10 0.651613 0.493567 0.642742 0.489449 0.654839 0.47298 0.665323 0.477097
10 0.665323 0.497684 0.656452 0.494596 0.673387 0.477097 0.681452 0.481215
10 0.483871 0.490993 0.474194 0.487391 0.48871 0.471436 0.497581 0.474524
10 0.455645 0.485332 0.467742 0.487905 0.458065 0.50386 0.445968 0.501287
10 0.473387 0.48842 0.483065 0.491508 0.470968 0.506433 0.46129 0.50386
10 0.504032 0.475039 0.51371 0.478641 0.497581 0.495111 0.489516 0.492023
10 0.48629 0.494596 0.496774 0.497684 0.483871 0.515183 0.473387 0.512609
10 0.51371 0.501287 0.504032 0.497684 0.516935 0.4807 0.526613 0.483273
10 0.187097 0.365929 0.196774 0.369532 0.183065 0.384972 0.174194 0.381369
