10 0.695375 0.486755 0.691122 0.497517 0.67411 0.482616 0.678363 0.472682
10 0.160553 0.447848 0.165338 0.436258 0.185008 0.451987 0.180755 0.464404
10 0.150452 0.396523 0.155237 0.385762 0.174907 0.40149 0.171186 0.414735
10 0.17278 0.418046 0.177565 0.404801 0.195641 0.42053 0.190856 0.432947
10 0.25412 0.443709 0.25731 0.431291 0.274854 0.444536 0.271132 0.456126
10 0.165869 0.432119 0.170654 0.42053 0.189261 0.436258 0.184476 0.44702
10 0.248272 0.443709 0.245614 0.456126 0.229133 0.446192 0.232323 0.432119
10 0.273259 0.465232 0.269006 0.477649 0.251462 0.462748 0.255183 0.448675
10 0.246677 0.462748 0.243488 0.475166 0.224349 0.461921 0.227539 0.449503
10 0.199894 0.40149 0.195641 0.412252 0.178628 0.399007 0.183413 0.386589
10 0.247209 0.478477 0.251462 0.467715 0.266879 0.482616 0.26369 0.49255
10 0.1563 0.466887 0.161085 0.45447 0.178097 0.467715 0.173312 0.48096
10 0.241361 0.481788 0.237108 0.49255 0.221159 0.475993 0.226475 0.46606
10 0.261031 0.498344 0.257842 0.509934 0.239766 0.495861 0.243488 0.482616
10 0.212121 0.490066 0.216906 0.477649 0.23445 0.494205 0.229665 0.505795
10 0.25412 0.514901 0.25093 0.525662 0.231792 0.509934 0.235513 0.498344
10 0.157895 0.379967 0.162679 0.369205 0.180223 0.384106 0.176502 0.395695
10 0.259436 0.425497 0.26369 0.413907 0.282828 0.429636 0.279107 0.442053
10 0.333333 0.47351 0.328549 0.485927 0.308878 0.466887 0.313663 0.456126
10 0.28017 0.363411 0.276449 0.374172 0.258373 0.360927 0.261563 0.34851
10 0.209995 0.304636 0.206273 0.317881 0.186603 0.302152 0.191388 0.288907
10 0.2084 0.320364 0.213716 0.306291 0.232855 0.323675 0.227539 0.337748
10 0.272196 0.326987 0.274854 0.315397 0.292929 0.328642 0.28974 0.340232
10 0.266348 0.344371 0.270601 0.331954 0.287613 0.346026 0.283892 0.358444
10 0.202552 0.336093 0.2084 0.32202 0.229133 0.34106 0.223817 0.354305
10 0.197767 0.336093 0.193514 0.34851 0.17597 0.333609 0.180223 0.320364
10 0.190856 0.349338 0.187666 0.360099 0.169591 0.346026 0.174375 0.335265
10 0.261563 0.412252 0.258373 0.423013 0.241893 0.408113 0.245614 0.397351
10 0.21159 0.366722 0.2084 0.378311 0.188729 0.365066 0.192451 0.352649
10 0.185008 0.362583 0.181287 0.374172 0.163743 0.361755 0.168527 0.350166
10 0.208931 0.389073 0.204147 0.399834 0.186603 0.384934 0.190324 0.374172
10 0.298246 0.402318 0.293993 0.414735 0.272196 0.395695 0.276449 0.38245
10 0.267411 0.395695 0.263158 0.40894 0.245614 0.392384 0.251994 0.378311
10 0.265284 0.40894 0.270601 0.395695 0.288145 0.411424 0.283892 0.423841
10 0.204147 0.504967 0.207868 0.494205 0.225412 0.50745 0.222754 0.51904
10 0.162679 0.534768 0.163211 0.51904 0.186071 0.519868 0.186071 0.534768
10 0.248272 0.530629 0.244019 0.542219 0.225412 0.52649 0.229665 0.514073
10 0.308878 0.366722 0.304094 0.379139 0.287613 0.364238 0.291866 0.351821
10 0.424774 0.297185 0.421053 0.311258 0.396598 0.291391 0.400851 0.277318
10 0.314195 0.267384 0.30941 0.279801 0.293461 0.264073 0.297182 0.252483
10 0.307815 0.282285 0.302499 0.293874 0.282828 0.278146 0.288145 0.265728
10 0.301967 0.309603 0.305688 0.298841 0.323232 0.31457 0.318979 0.325331
10 0.318448 0.330298 0.312068 0.343543 0.295587 0.326987 0.301435 0.312914
10 0.371079 0.357616 0.368953 0.368377 0.349814 0.35596 0.352472 0.344371
10 0.360978 0.389901 0.355662 0.40149 0.338118 0.384106 0.343966 0.370861
10 0.219032 0.523179 0.214779 0.535596 0.195641 0.51904 0.199894 0.506623
10 0.359915 0.405629 0.363636 0.393212 0.381712 0.407285 0.377459 0.42053
10 0.35513 0.407285 0.349814 0.42053 0.33227 0.402318 0.338118 0.389901
10 0.378522 0.427152 0.373737 0.440397 0.355662 0.422185 0.359915 0.40894
10 0.418394 0.485099 0.415205 0.495861 0.396598 0.480132 0.399787 0.469371
10 0.348219 0.43957 0.35194 0.42798 0.370548 0.442881 0.366826 0.45447
10 0.341839 0.455298 0.346093 0.443709 0.3647 0.460265 0.360447 0.472682
10 0.320043 0.252483 0.315789 0.264901 0.297714 0.247517 0.301967 0.236755
10 0.405635 0.259934 0.401914 0.272351 0.383307 0.25745 0.387028 0.244205
10 0.326954 0.234272 0.322701 0.247517 0.304625 0.231788 0.30941 0.218543
10 0.350877 0.235927 0.346093 0.247517 0.330144 0.231788 0.334397 0.221026
10 0.337586 0.201987 0.331207 0.212748 0.313663 0.193709 0.321106 0.181291
9 0.270601 0.85596 0.282297 0.865066 0.261563 0.931291 0.249867 0.922185
10 0.280702 0.636589 0.283892 0.625828 0.301967 0.638245 0.298777 0.649834
10 0.258905 0.620033 0.262626 0.606788 0.279638 0.620861 0.276449 0.63245
10 0.286018 0.60596 0.281765 0.616722 0.26369 0.600166 0.268474 0.588576
10 0.234981 0.584437 0.230728 0.596026 0.21159 0.578642 0.215843 0.567053
10 0.207337 0.570364 0.203615 0.581126 0.183945 0.563742 0.187666 0.551325
10 0.216374 0.544702 0.21159 0.556291 0.192982 0.538907 0.197236 0.527318
10 0.217438 0.559603 0.221691 0.548013 0.238171 0.563742 0.233918 0.573675
10 0.291334 0.589404 0.287081 0.600166 0.270069 0.583609 0.274854 0.57202
10 0.296651 0.57202 0.293461 0.583609 0.273259 0.567053 0.277512 0.555464
10 0.301967 0.555464 0.298777 0.566225 0.28017 0.550497 0.284423 0.539735
10 0.239766 0.543874 0.235513 0.553808 0.218501 0.538079 0.222754 0.527318
10 0.219564 0.287252 0.214248 0.301325 0.192982 0.282285 0.19883 0.26904
10 0.297714 0.313742 0.291866 0.323675 0.275917 0.305464 0.281765 0.294702
10 0.299309 0.29553 0.296651 0.305464 0.279638 0.292219 0.282297 0.281457
10 0.086656 0.405629 0.0919724 0.39404 0.109516 0.40894 0.105263 0.421358
9 0.0398724 0.357616 0.0297714 0.349338 0.0435938 0.309603 0.0542265 0.319536
10 0.103668 0.354305 0.10739 0.343543 0.124402 0.355132 0.12068 0.36755
10 0.0978203 0.357616 0.0935673 0.369205 0.0744285 0.351821 0.0802764 0.340232
10 0.0972887 0.370861 0.101542 0.359272 0.119086 0.375 0.115364 0.386589
10 0.0930356 0.374172 0.0887826 0.385762 0.0701754 0.368377 0.0749601 0.356788
10 0.092504 0.387417 0.096757 0.375 0.115896 0.390728 0.111643 0.403974
10 0.0994152 0.423841 0.0956938 0.436258 0.0781499 0.42053 0.0829346 0.406457
10 0.147262 0.484272 0.152047 0.47351 0.167996 0.489238 0.164274 0.500828
10 0.0733652 0.441225 0.0770867 0.428808 0.0951621 0.442881 0.0903775 0.455298
10 0.163211 0.436258 0.158958 0.448675 0.141414 0.432947 0.145667 0.42053
10 0.146199 0.413079 0.150452 0.400662 0.167464 0.414735 0.163743 0.42798
10 0.134503 0.448675 0.139288 0.437086 0.156831 0.451987 0.153642 0.465232
10 0.14992 0.471026 0.145667 0.482616 0.12706 0.464404 0.131845 0.453642
10 0.12068 0.481788 0.124934 0.469371 0.141414 0.484272 0.137693 0.495861
10 0.104732 0.339404 0.102073 0.350166 0.0818713 0.336093 0.0855928 0.323675
10 0.110048 0.337748 0.113769 0.327815 0.129718 0.34106 0.12706 0.351821
10 0.110048 0.322848 0.10739 0.334437 0.0882509 0.319536 0.0914407 0.307947
10 0.114833 0.32202 0.118554 0.31043 0.136098 0.324503 0.131313 0.337748
10 0.115896 0.307119 0.112174 0.320364 0.0935673 0.306291 0.0978203 0.292219
10 0.119617 0.307119 0.12387 0.293046 0.141414 0.306291 0.136629 0.320364
10 0.119617 0.289735 0.115364 0.30298 0.0988836 0.286424 0.1042 0.274834
10 0.12387 0.288907 0.128123 0.277318 0.14673 0.291391 0.143541 0.304636
10 0.126528 0.272351 0.12387 0.28394 0.104732 0.271523 0.108985 0.259106
10 0.132908 0.274834 0.136629 0.262417 0.153642 0.27649 0.149389 0.288907
10 0.138224 0.258278 0.142477 0.245033 0.164274 0.264073 0.160021 0.277318
10 0.144604 0.240894 0.148857 0.230132 0.163743 0.24255 0.160021 0.254967
10 0.134503 0.260762 0.130781 0.272351 0.112706 0.25745 0.117491 0.245033
10 0.140351 0.24255 0.136098 0.254967 0.118022 0.240066 0.121744 0.226821
10 0.146199 0.227649 0.141946 0.238411 0.12387 0.22351 0.128123 0.211921
10 0.150452 0.209437 0.147262 0.221026 0.12706 0.205298 0.131313 0.193709
10 0.1563 0.18957 0.153642 0.201159 0.135035 0.187914 0.139288 0.175497
10 0.0643275 0.535596 0.0611377 0.548013 0.0425306 0.533113 0.0473153 0.522351
10 0.14992 0.142384 0.154173 0.129967 0.17278 0.141556 0.169591 0.153146
10 0.222754 0.287252 0.226475 0.275662 0.242956 0.289735 0.239234 0.301325
10 0.241361 0.22351 0.236576 0.235099 0.217438 0.219371 0.222222 0.206954
10 0.147262 0.158113 0.152047 0.146523 0.168527 0.160596 0.163211 0.171358
10 0.251994 0.190397 0.249335 0.201159 0.229665 0.187086 0.232855 0.176325
10 0.251994 0.205298 0.256247 0.192881 0.272196 0.208609 0.269006 0.219371
10 0.163211 0.190397 0.166932 0.180464 0.18554 0.196192 0.181287 0.206954
10 0.155237 0.207781 0.160021 0.196192 0.178097 0.211921 0.173312 0.22351
10 0.245082 0.205298 0.240829 0.21606 0.223817 0.201987 0.228602 0.18957
10 0.238171 0.237583 0.242424 0.225166 0.2605 0.24255 0.256247 0.254139
10 0.155768 0.127483 0.158958 0.114238 0.17916 0.125828 0.17597 0.139073
10 0.185008 0.219371 0.192451 0.224338 0.187135 0.253311 0.179692 0.25
10 0.232323 0.239238 0.229133 0.25 0.212121 0.236755 0.216374 0.225166
10 0.256247 0.258278 0.251994 0.270695 0.232323 0.254139 0.237108 0.241722
10 0.228602 0.255795 0.224349 0.265728 0.207337 0.253311 0.211058 0.241722
10 0.225944 0.269868 0.230728 0.25745 0.248272 0.274834 0.244019 0.286424
10 0.199362 0.266556 0.204147 0.254967 0.222222 0.270695 0.217969 0.282285
10 0.169059 0.175497 0.173312 0.163079 0.190324 0.178808 0.186071 0.18957
10 0.173312 0.157285 0.177565 0.145695 0.196704 0.159768 0.192451 0.171358
10 0.253589 0.187914 0.257842 0.174669 0.274854 0.188742 0.271664 0.200331
10 0.23126 0.169702 0.234981 0.154801 0.253589 0.166391 0.249867 0.181291
10 0.232855 0.147351 0.23764 0.135762 0.254652 0.152318 0.251462 0.163907
10 0.178628 0.141556 0.182881 0.129139 0.200425 0.144868 0.197236 0.155629
10 0.18554 0.127483 0.188729 0.114238 0.2084 0.129139 0.204147 0.142384
10 0.266348 0.156457 0.270601 0.142384 0.289208 0.157285 0.285486 0.17053
10 0.266348 0.141556 0.262095 0.153146 0.244551 0.137417 0.249335 0.124172
10 0.277512 0.123344 0.282297 0.110099 0.299841 0.125 0.296119 0.137417
10 0.278575 0.106788 0.274854 0.120033 0.256778 0.104305 0.261031 0.0918874
10 0.207337 0.0612583 0.212121 0.0504967 0.228602 0.067053 0.223285 0.0778146
10 0.201489 0.0778146 0.205742 0.0653974 0.222222 0.080298 0.218501 0.0910596
10 0.195109 0.0943709 0.199362 0.0827815 0.218501 0.0993377 0.214779 0.110099
10 0.17597 0.0736755 0.180755 0.0629139 0.197767 0.0769868 0.192451 0.0877483
10 0.192451 0.0960265 0.188198 0.107616 0.168527 0.0910596 0.173844 0.0794702
10 0.186071 0.114238 0.180755 0.125828 0.163211 0.108444 0.168527 0.0968543
10 0.33865 0.472682 0.342371 0.461093 0.358852 0.474338 0.35513 0.485927
10 0.352472 0.490066 0.349282 0.500828 0.33227 0.488411 0.33546 0.477649
9 0.788942 0.539735 0.783094 0.553808 0.736842 0.512417 0.74269 0.497517
10 0.637427 0.889901 0.634237 0.900662 0.61563 0.886589 0.619351 0.874172
10 0.576289 0.827815 0.580011 0.815397 0.601808 0.833609 0.597023 0.846854
10 0.571505 0.830298 0.568846 0.84106 0.549708 0.826987 0.552897 0.815397
10 0.568315 0.850166 0.564593 0.861755 0.545986 0.846026 0.549708 0.833609
10 0.561935 0.866722 0.558745 0.878311 0.54067 0.864238 0.54386 0.852649
10 0.565657 0.86755 0.569378 0.855132 0.588517 0.870033 0.584795 0.88245
10 0.631047 0.907285 0.627326 0.919702 0.611377 0.907285 0.614567 0.895695
10 0.721425 0.92053 0.717172 0.931291 0.701754 0.916391 0.706539 0.904801
10 0.581606 0.812086 0.585327 0.800497 0.603402 0.815397 0.599149 0.826987
10 0.642743 0.875 0.640085 0.885762 0.622541 0.873344 0.625731 0.862583
10 0.726209 0.904801 0.721956 0.917219 0.704944 0.900662 0.709197 0.889073
10 0.734184 0.889073 0.730463 0.90149 0.71345 0.884934 0.717703 0.872517
10 0.736842 0.869205 0.734716 0.880795 0.71664 0.870861 0.718767 0.858444
10 0.677299 0.864238 0.673046 0.874172 0.656034 0.857616 0.660287 0.846854
10 0.649654 0.861755 0.643275 0.870033 0.626794 0.84851 0.633705 0.839404
10 0.577884 0.813742 0.574694 0.826159 0.553961 0.808775 0.557682 0.797185
10 0.5832 0.798013 0.580542 0.809603 0.561935 0.796358 0.565657 0.78394
10 0.328017 0.490894 0.325359 0.501656 0.308878 0.490066 0.312068 0.478477
10 0.607124 0.734272 0.603402 0.745033 0.58639 0.729305 0.590112 0.718543
10 0.530037 0.68957 0.526847 0.701987 0.506645 0.684603 0.510898 0.671358
10 0.530037 0.699503 0.533759 0.687086 0.550239 0.701987 0.546518 0.714404
10 0.524189 0.716887 0.527911 0.705298 0.544923 0.719371 0.540138 0.731788
10 0.519405 0.735099 0.524189 0.725166 0.540138 0.740066 0.535885 0.751656
10 0.599149 0.69702 0.602871 0.68543 0.618288 0.699503 0.614567 0.710265
10 0.613503 0.716887 0.609782 0.726821 0.592238 0.710265 0.59596 0.699503
10 0.627326 0.750828 0.623073 0.763245 0.604997 0.746689 0.60925 0.734272
10 0.607656 0.797185 0.604466 0.807947 0.588517 0.794702 0.591707 0.783113
10 0.513025 0.752483 0.51781 0.741722 0.53429 0.755795 0.530037 0.767384
10 0.530037 0.774834 0.525784 0.785596 0.507177 0.76904 0.510898 0.758278
10 0.601808 0.748344 0.597554 0.759106 0.581606 0.743377 0.585859 0.732616
10 0.593833 0.764901 0.590112 0.777318 0.573099 0.764073 0.577352 0.750828
10 0.594365 0.778974 0.597554 0.767384 0.614035 0.782285 0.610845 0.793046
10 0.588517 0.779801 0.584264 0.793046 0.561935 0.772351 0.566188 0.759934
10 0.657097 0.846854 0.652313 0.85596 0.635832 0.840232 0.640085 0.82947
10 0.681552 0.846026 0.677299 0.856788 0.66135 0.842715 0.665603 0.830298
10 0.66135 0.826159 0.657629 0.837748 0.640085 0.823675 0.64487 0.811258
10 0.693248 0.679636 0.698033 0.667219 0.715045 0.682119 0.711324 0.693709
10 0.769803 0.790563 0.76555 0.801325 0.748006 0.785596 0.752791 0.773179
10 0.774588 0.772351 0.77193 0.78394 0.752791 0.768212 0.756512 0.758278
10 0.725678 0.732616 0.721425 0.745861 0.699096 0.725993 0.703349 0.712748
10 0.6874 0.692053 0.692185 0.681291 0.708666 0.696192 0.704413 0.707781
10 0.708134 0.709437 0.712387 0.69702 0.732057 0.715232 0.727273 0.726821
10 0.636364 0.678808 0.642743 0.668046 0.658692 0.691225 0.651781 0.700331
10 0.740564 0.681291 0.736842 0.692053 0.718235 0.67798 0.721956 0.665563
10 0.665603 0.824503 0.670388 0.813742 0.6874 0.82947 0.683679 0.840232
10 0.715045 0.694536 0.718235 0.682947 0.737374 0.69702 0.733652 0.709437
10 0.76874 0.801325 0.774056 0.791391 0.792132 0.807947 0.787347 0.818709
10 0.775651 0.788907 0.779373 0.777318 0.796917 0.788079 0.793195 0.801325
10 0.844763 0.728477 0.851143 0.735927 0.837852 0.763245 0.832004 0.754139
10 0.784689 0.573675 0.781499 0.584437 0.763424 0.571192 0.767145 0.56043
10 0.814992 0.744205 0.810207 0.756623 0.7916 0.741722 0.795853 0.729305
10 0.782562 0.824503 0.778841 0.836093 0.760234 0.820364 0.763955 0.807947
10 0.759171 0.803808 0.755449 0.813742 0.737905 0.798013 0.742158 0.787252
10 0.618288 0.712748 0.623604 0.701987 0.642212 0.716887 0.637959 0.728477
10 0.691122 0.738411 0.695906 0.726821 0.717172 0.746689 0.712387 0.759106
10 0.69059 0.759106 0.694843 0.749172 0.711855 0.765728 0.707602 0.77649
10 0.692717 0.747517 0.689527 0.75745 0.67092 0.741722 0.674641 0.73096
10 0.678894 0.775662 0.671983 0.785596 0.656566 0.767384 0.662945 0.754967
10 0.707602 0.779801 0.703881 0.792219 0.686337 0.777318 0.689527 0.766556
10 0.679957 0.791391 0.682616 0.779801 0.698565 0.791391 0.695375 0.802152
10 0.696438 0.81043 0.690058 0.822848 0.671451 0.800497 0.678363 0.789735
10 0.671983 0.792219 0.668793 0.80298 0.649123 0.790563 0.652313 0.778974
10 0.668262 0.807947 0.664009 0.818709 0.64487 0.804636 0.648591 0.793874
10 0.755981 0.821192 0.752259 0.831954 0.733121 0.817881 0.736842 0.805464
10 0.750665 0.837748 0.746943 0.849338 0.727273 0.833609 0.730994 0.821192
10 0.770335 0.856788 0.767677 0.866722 0.750133 0.852649 0.753323 0.84106
10 0.763424 0.872517 0.760234 0.884106 0.744817 0.872517 0.748006 0.860099
10 0.745348 0.85596 0.742158 0.868377 0.724083 0.853477 0.727273 0.841887
10 0.53748 0.672185 0.533759 0.682119 0.515152 0.666391 0.518873 0.656457
10 0.542796 0.656457 0.539607 0.665563 0.522594 0.652318 0.526316 0.640728
10 0.630516 0.664735 0.626794 0.676325 0.608187 0.661424 0.611909 0.647351
10 0.376927 0.614238 0.38118 0.601821 0.401914 0.619205 0.398192 0.63245
10 0.395003 0.565397 0.398192 0.55298 0.415736 0.565397 0.412547 0.576987
10 0.363105 0.580298 0.366295 0.568709 0.38437 0.585265 0.38118 0.595199
10 0.390218 0.583609 0.393408 0.57202 0.412547 0.587748 0.409888 0.597682
10 0.405104 0.602649 0.402446 0.612583 0.383838 0.597682 0.38756 0.586093
10 0.317916 0.588576 0.314195 0.600993 0.294524 0.584437 0.298777 0.573675
10 0.35513 0.596026 0.359383 0.584437 0.379585 0.600993 0.375332 0.612583
10 0.371611 0.616722 0.367889 0.628311 0.351409 0.612583 0.354599 0.601821
10 0.353535 0.679636 0.357788 0.668874 0.375332 0.686258 0.371611 0.697848
10 0.28974 0.600166 0.293993 0.589404 0.311005 0.603477 0.306752 0.615894
10 0.342903 0.629967 0.347156 0.61755 0.366826 0.634106 0.362573 0.645695
10 0.365231 0.646523 0.369484 0.635762 0.386497 0.650662 0.382243 0.663079
10 0.307815 0.625 0.30303 0.635762 0.283892 0.618377 0.288145 0.608444
10 0.359915 0.649007 0.356725 0.661424 0.340776 0.646523 0.344498 0.635762
10 0.360447 0.663907 0.362573 0.652318 0.379585 0.664735 0.376927 0.675497
10 0.39075 0.568709 0.386497 0.578642 0.370016 0.562914 0.374269 0.552152
10 0.303562 0.569536 0.307815 0.559603 0.324296 0.572848 0.319511 0.584437
10 0.311005 0.541391 0.305157 0.55298 0.288676 0.535596 0.293461 0.524834
10 0.330144 0.558775 0.325359 0.569536 0.308347 0.554636 0.3126 0.543046
10 0.396066 0.552152 0.393408 0.563742 0.374801 0.549669 0.37799 0.538079
10 0.339181 0.54553 0.334397 0.556291 0.316853 0.538907 0.321637 0.528146
10 0.422116 0.551325 0.418926 0.563742 0.399787 0.548013 0.403509 0.535596
10 0.400851 0.53394 0.397661 0.546358 0.379054 0.532285 0.383307 0.519868
10 0.429027 0.538079 0.425837 0.548013 0.408825 0.53394 0.411483 0.524007
10 0.419989 0.501656 0.423711 0.489238 0.44285 0.504139 0.43966 0.515728
10 0.451887 0.471854 0.449229 0.482616 0.429027 0.466887 0.432749 0.456126
10 0.414673 0.51904 0.418394 0.506623 0.434343 0.522351 0.430622 0.532285
10 0.382243 0.512417 0.386497 0.5 0.402977 0.514901 0.399256 0.525662
10 0.315258 0.523179 0.310473 0.53394 0.295056 0.51904 0.299309 0.509106
10 0.343966 0.52649 0.339713 0.538907 0.320574 0.523179 0.324827 0.511589
10 0.326954 0.504967 0.330675 0.493377 0.347156 0.50745 0.343966 0.518212
10 0.321637 0.505795 0.316321 0.51904 0.299309 0.503311 0.303562 0.490894
10 0.355662 0.663907 0.353535 0.674669 0.334928 0.663079 0.336523 0.652318
10 0.349282 0.682119 0.345029 0.694536 0.32908 0.678808 0.333333 0.667219
10 0.548113 0.653146 0.552366 0.639073 0.56991 0.656457 0.565657 0.668874
10 0.480064 0.388245 0.476874 0.399007 0.458799 0.384934 0.46252 0.373344
10 0.489102 0.629139 0.484848 0.642384 0.466773 0.626656 0.470494 0.613411
10 0.466773 0.610099 0.463052 0.622517 0.444444 0.606788 0.448166 0.594371
10 0.493355 0.614238 0.490165 0.626656 0.472621 0.610927 0.476874 0.599338
10 0.507709 0.57947 0.502924 0.591887 0.484317 0.576987 0.488038 0.56457
10 0.491228 0.544702 0.487507 0.557119 0.469431 0.543046 0.473684 0.529801
10 0.494418 0.527318 0.491228 0.539735 0.471026 0.525662 0.474747 0.512417
10 0.503987 0.324503 0.500266 0.336921 0.480595 0.321192 0.484317 0.307947
10 0.347687 0.69702 0.35194 0.68543 0.368421 0.698675 0.365231 0.711093
10 0.532164 0.365894 0.536417 0.355132 0.553961 0.370033 0.550771 0.379967
9 0.593301 0.365894 0.587985 0.379967 0.564062 0.358444 0.569378 0.343543
10 0.593833 0.590232 0.58958 0.600166 0.572568 0.584437 0.577352 0.573675
10 0.587985 0.607616 0.584264 0.619205 0.56672 0.604305 0.570441 0.592715
10 0.553961 0.620861 0.550771 0.631623 0.530037 0.615894 0.533759 0.604305
10 0.548644 0.639901 0.544923 0.65149 0.526316 0.637417 0.529506 0.625
10 0.523126 0.701987 0.520999 0.714404 0.501329 0.701987 0.503456 0.688742
10 0.45614 0.659768 0.460393 0.649007 0.478469 0.663907 0.474216 0.675497
10 0.474216 0.681291 0.471026 0.691225 0.452419 0.674669 0.455609 0.664735
10 0.446571 0.677152 0.442318 0.688742 0.424774 0.673841 0.429559 0.660596
10 0.518341 0.720199 0.515683 0.732616 0.494418 0.716887 0.498139 0.70447
10 0.490696 0.730132 0.495481 0.719371 0.509835 0.732616 0.506114 0.743377
10 0.508772 0.754967 0.505582 0.766556 0.486443 0.751656 0.490165 0.740066
10 0.503987 0.772351 0.520999 0.786424 0.517278 0.798841 0.500266 0.78394
10 0.481127 0.764901 0.48538 0.753311 0.501329 0.768212 0.498139 0.780629
10 0.473153 0.782285 0.477406 0.76904 0.494418 0.784768 0.490696 0.796358
10 0.467305 0.798013 0.471558 0.787252 0.489102 0.801325 0.484848 0.81457
10 0.484848 0.827815 0.488038 0.81457 0.50824 0.82947 0.505582 0.841887
10 0.455609 0.709437 0.451887 0.721026 0.43328 0.706954 0.437533 0.694536
10 0.430622 0.725166 0.434343 0.713576 0.452419 0.730132 0.447634 0.741722
10 0.422116 0.724338 0.418394 0.735099 0.401382 0.720199 0.406167 0.709437
10 0.419989 0.740894 0.416268 0.753311 0.398192 0.739238 0.402977 0.725993
10 0.418926 0.758278 0.423179 0.744205 0.44285 0.75745 0.438065 0.771523
10 0.162679 0.175497 0.15949 0.187086 0.141946 0.173013 0.146199 0.161424
