10 0.077634 0.0171184 0.0831793 0.00570613 0.11183 0.0121255 0.108133 0.0221113
10 0.0674677 0.0313837 0.0739372 0.0185449 0.109982 0.0285307 0.102588 0.0406562
4 0.31146 0.243937 0.387246 0.222539 0.449168 0.343795 0.369686 0.367332
4 0.468577 0.198288 0.547135 0.174037 0.607209 0.298146 0.530499 0.321683
4 0.5878 0.164051 0.665434 0.14194 0.724584 0.263909 0.647874 0.287447
4 0.136784 0.538516 0.219963 0.515692 0.27634 0.6398 0.198706 0.661912
4 0.298521 0.493581 0.375231 0.472183 0.435305 0.592725 0.356747 0.617689
4 0.414048 0.459344 0.492606 0.435093 0.551756 0.558488 0.47597 0.581312
4 0.574861 0.412981 0.650647 0.39087 0.710721 0.514265 0.634935 0.53709
4 0.692237 0.379458 0.769871 0.357347 0.831793 0.479315 0.754159 0.501427
4 0.399261 0.703281 0.477819 0.68117 0.536044 0.804565 0.459335 0.827389
4 0.520333 0.670471 0.595194 0.646933 0.656192 0.770328 0.5878 0.791726
4 0.678373 0.624108 0.754159 0.601997 0.814233 0.724679 0.73475 0.747504
4 0.795749 0.589158 0.872458 0.568474 0.933457 0.690442 0.856747 0.714693
10 0.131238 0.802425 0.138632 0.81669 0.102588 0.828103 0.0942699 0.815264
10 0.0351201 0.794579 0.0415896 0.808131 0.012939 0.818117 0.00369686 0.805991
10 0.0452865 0.810984 0.0508318 0.823823 0.0175601 0.835235 0.00924214 0.822397
4 0.190388 0.278887 0.268946 0.256063 0.32902 0.378031 0.253235 0.401569
