9 0.604878 0.128237 0.587805 0.119605 0.665854 0.0887793 0.680488 0.0974106
9 0.714634 0.374846 0.695122 0.383477 0.634146 0.346486 0.653659 0.340321
9 0.507317 0.31566 0.490244 0.307028 0.558537 0.274969 0.57561 0.284834
9 0.526829 0.326757 0.509756 0.318126 0.578049 0.286067 0.592683 0.294698
9 0.546341 0.339088 0.529268 0.330456 0.597561 0.297164 0.612195 0.307028
9 0.568293 0.348952 0.553659 0.340321 0.619512 0.309494 0.634146 0.319359
9 0.585366 0.363748 0.570732 0.355117 0.639024 0.321825 0.653659 0.331689
9 0.690244 0.385943 0.673171 0.393342 0.609756 0.357583 0.62439 0.350185
9 0.746341 0.367448 0.729268 0.374846 0.668293 0.339088 0.685366 0.332922
9 0.317073 0.549938 0.297561 0.556104 0.241463 0.521578 0.256098 0.51418
9 0.763415 0.351418 0.746341 0.360049 0.687805 0.323058 0.702439 0.316893
9 0.790244 0.341554 0.768293 0.348952 0.712195 0.313194 0.731707 0.305795
9 0.190244 0.594328 0.173171 0.602959 0.112195 0.569667 0.129268 0.562269
9 0.22439 0.585697 0.2 0.593095 0.146341 0.557337 0.163415 0.549938
9 0.243902 0.574599 0.229268 0.583231 0.170732 0.548705 0.187805 0.54254
9 0.270732 0.564735 0.253659 0.573366 0.195122 0.538841 0.214634 0.531443
9 0.485366 0.304562 0.468293 0.294698 0.534146 0.262639 0.54878 0.272503
9 0.717073 0.2873 0.734146 0.297164 0.668293 0.329223 0.65122 0.320592
9 0.7 0.274969 0.712195 0.284834 0.643902 0.316893 0.626829 0.307028
9 0.680488 0.263872 0.692683 0.272503 0.621951 0.304562 0.604878 0.294698
9 0.660976 0.250308 0.673171 0.261406 0.602439 0.292232 0.587805 0.2836
9 0.639024 0.239211 0.653659 0.249075 0.582927 0.279901 0.565854 0.270037
9 0.619512 0.229346 0.634146 0.239211 0.560976 0.268804 0.543902 0.25894
9 0.465854 0.292232 0.44878 0.282367 0.517073 0.250308 0.531707 0.261406
9 0.6 0.215783 0.614634 0.225647 0.541463 0.257707 0.526829 0.249075
9 0.443902 0.279901 0.431707 0.270037 0.497561 0.239211 0.512195 0.249075
9 0.578049 0.204686 0.592683 0.213317 0.519512 0.244143 0.504878 0.235512
9 0.560976 0.192355 0.57561 0.202219 0.502439 0.234279 0.487805 0.223181
9 0.541463 0.181258 0.553659 0.191122 0.480488 0.221948 0.465854 0.212084
9 0.421951 0.267571 0.407317 0.25894 0.478049 0.22688 0.495122 0.236745
9 0.309756 0.342787 0.304878 0.355117 0.219512 0.345253 0.226829 0.332922
9 0.319512 0.32799 0.314634 0.339088 0.231707 0.329223 0.236585 0.319359
9 0.329268 0.311961 0.326829 0.323058 0.234146 0.314427 0.239024 0.303329
9 0.292683 0.556104 0.27561 0.563502 0.221951 0.53021 0.236585 0.522811
9 0.346341 0.541307 0.326829 0.548705 0.263415 0.510481 0.280488 0.503083
9 0.621951 0.143033 0.607317 0.134402 0.685366 0.103576 0.697561 0.112207
9 0.778049 0.237978 0.763415 0.229346 0.831707 0.199753 0.843902 0.208385
9 0.729268 0.432799 0.74878 0.425401 0.797561 0.456227 0.780488 0.463625
9 0.75122 0.421702 0.770732 0.414303 0.819512 0.445129 0.804878 0.453761
9 0.77561 0.411837 0.797561 0.404439 0.846341 0.432799 0.829268 0.442663
9 0.82439 0.294698 0.807317 0.2873 0.865854 0.251541 0.880488 0.25894
9 0.809756 0.274969 0.792683 0.267571 0.853659 0.233046 0.868293 0.240444
9 0.795122 0.25894 0.778049 0.251541 0.839024 0.217016 0.856098 0.223181
9 0.756098 0.225647 0.743902 0.218249 0.814634 0.188656 0.826829 0.197287
9 0.368293 0.53021 0.35122 0.537608 0.287805 0.500617 0.304878 0.493218
9 0.741463 0.21455 0.726829 0.205919 0.795122 0.175092 0.807317 0.183724
9 0.717073 0.203453 0.702439 0.196054 0.773171 0.165228 0.785366 0.173859
9 0.7 0.189889 0.682927 0.181258 0.753659 0.150432 0.768293 0.160296
9 0.682927 0.178792 0.665854 0.168927 0.739024 0.139334 0.75122 0.147965
9 0.660976 0.165228 0.646341 0.156597 0.719512 0.127004 0.734146 0.135635
9 0.646341 0.154131 0.629268 0.145499 0.7 0.114673 0.714634 0.123305
9 0.602439 0.483354 0.621951 0.475956 0.673171 0.506782 0.658537 0.515413
9 0.580488 0.494451 0.597561 0.487053 0.64878 0.517879 0.631707 0.527744
9 0.553659 0.506782 0.570732 0.496917 0.62439 0.528977 0.607317 0.537608
9 0.526829 0.51418 0.54878 0.508015 0.595122 0.541307 0.580488 0.548705
9 0.504878 0.525277 0.521951 0.517879 0.573171 0.551171 0.553659 0.559803
9 0.480488 0.535142 0.497561 0.528977 0.54878 0.559803 0.531707 0.568434
9 0.456098 0.545006 0.47561 0.538841 0.52439 0.5709 0.507317 0.579531
9 0.434146 0.556104 0.45122 0.547472 0.5 0.581998 0.480488 0.590629
9 0.407317 0.567201 0.426829 0.559803 0.478049 0.591862 0.458537 0.600493
9 0.382927 0.577065 0.402439 0.569667 0.45122 0.602959 0.434146 0.610358
9 0.358537 0.58693 0.37561 0.580764 0.426829 0.611591 0.409756 0.618989
9 0.334146 0.596794 0.35122 0.589396 0.404878 0.621455 0.387805 0.631319
9 0.309756 0.606658 0.329268 0.59926 0.380488 0.632552 0.360976 0.641184
9 0.287805 0.617756 0.307317 0.610358 0.356098 0.642417 0.339024 0.649815
9 0.260976 0.626387 0.282927 0.620222 0.331707 0.652281 0.314634 0.660912
9 0.236585 0.636252 0.256098 0.628853 0.304878 0.664612 0.287805 0.670777
9 0.214634 0.646116 0.231707 0.641184 0.280488 0.674476 0.263415 0.683107
9 0.241463 0.294698 0.24878 0.2836 0.334146 0.295931 0.32439 0.307028
