9 0.479857 0.263158 0.466428 0.247368 0.538944 0.199123 0.547896 0.214035
9 0.213071 0.652632 0.222023 0.669298 0.15846 0.711404 0.146822 0.695614
9 0.390331 0.562281 0.399284 0.57807 0.341987 0.62193 0.329454 0.604386
9 0.410027 0.57807 0.421665 0.592982 0.360788 0.636842 0.347359 0.620175
9 0.417189 0.604386 0.429722 0.618421 0.36795 0.662281 0.355416 0.646491
9 0.436885 0.623684 0.448523 0.638596 0.38496 0.680702 0.375112 0.664912
9 0.448523 0.641228 0.461056 0.655263 0.400179 0.700877 0.38675 0.683333
9 0.465533 0.662281 0.477171 0.678947 0.412713 0.720175 0.401074 0.703509
9 0.47538 0.685088 0.487019 0.699123 0.423456 0.742105 0.412713 0.726316
9 0.495076 0.701754 0.504924 0.716667 0.442256 0.762281 0.431513 0.745614
9 0.508505 0.72193 0.520143 0.737719 0.45658 0.779825 0.446732 0.764035
9 0.529096 0.737719 0.538944 0.751754 0.47538 0.795614 0.464637 0.779825
9 0.224709 0.672807 0.234557 0.689474 0.169203 0.734211 0.157565 0.717544
9 0.160251 0.596491 0.172784 0.612281 0.126231 0.645614 0.114593 0.62807
9 0.232766 0.698246 0.242614 0.714035 0.176365 0.758772 0.166517 0.742982
9 0.2453 0.719298 0.254252 0.735088 0.188004 0.779825 0.179051 0.764035
9 0.264996 0.739474 0.273948 0.755263 0.205909 0.796491 0.196956 0.779825
9 0.303491 0.774561 0.313339 0.790351 0.264996 0.821053 0.256043 0.803509
9 0.325873 0.815789 0.336616 0.831579 0.288272 0.866667 0.276634 0.847368
9 0.362578 0.879825 0.372426 0.896491 0.324978 0.930702 0.314235 0.913158
9 0.381379 0.92193 0.390331 0.937719 0.343778 0.975439 0.333035 0.957895
9 0.394808 0.942105 0.405551 0.959649 0.358997 0.992105 0.346464 0.976316
9 0.505819 0.54386 0.516562 0.558772 0.453894 0.602632 0.440466 0.585965
9 0.520143 0.564912 0.532677 0.579825 0.469114 0.62193 0.45658 0.605263
9 0.185318 0.609649 0.196061 0.625439 0.151298 0.657895 0.138765 0.642105
9 0.154879 0.57193 0.165622 0.588596 0.10385 0.628947 0.0940018 0.614035
9 0.484333 0.292105 0.470904 0.275439 0.54521 0.227193 0.555953 0.242982
9 0.408236 0.399123 0.418979 0.414035 0.374217 0.446491 0.363474 0.430702
9 0.273948 0.172807 0.265891 0.190351 0.193375 0.161404 0.201432 0.142982
9 0.256043 0.219298 0.248881 0.234211 0.176365 0.208772 0.184423 0.191228
9 0.251567 0.242105 0.243509 0.258772 0.171889 0.230702 0.177261 0.214035
9 0.20949 0.303509 0.203223 0.320175 0.129812 0.294737 0.136974 0.277193
9 0.201432 0.352632 0.195166 0.370175 0.121755 0.341228 0.128021 0.325439
9 0.188899 0.4 0.183527 0.417544 0.107431 0.388596 0.114593 0.37193
9 0.176365 0.421053 0.169203 0.439474 0.0940018 0.409649 0.102954 0.392982
9 0.17547 0.445614 0.167413 0.462281 0.0922113 0.433333 0.0993733 0.417544
9 0.235452 0.405263 0.218442 0.392982 0.280215 0.329825 0.295434 0.34386
9 0.406446 0.371053 0.416294 0.386842 0.36974 0.418421 0.358997 0.401754
9 0.436885 0.437719 0.446732 0.454386 0.410922 0.480702 0.401074 0.464035
9 0.14145 0.550877 0.153089 0.566667 0.0904208 0.607895 0.0787825 0.592982
9 0.461056 0.454386 0.470904 0.471053 0.421665 0.5 0.412713 0.483333
9 0.169203 0.470175 0.162041 0.486842 0.0895255 0.458772 0.094897 0.442105
9 0.149508 0.488596 0.14145 0.50614 0.0680394 0.47807 0.0743062 0.460526
9 0.138765 0.512281 0.130707 0.52807 0.0564011 0.498246 0.0644584 0.479825
9 0.339302 0.473684 0.350045 0.489474 0.288272 0.532456 0.276634 0.514035
9 0.352731 0.498246 0.362578 0.514035 0.300806 0.557895 0.289167 0.541228
9 0.362578 0.519298 0.373321 0.535965 0.310654 0.579825 0.300806 0.564035
9 0.378693 0.540351 0.388541 0.558772 0.327663 0.6 0.316025 0.583333
9 0.480752 0.498246 0.4906 0.514035 0.453894 0.538596 0.443151 0.521053
9 0.497762 0.516667 0.5094 0.532456 0.47538 0.557895 0.461952 0.540351
9 0.7735 0.929825 0.784244 0.945614 0.716204 0.987719 0.706356 0.97193
9 0.785139 0.95 0.795882 0.967544 0.744852 1 0.719785 0.995614
9 0.591764 0.982456 0.578335 0.965789 0.653536 0.921053 0.663384 0.935965
9 0.812892 0.613158 0.823635 0.629825 0.761862 0.670175 0.750224 0.653509
9 0.610564 0.685965 0.621307 0.7 0.559534 0.742105 0.547896 0.72807
9 0.594449 0.666667 0.605192 0.681579 0.541629 0.72193 0.531782 0.70614
9 0.556849 0.781579 0.565801 0.795614 0.502238 0.836842 0.491495 0.819298
9 0.542525 0.759649 0.552372 0.775439 0.488809 0.814912 0.479857 0.797368
9 0.581021 0.645614 0.592659 0.660526 0.529096 0.702632 0.519248 0.685965
9 0.571173 0.619298 0.581916 0.633333 0.522829 0.675439 0.512086 0.659649
9 0.550582 0.605263 0.561325 0.620175 0.500448 0.661404 0.488809 0.645614
9 0.537153 0.583333 0.547896 0.597368 0.487914 0.639474 0.477171 0.62193
9 0.84333 0.649123 0.854969 0.664035 0.793196 0.707018 0.782453 0.692982
9 0.829006 0.632456 0.839749 0.645614 0.781558 0.689474 0.770815 0.674561
9 0.801253 0.590351 0.815577 0.605263 0.753805 0.646491 0.742167 0.630702
9 0.769024 0.907895 0.776186 0.921053 0.709937 0.964035 0.699194 0.947368
9 0.777081 0.549123 0.786929 0.564912 0.726052 0.604386 0.715309 0.588596
9 0.765443 0.527193 0.775291 0.542105 0.713518 0.583333 0.70188 0.566667
9 0.730528 0.490351 0.739481 0.504386 0.681289 0.546491 0.669651 0.531579
9 0.708147 0.476316 0.717099 0.491228 0.657117 0.534211 0.645479 0.519298
9 0.696509 0.455263 0.706356 0.468421 0.644584 0.511404 0.634736 0.496491
9 0.686661 0.428947 0.699194 0.44386 0.638317 0.486842 0.625783 0.47193
9 0.669651 0.410526 0.679499 0.425439 0.620412 0.467544 0.609669 0.452632
9 0.505819 0.415789 0.522829 0.404386 0.574754 0.472807 0.559534 0.483333
9 0.570278 0.413158 0.558639 0.394737 0.632945 0.347368 0.642793 0.362281
9 0.555058 0.390351 0.544315 0.375439 0.618621 0.328947 0.628469 0.34386
9 0.626679 0.702632 0.638317 0.718421 0.578335 0.760526 0.566697 0.747368
9 0.645479 0.717544 0.658013 0.733333 0.595345 0.776316 0.584602 0.762281
9 0.651746 0.742105 0.663384 0.757018 0.602507 0.8 0.591764 0.782456
9 0.857654 0.67193 0.869293 0.686842 0.806625 0.728947 0.794987 0.714035
9 0.749329 0.888596 0.758281 0.903509 0.692032 0.94386 0.681289 0.926316
9 0.731423 0.864912 0.741271 0.881579 0.677708 0.925439 0.666965 0.909649
9 0.614145 1 0.589078 0.989474 0.664279 0.94386 0.673232 0.957895
9 0.717995 0.847368 0.727842 0.862281 0.660698 0.907895 0.649955 0.890351
9 0.702775 0.82807 0.714414 0.842982 0.649955 0.884211 0.640107 0.866667
9 0.692032 0.80614 0.702775 0.819298 0.640107 0.863158 0.63026 0.847368
9 0.956132 0.816667 0.965085 0.830702 0.905103 0.872807 0.89436 0.857895
9 0.940018 0.794737 0.950761 0.808772 0.891674 0.852632 0.879141 0.836842
9 0.931961 0.914912 0.918532 0.9 0.989257 0.853509 0.990152 0.875439
9 0.945389 0.934211 0.932856 0.918421 0.988362 0.881579 0.989257 0.905263
9 0.926589 0.774561 0.937332 0.788596 0.876455 0.833333 0.864816 0.816667
9 0.61325 0.858772 0.622202 0.876316 0.561325 0.916667 0.550582 0.9
9 0.681289 0.782456 0.690242 0.796491 0.627574 0.837719 0.615936 0.822807
9 0.595345 0.840351 0.605192 0.857018 0.54342 0.9 0.532677 0.883333
9 0.916741 0.753509 0.926589 0.767544 0.866607 0.808772 0.853178 0.79386
9 0.900627 0.734211 0.912265 0.75 0.852283 0.792105 0.840645 0.776316
9 0.882722 0.715789 0.89436 0.729825 0.833483 0.774561 0.822739 0.757895
9 0.57923 0.821053 0.589078 0.835965 0.529096 0.878947 0.518353 0.863158
9 0.665175 0.764912 0.675918 0.779825 0.611459 0.821053 0.601611 0.804386
9 0.567592 0.8 0.57744 0.815789 0.514772 0.860526 0.504029 0.842982
9 0.876455 0.689474 0.888093 0.704386 0.828111 0.747368 0.814682 0.731579
9 0.287377 0.150877 0.27932 0.170175 0.205909 0.142105 0.213966 0.123684
