10 0.522013 0.295775 0.530099 0.293427 0.538185 0.304577 0.5292 0.306925
4 0.792453 0.744131 0.82929 0.745892 0.822102 0.797535 0.784367 0.796362
10 0.184187 0.457746 0.176101 0.45716 0.176101 0.446596 0.183288 0.446596
10 0.176101 0.458333 0.167116 0.457746 0.168913 0.448357 0.176101 0.448944
10 0.166217 0.457746 0.15903 0.45716 0.15903 0.446596 0.166217 0.446596
10 0.157233 0.45716 0.149146 0.45716 0.150045 0.445423 0.15903 0.446009
10 0.25876 0.393192 0.248877 0.392606 0.249775 0.378521 0.25876 0.379108
10 0.200359 0.41784 0.191375 0.41784 0.192273 0.40669 0.200359 0.407277
10 0.171608 0.428404 0.16442 0.428404 0.165319 0.416667 0.172507 0.417254
10 0.163522 0.42723 0.155436 0.426643 0.157233 0.415493 0.16442 0.41608
10 0.137466 0.41608 0.146451 0.41608 0.145553 0.426643 0.137466 0.426056
10 0.100629 0.411972 0.108715 0.412559 0.10602 0.422535 0.0979335 0.421362
4 0.743037 0.741784 0.78257 0.744131 0.775382 0.795775 0.736748 0.793427
10 0.519317 0.393192 0.510332 0.392606 0.512129 0.380869 0.520216 0.381455
6 0.669362 0.275822 0.93531 0.286972 0.883199 0.674883 0.616352 0.659624
4 0.839173 0.745892 0.875112 0.748239 0.867026 0.799296 0.833783 0.796948
4 0.695418 0.738263 0.732255 0.740023 0.725966 0.790493 0.690925 0.788732
4 0.647799 0.735915 0.683738 0.73885 0.67655 0.788732 0.640611 0.786972
5 0.513028 0.630282 0.592992 0.635563 0.589398 0.667254 0.507637 0.663146
5 0.516622 0.589202 0.598383 0.593897 0.596586 0.627347 0.511231 0.622653
5 0.522013 0.549296 0.602875 0.552817 0.60018 0.586854 0.514825 0.58216
13 0.713387 0.35446 0.874214 0.362089 0.846361 0.596244 0.683738 0.589202
13 0.498652 0.0428404 0.798742 0.0475352 0.806828 0.151408 0.503145 0.146127
3 0.552561 0.220657 0.52381 0.160798 0.614555 0.142019 0.6469 0.202465
10 0.148248 0.455986 0.138365 0.455399 0.140162 0.443662 0.149146 0.444249
10 0.118598 0.421362 0.109614 0.420775 0.110512 0.411972 0.118598 0.411972
10 0.136568 0.423709 0.126685 0.422535 0.128482 0.412559 0.138365 0.413146
10 0.155436 0.424883 0.146451 0.424883 0.146451 0.413146 0.155436 0.413146
10 0.513028 0.441315 0.504942 0.440728 0.507637 0.430164 0.515723 0.431338
10 0.495058 0.443662 0.486074 0.444249 0.485175 0.431925 0.49416 0.431925
10 0.508535 0.474765 0.499551 0.474178 0.500449 0.464789 0.508535 0.464789
10 0.497754 0.474765 0.490566 0.474178 0.490566 0.464202 0.498652 0.464789
10 0.489668 0.474765 0.480683 0.473592 0.48248 0.463028 0.490566 0.463615
10 0.471698 0.473005 0.462713 0.472418 0.46451 0.462441 0.473495 0.463028
10 0.454627 0.471244 0.444744 0.470657 0.444744 0.460681 0.45283 0.460681
10 0.306379 0.434272 0.298293 0.434272 0.299191 0.423122 0.306379 0.423122
10 0.297394 0.434272 0.28841 0.433685 0.290207 0.422535 0.297394 0.423122
10 0.28841 0.433685 0.279425 0.433685 0.281222 0.422535 0.28841 0.422535
10 0.279425 0.433099 0.27044 0.433099 0.273136 0.420775 0.279425 0.421362
10 0.271339 0.431925 0.25876 0.431338 0.261456 0.419014 0.272237 0.420188
10 0.211141 0.45892 0.201258 0.45892 0.201258 0.448357 0.209344 0.44777
10 0.193172 0.457746 0.183288 0.457746 0.184187 0.444836 0.193172 0.445423
10 0.2354 0.420775 0.244385 0.421362 0.244385 0.431338 0.236298 0.431338
10 0.225517 0.419014 0.234501 0.419601 0.2354 0.430164 0.225517 0.430164
10 0.216532 0.429577 0.207547 0.429577 0.207547 0.419601 0.21743 0.420188
10 0.247978 0.409038 0.256963 0.409624 0.254268 0.421948 0.245283 0.420775
10 0.228212 0.417254 0.220126 0.417254 0.219227 0.407864 0.227314 0.407277
10 0.208446 0.41784 0.201258 0.41784 0.201258 0.407864 0.209344 0.408451
10 0.174304 0.414319 0.165319 0.414319 0.166217 0.402582 0.175202 0.403169
3 0.38814 0.215962 0.255166 0.247066 0.214735 0.157277 0.345013 0.130282
