10 0.756322 0.702166 0.777011 0.714801 0.737931 0.750903 0.717241 0.736462
9 0.271264 0.425993 0.287356 0.411552 0.367816 0.462094 0.351724 0.478339
9 0.712644 0.362816 0.728736 0.348375 0.8 0.397112 0.783908 0.411552
9 0.687356 0.384477 0.703448 0.370036 0.777011 0.415162 0.758621 0.431408
9 0.668966 0.409747 0.682759 0.393502 0.754023 0.435018 0.74023 0.449458
9 0.643678 0.424188 0.657471 0.407942 0.71954 0.449458 0.703448 0.463899
9 0.627586 0.445848 0.645977 0.431408 0.708046 0.472924 0.689655 0.48917
9 0.409195 0.787004 0.393103 0.805054 0.317241 0.754513 0.331034 0.738267
9 0.170115 0.530686 0.186207 0.51444 0.264368 0.566787 0.245977 0.583032
9 0.190805 0.50722 0.206897 0.49278 0.287356 0.543321 0.271264 0.559567
9 0.250575 0.447653 0.264368 0.435018 0.344828 0.481949 0.331034 0.498195
9 0.287356 0.404332 0.305747 0.389892 0.386207 0.440433 0.370115 0.454874
10 0.76092 0.655235 0.790805 0.67148 0.751724 0.705776 0.726437 0.691336
9 0.308046 0.384477 0.321839 0.368231 0.406897 0.420578 0.390805 0.435018
9 0.331034 0.362816 0.344828 0.348375 0.434483 0.400722 0.416092 0.418773
9 0.372414 0.319495 0.388506 0.303249 0.468966 0.351986 0.452874 0.366426
9 0.427586 0.287004 0.441379 0.270758 0.521839 0.31769 0.505747 0.33213
9 0.445977 0.259928 0.462069 0.245487 0.542529 0.297834 0.526437 0.312274
9 0.466667 0.238267 0.485057 0.223827 0.563218 0.277978 0.544828 0.292419
9 0.485057 0.216606 0.501149 0.203971 0.581609 0.256318 0.565517 0.270758
9 0.521839 0.17148 0.537931 0.158845 0.622989 0.212996 0.604598 0.227437
9 0.537931 0.15343 0.554023 0.135379 0.645977 0.189531 0.629885 0.205776
9 0.726437 0.344765 0.742529 0.326715 0.825287 0.379061 0.811494 0.395307
9 0.749425 0.3213 0.765517 0.305054 0.848276 0.353791 0.829885 0.371841
9 0.767816 0.301444 0.786207 0.285199 0.868966 0.333935 0.852874 0.351986
9 0.788506 0.276173 0.804598 0.263538 0.887356 0.314079 0.868966 0.32852
10 0.8 0.613718 0.827586 0.628159 0.788506 0.66787 0.763218 0.649819
10 0.850575 0.568592 0.875862 0.584838 0.829885 0.620939 0.804598 0.606498
10 0.717241 0.577617 0.742529 0.592058 0.685057 0.646209 0.65977 0.629964
10 0.77931 0.51444 0.804598 0.530686 0.765517 0.564982 0.742529 0.550542
10 0.829885 0.458484 0.855172 0.474729 0.813793 0.51444 0.786207 0.5
10 0.947126 0.371841 0.935632 0.386282 0.891954 0.361011 0.908046 0.344765
10 0.664368 0.588448 0.691954 0.602888 0.657471 0.637184 0.629885 0.620939
10 0.703448 0.552347 0.726437 0.566787 0.694253 0.599278 0.671264 0.586643
10 0.590805 0.523466 0.611494 0.505415 0.648276 0.532491 0.629885 0.546931
10 0.521839 0.602888 0.535632 0.586643 0.574713 0.613718 0.563218 0.628159
10 0.363218 0.756318 0.381609 0.738267 0.422989 0.767148 0.406897 0.781588
10 0.317241 0.115523 0.303448 0.129964 0.266667 0.104693 0.28046 0.0920578
10 0.34023 0.0830325 0.328736 0.0956679 0.289655 0.0722022 0.301149 0.0613718
10 0.356322 0.0703971 0.342529 0.0848375 0.301149 0.0613718 0.314943 0.0469314
10 0.4 0.0252708 0.386207 0.0379061 0.349425 0.0162455 0.358621 0.00361011
9 0.91954 0.155235 0.937931 0.137184 1 0.180505 0.983908 0.196751
9 0.908046 0.185921 0.926437 0.16787 0.97931 0.200361 0.958621 0.218412
9 0.829885 0.236462 0.845977 0.222022 0.926437 0.267148 0.910345 0.287004
9 0.809195 0.258123 0.825287 0.243682 0.905747 0.292419 0.889655 0.308664
9 0.558621 0.133574 0.577011 0.115523 0.664368 0.17148 0.648276 0.187726
