1 0.97319 0.101983 0.979893 0.107649 0.965818 0.123513 0.957775 0.117847
10 0.932976 0.0929178 0.929625 0.0974504 0.918901 0.0906516 0.922252 0.0866856
1 0.288204 0.684419 0.27882 0.674788 0.30563 0.654391 0.314343 0.664023
1 0.290885 0.647025 0.301609 0.654391 0.27815 0.676487 0.268767 0.667422
1 0.320375 0.617564 0.331099 0.625496 0.308981 0.649292 0.296917 0.640793
1 0.309651 0.609065 0.319035 0.615297 0.296917 0.639093 0.286863 0.632861
1 0.489276 0.64136 0.49866 0.648159 0.479223 0.666289 0.469839 0.660057
1 0.478552 0.631161 0.487265 0.637394 0.469169 0.658357 0.459115 0.652691
1 0.459115 0.648159 0.449732 0.64136 0.469839 0.62153 0.479223 0.628895
1 0.457775 0.614731 0.464477 0.62153 0.44437 0.640227 0.436327 0.633994
1 0.430965 0.600567 0.439678 0.606232 0.424933 0.625496 0.414879 0.620397
1 0.402815 0.607932 0.394102 0.6017 0.412869 0.580737 0.421582 0.588102
1 0.392761 0.600567 0.384718 0.595467 0.402145 0.574504 0.411528 0.580737
1 0.365952 0.589802 0.357239 0.582436 0.380027 0.55864 0.38874 0.566572
1 0.402145 0.536544 0.410188 0.543343 0.393432 0.560907 0.384718 0.554674
1 0.435657 0.556941 0.44437 0.563173 0.426944 0.584703 0.41622 0.57847
1 0.457775 0.572805 0.465147 0.57847 0.447721 0.599433 0.439678 0.594901
1 0.461796 0.609065 0.452413 0.6017 0.470509 0.58187 0.479223 0.589802
1 0.483914 0.624929 0.475201 0.619263 0.489946 0.598867 0.50067 0.604533
1 0.568365 0.695184 0.575737 0.70085 0.560992 0.719547 0.552279 0.713881
1 0.604558 0.712748 0.595174 0.706516 0.617292 0.685552 0.625335 0.692918
1 0.345845 0.632861 0.356568 0.640227 0.33445 0.663456 0.323056 0.655524
1 0.300938 0.694051 0.292225 0.684419 0.319705 0.664023 0.327748 0.673654
1 0.325067 0.709348 0.316354 0.70255 0.341153 0.680453 0.349196 0.688385
1 0.254021 0.800567 0.262735 0.808499 0.240617 0.828895 0.231233 0.820397
1 0.215147 0.701416 0.227212 0.710482 0.199732 0.73881 0.185657 0.731445
1 0.176273 0.732011 0.192359 0.743909 0.158177 0.770538 0.143432 0.760907
1 0.235255 0.713314 0.245979 0.721246 0.218499 0.749008 0.207775 0.74221
1 0.244638 0.726912 0.252681 0.733711 0.230563 0.756941 0.22118 0.750142
1 0.258043 0.737677 0.267426 0.742776 0.239276 0.768839 0.231233 0.763173
1 0.19437 0.789235 0.184987 0.77847 0.212466 0.755807 0.22319 0.767139
1 0.209115 0.797167 0.199062 0.788669 0.219839 0.769405 0.229893 0.776771
1 0.219169 0.804533 0.211126 0.797167 0.235255 0.774504 0.244638 0.783003
1 0.288874 0.809065 0.279491 0.8017 0.30563 0.779037 0.313673 0.786402
1 0.376676 0.701416 0.367292 0.693484 0.38874 0.674221 0.398123 0.681586
1 0.399464 0.76204 0.406166 0.753541 0.437668 0.775637 0.429625 0.783569
1 0.411528 0.752975 0.418231 0.746742 0.447051 0.766006 0.441689 0.772238
1 0.427614 0.737677 0.436327 0.727479 0.47252 0.752975 0.465147 0.761473
1 0.407507 0.732011 0.41689 0.739943 0.393432 0.761473 0.385389 0.754674
1 0.382708 0.749575 0.373995 0.74051 0.397453 0.724079 0.404826 0.732011
1 0.425603 0.694051 0.436327 0.70085 0.412198 0.726346 0.400804 0.718414
1 0.372654 0.741643 0.363941 0.734278 0.386729 0.713314 0.396113 0.721246
1 0.345174 0.691218 0.355898 0.696317 0.339142 0.718414 0.327748 0.712748
1 0.605228 0.675921 0.615952 0.682153 0.596515 0.704816 0.58445 0.696884
1 0.585121 0.692918 0.575737 0.684986 0.593834 0.666856 0.602547 0.675354
1 0.575737 0.685552 0.566354 0.67932 0.58445 0.660057 0.592493 0.666289
1 0.532172 0.50085 0.540885 0.505382 0.525469 0.524646 0.516086 0.518414
1 0.599196 0.577337 0.591823 0.571671 0.60992 0.550142 0.618633 0.555807
1 0.597185 0.541076 0.607239 0.547309 0.589812 0.569405 0.579759 0.563173
1 0.563003 0.592635 0.55563 0.585269 0.577078 0.566572 0.58378 0.573371
1 0.552949 0.553541 0.561662 0.559773 0.546247 0.577904 0.536193 0.572238
1 0.5563 0.546742 0.547587 0.54051 0.569035 0.521246 0.577078 0.527479
1 0.533512 0.571105 0.523458 0.564306 0.544236 0.544476 0.552279 0.552408
1 0.55496 0.515581 0.561662 0.52068 0.546917 0.53881 0.538874 0.534278
1 0.502011 0.544476 0.495308 0.537677 0.512735 0.522946 0.519437 0.529745
1 0.757373 0.571671 0.764745 0.577337 0.745308 0.593768 0.737936 0.586969
1 0.617962 0.559207 0.626676 0.564306 0.61059 0.584136 0.601206 0.577904
1 0.734584 0.557507 0.742627 0.561473 0.728552 0.58017 0.719839 0.575637
1 0.72319 0.549008 0.732574 0.554108 0.717158 0.573938 0.707105 0.568272
1 0.708445 0.565439 0.699062 0.56034 0.713137 0.541643 0.72185 0.547309
1 0.703083 0.535411 0.711796 0.539377 0.697721 0.55864 0.688338 0.554674
1 0.686327 0.553541 0.677614 0.549008 0.69504 0.526346 0.704424 0.530878
1 0.723861 0.512181 0.733244 0.51728 0.718499 0.535977 0.709115 0.530878
1 0.704424 0.49745 0.714477 0.503683 0.696381 0.522946 0.686997 0.516714
1 0.660188 0.508215 0.669571 0.513314 0.656166 0.530878 0.646113 0.525779
1 0.586461 0.575637 0.595174 0.583569 0.577748 0.6 0.567694 0.592635
1 0.585121 0.608499 0.576408 0.602266 0.597185 0.58187 0.606568 0.588102
1 0.563673 0.680453 0.553619 0.671955 0.573727 0.650425 0.58445 0.658357
1 0.711126 0.653258 0.720509 0.660057 0.701743 0.67932 0.691689 0.672521
1 0.546917 0.678754 0.55429 0.684419 0.535523 0.703683 0.52748 0.69745
1 0.560322 0.646459 0.569035 0.650992 0.552279 0.672521 0.542225 0.666289
1 0.514075 0.688952 0.504021 0.68272 0.524129 0.660057 0.533512 0.668555
1 0.547587 0.63966 0.556971 0.645892 0.538204 0.664023 0.52882 0.65779
1 0.50067 0.683853 0.490617 0.676487 0.514745 0.653824 0.524129 0.66119
1 0.535523 0.632295 0.545576 0.638527 0.52882 0.656657 0.518767 0.650425
1 0.49933 0.648159 0.509383 0.652125 0.491287 0.674788 0.482574 0.669688
1 0.712466 0.686686 0.702413 0.679887 0.725201 0.656657 0.733914 0.664589
1 0.701743 0.635127 0.707105 0.624363 0.736595 0.64136 0.730563 0.650425
1 0.605898 0.589235 0.613941 0.596034 0.593164 0.616997 0.585791 0.610765
1 0.669571 0.618697 0.679625 0.625496 0.660858 0.647025 0.650804 0.640793
1 0.636729 0.648725 0.626005 0.642493 0.648794 0.61813 0.659517 0.626062
1 0.673592 0.593768 0.682306 0.6 0.662869 0.62153 0.652145 0.615297
1 0.626676 0.605666 0.634718 0.610765 0.621984 0.629462 0.61126 0.624363
1 0.658847 0.586402 0.668901 0.592068 0.654155 0.615297 0.642761 0.608499
1 0.641421 0.606232 0.633378 0.6 0.653485 0.58187 0.659517 0.588102
1 0.603887 0.626629 0.593834 0.618697 0.617962 0.596034 0.627346 0.603966
1 0.63874 0.572805 0.649464 0.579603 0.631367 0.598867 0.619973 0.592635
1 0.170912 0.715581 0.182976 0.726346 0.146783 0.76034 0.132708 0.751841
10 0.920912 0.101983 0.91622 0.105382 0.908177 0.098017 0.913539 0.0946176
1 0.979223 0.111048 0.985925 0.116147 0.969839 0.133144 0.962466 0.129178
10 0.914879 0.112181 0.910858 0.116714 0.898794 0.107082 0.903485 0.103683
10 0.203083 0.345609 0.207775 0.341643 0.215818 0.348442 0.211126 0.352975
10 0.208445 0.34221 0.213137 0.337677 0.22118 0.344476 0.217158 0.348442
10 0.256032 0.354108 0.25134 0.35864 0.241957 0.351275 0.247319 0.346742
10 0.260724 0.349008 0.257373 0.353541 0.247319 0.346742 0.25067 0.34221
10 0.254021 0.337677 0.259383 0.331445 0.270777 0.339377 0.265416 0.344476
10 0.279491 0.332011 0.274799 0.335977 0.264075 0.328045 0.269437 0.324079
10 0.239276 0.310482 0.244638 0.305949 0.25134 0.312181 0.247319 0.316714
10 0.204424 0.300283 0.209115 0.304249 0.201072 0.312748 0.19571 0.309348
10 0.270777 0.32238 0.275469 0.318414 0.283512 0.325779 0.279491 0.328612
10 0.275469 0.318414 0.27882 0.314448 0.288204 0.321813 0.284853 0.325212
10 0.27815 0.313314 0.282172 0.308782 0.290885 0.315581 0.286863 0.319547
10 0.265416 0.298017 0.262735 0.301983 0.253351 0.296317 0.257373 0.291785
10 0.300938 0.307082 0.296917 0.311615 0.288204 0.304816 0.292225 0.30085
10 0.264075 0.23966 0.269437 0.242493 0.261394 0.252691 0.256032 0.249858
10 0.302279 0.260623 0.298257 0.265156 0.288874 0.258924 0.292225 0.254391
10 0.327748 0.279887 0.324397 0.284419 0.314343 0.27762 0.319035 0.273654
10 0.382038 0.292351 0.387399 0.295751 0.378686 0.304816 0.373995 0.301416
10 0.370643 0.298584 0.365952 0.295751 0.373324 0.286119 0.378016 0.288952
10 0.365952 0.294051 0.36126 0.290652 0.368633 0.282153 0.372654 0.284986
10 0.198391 0.350708 0.202413 0.346742 0.210456 0.353541 0.206434 0.356941
10 0.242627 0.365439 0.238606 0.369972 0.229223 0.363173 0.233244 0.359207
10 0.19504 0.356374 0.199062 0.352408 0.206434 0.35864 0.202413 0.36204
10 0.16555 0.384703 0.170241 0.380737 0.178954 0.389235 0.174263 0.393768
7 0.97118 0.367705 0.943029 0.4017 0.72252 0.253258 0.754692 0.220963
7 0.963807 0.461756 0.930295 0.49745 0.661528 0.315014 0.702413 0.274788
7 0.910858 0.529178 0.876005 0.570538 0.61059 0.389235 0.647453 0.343909
7 0.948391 0.66119 0.910188 0.704249 0.546247 0.45949 0.58445 0.416431
7 0.747989 0.648159 0.699732 0.690652 0.423592 0.494618 0.467158 0.451558
7 0.627346 0.692918 0.586461 0.733711 0.349196 0.571671 0.400134 0.527479
7 0.481903 0.732578 0.433646 0.785836 0.260054 0.665156 0.314343 0.606799
7 0.323727 0.786402 0.252011 0.845892 0.132708 0.752975 0.203753 0.693484
10 0.183646 0.381303 0.178954 0.385836 0.170241 0.379037 0.174263 0.373938
10 0.202413 0.36204 0.198391 0.366572 0.189008 0.36034 0.193029 0.355807
10 0.175603 0.375071 0.180295 0.370538 0.188338 0.377904 0.184316 0.38187
10 0.211126 0.397734 0.209115 0.401133 0.200402 0.394901 0.203083 0.392068
10 0.217158 0.393768 0.213807 0.3983 0.203083 0.390935 0.207105 0.386969
10 0.208445 0.385836 0.213137 0.381303 0.22185 0.388102 0.217828 0.391501
10 0.214477 0.377337 0.219169 0.373371 0.227882 0.380737 0.223861 0.385269
10 0.22319 0.370538 0.228552 0.365439 0.237936 0.373938 0.233244 0.377337
10 0.19437 0.371671 0.190349 0.376204 0.180965 0.369405 0.184987 0.365439
10 0.197721 0.366572 0.1937 0.370538 0.184987 0.364306 0.188338 0.36034
10 0.363271 0.278754 0.368633 0.281586 0.36126 0.291218 0.355898 0.287819
10 0.354558 0.287252 0.349866 0.283853 0.357239 0.275921 0.36193 0.27932
10 0.345174 0.278754 0.340483 0.275921 0.347855 0.266856 0.352547 0.269688
10 0.870643 0.0895184 0.866622 0.094051 0.857909 0.0872521 0.86193 0.0827195
10 0.822386 0.0798867 0.827748 0.074221 0.836461 0.0827195 0.831769 0.0872521
10 0.831769 0.0872521 0.828418 0.0917847 0.817024 0.0832861 0.821046 0.0787535
10 0.823727 0.0963173 0.819705 0.101416 0.809651 0.0951841 0.813673 0.090085
10 0.855228 0.105382 0.851877 0.109915 0.841823 0.10255 0.845845 0.098017
10 0.851206 0.111615 0.856568 0.106516 0.865282 0.115014 0.86126 0.11898
10 0.864611 0.101416 0.869303 0.0957507 0.879357 0.104816 0.874665 0.109348
10 0.85992 0.100283 0.855228 0.104816 0.845845 0.0968839 0.851206 0.0923513
10 0.851877 0.0912181 0.856568 0.0866856 0.867292 0.0957507 0.862601 0.100283
10 0.871314 0.0951841 0.875335 0.090085 0.884718 0.098017 0.880027 0.101983
10 0.854558 0.0719547 0.847855 0.0764873 0.836461 0.0623229 0.843164 0.0589235
10 0.878016 0.0855524 0.873324 0.090085 0.86126 0.0793201 0.865952 0.0753541
10 0.884048 0.078187 0.879357 0.0832861 0.865952 0.074221 0.869973 0.0691218
10 0.872654 0.0708215 0.877346 0.0657224 0.88807 0.0730878 0.883378 0.0787535
10 0.886059 0.0787535 0.890751 0.0730878 0.903485 0.0815864 0.898794 0.0872521
10 0.880027 0.14051 0.876676 0.145042 0.868633 0.13881 0.872654 0.134844
10 0.88874 0.135411 0.884718 0.139943 0.873995 0.129745 0.878686 0.126346
10 0.88807 0.133711 0.880697 0.125779 0.884048 0.122946 0.892091 0.130312
10 0.899464 0.126346 0.896113 0.130878 0.884048 0.122946 0.88941 0.11898
10 0.845845 0.0708215 0.842493 0.0764873 0.831769 0.0696884 0.835791 0.0651558
10 0.876005 0.0436261 0.871314 0.0492918 0.857909 0.0407932 0.863271 0.0351275
10 0.408847 0.261756 0.413539 0.264589 0.404826 0.273654 0.400804 0.271388
10 0.418901 0.192068 0.424263 0.188669 0.430965 0.198867 0.425603 0.201133
10 0.432976 0.290085 0.428284 0.287252 0.436997 0.277054 0.441019 0.28102
10 0.400804 0.268555 0.395442 0.265156 0.404826 0.254958 0.409517 0.258924
10 0.38874 0.245892 0.394102 0.249858 0.384718 0.257224 0.380027 0.253824
10 0.379357 0.238527 0.384048 0.241926 0.373324 0.250992 0.369303 0.247592
10 0.38941 0.230028 0.385389 0.233994 0.375335 0.225496 0.380027 0.222096
10 0.399464 0.22153 0.395442 0.225496 0.386729 0.217564 0.392091 0.213598
10 0.41622 0.208499 0.412198 0.212465 0.403485 0.204533 0.407507 0.201133
10 0.372654 0.189802 0.378686 0.185269 0.386059 0.194334 0.379357 0.197734
10 0.442359 0.188102 0.438338 0.192635 0.428284 0.184703 0.432976 0.180737
10 0.38807 0.090085 0.393432 0.0855524 0.402145 0.0957507 0.396783 0.0991501
10 0.408177 0.160907 0.414209 0.157507 0.422252 0.165439 0.41756 0.168839
10 0.451743 0.179037 0.44504 0.18187 0.436997 0.171105 0.44437 0.168272
10 0.463137 0.172805 0.457105 0.177337 0.447051 0.167705 0.453753 0.163173
10 0.47252 0.163739 0.467828 0.167139 0.459786 0.16034 0.464477 0.156374
10 0.442359 0.147309 0.437668 0.151275 0.430295 0.143909 0.434987 0.139943
10 0.440349 0.134844 0.44504 0.130878 0.453753 0.13881 0.448391 0.14221
10 0.512735 0.130312 0.508043 0.134278 0.49866 0.124646 0.503351 0.121246
10 0.479223 0.103683 0.483914 0.0991501 0.492627 0.106516 0.488606 0.111048
1 0.652145 0.501983 0.660188 0.508215 0.643432 0.523513 0.634048 0.516714
1 0.677614 0.506516 0.668231 0.50085 0.684987 0.481586 0.6937 0.488385
1 0.66555 0.501416 0.657507 0.495751 0.674933 0.475354 0.683646 0.480453
1 0.664209 0.469122 0.671582 0.474221 0.654826 0.494051 0.645442 0.488952
1 0.850536 0.310482 0.843834 0.305382 0.856568 0.290652 0.863941 0.296884
1 0.83244 0.332011 0.823056 0.328045 0.837802 0.307649 0.846515 0.313881
1 0.841153 0.303683 0.835121 0.298584 0.847855 0.286686 0.854558 0.291218
1 0.821716 0.299717 0.829088 0.303683 0.815013 0.31898 0.808311 0.314448
1 0.835121 0.299717 0.829088 0.295751 0.839812 0.280453 0.845845 0.284419
1 0.959786 0.305382 0.967158 0.310482 0.956434 0.321813 0.950402 0.317847
1 0.987265 0.316147 0.981233 0.311615 0.989946 0.300283 0.996649 0.305382
1 0.979223 0.309915 0.973861 0.305949 0.983914 0.292918 0.989276 0.296317
1 0.94571 0.294051 0.952413 0.29745 0.942359 0.311615 0.934316 0.308215
1 0.961126 0.278187 0.967158 0.281586 0.957105 0.294618 0.949732 0.291218
1 0.934987 0.304816 0.928284 0.300283 0.938338 0.288952 0.94504 0.292918
1 0.941019 0.285552 0.934987 0.281586 0.94571 0.266289 0.951743 0.270822
1 0.932306 0.277054 0.927614 0.273088 0.938338 0.264589 0.941689 0.267989
1 0.924933 0.274221 0.920241 0.270822 0.928954 0.260057 0.934316 0.264023
1 0.921582 0.279887 0.928284 0.28272 0.918901 0.296884 0.911528 0.292918
1 0.909517 0.291218 0.902815 0.286119 0.91689 0.273088 0.922922 0.277054
1 0.906166 0.267989 0.912198 0.272521 0.900804 0.286119 0.893432 0.281586
1 0.825067 0.294051 0.817694 0.288952 0.83311 0.274788 0.838472 0.279887
1 0.815684 0.292351 0.821716 0.295751 0.807641 0.312748 0.802279 0.309348
1 0.859249 0.313314 0.853217 0.309915 0.864611 0.296317 0.870643 0.301416
1 0.845174 0.31728 0.853217 0.321246 0.842493 0.335977 0.83445 0.332011
1 0.873324 0.301416 0.880697 0.306516 0.867962 0.321246 0.85992 0.31728
1 0.940349 0.346742 0.947721 0.351275 0.932976 0.367139 0.926273 0.361473
1 0.798257 0.385269 0.80563 0.389802 0.790885 0.405099 0.783512 0.400567
1 0.810322 0.384703 0.803619 0.379603 0.818365 0.364873 0.823727 0.370538
1 0.785523 0.38017 0.792225 0.384703 0.776139 0.401133 0.769437 0.397167
1 0.77815 0.372238 0.784853 0.375637 0.769437 0.394334 0.762735 0.390368
1 0.760724 0.387535 0.752681 0.382436 0.766756 0.36204 0.77681 0.367139
1 0.770107 0.359207 0.763405 0.354674 0.77882 0.338244 0.786193 0.343343
1 0.760724 0.352408 0.754021 0.346742 0.770107 0.329745 0.77815 0.334278
1 0.958445 0.383003 0.951072 0.37847 0.964477 0.364306 0.970509 0.368839
1 0.914209 0.359773 0.920912 0.364873 0.907507 0.380737 0.900134 0.376204
1 0.873995 0.326912 0.867962 0.321813 0.881367 0.306516 0.886729 0.311048
1 0.906836 0.354674 0.914209 0.35864 0.899464 0.373371 0.893432 0.368272
1 0.906166 0.347875 0.900134 0.343909 0.914879 0.329178 0.920241 0.333711
1 0.896783 0.347875 0.902815 0.351841 0.890751 0.367705 0.883378 0.363739
1 0.88807 0.341643 0.896113 0.346742 0.880697 0.363173 0.873324 0.357507
1 0.902145 0.342776 0.894772 0.33881 0.906166 0.324079 0.912198 0.328612
1 0.863941 0.351841 0.857909 0.348442 0.872654 0.332011 0.877346 0.335977
1 0.892091 0.33711 0.885389 0.332578 0.899464 0.316147 0.905496 0.320113
1 0.892091 0.310482 0.898794 0.315014 0.884048 0.330878 0.878016 0.327479
1 0.800268 0.308215 0.792895 0.304816 0.8063 0.287252 0.813003 0.291785
1 0.798257 0.283286 0.803619 0.287252 0.789544 0.301983 0.784182 0.298017
1 0.801609 0.27762 0.794906 0.273654 0.806971 0.258357 0.813003 0.262323
1 0.966488 0.160907 0.97252 0.166006 0.957775 0.18187 0.950402 0.177337
1 0.939008 0.171671 0.94571 0.177337 0.930965 0.194334 0.922922 0.189235
1 0.94571 0.179603 0.953083 0.185269 0.938338 0.2 0.931635 0.196601
1 0.959115 0.18017 0.967158 0.185269 0.949062 0.208499 0.940349 0.202266
1 0.965147 0.193768 0.97252 0.198867 0.957775 0.213031 0.951743 0.208499
1 0.963807 0.215297 0.969169 0.208499 0.992627 0.223229 0.986595 0.230595
1 0.99933 0.213598 0.994638 0.220963 0.969839 0.207365 0.976542 0.2
1 0.983244 0.173938 0.989946 0.18017 0.974531 0.197167 0.965818 0.190935
1 0.981233 0.159773 0.989276 0.165439 0.97185 0.185836 0.963137 0.179603
1 0.958445 0.155241 0.965147 0.161473 0.949732 0.176771 0.942359 0.171671
1 0.920912 0.163173 0.925603 0.167705 0.912198 0.181303 0.906166 0.177337
1 0.952413 0.143343 0.961796 0.149575 0.94504 0.170538 0.934987 0.164873
1 0.941019 0.141643 0.948391 0.147875 0.929625 0.167705 0.920912 0.161473
1 0.930295 0.14051 0.936997 0.145609 0.922922 0.16034 0.91555 0.155241
1 0.952413 0.122946 0.959786 0.128045 0.942359 0.143909 0.935657 0.13881
1 0.959786 0.129178 0.965818 0.133711 0.953083 0.147309 0.946381 0.143343
1 0.975201 0.127479 0.981233 0.132011 0.967158 0.147309 0.960456 0.142776
1 0.977212 0.139377 0.982574 0.142776 0.967828 0.16034 0.960456 0.154108
1 0.985255 0.144476 0.990617 0.149575 0.975201 0.164873 0.969169 0.159773
1 0.930965 0.164873 0.937668 0.171105 0.920241 0.188669 0.912198 0.182436
1 0.913539 0.156941 0.920241 0.161473 0.906836 0.175637 0.900804 0.171671
1 0.772788 0.265722 0.780161 0.270255 0.767426 0.284986 0.758713 0.280453
1 0.782842 0.186402 0.788874 0.191501 0.77748 0.203399 0.770107 0.198867
1 0.790885 0.270255 0.784853 0.265156 0.801609 0.252125 0.8063 0.257224
1 0.790214 0.249292 0.796917 0.253258 0.784182 0.266856 0.77748 0.26119
1 0.776139 0.26119 0.770107 0.255524 0.784182 0.241926 0.790214 0.246459
1 0.745979 0.250992 0.752011 0.254391 0.745308 0.265722 0.737265 0.262323
1 0.740617 0.243059 0.747989 0.245892 0.733914 0.261756 0.727882 0.25779
1 0.731903 0.240227 0.737265 0.244193 0.726542 0.25779 0.720509 0.253824
1 0.752011 0.244193 0.744638 0.240227 0.757373 0.224929 0.764075 0.229462
1 0.766086 0.231728 0.771448 0.234561 0.759383 0.249292 0.753351 0.245326
1 0.807641 0.196601 0.801609 0.193768 0.813003 0.18187 0.817694 0.185836
1 0.908177 0.145609 0.91756 0.151841 0.898123 0.171671 0.88807 0.165439
1 0.798928 0.197167 0.803619 0.2 0.790885 0.214164 0.785523 0.210765
1 0.813673 0.206232 0.819705 0.209065 0.808311 0.224363 0.802279 0.22153
1 0.821716 0.211898 0.828418 0.215864 0.817024 0.228895 0.810322 0.225496
1 0.851206 0.205099 0.858579 0.209632 0.847185 0.223229 0.841153 0.21813
1 0.853887 0.228895 0.847855 0.225496 0.858579 0.211898 0.863271 0.216431
1 0.86126 0.235694 0.867292 0.240793 0.856568 0.254391 0.849196 0.249858
1 0.878016 0.243059 0.871984 0.238527 0.882708 0.227195 0.88807 0.231161
1 0.899464 0.237394 0.905496 0.24136 0.894102 0.254391 0.887399 0.249858
1 0.819035 0.390935 0.811662 0.386402 0.826408 0.369972 0.83311 0.375637
1 0.80429 0.392068 0.813003 0.394901 0.801609 0.411331 0.792895 0.408499
1 0.818365 0.423229 0.810322 0.418697 0.825737 0.4017 0.83378 0.407365
1 0.740617 0.345042 0.746649 0.349008 0.732574 0.367139 0.725201 0.363173
1 0.66622 0.392068 0.658847 0.388669 0.672252 0.368839 0.680295 0.372805
1 0.648123 0.410198 0.641421 0.405666 0.655496 0.390368 0.661528 0.396034
1 0.63807 0.406232 0.628016 0.4 0.642091 0.383569 0.651475 0.388669
1 0.654155 0.359773 0.659517 0.364873 0.646113 0.379037 0.63941 0.374504
1 0.622654 0.402266 0.615282 0.396034 0.634048 0.376204 0.642091 0.382436
1 0.623995 0.369405 0.632708 0.375637 0.617292 0.392068 0.607239 0.385836
1 0.644772 0.346742 0.654155 0.352408 0.636729 0.371671 0.627346 0.366572
1 0.74933 0.351841 0.755362 0.356374 0.742627 0.371105 0.736595 0.367139
1 0.729893 0.337677 0.736595 0.342776 0.72319 0.359773 0.715147 0.355241
1 0.663539 0.428329 0.656836 0.423229 0.673592 0.402833 0.681635 0.408499
1 0.710456 0.325212 0.717158 0.329745 0.704424 0.345609 0.697721 0.341076
1 0.703083 0.318414 0.711126 0.324079 0.69504 0.339943 0.687668 0.334278
1 0.683646 0.332011 0.677614 0.326912 0.693029 0.309915 0.699062 0.315581
1 0.66622 0.31898 0.659517 0.314448 0.676944 0.296884 0.682976 0.30255
1 0.696381 0.274788 0.704424 0.280453 0.688338 0.299717 0.679625 0.294618
1 0.703083 0.287819 0.711126 0.293484 0.696381 0.307649 0.689008 0.301983
1 0.713137 0.290652 0.720509 0.296317 0.705764 0.313314 0.696381 0.308215
1 0.723861 0.298017 0.731903 0.304249 0.714477 0.320113 0.707105 0.315014
1 0.655496 0.418697 0.648123 0.412465 0.662198 0.396601 0.668901 0.402833
1 0.693029 0.383569 0.700402 0.389235 0.685657 0.405666 0.677614 0.400567
1 0.739946 0.33711 0.735255 0.330312 0.752681 0.31728 0.758043 0.324079
1 0.591823 0.451558 0.58445 0.445326 0.599196 0.428329 0.608579 0.434561
1 0.632038 0.51728 0.623324 0.511615 0.642091 0.490652 0.651475 0.496884
1 0.632708 0.485552 0.641421 0.491218 0.622654 0.510482 0.614611 0.504249
1 0.621984 0.478187 0.628686 0.483286 0.61059 0.501983 0.602547 0.496317
1 0.632708 0.449292 0.641421 0.454391 0.623995 0.473654 0.615282 0.467989
1 0.599866 0.465722 0.606568 0.469122 0.593164 0.486119 0.587131 0.482153
1 0.590483 0.458357 0.597855 0.462323 0.579759 0.483286 0.571716 0.478187
1 0.558981 0.436827 0.567694 0.441926 0.550938 0.464023 0.540885 0.458924
1 0.603217 0.458924 0.595845 0.454391 0.61059 0.43796 0.617292 0.443626
1 0.762064 0.465722 0.768097 0.470822 0.754692 0.487252 0.747319 0.48272
1 0.69504 0.411331 0.686997 0.405666 0.702413 0.388102 0.710456 0.394901
1 0.753351 0.45949 0.759383 0.464589 0.745308 0.480453 0.738606 0.474788
1 0.714477 0.45949 0.707775 0.454958 0.72185 0.437394 0.728552 0.443626
1 0.733914 0.412465 0.740617 0.416997 0.723861 0.433994 0.718499 0.427195
1 0.753351 0.453258 0.745979 0.447592 0.764075 0.428329 0.771448 0.435127
1 0.69571 0.419263 0.701072 0.423229 0.682976 0.440227 0.678284 0.435127
1 0.674263 0.431728 0.66689 0.426629 0.683646 0.410198 0.690349 0.415864
1 0.715147 0.397167 0.720509 0.4017 0.705764 0.419263 0.697721 0.414731
1 0.726542 0.400567 0.732574 0.404533 0.715147 0.426062 0.707775 0.420963
1 0.742627 0.312748 0.74933 0.31898 0.734584 0.330878 0.727882 0.325212
1 0.762064 0.326912 0.768097 0.332011 0.753351 0.345609 0.746649 0.34051
1 0.856568 0.389802 0.863941 0.394901 0.848525 0.412465 0.841823 0.407365
1 0.887399 0.43796 0.880027 0.434561 0.892091 0.41813 0.898123 0.420963
1 0.886059 0.472521 0.876005 0.466856 0.892761 0.447592 0.901475 0.453824
1 0.912869 0.489518 0.906836 0.484986 0.921582 0.469122 0.928284 0.473088
1 0.912198 0.46289 0.919571 0.467422 0.907507 0.484419 0.897453 0.478754
1 0.94437 0.477054 0.938338 0.471955 0.950402 0.454391 0.957775 0.458924
1 0.932976 0.469122 0.924933 0.464589 0.940349 0.447025 0.949062 0.452691
1 0.908847 0.433428 0.91689 0.438527 0.904826 0.452125 0.898123 0.446459
1 0.876676 0.460623 0.871314 0.454958 0.884718 0.442493 0.88941 0.447592
1 0.897453 0.440793 0.89008 0.436261 0.903485 0.420963 0.910188 0.425496
1 0.873995 0.43796 0.881367 0.441926 0.869973 0.456657 0.863271 0.452125
1 0.822386 0.471388 0.830429 0.476487 0.815013 0.495184 0.80496 0.490085
1 0.86193 0.431161 0.869303 0.435127 0.855898 0.452125 0.847855 0.447592
1 0.771448 0.473654 0.77882 0.477054 0.763405 0.494618 0.756032 0.490652
1 0.773458 0.466856 0.765416 0.460623 0.781501 0.443626 0.790885 0.449292
1 0.764745 0.45949 0.758043 0.456091 0.773458 0.437394 0.77815 0.440793
1 0.876676 0.430595 0.867292 0.425496 0.884048 0.409065 0.892091 0.415297
1 0.873995 0.403966 0.882038 0.408499 0.866622 0.425496 0.858579 0.41983
1 0.842493 0.417564 0.851206 0.42153 0.838472 0.440227 0.829759 0.436261
1 0.835121 0.410765 0.843834 0.415297 0.829759 0.432861 0.821716 0.428895
1 0.802279 0.487252 0.794906 0.481586 0.810322 0.464589 0.819035 0.470822
1 0.932976 0.476487 0.939678 0.480453 0.928954 0.494618 0.921582 0.490085
1 0.934987 0.654391 0.948391 0.661756 0.91622 0.69745 0.902815 0.688952
1 0.788204 0.586402 0.780161 0.579603 0.798257 0.562606 0.8063 0.568839
1 0.865282 0.613031 0.875335 0.619263 0.853887 0.640227 0.845174 0.633428
1 0.845174 0.605099 0.853887 0.611898 0.83244 0.635127 0.823056 0.628329
1 0.839142 0.588669 0.847855 0.594901 0.831769 0.613598 0.822386 0.607365
1 0.819705 0.604533 0.813003 0.5983 0.829088 0.58187 0.835791 0.587535
1 0.797587 0.598867 0.80496 0.602833 0.786863 0.622663 0.780831 0.616997
1 0.810322 0.598867 0.802279 0.593201 0.817694 0.576771 0.824397 0.58187
1 0.782172 0.591501 0.794236 0.596034 0.779491 0.616997 0.768097 0.611898
1 0.765416 0.608499 0.758043 0.601133 0.77681 0.584136 0.784182 0.589802
1 0.77748 0.577904 0.770777 0.571105 0.788874 0.554108 0.795576 0.559207
1 0.831099 0.505949 0.825067 0.50255 0.839812 0.487252 0.845845 0.491785
1 0.756032 0.6 0.74866 0.594901 0.766086 0.576771 0.772788 0.58187
1 0.86059 0.534278 0.867962 0.539377 0.851877 0.555807 0.844504 0.551275
1 0.891421 0.550142 0.882038 0.545609 0.903485 0.522946 0.910188 0.528612
1 0.876676 0.513881 0.886059 0.519547 0.873324 0.535411 0.863941 0.530312
1 0.849196 0.528045 0.857239 0.533711 0.843834 0.549008 0.836461 0.544476
1 0.829759 0.513881 0.837802 0.51728 0.824397 0.535977 0.815684 0.531445
1 0.843834 0.515014 0.835791 0.509915 0.850536 0.492918 0.858579 0.49915
1 0.803619 0.523513 0.794906 0.519547 0.811662 0.500283 0.818365 0.504816
7 0.99933 0.305382 0.979223 0.332578 0.772118 0.201133 0.800938 0.171105
