14 0.765663 0.0144928 0.797396 0.0144928 0.797396 0.0289855 0.765663 0.0289855
13 0.459723 0.392029 0.539463 0.391304 0.539463 0.432609 0.459723 0.432609
14 0.216436 0.124638 0.245728 0.126812 0.24166 0.13913 0.213181 0.136957
14 0.0496338 0.125362 0.0797396 0.125362 0.0805533 0.138406 0.0496338 0.14058
14 0.474369 0.138406 0.490643 0.138406 0.490643 0.152174 0.474369 0.152174
14 0.0480065 0.297826 0.0618389 0.297826 0.0618389 0.318841 0.0480065 0.318841
14 0.0195281 0.386232 0.0455655 0.386232 0.0455655 0.397101 0.0195281 0.397101
14 0.0235964 0.45 0.0398698 0.45 0.0398698 0.474638 0.0235964 0.474638
14 0.0471928 0.718841 0.0602116 0.718841 0.0602116 0.739855 0.0471928 0.739855
14 0.0398698 0.646377 0.0593979 0.646377 0.0593979 0.673913 0.0398698 0.673913
3 0.436127 0.424638 0.320586 0.423188 0.327909 0.323913 0.440195 0.325362
13 0.179821 0.331159 0.331164 0.197826 0.416599 0.273188 0.264443 0.406522
13 0.4345 0.196377 0.550041 0.197101 0.549227 0.255797 0.435313 0.255797
13 0.435313 0.267391 0.550041 0.267391 0.550041 0.326087 0.436127 0.326087
13 0.459723 0.338406 0.538649 0.337681 0.538649 0.378986 0.45891 0.378261
13 0.460537 0.530435 0.579333 0.535507 0.571196 0.724638 0.451587 0.72029
6 0.585842 0.518841 0.821806 0.518841 0.821806 0.975362 0.585842 0.975362
13 0.173312 0.51087 0.314076 0.491304 0.344996 0.661594 0.202604 0.681884
13 0.268511 0.767391 0.569569 0.776812 0.5655 0.936957 0.262002 0.927536
13 0.344996 0.632609 0.441823 0.636957 0.436941 0.75942 0.338487 0.756522
13 0.139951 0.812319 0.235151 0.814493 0.231082 0.939855 0.135069 0.937681
13 0.145647 0.678261 0.24166 0.681884 0.235964 0.808696 0.139951 0.806522
3 0.428804 0.504348 0.423922 0.600725 0.3214 0.595652 0.331977 0.493478
4 0.639544 0.652174 0.672091 0.652174 0.670464 0.714493 0.637917 0.713768
4 0.6786 0.652899 0.712775 0.652899 0.711961 0.714493 0.677787 0.714493
4 0.719284 0.653623 0.753458 0.653623 0.751017 0.715942 0.71847 0.715217
13 0.569569 0.221739 0.74939 0.222464 0.750203 0.482609 0.568755 0.482609
4 0.637103 0.75 0.66965 0.751449 0.668836 0.813768 0.634662 0.813043
4 0.6786 0.751449 0.710334 0.752174 0.708706 0.814493 0.676159 0.813768
4 0.71847 0.751449 0.751831 0.753623 0.750203 0.815217 0.716029 0.814493
14 0.104963 0.126087 0.133442 0.124638 0.12856 0.137681 0.103336 0.137681
