12 0.320472 0.580556 0.345669 0.580556 0.345669 0.612037 0.320472 0.612037
4 0.351181 0.517593 0.365354 0.512037 0.375591 0.549074 0.362205 0.552778
4 0.391339 0.527778 0.405512 0.522222 0.415748 0.557407 0.401575 0.562963
4 0.414173 0.517593 0.429134 0.512037 0.43937 0.548148 0.425197 0.552778
4 0.446457 0.498148 0.459843 0.492593 0.469291 0.527778 0.455118 0.533333
4 0.470079 0.488889 0.483465 0.483333 0.493701 0.519444 0.47874 0.524074
4 0.454331 0.433333 0.467717 0.427778 0.477953 0.462037 0.46378 0.468519
4 0.391339 0.424074 0.406299 0.418519 0.415748 0.453704 0.402362 0.458333
4 0.337008 0.460185 0.350394 0.455556 0.359843 0.490741 0.346457 0.496296
14 0.295276 0.215741 0.335433 0.232407 0.26378 0.4 0.237008 0.347222
8 0.825197 0.0203704 0.843307 0.0222222 0.843307 0.0277778 0.825197 0.0259259
8 0.70315 0.0611111 0.733858 0.05 0.735433 0.0555556 0.703937 0.0666667
8 0.780315 0.0888889 0.783465 0.0935185 0.776378 0.101852 0.772441 0.0981481
8 0.766142 0.107407 0.770079 0.111111 0.754331 0.159259 0.748031 0.156481
