9 0.537582 0.544444 0.53268 0.55 0.517974 0.54321 0.522059 0.537037
9 0.437092 0.543827 0.441176 0.550617 0.424837 0.555556 0.419935 0.550617
14 0.0669935 0.0462963 0.0947712 0.0462963 0.0947712 0.0598765 0.0669935 0.0598765
3 0.801471 0.481481 0.799837 0.540741 0.71732 0.537654 0.718954 0.475926
3 0.918301 0.440123 0.92402 0.371605 0.99183 0.375926 0.990196 0.448148
3 0.80719 0.365432 0.748366 0.388889 0.718137 0.345062 0.775327 0.319136
3 0.337418 0.730864 0.332516 0.804321 0.237745 0.797531 0.244281 0.72963
3 0.419935 0.741358 0.506536 0.741975 0.505719 0.804938 0.419118 0.804938
3 0.363562 0.62037 0.262255 0.646914 0.227124 0.566667 0.328431 0.540741
3 0.462418 0.671605 0.464052 0.616049 0.537582 0.619136 0.535131 0.672222
3 0.541667 0.357407 0.526961 0.42037 0.44281 0.411111 0.453431 0.346296
3 0.436275 0.219136 0.45098 0.12963 0.568627 0.139506 0.556373 0.230864
2 0.775327 0.188272 0.844771 0.188272 0.844771 0.235802 0.775327 0.235802
