3 0.651701 0.278394 0.693878 0.204966 0.785034 0.239831 0.742857 0.307977
3 0.589116 0.383518 0.64966 0.408347 0.618367 0.454834 0.560544 0.431062
4 0.168707 0.0396197 0.195238 0.0406762 0.193197 0.0839937 0.165986 0.0839937
4 0.207483 0.0406762 0.233333 0.0417327 0.231973 0.0850502 0.205442 0.0855784
4 0.260544 0.042261 0.287075 0.0433175 0.285034 0.086635 0.258503 0.0871632
4 0.29932 0.0438457 0.32585 0.0438457 0.32449 0.0876915 0.297959 0.0876915
4 0.338776 0.044374 0.365986 0.0454305 0.363946 0.088748 0.337415 0.0882198
4 0.0768707 0.118331 0.103401 0.118859 0.102041 0.163233 0.0755102 0.162705
4 0.115646 0.119915 0.143537 0.120444 0.140816 0.163761 0.113605 0.163233
4 0.155102 0.119915 0.182313 0.1215 0.180272 0.165346 0.152381 0.164289
4 0.208163 0.122029 0.235374 0.122557 0.233333 0.166403 0.206122 0.166931
4 0.247619 0.122557 0.27483 0.123613 0.272109 0.167459 0.244898 0.166931
4 0.287075 0.123613 0.314286 0.12467 0.311565 0.168516 0.285034 0.167459
4 0.145578 0.213946 0.172109 0.214474 0.170068 0.258848 0.143537 0.258848
13 0.463946 0.726889 0.623129 0.732171 0.612245 0.933439 0.453061 0.928156
13 0.691837 0.73851 0.82381 0.743793 0.812925 0.929741 0.680952 0.926043
6 0.402041 0.758584 0.790476 0.771263 0.781633 0.913893 0.395238 0.902272
13 0.223129 0.71738 0.381633 0.723191 0.372789 0.926043 0.214286 0.920761
13 0.0421769 0.339672 0.193197 0.295827 0.287075 0.487058 0.134694 0.530903
12 0.4 0.0306392 0.444898 0.0306392 0.444898 0.0649762 0.4 0.0649762
12 0.668707 0.622293 0.711565 0.622293 0.711565 0.657686 0.668707 0.657686
12 0.408163 0.61384 0.45102 0.61384 0.45102 0.648177 0.408163 0.648177
3 0.509524 0.229266 0.447619 0.207079 0.479592 0.159007 0.539456 0.182779
4 0.128571 0.0390914 0.155102 0.0396197 0.154422 0.0834654 0.127211 0.0829371
