0 0.867072 0.932275 0.846154 0.920106 0.8583 0.906878 0.878543 0.919048
0 0.660594 0.661376 0.679487 0.674074 0.668691 0.684127 0.649123 0.671429
0 0.114035 0.226984 0.122807 0.208466 0.144399 0.214286 0.135628 0.233862
0 0.883941 0.236508 0.85695 0.269312 0.826586 0.253439 0.854926 0.221164
0 0.62753 0.785185 0.655196 0.800529 0.632254 0.824868 0.606613 0.809524
0 0.654521 0.755556 0.630229 0.74127 0.645749 0.724868 0.669366 0.739153
0 0.709177 0.775661 0.668691 0.75291 0.698381 0.720635 0.737517 0.742857
0 0.727395 0.766138 0.74224 0.750265 0.757085 0.759259 0.740216 0.775132
0 0.699055 0.78836 0.719298 0.768783 0.738866 0.782011 0.718623 0.801058
0 0.635628 0.648148 0.65722 0.659788 0.645074 0.672487 0.624157 0.660317
0 0.680837 0.672487 0.702429 0.686243 0.689609 0.698942 0.668691 0.685714
0 0.263158 0.508466 0.283401 0.522751 0.271255 0.533862 0.252362 0.518519
0 0.134278 0.155556 0.139676 0.137037 0.159244 0.140741 0.153846 0.159259
0 0.349528 0.480423 0.329285 0.466667 0.34278 0.454497 0.362348 0.468254
0 0.333333 0.440741 0.319838 0.455556 0.305668 0.44709 0.321188 0.431746
0 0.319838 0.459259 0.302294 0.47619 0.28475 0.465079 0.303644 0.448148
0 0.298246 0.477778 0.280702 0.494709 0.265857 0.484656 0.282726 0.467725
0 0.280027 0.5 0.264507 0.513228 0.251012 0.503175 0.265182 0.489947
0 0.292848 0.503175 0.288799 0.485714 0.306343 0.48254 0.309717 0.501058
0 0.280027 0.515873 0.297571 0.501058 0.311741 0.512698 0.294197 0.525926
0 0.121457 0.202116 0.129555 0.18254 0.149123 0.18836 0.140351 0.206878
