14 0.856783 0.637947 0.94705 0.637489 0.94705 0.676444 0.857287 0.676902
3 0.767524 0.857929 0.711044 0.85747 0.71054 0.80385 0.769037 0.805225
3 0.553202 0.856554 0.552698 0.802016 0.609178 0.80385 0.608674 0.856095
3 0.75643 0.668653 0.758447 0.721815 0.699445 0.719982 0.698437 0.667736
3 0.551185 0.668653 0.612708 0.668653 0.609178 0.721357 0.552194 0.721357
3 0.425618 0.735564 0.346445 0.733731 0.34947 0.666361 0.424609 0.664986
3 0.072113 0.735105 0.0711044 0.667736 0.147756 0.668194 0.147252 0.735105
3 0.0700958 0.416132 0.143722 0.414757 0.141704 0.484876 0.0700958 0.484876
3 0.423096 0.413382 0.421583 0.47571 0.355522 0.47571 0.354513 0.413382
3 0.207766 0.171861 0.207262 0.239688 0.134644 0.237397 0.132123 0.174152
3 0.207262 0.101283 0.128593 0.10495 0.128593 0.0371219 0.206253 0.0348304
3 0.282905 0.170486 0.356531 0.170944 0.355522 0.241522 0.284922 0.24198
3 0.281896 0.101742 0.281896 0.0339138 0.358548 0.035747 0.359052 0.1022
