14 0.161895 0.761459 0.183613 0.76333 0.178677 0.772685 0.164857 0.772685
14 0.270484 0.860617 0.280355 0.860617 0.281343 0.882133 0.273445 0.884004
14 0.325765 0.896165 0.345508 0.895229 0.34847 0.908326 0.327739 0.912067
14 0.380059 0.889616 0.389931 0.88681 0.396841 0.906455 0.389931 0.908326
14 0.445212 0.91768 0.45311 0.912067 0.470879 0.920486 0.455084 0.929841
14 0.531096 0.918616 0.54689 0.913003 0.553801 0.920486 0.538993 0.92797
14 0.706811 0.623012 0.716683 0.625819 0.71076 0.63985 0.700888 0.637979
14 0.643633 0.657624 0.650543 0.661366 0.64462 0.680075 0.632774 0.672591
14 0.586377 0.697848 0.598223 0.694107 0.603159 0.712816 0.589339 0.715622
14 0.554788 0.738073 0.570582 0.739944 0.559724 0.759588 0.544916 0.754911
14 0.704837 0.190833 0.714709 0.192703 0.711747 0.208606 0.698914 0.206735
14 0.524186 0.268475 0.535044 0.276894 0.532083 0.281572 0.520237 0.275959
14 0.762093 0.251637 0.775913 0.250702 0.770977 0.263798 0.759131 0.259121
14 0.777887 0.0860617 0.793682 0.090739 0.788746 0.101964 0.772952 0.0954163
14 0.278381 0.0710945 0.298124 0.0710945 0.295163 0.0982226 0.27542 0.0963517
