0 0.541497 0.565631 0.602721 0.582752 0.563265 0.61319 0.503401 0.5948
0 0.827211 0.569436 0.832653 0.533925 0.907483 0.537096 0.89932 0.572606
0 0.684354 0.171845 0.606803 0.168041 0.614966 0.12936 0.689796 0.131896
0 0.801361 0.173748 0.704762 0.177552 0.69932 0.12936 0.793197 0.126823
0 0.873469 0.187064 0.789116 0.154724 0.840816 0.12175 0.92517 0.151554
9 0.405442 0.362714 0.413605 0.357641 0.45034 0.369055 0.442177 0.375396
9 0.376871 0.374762 0.387755 0.367787 0.42449 0.382372 0.414966 0.388713
9 0.355102 0.385542 0.365986 0.381103 0.401361 0.395054 0.393197 0.400127
0 0.646259 0.723526 0.857143 0.732403 0.836735 0.837666 0.623129 0.825618
0 0.605442 0.796449 0.662585 0.797717 0.661224 0.818009 0.604082 0.816741
0 0.872109 0.785035 0.804082 0.787571 0.8 0.749524 0.869388 0.747622
0 0.240816 0.759036 0.378231 0.757768 0.379592 0.798985 0.243537 0.800254
0 0.104762 0.726696 0.239456 0.724794 0.242177 0.769182 0.110204 0.77045
0 0.613605 0.36525 0.608163 0.388713 0.570068 0.38681 0.576871 0.36208
0 0.571429 0.409639 0.578231 0.38681 0.612245 0.389347 0.605442 0.412175
0 0.609524 0.413443 0.604082 0.435637 0.568707 0.433101 0.572789 0.410907
0 0.741497 0.414711 0.738776 0.434369 0.707483 0.434369 0.707483 0.413443
0 0.740136 0.458465 0.738776 0.483196 0.697959 0.481294 0.70068 0.456563
0 0.829932 0.53012 0.834014 0.497146 0.906122 0.500951 0.89932 0.533925
11 0.161905 0.209258 0.170068 0.187698 0.236735 0.190235 0.229932 0.213697
