0 0.608846 0.920604 0.620121 0.920926 0.620121 0.923819 0.607979 0.923497
0 0.533391 0.905014 0.518213 0.905014 0.519081 0.898746 0.534692 0.898907
0 0.63183 0.678078 0.624024 0.677917 0.624892 0.675667 0.632264 0.675667
0 0.641804 0.67856 0.634432 0.67856 0.634432 0.67631 0.642238 0.676149
0 0.651344 0.678721 0.64484 0.678721 0.64484 0.676792 0.651344 0.676792
0 0.650043 0.674542 0.658283 0.675024 0.657415 0.676953 0.649176 0.676631
0 0.660017 0.675346 0.667823 0.675667 0.667389 0.677435 0.659584 0.677435
0 0.598005 0.766635 0.609714 0.766956 0.60928 0.77017 0.596704 0.769688
0 0.603209 0.775796 0.611015 0.776117 0.609714 0.778367 0.602342 0.777885
0 0.596704 0.783671 0.60451 0.784153 0.60451 0.786242 0.595403 0.785921
0 0.524718 0.863227 0.502602 0.862745 0.505204 0.854066 0.526886 0.854388
0 0.543799 0.864674 0.528187 0.864513 0.529488 0.857763 0.5451 0.858245
0 0.56418 0.864995 0.549436 0.864513 0.551605 0.857441 0.566782 0.858084
0 0.548135 0.824815 0.526886 0.824815 0.529922 0.815011 0.54987 0.815976
0 0.574154 0.82594 0.552038 0.825137 0.556375 0.815815 0.577624 0.81694
0 0.610581 0.64722 0.602342 0.646898 0.602775 0.644327 0.611448 0.644327
0 0.620989 0.64738 0.612749 0.647059 0.612749 0.644969 0.621422 0.64513
0 0.630095 0.625844 0.642671 0.626165 0.642238 0.630987 0.628794 0.630665
0 0.650477 0.614754 0.653946 0.622469 0.62706 0.624076 0.623157 0.615718
0 0.649176 0.601093 0.668257 0.602218 0.664788 0.612665 0.641804 0.611379
0 0.62229 0.600771 0.640937 0.602218 0.634866 0.612022 0.614918 0.610254
0 0.630529 0.673738 0.638335 0.674221 0.637467 0.676471 0.629228 0.675828
0 0.620989 0.673417 0.628361 0.673738 0.62706 0.675988 0.620121 0.675667
0 0.62229 0.677596 0.614484 0.677435 0.614484 0.675185 0.622723 0.675346
0 0.616219 0.652523 0.624458 0.652845 0.623591 0.655095 0.614918 0.654773
0 0.508673 0.90405 0.495663 0.903729 0.496531 0.897621 0.509974 0.898264
0 0.51778 0.884282 0.503903 0.883478 0.505637 0.877371 0.520815 0.878014
0 0.56418 0.885246 0.547702 0.884764 0.548135 0.876567 0.566349 0.877371
0 0.541197 0.885567 0.525585 0.884924 0.526886 0.876888 0.544232 0.877371
9 0.590199 0.868692 0.598005 0.869013 0.597572 0.871263 0.588899 0.870942
0 0.590633 0.774831 0.599306 0.775153 0.598873 0.777885 0.589332 0.777563
0 0.627927 0.657666 0.620121 0.657184 0.620989 0.655095 0.628361 0.655256
0 0.626193 0.653005 0.634432 0.653488 0.633131 0.655738 0.624458 0.655095
0 0.606678 0.652523 0.614484 0.652684 0.613617 0.654773 0.605811 0.654613
0 0.610147 0.672935 0.61882 0.673095 0.618387 0.675667 0.610581 0.675828
0 0.617086 0.657023 0.610581 0.656702 0.611015 0.654773 0.618387 0.654934
0 0.637901 0.657988 0.629662 0.657666 0.630529 0.655416 0.638768 0.655416
0 0.604944 0.666988 0.596704 0.666667 0.597572 0.664256 0.605811 0.664738
0 0.603209 0.662649 0.611448 0.662809 0.610581 0.665059 0.602342 0.664899
0 0.613183 0.662809 0.621422 0.663131 0.620121 0.665542 0.611882 0.664899
0 0.623591 0.663292 0.63183 0.663613 0.631396 0.665863 0.623157 0.665542
0 0.625325 0.66747 0.617086 0.66731 0.61752 0.665059 0.625325 0.66522
0 0.635733 0.667952 0.62706 0.667631 0.627493 0.665702 0.636167 0.665863
0 0.624458 0.53793 0.636167 0.547573 0.605377 0.553359 0.592801 0.543394
