0 0.564689 0.627249 0.586133 0.632391 0.584346 0.671808 0.562902 0.66581
0 0.572552 0.500428 0.57148 0.46958 0.583631 0.467866 0.584346 0.498715
0 0.606505 0.556127 0.589707 0.556127 0.588992 0.520994 0.606505 0.520137
0 0.624375 0.549272 0.610436 0.551842 0.609364 0.525278 0.62366 0.523565
0 0.645104 0.556127 0.625447 0.559554 0.624732 0.517566 0.644389 0.515853
0 0.644746 0.688946 0.633667 0.667524 0.6401 0.647815 0.651179 0.667524
0 0.646176 0.697515 0.641172 0.727506 0.63045 0.716367 0.635454 0.686375
0 0.83238 0.193659 0.81594 0.208226 0.809864 0.17138 0.826662 0.156812
0 0.808792 0.230506 0.7995 0.254499 0.792352 0.238218 0.801287 0.215081
0 0.810579 0.254499 0.801644 0.283633 0.793781 0.263925 0.802359 0.239931
0 0.822016 0.244216 0.813081 0.27078 0.805575 0.257926 0.81451 0.229649
0 0.818084 0.283633 0.809149 0.310197 0.800929 0.293059 0.809507 0.267352
0 0.832023 0.330763 0.845604 0.35904 0.838456 0.378749 0.824875 0.353042
0 0.840958 0.399314 0.83381 0.431877 0.82416 0.420737 0.832023 0.386461
0 0.827377 0.443873 0.818799 0.473008 0.811294 0.457584 0.819514 0.430163
0 0.795568 0.502999 0.807362 0.523565 0.800572 0.545844 0.78842 0.522708
0 0.778771 0.56641 0.767691 0.586975 0.760543 0.56641 0.77055 0.544987
0 0.849178 0.522708 0.875983 0.515853 0.878127 0.58012 0.852752 0.586118
0 0.879914 0.520994 0.908506 0.520994 0.908506 0.579263 0.880629 0.578406
0 0.583274 0.548415 0.575054 0.523565 0.582559 0.508141 0.590422 0.532991
0 0.570407 0.420737 0.569693 0.386461 0.581129 0.386461 0.581844 0.41988
0 0.423874 0.81491 0.437455 0.818338 0.436741 0.83976 0.423159 0.838046
0 0.569693 0.384747 0.568978 0.353042 0.57827 0.353899 0.578628 0.384747
0 0.174768 0.312768 0.186919 0.314482 0.186204 0.338475 0.173695 0.335904
0 0.213009 0.305056 0.227663 0.305913 0.227663 0.339332 0.213367 0.338475
0 0.267691 0.258783 0.253753 0.258783 0.253395 0.233076 0.267691 0.233076
0 0.288063 0.254499 0.274482 0.254499 0.274124 0.230506 0.287706 0.229649
0 0.310579 0.239075 0.296998 0.250214 0.293424 0.226221 0.307005 0.213368
0 0.33238 0.22108 0.318442 0.233933 0.314868 0.208226 0.327734 0.194516
0 0.397069 0.218509 0.382773 0.216795 0.383846 0.182519 0.397427 0.184233
0 0.274124 0.304199 0.28985 0.303342 0.28985 0.33162 0.274482 0.332476
0 0.298785 0.302485 0.312723 0.293916 0.315225 0.317052 0.301644 0.326478
0 0.342387 0.27078 0.357041 0.269066 0.357041 0.290488 0.343102 0.291345
0 0.362759 0.262211 0.378127 0.263068 0.377412 0.287061 0.362759 0.287061
0 0.404217 0.263925 0.417798 0.263925 0.417084 0.291345 0.404217 0.289632
0 0.443888 0.261354 0.459257 0.263068 0.458542 0.287918 0.443531 0.286204
0 0.463903 0.263068 0.478556 0.263925 0.478199 0.287918 0.463545 0.287061
0 0.483917 0.260497 0.498928 0.263068 0.497856 0.287918 0.483202 0.28449
0 0.504289 0.260497 0.519299 0.262211 0.518942 0.287061 0.503931 0.286204
0 0.568263 0.348757 0.567191 0.314482 0.57827 0.312768 0.578985 0.348757
0 0.909221 0.514139 0.932452 0.509854 0.934239 0.569837 0.911365 0.574122
11 0.952109 0.960583 0.959257 0.977721 0.949249 1 0.942102 0.982862
0 0.970693 0.857755 0.987491 0.888603 0.978914 0.917738 0.962473 0.888603
0 0.864904 0.279349 0.850608 0.247644 0.862402 0.215081 0.877055 0.246787
0 0.375983 0.67952 0.389564 0.680377 0.389564 0.702656 0.375625 0.702656
0 0.38456 0.784062 0.384203 0.817481 0.372766 0.816624 0.372766 0.783205
0 0.389207 0.820908 0.402788 0.821765 0.402788 0.844045 0.388492 0.843188
0 0.454253 0.820908 0.468549 0.819195 0.468906 0.842331 0.454968 0.844901
0 0.479271 0.81491 0.494639 0.81491 0.494639 0.840617 0.480343 0.842331
0 0.432809 0.583548 0.4203 0.584404 0.4203 0.563839 0.433167 0.564696
0 0.470693 0.561268 0.484989 0.562125 0.484989 0.582691 0.470336 0.582691
0 0.516798 0.208226 0.505361 0.208226 0.505361 0.183376 0.517513 0.184233
0 0.497856 0.208226 0.484274 0.207369 0.484274 0.18509 0.498213 0.184233
0 0.478199 0.209083 0.463188 0.207369 0.463903 0.183376 0.477841 0.184233
0 0.766976 0.628106 0.780558 0.655527 0.774124 0.675236 0.759828 0.647815
0 0.110793 0.509854 0.111866 0.550129 0.0986419 0.551842 0.0975697 0.508997
0 0.109721 0.589546 0.109364 0.62982 0.0961401 0.628963 0.0964975 0.588689
0 0.153324 0.310197 0.167262 0.310197 0.167262 0.338475 0.153324 0.337618
0 0.19371 0.312768 0.207291 0.312768 0.207291 0.33419 0.194067 0.33419
0 0.38599 0.756641 0.401716 0.757498 0.401358 0.782348 0.38599 0.782348
0 0.404575 0.817481 0.4203 0.815767 0.420658 0.844901 0.405289 0.845758
0 0.309507 0.737789 0.318442 0.695801 0.341315 0.724936 0.333095 0.763496
0 0.301644 0.739503 0.312366 0.712939 0.320944 0.731791 0.310936 0.757498
0 0.291637 0.724079 0.304503 0.706941 0.309149 0.727506 0.296283 0.744644
0 0.129021 0.688089 0.117227 0.698372 0.11401 0.677806 0.125447 0.666667
0 0.884203 0.306769 0.86955 0.287061 0.875983 0.257926 0.890636 0.277635
0 0.864904 0.307626 0.851322 0.281063 0.8599 0.257069 0.873124 0.282776
0 0.122588 0.592117 0.12223 0.626392 0.110793 0.626392 0.110436 0.590403
0 0.110793 0.631534 0.110436 0.663239 0.101144 0.662382 0.101144 0.62982
0 0.124375 0.630677 0.124017 0.66581 0.113653 0.664096 0.114367 0.630677
0 0.111866 0.689803 0.100786 0.706084 0.0947105 0.682948 0.10579 0.66581
0 0.121515 0.688089 0.108292 0.700086 0.104718 0.677806 0.117584 0.664953
0 0.116154 0.706941 0.116512 0.748929 0.0947105 0.750643 0.0943531 0.708655
0 0.276269 0.724936 0.290565 0.725793 0.290207 0.750643 0.276269 0.749786
0 0.13331 0.696658 0.133667 0.736075 0.115082 0.735219 0.11401 0.698372
0 0.18406 0.737789 0.196212 0.739503 0.195854 0.766067 0.18406 0.766067
0 0.213367 0.71551 0.213367 0.750643 0.2005 0.750643 0.200858 0.71551
0 0.226233 0.761782 0.209435 0.736075 0.216583 0.707798 0.233381 0.733505
0 0.227305 0.709512 0.242673 0.725793 0.237312 0.754927 0.221587 0.735219
0 0.245533 0.719794 0.258399 0.735219 0.253395 0.757498 0.240886 0.742074
0 0.265904 0.7515 0.253753 0.742931 0.256612 0.721508 0.268763 0.72922
0 0.187277 0.260497 0.172623 0.260497 0.172981 0.235647 0.187277 0.23479
