5 0.641227 0.741667 0.670338 0.72037 0.678993 0.736111 0.650669 0.758333
5 0.623131 0.702778 0.649882 0.684259 0.658537 0.699074 0.630212 0.718519
5 0.632573 0.721296 0.659323 0.701852 0.668765 0.717593 0.641227 0.737037
4 0.665618 0.783333 0.68214 0.77037 0.687648 0.778704 0.670338 0.791667
4 0.659323 0.772222 0.676633 0.760185 0.680566 0.767593 0.664044 0.780556
4 0.653816 0.760185 0.671125 0.748148 0.675059 0.757407 0.658537 0.768519
3 0.540519 0.881481 0.521637 0.84537 0.555468 0.826852 0.573564 0.859259
3 0.572777 0.716667 0.607396 0.774074 0.556255 0.806481 0.52321 0.753704
13 0.324941 0.562963 0.383163 0.522222 0.464201 0.673148 0.407553 0.714815
6 0.281668 0.526852 0.374508 0.460185 0.505901 0.705556 0.413847 0.775
4 0.274587 0.472222 0.288749 0.462037 0.306845 0.49537 0.292683 0.50463
4 0.29583 0.457407 0.309992 0.446296 0.328088 0.478704 0.314713 0.489815
4 0.269866 0.406481 0.284028 0.396296 0.302124 0.42963 0.287962 0.439815
4 0.247836 0.421296 0.261998 0.411111 0.280094 0.44537 0.265146 0.45463
