12 0.518362 0.354534 0.534287 0.354534 0.534287 0.375161 0.518362 0.375161
12 0.436139 0.275032 0.450114 0.275032 0.450114 0.296949 0.436139 0.296949
12 0.404615 0.236786 0.41794 0.236786 0.41794 0.256124 0.404615 0.256124
12 0.305167 0.162011 0.318817 0.162011 0.318817 0.178771 0.305167 0.178771
12 0.459539 0.591319 0.474488 0.591319 0.474488 0.611087 0.459539 0.611087
12 0.354566 0.554792 0.372441 0.554792 0.372441 0.57456 0.354566 0.57456
12 0.631784 0.480447 0.648359 0.480447 0.648359 0.499785 0.631784 0.499785
12 0.705557 0.473141 0.719857 0.473141 0.719857 0.493339 0.705557 0.493339
12 0.885603 0.615814 0.905102 0.615814 0.905102 0.642888 0.885603 0.642888
12 0.130647 0.620112 0.142996 0.620112 0.142996 0.637301 0.130647 0.637301
12 0.162821 0.660937 0.176146 0.660937 0.176146 0.678986 0.162821 0.678986
12 0.0747481 0.483885 0.0890478 0.483885 0.0890478 0.503223 0.0747481 0.503223
12 0.176146 0.505372 0.191095 0.505372 0.191095 0.527718 0.176146 0.527718
12 0.353916 0.785561 0.368866 0.785561 0.368866 0.804899 0.353916 0.804899
12 0.227819 0.739579 0.243094 0.739579 0.243094 0.761066 0.227819 0.761066
12 0.159896 0.838419 0.179396 0.838419 0.179396 0.862054 0.159896 0.862054
