7 0.607799 0.217151 0.620056 0.262794 0.532033 0.289903 0.517549 0.242324
2 0.323398 0.35408 0.359331 0.35408 0.359331 0.388382 0.323398 0.388382
2 0.604457 0.509544 0.620613 0.509544 0.620613 0.526971 0.604457 0.526971
2 0.570752 0.492116 0.586351 0.492116 0.586351 0.508437 0.570752 0.508437
2 0.638162 0.469156 0.647075 0.469156 0.647075 0.478285 0.638162 0.478285
2 0.631755 0.456985 0.642897 0.456985 0.642897 0.468326 0.631755 0.468326
2 0.644568 0.451452 0.65571 0.451452 0.65571 0.461687 0.644568 0.461687
2 0.622284 0.496542 0.644011 0.496542 0.644011 0.516736 0.622284 0.516736
2 0.611699 0.474689 0.632591 0.474689 0.632591 0.493776 0.611699 0.493776
2 0.589972 0.482434 0.60585 0.482434 0.60585 0.498479 0.589972 0.498479
2 0.615877 0.405533 0.64234 0.405533 0.64234 0.432365 0.615877 0.432365
2 0.587744 0.41964 0.612813 0.41964 0.612813 0.44592 0.587744 0.44592
2 0.511699 0.470816 0.522006 0.470816 0.522006 0.481051 0.511699 0.481051
2 0.475209 0.485754 0.491922 0.485754 0.491922 0.502075 0.475209 0.502075
2 0.455432 0.495436 0.471309 0.495436 0.471309 0.511203 0.455432 0.511203
2 0.4 0.510927 0.425348 0.510927 0.425348 0.536929 0.4 0.536929
2 0.389136 0.325864 0.420334 0.325864 0.420334 0.35657 0.389136 0.35657
2 0.658496 0.493776 0.66546 0.493776 0.66546 0.500415 0.658496 0.500415
2 0.362117 0.274689 0.393036 0.274689 0.393036 0.303734 0.362117 0.303734
2 0.422006 0.24509 0.452089 0.24509 0.452089 0.274136 0.422006 0.274136
2 0.448189 0.296542 0.478552 0.296542 0.478552 0.326971 0.448189 0.326971
2 0.543175 0.451176 0.559053 0.451176 0.559053 0.466943 0.543175 0.466943
2 0.493872 0.474965 0.511421 0.474965 0.511421 0.491563 0.493872 0.491563
2 0.516992 0.284094 0.533426 0.284094 0.533426 0.299585 0.516992 0.299585
2 0.414485 0.3787 0.449025 0.3787 0.449025 0.413555 0.414485 0.413555
2 0.502507 0.406916 0.537047 0.406916 0.537047 0.440111 0.502507 0.440111
2 0.442897 0.434578 0.477994 0.434578 0.477994 0.469433 0.442897 0.469433
2 0.471866 0.347441 0.508078 0.347441 0.508078 0.383679 0.471866 0.383679
2 0.573538 0.386999 0.601114 0.386999 0.601114 0.414938 0.573538 0.414938
2 0.555989 0.355463 0.58273 0.355463 0.58273 0.381743 0.555989 0.381743
2 0.53844 0.321715 0.565738 0.321715 0.565738 0.348548 0.53844 0.348548
2 0.526462 0.301521 0.546518 0.301521 0.546518 0.321162 0.526462 0.321162
2 0.505571 0.563485 0.516713 0.563485 0.516713 0.574274 0.505571 0.574274
2 0.549025 0.503181 0.566017 0.503181 0.566017 0.519225 0.549025 0.519225
2 0.58468 0.520609 0.601114 0.520609 0.601114 0.5361 0.58468 0.5361
2 0.563788 0.53029 0.581058 0.53029 0.581058 0.546611 0.563788 0.546611
2 0.650139 0.497925 0.657382 0.497925 0.657382 0.504288 0.650139 0.504288
2 0.646518 0.491563 0.653482 0.491563 0.653482 0.497372 0.646518 0.497372
2 0.655153 0.487414 0.662117 0.487414 0.662117 0.493223 0.655153 0.493223
2 0.658496 0.474412 0.667967 0.474412 0.667967 0.484094 0.658496 0.484094
2 0.525348 0.565422 0.534819 0.565422 0.534819 0.573167 0.525348 0.573167
2 0.521448 0.557676 0.528691 0.557676 0.528691 0.563762 0.521448 0.563762
2 0.519499 0.550761 0.524791 0.550761 0.524791 0.557123 0.519499 0.557123
1 0.684123 0.368465 0.693593 0.365698 0.700836 0.389488 0.691086 0.392254
1 0.66156 0.303181 0.668245 0.302075 0.672145 0.323928 0.66546 0.325311
7 0.802228 0.612448 0.80195 0.618257 0.72507 0.614661 0.72507 0.608575
7 0.698607 0.395297 0.70585 0.393638 0.720056 0.439281 0.713649 0.441217
1 0.670474 0.316183 0.674652 0.315353 0.676323 0.326418 0.672981 0.326694
1 0.66546 0.779253 0.671309 0.772891 0.701393 0.798617 0.694429 0.805533
7 0.733426 0.771231 0.74234 0.7787 0.713928 0.810788 0.705292 0.802766
2 0.452646 0.562932 0.459889 0.562932 0.459889 0.568188 0.452646 0.568188
2 0.467967 0.625726 0.475766 0.625726 0.475766 0.634025 0.467967 0.634025
2 0.667688 0.493776 0.677437 0.493776 0.677437 0.503458 0.667688 0.503458
2 0.599443 0.565698 0.611421 0.565698 0.611421 0.57704 0.599443 0.57704
2 0.612535 0.558506 0.623955 0.558506 0.623955 0.570678 0.612535 0.570678
2 0.537604 0.521162 0.544847 0.521162 0.544847 0.527524 0.537604 0.527524
2 0.533426 0.511757 0.540111 0.511757 0.540111 0.519225 0.533426 0.519225
2 0.544847 0.539142 0.561838 0.539142 0.561838 0.556017 0.544847 0.556017
2 0.491365 0.571231 0.501114 0.571231 0.501114 0.582019 0.491365 0.582019
2 0.484958 0.559059 0.495265 0.559059 0.495265 0.569295 0.484958 0.569295
2 0.499721 0.55242 0.511142 0.55242 0.511142 0.562379 0.499721 0.562379
2 0.493593 0.539696 0.504735 0.539696 0.504735 0.550484 0.493593 0.550484
2 0.479109 0.547165 0.490251 0.547165 0.490251 0.557676 0.479109 0.557676
2 0.474095 0.536653 0.483565 0.536653 0.483565 0.546611 0.474095 0.546611
2 0.446797 0.550484 0.456825 0.550484 0.456825 0.560996 0.446797 0.560996
2 0.296657 0.299585 0.331755 0.299585 0.331755 0.334716 0.296657 0.334716
