1 0.74352 0.213144 0.740791 0.204263 0.789905 0.181172 0.792633 0.191829
1 0.740791 0.202487 0.736698 0.190053 0.787176 0.168739 0.789905 0.17762
1 0.736698 0.188277 0.73397 0.17762 0.784447 0.156306 0.78854 0.165187
1 0.750341 0.168739 0.744884 0.161634 0.789905 0.120782 0.795362 0.131439
1 0.597544 0.17762 0.607094 0.170515 0.643929 0.232682 0.634379 0.241563
1 0.323329 0.442274 0.317872 0.431616 0.366985 0.397869 0.371078 0.410302
1 0.388813 0.456483 0.376535 0.452931 0.386085 0.383659 0.399727 0.385435
1 0.115962 0.53286 0.110505 0.520426 0.158254 0.492007 0.162347 0.502664
1 0.110505 0.51865 0.106412 0.507993 0.152797 0.479574 0.155525 0.490231
1 0.294679 0.285968 0.291951 0.271758 0.354707 0.248668 0.357435 0.262877
1 0.511596 0.170515 0.506139 0.159858 0.557981 0.127886 0.563438 0.136767
