0 0.924191 0.629412 0.91442 0.645221 0.897574 0.633824 0.905997 0.616912
0 0.519879 0.302941 0.514825 0.282353 0.534704 0.277941 0.540094 0.298529
0 0.129043 0.643382 0.148585 0.652206 0.137803 0.673529 0.120283 0.663235
0 0.140499 0.531618 0.109164 0.509559 0.133086 0.48125 0.158693 0.508088
0 0.202493 0.573162 0.190027 0.561029 0.200472 0.545221 0.215633 0.557721
0 0.231132 0.595588 0.214623 0.58125 0.230458 0.562868 0.244946 0.577206
0 0.256739 0.61875 0.240566 0.604044 0.254717 0.5875 0.268531 0.601838
0 0.314016 0.661765 0.296159 0.648529 0.306941 0.627206 0.326146 0.641912
0 0.36186 0.6625 0.340633 0.666912 0.335916 0.641544 0.35748 0.637132
0 0.392857 0.651103 0.373315 0.655882 0.367588 0.630147 0.38814 0.625
0 0.425202 0.622794 0.412736 0.637132 0.397911 0.621691 0.412062 0.606618
0 0.483827 0.519853 0.480458 0.537868 0.458221 0.529412 0.463612 0.510294
0 0.437332 0.527941 0.435984 0.548162 0.413747 0.545956 0.416105 0.525
0 0.484838 0.484559 0.485849 0.502941 0.460916 0.501471 0.460916 0.483088
0 0.46496 0.423162 0.47035 0.440809 0.451482 0.448529 0.445081 0.428676
0 0.455863 0.393382 0.461253 0.411765 0.440701 0.419118 0.434299 0.399632
0 0.442722 0.365809 0.448787 0.386029 0.430256 0.392647 0.424528 0.372794
0 0.37938 0.380147 0.397574 0.372794 0.407008 0.397794 0.38814 0.404779
0 0.499663 0.2375 0.480458 0.221691 0.490903 0.199265 0.510782 0.213235
0 0.461253 0.233824 0.442722 0.2375 0.436321 0.209559 0.45721 0.205882
0 0.411388 0.268382 0.399596 0.285662 0.381065 0.269118 0.394542 0.251103
0 0.42217 0.227574 0.402291 0.236029 0.393194 0.208824 0.413073 0.201103
0 0.371968 0.136029 0.38376 0.121691 0.398248 0.137868 0.387466 0.152206
0 0.0336927 0.733088 0.0154987 0.715809 0.0299865 0.694485 0.0512129 0.713971
0 0.52965 0.338235 0.524596 0.318382 0.547507 0.3125 0.554582 0.333088
0 0.939016 0.609191 0.929582 0.624632 0.910377 0.611029 0.921833 0.594853
0 0.541105 0.375 0.53504 0.354779 0.556267 0.348529 0.563005 0.369118
0 0.602763 0.154412 0.621631 0.165441 0.607817 0.1875 0.59097 0.172794
0 0.626685 0.174265 0.646226 0.185294 0.631739 0.211765 0.609164 0.195956
0 0.891509 0.284926 0.881739 0.3 0.86186 0.284191 0.872642 0.267647
0 0.770889 0.119118 0.78504 0.105147 0.801213 0.123162 0.787399 0.139338
0 0.764488 0.667647 0.76314 0.684926 0.738208 0.679412 0.743935 0.659559
0 0.653639 0.814706 0.665094 0.797794 0.682615 0.815441 0.671159 0.830147
0 0.56907 0.884559 0.551887 0.870956 0.565364 0.850735 0.58221 0.866176
0 0.514151 0.839706 0.502358 0.827574 0.511456 0.811397 0.527628 0.823897
0 0.47372 0.726471 0.475404 0.702941 0.496631 0.705515 0.493935 0.730147
0 0.514825 0.645588 0.529313 0.630147 0.546159 0.648529 0.532345 0.663971
0 0.53841 0.621324 0.552224 0.604044 0.569744 0.620588 0.553908 0.637132
0 0.565364 0.592279 0.582547 0.584926 0.591644 0.603676 0.575135 0.614706
0 0.648248 0.587132 0.668801 0.590441 0.665431 0.616912 0.644542 0.614338
0 0.675539 0.592279 0.694744 0.595588 0.691038 0.61875 0.67217 0.615441
0 0.701482 0.597426 0.719677 0.601838 0.71597 0.625 0.695755 0.619853
0 0.726078 0.603309 0.745283 0.608088 0.739892 0.631985 0.71934 0.627206
0 0.83558 0.552574 0.840296 0.533088 0.859838 0.537868 0.854784 0.558824
0 0.792116 0.501103 0.770889 0.497426 0.772574 0.473529 0.794811 0.475368
0 0.758423 0.502941 0.738208 0.499632 0.739218 0.476103 0.760108 0.477941
0 0.690364 0.495956 0.668801 0.490074 0.670822 0.464338 0.69407 0.468382
0 0.55155 0.424265 0.540094 0.394118 0.570418 0.383456 0.579852 0.4125
0 0.323787 0.201471 0.337601 0.187868 0.352426 0.202941 0.339286 0.21875
