10 0.643742 0.954297 0.638166 0.960755 0.614622 0.947839 0.620818 0.940884
10 0.304213 0.966716 0.309789 0.974665 0.29368 0.981619 0.287485 0.973671
4 0.557621 0.299553 0.66109 0.356682 0.626394 0.395926 0.524783 0.338301
4 0.612763 0.235469 0.717472 0.296076 0.680297 0.33532 0.575589 0.277198
4 0.660471 0.183308 0.76456 0.241431 0.728005 0.279185 0.625774 0.222553
4 0.707559 0.128664 0.811648 0.186289 0.775713 0.226528 0.672862 0.169896
4 0.714374 0.388475 0.815366 0.4461 0.77881 0.485842 0.677819 0.42772
9 0.201363 0.905117 0.206939 0.912072 0.185874 0.923 0.180297 0.916542
10 0.213135 0.913562 0.218092 0.919523 0.198885 0.928465 0.193309 0.923
10 0.227385 0.919026 0.232342 0.927968 0.213135 0.934426 0.209418 0.927471
10 0.237299 0.927471 0.241016 0.933433 0.226146 0.940387 0.22119 0.93542
10 0.262082 0.937904 0.267658 0.945852 0.246592 0.955291 0.242875 0.946846
10 0.295539 0.959265 0.299876 0.967213 0.281908 0.973671 0.277571 0.965723
10 0.281908 0.952807 0.287485 0.960755 0.268897 0.9692 0.263321 0.960755
10 0.971499 0.382017 0.977076 0.374565 0.995663 0.385991 0.990706 0.391952
10 0.269517 0.945355 0.276332 0.952807 0.255266 0.963239 0.248451 0.955787
10 0.697026 0.930949 0.7057 0.934426 0.695167 0.949826 0.687113 0.946349
10 0.812268 0.971187 0.819083 0.976155 0.804833 0.991555 0.796159 0.985594
9 0.931227 0.919026 0.921933 0.924491 0.900248 0.902136 0.910161 0.896672
10 0.889715 0.943368 0.895911 0.938897 0.908922 0.951813 0.902726 0.956284
9 0.806691 0.805763 0.819083 0.812717 0.797398 0.839046 0.783767 0.832091
10 0.794919 0.750124 0.799876 0.744163 0.819083 0.755092 0.814746 0.760556
10 0.94052 0.581222 0.944857 0.574267 0.965304 0.584699 0.960967 0.590661
10 0.9114 0.438152 0.915118 0.431694 0.939281 0.441629 0.936183 0.447591
10 0.945477 0.410333 0.948575 0.403378 0.97026 0.413313 0.965923 0.420268
10 0.958488 0.393939 0.964684 0.386985 0.983891 0.39841 0.978315 0.404868
13 0.486369 0.386985 0.798637 0.57079 0.463445 0.929955 0.155514 0.743169
