10 0.605742 0.235005 0.610048 0.234655 0.611483 0.24167 0.607177 0.24202
4 0.100478 0.435637 0.122488 0.434234 0.12823 0.468257 0.105263 0.470361
13 0.273206 0.214311 0.45933 0.193266 0.480383 0.287969 0.294737 0.309365
4 0.260766 0.514206 0.282775 0.512101 0.289474 0.547176 0.266029 0.54893
4 0.226316 0.518064 0.248325 0.515959 0.254067 0.549281 0.232057 0.551035
4 0.179426 0.491407 0.201435 0.489653 0.20622 0.524027 0.184689 0.526131
4 0.146411 0.494563 0.168421 0.49281 0.173206 0.526833 0.151196 0.528937
4 0.112919 0.496668 0.13445 0.494914 0.139713 0.529989 0.118182 0.531743
4 0.130622 0.352508 0.154067 0.350754 0.158852 0.384777 0.134928 0.386882
4 0.134928 0.432831 0.156938 0.431077 0.162201 0.465451 0.140191 0.467555
4 0.0545455 0.439495 0.0770335 0.437741 0.0827751 0.472466 0.0593301 0.473518
10 0.620096 0.30235 0.625359 0.301649 0.628708 0.310067 0.623923 0.311119
4 0.0196172 0.442301 0.0421053 0.439846 0.0483254 0.475272 0.0253589 0.477026
4 0.0688995 0.215363 0.0913876 0.213609 0.0961722 0.248685 0.0732057 0.250789
4 0.0320574 0.2792 0.0535885 0.277447 0.0583732 0.312171 0.0363636 0.313574
4 0.0770335 0.275693 0.0995215 0.273588 0.104785 0.307611 0.0827751 0.309716
4 0.111005 0.272536 0.133971 0.270782 0.139234 0.305507 0.116746 0.307962
1 0.59378 0.842511 0.604306 0.829884 0.783254 0.908804 0.770813 0.922834
1 0.037799 0.709225 0.0358852 0.715889 0.00574163 0.712031 0.0062201 0.706068
1 0.103828 0.868818 0.109569 0.856191 0.308134 0.903893 0.302871 0.917573
4 0.420574 0.393546 0.439234 0.384427 0.467943 0.411435 0.449282 0.421256
4 0.450239 0.378113 0.469378 0.368292 0.496651 0.396001 0.478947 0.405823
4 0.479426 0.362329 0.497129 0.352859 0.525359 0.380568 0.507177 0.390389
4 0.508612 0.347247 0.526316 0.336724 0.555502 0.365135 0.537799 0.375307
10 0.686124 0.428972 0.689952 0.427569 0.694737 0.433883 0.690431 0.435637
10 0.711962 0.466503 0.715789 0.464398 0.721053 0.470361 0.716746 0.472115
10 0.751196 0.504034 0.755502 0.50228 0.760766 0.508593 0.757416 0.509996
10 0.726794 0.493511 0.729665 0.491757 0.735407 0.497369 0.731579 0.499123
10 0.629665 0.344441 0.633971 0.343038 0.637799 0.351105 0.633971 0.352508
9 0.601435 0.197475 0.608612 0.196773 0.610048 0.208348 0.602871 0.208699
4 0.419617 0.1396 0.441148 0.137145 0.447847 0.170467 0.426316 0.173273
4 0.383254 0.143108 0.405263 0.140652 0.411962 0.175026 0.390909 0.177131
4 0.372249 0.0866363 0.394258 0.084181 0.400478 0.118555 0.378469 0.120659
4 0.360766 0.0340231 0.382775 0.0315679 0.390431 0.0659418 0.368421 0.0683971
13 0.0770335 0.0140302 0.204306 0.000350754 0.235407 0.146615 0.105263 0.161347
14 0.213397 0.351105 0.230144 0.350053 0.23445 0.378814 0.216746 0.379867
1 0.3689 0.786391 0.372727 0.776219 0.498086 0.806033 0.493301 0.815854
4 0.502392 0.553841 0.520574 0.54402 0.549282 0.571378 0.530622 0.580498
4 0.477033 0.430726 0.495215 0.420554 0.523923 0.449667 0.505263 0.458786
4 0.505742 0.415293 0.52488 0.405823 0.552153 0.433532 0.53445 0.442652
4 0.447847 0.445808 0.466029 0.436689 0.492823 0.464749 0.475598 0.473869
1 0.322967 0.766047 0.317225 0.78148 0.120574 0.735882 0.12823 0.720098
