4 0.703601 0.216561 0.73892 0.214244 0.745152 0.272727 0.709834 0.275622
4 0.65097 0.220035 0.684903 0.217719 0.689751 0.276781 0.655125 0.280255
4 0.591413 0.224088 0.624654 0.222351 0.629501 0.280834 0.595568 0.283729
4 0.537396 0.228141 0.572022 0.226404 0.57687 0.284887 0.543629 0.287203
4 0.797091 0.0914881 0.831025 0.0885929 0.834488 0.146497 0.801939 0.148813
4 0.746537 0.0955414 0.780471 0.0932252 0.786011 0.151129 0.752078 0.154603
4 0.689751 0.0995947 0.722992 0.0961204 0.727147 0.155761 0.693906 0.158078
4 0.638504 0.103648 0.67313 0.100753 0.677978 0.158657 0.644044 0.160973
4 0.5741 0.107701 0.607341 0.105385 0.611496 0.16271 0.578947 0.166763
4 0.76662 0.00115808 0.795014 0.000579039 0.801939 0.0538506 0.771468 0.0555877
4 0.720222 0.00231616 0.751385 0.000579039 0.75831 0.0573248 0.726454 0.0579039
6 0.523546 0.383324 0.82133 0.369427 0.859418 0.78286 0.569252 0.798494
13 0.585873 0.466705 0.787396 0.455124 0.811634 0.707006 0.610111 0.723798
13 0.563712 0.940938 0.693213 0.93399 0.694598 0.986103 0.56856 0.993631
13 0.0976454 0.383324 0.299169 0.368848 0.327562 0.634627 0.121884 0.649682
