10 0.477006 0.723489 0.474301 0.707631 0.504959 0.701685 0.508566 0.717542
9 0.715059 0.398414 0.695221 0.390486 0.728584 0.289395 0.74752 0.295342
9 0.767358 0.697721 0.762849 0.673935 0.857529 0.657086 0.860234 0.680872
9 0.766456 0.670961 0.761046 0.647175 0.853021 0.627354 0.856628 0.653122
9 0.761948 0.644202 0.757439 0.619425 0.848512 0.600595 0.853021 0.625372
9 0.758341 0.615461 0.753832 0.591675 0.844905 0.572844 0.848512 0.597621
9 0.752931 0.587711 0.749324 0.565907 0.840397 0.547076 0.8422 0.569871
9 0.749324 0.561943 0.745717 0.538157 0.835888 0.520317 0.838593 0.544103
9 0.745717 0.53221 0.741208 0.511397 0.832281 0.492567 0.834986 0.515362
9 0.741208 0.506442 0.738503 0.483647 0.828674 0.465808 0.832281 0.487611
9 0.7367 0.479683 0.733093 0.455897 0.825969 0.438057 0.828674 0.462834
9 0.732191 0.452924 0.729486 0.428147 0.821461 0.411298 0.825068 0.435084
9 0.727683 0.423191 0.724076 0.401388 0.815149 0.382557 0.819657 0.406343
9 0.775473 0.384539 0.752931 0.376611 0.786294 0.278494 0.807033 0.286422
9 0.745717 0.387512 0.724977 0.378593 0.758341 0.283449 0.778179 0.290387
9 0.686204 0.402379 0.666366 0.39445 0.698828 0.295342 0.718665 0.301288
9 0.777277 0.753221 0.772768 0.729435 0.864743 0.711596 0.86835 0.733399
9 0.657349 0.408325 0.637511 0.401388 0.670875 0.300297 0.690712 0.305253
9 0.629396 0.415263 0.608656 0.406343 0.640216 0.306244 0.660054 0.31219
9 0.599639 0.419227 0.579802 0.412289 0.613165 0.311199 0.633003 0.317146
9 0.571686 0.424182 0.551849 0.416254 0.58431 0.317146 0.603246 0.323092
9 0.54193 0.43112 0.522092 0.424182 0.553652 0.324083 0.572588 0.329039
9 0.513977 0.437066 0.493237 0.429138 0.524797 0.329039 0.543733 0.333994
9 0.486925 0.442022 0.465284 0.433102 0.495942 0.333994 0.514878 0.338949
9 0.456267 0.448959 0.435528 0.442022 0.468891 0.339941 0.487827 0.345887
9 0.427412 0.455897 0.406673 0.446977 0.438233 0.344896 0.45807 0.351833
9 0.398557 0.460852 0.37872 0.452924 0.411181 0.351833 0.429216 0.356789
9 0.369702 0.465808 0.348963 0.457879 0.381425 0.356789 0.401262 0.362735
9 0.340848 0.470763 0.320108 0.462834 0.350766 0.362735 0.369702 0.367691
9 0.312894 0.477701 0.291253 0.46779 0.32101 0.368682 0.340848 0.373637
9 0.772768 0.726462 0.76826 0.700694 0.861136 0.682854 0.864743 0.707631
9 0.781785 0.780971 0.778179 0.756194 0.869252 0.737364 0.87376 0.76115
10 0.475203 0.697721 0.471596 0.681863 0.506763 0.672944 0.511271 0.689792
9 0.472498 0.781962 0.468891 0.759167 0.558161 0.742319 0.560866 0.765114
10 0.460775 0.670961 0.457169 0.653122 0.492335 0.646184 0.497746 0.663033
10 0.450857 0.645193 0.446348 0.630327 0.479711 0.625372 0.479711 0.640238
10 0.47881 0.583746 0.475203 0.562934 0.509468 0.55996 0.512173 0.576809
10 0.503156 0.535183 0.506763 0.551041 0.477908 0.556987 0.474301 0.54113
10 0.238954 0.783944 0.236249 0.768087 0.265104 0.762141 0.267809 0.775025
10 0.342651 0.652131 0.356177 0.647175 0.362489 0.682854 0.348963 0.685828
10 0.334536 0.604559 0.346258 0.600595 0.35257 0.6333 0.340848 0.636274
10 0.323715 0.558969 0.337241 0.556987 0.344454 0.590684 0.33183 0.595639
9 0.0207394 0.47671 0.0243463 0.500496 0.00180343 0.505451 0.00270514 0.479683
9 0.0351668 0.499504 0.03156 0.473736 0.124436 0.457879 0.127142 0.481665
9 0.412985 0.763132 0.433724 0.760159 0.449053 0.867195 0.427412 0.87116
9 0.385933 0.768087 0.406673 0.764123 0.422002 0.874133 0.401262 0.876115
9 0.468891 0.755203 0.465284 0.730426 0.553652 0.714569 0.557259 0.740337
9 0.477006 0.811695 0.473399 0.786918 0.560866 0.770069 0.564472 0.792864
9 0.787196 0.806739 0.782687 0.782953 0.875564 0.765114 0.878269 0.786918
9 0.481515 0.837463 0.477908 0.813677 0.566276 0.796829 0.569883 0.820614
9 0.48422 0.865213 0.482417 0.842418 0.570784 0.824579 0.574391 0.848365
9 0.669071 0.805748 0.67358 0.828543 0.58431 0.847374 0.579802 0.822597
9 0.665464 0.776016 0.669973 0.800793 0.5789 0.817641 0.574391 0.794846
9 0.660956 0.748266 0.665464 0.773043 0.574391 0.790882 0.570784 0.765114
9 0.653742 0.695738 0.657349 0.720515 0.566276 0.739346 0.561767 0.713578
9 0.648332 0.667988 0.651939 0.690783 0.559964 0.707631 0.557259 0.685828
9 0.645627 0.640238 0.649234 0.665015 0.555455 0.681863 0.550947 0.658077
9 0.640216 0.612488 0.643823 0.636274 0.551849 0.654113 0.548242 0.631318
9 0.637511 0.585728 0.64202 0.609514 0.548242 0.628345 0.544635 0.603568
9 0.632101 0.557978 0.635708 0.583746 0.54193 0.599604 0.539225 0.575818
9 0.627592 0.533201 0.631199 0.555005 0.539225 0.572844 0.536519 0.549058
9 0.623986 0.50446 0.626691 0.526264 0.536519 0.546085 0.532011 0.52329
9 0.282236 0.483647 0.261497 0.474727 0.290352 0.372646 0.311091 0.378593
