10 0.977349 0.864542 0.979798 0.856076 0.990511 0.868526 0.98745 0.875498
10 0.995103 0.86006 0.991429 0.86753 0.982247 0.853586 0.986532 0.846614
10 0.232323 0.918327 0.23569 0.911853 0.245485 0.928785 0.241812 0.935259
10 0.274564 0.939243 0.277319 0.932271 0.28742 0.945717 0.284053 0.953187
10 0.199571 0.825697 0.204163 0.824701 0.206612 0.845618 0.201714 0.84761
10 0.191919 0.818227 0.197123 0.817231 0.198959 0.834163 0.193756 0.835159
10 0.185185 0.807271 0.190695 0.806275 0.192225 0.824701 0.187328 0.826195
10 0.171105 0.794323 0.175696 0.792829 0.177839 0.812251 0.172942 0.813247
10 0.161922 0.781375 0.167432 0.781375 0.168044 0.800797 0.163453 0.801295
10 0.0529538 0.581673 0.0538721 0.572709 0.0651974 0.576195 0.0642792 0.584163
10 0.0547903 0.570717 0.0563208 0.562749 0.0658096 0.566733 0.0651974 0.574701
10 0.0618304 0.537849 0.063667 0.528884 0.0740741 0.536853 0.0719314 0.545319
10 0.0645852 0.525398 0.067034 0.516932 0.0786654 0.526394 0.0762167 0.534363
10 0.0841751 0.505976 0.080502 0.51494 0.0697888 0.50498 0.0734619 0.494522
10 0.0869299 0.496016 0.0841751 0.502988 0.0768289 0.49502 0.0792776 0.48755
9 0.111723 0.417331 0.110805 0.405378 0.127028 0.403386 0.127334 0.416335
9 0.0826446 0.433267 0.0832568 0.443227 0.0630548 0.447211 0.0618304 0.437749
9 0.976737 0.175797 0.977043 0.185757 0.961126 0.184761 0.96082 0.174801
9 0.892562 0.441235 0.895623 0.432271 0.907867 0.447211 0.905418 0.454681
10 0.273339 0.911355 0.276706 0.903884 0.284971 0.917331 0.281604 0.923307
10 0.259565 0.610558 0.258035 0.60259 0.270279 0.599104 0.271809 0.607072
10 0.251607 0.602092 0.250383 0.594124 0.263851 0.589641 0.265381 0.59761
10 0.272115 0.287849 0.271503 0.27988 0.284053 0.275398 0.286807 0.284861
10 0.337619 0.281375 0.333333 0.278386 0.339149 0.264442 0.343434 0.268426
10 0.353229 0.27988 0.349556 0.276394 0.355678 0.263446 0.359963 0.26743
10 0.362106 0.27988 0.357821 0.275398 0.36333 0.261454 0.368228 0.265936
10 0.370064 0.27988 0.366391 0.274402 0.37435 0.259462 0.377717 0.264442
10 0.328742 0.174303 0.32966 0.181275 0.317723 0.183765 0.317417 0.175797
10 0.34068 0.166833 0.34221 0.176295 0.329966 0.179283 0.32813 0.171315
10 0.265687 0.282371 0.265993 0.292829 0.252831 0.293327 0.252219 0.283865
10 0.236915 0.369522 0.231711 0.369522 0.230487 0.349602 0.235384 0.349104
10 0.244873 0.591135 0.244261 0.583167 0.257117 0.579681 0.258647 0.588147
10 0.262014 0.383964 0.267524 0.38247 0.268136 0.401394 0.262932 0.40239
10 0.225895 0.563247 0.224059 0.553287 0.235384 0.549801 0.236915 0.556773
10 0.231099 0.563247 0.244261 0.559761 0.244873 0.569223 0.232323 0.571215
10 0.238751 0.572211 0.250077 0.569721 0.251607 0.577689 0.239976 0.582171
10 0.279461 0.640438 0.278543 0.630478 0.290787 0.62998 0.291399 0.638446
10 0.313743 0.61504 0.320784 0.61504 0.319865 0.636952 0.314662 0.636952
10 0.260178 0.533865 0.265687 0.533865 0.265993 0.555777 0.260178 0.555279
9 0.795531 0.0478088 0.791858 0.0537849 0.782981 0.0408367 0.786348 0.0348606
9 0.784512 0.0333665 0.780839 0.0388446 0.771656 0.0244024 0.775329 0.0189243
9 0.763391 0.319223 0.769207 0.319223 0.770125 0.340637 0.76431 0.340637
9 0.272115 0.630478 0.271197 0.62002 0.285583 0.61753 0.286501 0.625996
9 0.46281 0.143924 0.461892 0.133964 0.478114 0.131972 0.478421 0.14243
9 0.473217 0.274402 0.473217 0.284363 0.459749 0.285857 0.459137 0.275896
9 0.425467 0.355578 0.424855 0.346614 0.438017 0.345618 0.438323 0.354084
9 0.427609 0.0293825 0.432507 0.0239044 0.443526 0.0433267 0.439241 0.0498008
9 0.448424 0.0169323 0.442608 0.0169323 0.442302 0.000498008 0.448424 0.000996016
9 0.413223 0.132968 0.411999 0.123506 0.427916 0.121016 0.428528 0.130976
9 0.282828 0.565737 0.287114 0.566733 0.286195 0.588645 0.281298 0.587649
9 0.263238 0.921315 0.266299 0.916335 0.277013 0.931275 0.274258 0.937749
9 0.50352 0.162849 0.508418 0.162351 0.509336 0.182271 0.503826 0.182769
9 0.259259 0.656873 0.255586 0.662351 0.244873 0.646912 0.24824 0.640438
9 0.252831 0.526892 0.257729 0.526394 0.258953 0.547809 0.254056 0.547809
9 0.228344 0.364044 0.22314 0.364542 0.22161 0.341633 0.226814 0.341135
9 0.177533 0.798805 0.183349 0.798307 0.185491 0.819721 0.179369 0.821713
9 0.101622 0.76992 0.0964187 0.77241 0.0918274 0.750498 0.097337 0.748506
9 0.0930517 0.761454 0.0875421 0.765936 0.0826446 0.745518 0.0878482 0.741534
9 0.0578512 0.550299 0.0599939 0.541833 0.0713193 0.546813 0.0700949 0.555279
9 0.465565 0.115538 0.464646 0.106076 0.479033 0.104084 0.479951 0.114044
9 0.511172 0.162351 0.516376 0.162351 0.517294 0.182769 0.511785 0.183267
9 0.749311 0.159363 0.749005 0.150896 0.762779 0.151394 0.762473 0.158865
9 0.611264 0.0104582 0.617692 0.00896414 0.619223 0.0358566 0.613713 0.0363546
9 0.738292 0.164343 0.73768 0.172809 0.724518 0.171315 0.724824 0.161853
9 0.662687 0.35757 0.661463 0.342629 0.707683 0.337151 0.708601 0.35259
9 0.691766 0.180279 0.686869 0.179283 0.686563 0.156375 0.691154 0.156873
9 0.672788 0.155378 0.678298 0.15488 0.67891 0.174303 0.673707 0.175299
9 0.674931 0.0428287 0.671564 0.0498008 0.661157 0.0358566 0.66483 0.0278884
9 0.656872 0.177789 0.651362 0.178287 0.650444 0.156873 0.65626 0.156873
9 0.635445 0.155876 0.641261 0.155876 0.642179 0.175797 0.63667 0.175797
9 0.572697 0.0179283 0.58341 0.000498008 0.587083 0.00448207 0.57637 0.0239044
9 0.519743 0.162351 0.525253 0.162351 0.526477 0.182271 0.520967 0.182769
9 0.532599 0.550299 0.538721 0.551295 0.538108 0.580677 0.531987 0.580677
9 0.526783 0.161853 0.531374 0.162351 0.531987 0.182271 0.527395 0.182271
9 0.540863 0.0298805 0.535047 0.0308765 0.533823 0.00846614 0.539333 0.00747012
9 0.505663 0.51494 0.511172 0.51494 0.511478 0.537849 0.506275 0.537849
9 0.498316 0.500996 0.502908 0.500996 0.504438 0.521912 0.498929 0.523406
9 0.473217 0.271414 0.472299 0.262948 0.486685 0.259462 0.487603 0.268924
9 0.473829 0.25249 0.473523 0.243028 0.486685 0.242032 0.486685 0.25249
10 0.458831 0.0253984 0.462504 0.0184263 0.472911 0.0328685 0.469544 0.0403386
10 0.42914 0.0826693 0.428834 0.0727092 0.441996 0.0717131 0.441996 0.0816733
10 0.430364 0.10259 0.430364 0.0941235 0.441996 0.0941235 0.442608 0.103088
10 0.857974 0.313247 0.863789 0.311753 0.864402 0.329183 0.85981 0.330677
10 0.956229 0.439741 0.962351 0.440239 0.962045 0.458167 0.956535 0.458167
10 0.94123 0.418327 0.947352 0.417829 0.947046 0.437251 0.94123 0.437251
10 0.933578 0.408865 0.9397 0.408367 0.940618 0.427789 0.935109 0.427789
10 0.92562 0.397908 0.932354 0.39741 0.933578 0.416335 0.92715 0.416833
10 0.918886 0.385956 0.923783 0.385458 0.923783 0.405378 0.919192 0.40488
10 0.911234 0.37749 0.916131 0.37749 0.916437 0.395418 0.91154 0.395916
10 0.903581 0.365538 0.910009 0.366036 0.910621 0.385458 0.9045 0.385458
10 0.895317 0.354582 0.901439 0.354084 0.902051 0.371514 0.896235 0.37251
10 0.930823 0.49502 0.935109 0.488048 0.944597 0.501494 0.940924 0.50747
10 0.973064 0.386952 0.976125 0.380478 0.987144 0.398406 0.983165 0.401892
10 0.879094 0.422809 0.881849 0.416335 0.893174 0.428287 0.889807 0.435757
10 0.907254 0.276394 0.916437 0.290837 0.912458 0.297311 0.902969 0.283865
10 0.888889 0.347112 0.894399 0.348108 0.893786 0.364542 0.888583 0.363546
10 0.849097 0.313745 0.854913 0.311255 0.858586 0.333167 0.852464 0.335657
10 0.942455 0.183765 0.943067 0.175299 0.954699 0.176793 0.954086 0.184263
10 0.709519 0.0901394 0.703398 0.0916335 0.702785 0.0722112 0.707071 0.0707171
10 0.932966 0.484562 0.929293 0.492032 0.919192 0.476594 0.922559 0.47012
10 0.958066 0.533367 0.961739 0.526394 0.970615 0.538845 0.967248 0.545817
10 0.809305 0.0776892 0.812672 0.0712151 0.821855 0.0841633 0.818488 0.0911355
10 0.922865 0.0298805 0.928375 0.0239044 0.935109 0.0393426 0.930823 0.0458167
10 0.983471 0.780876 0.978268 0.773406 0.986838 0.760458 0.991429 0.768426
10 0.974594 0.796315 0.969697 0.789343 0.977043 0.775896 0.981941 0.783367
10 0.968473 0.790837 0.973064 0.797809 0.964493 0.810757 0.960514 0.804283
10 0.95378 0.830677 0.948883 0.822709 0.958984 0.807271 0.962963 0.814243
10 0.939088 0.837649 0.947352 0.825199 0.952556 0.832669 0.943985 0.845618
10 0.938782 0.843127 0.942761 0.848606 0.933578 0.86255 0.929293 0.855578
10 0.952862 0.0981076 0.952862 0.0891434 0.963881 0.0891434 0.964187 0.0981076
10 0.914601 0.0413347 0.918274 0.0368526 0.926232 0.0542829 0.922559 0.0577689
10 0.983471 0.557271 0.979798 0.564243 0.97184 0.551793 0.974901 0.544821
10 0.949495 0.0751992 0.949189 0.0672311 0.962045 0.064741 0.962963 0.0727092
10 0.95225 0.107072 0.952862 0.0991036 0.964187 0.100598 0.963881 0.108068
10 0.994796 0.496016 1.00031 0.495518 1.00031 0.511454 0.995103 0.511454
10 0.986838 0.484562 0.99296 0.486056 0.99296 0.50498 0.987144 0.505976
10 0.979186 0.471116 0.985308 0.471614 0.985002 0.491036 0.979492 0.491036
10 0.97184 0.462649 0.977655 0.462151 0.978268 0.481574 0.972452 0.482072
10 0.964493 0.450199 0.969391 0.450199 0.970003 0.469124 0.965412 0.47012
10 0.674625 0.0144422 0.669421 0.0214143 0.660851 0.00747012 0.664218 0.000996016
10 0.732782 0.113546 0.727885 0.114542 0.725742 0.0926295 0.730334 0.0911355
10 0.479033 0.103586 0.473829 0.103088 0.474747 0.0836653 0.479951 0.0846614
10 0.474135 0.298805 0.474747 0.307769 0.462504 0.308267 0.462504 0.299801
10 0.461892 0.531873 0.460973 0.52241 0.472911 0.518924 0.474441 0.528884
10 0.485155 0.478088 0.490664 0.478088 0.490664 0.5 0.485461 0.499502
10 0.470462 0.395916 0.470156 0.405378 0.457912 0.405378 0.4573 0.396414
10 0.526477 0.314741 0.527701 0.325199 0.513009 0.326195 0.513315 0.316235
10 0.478727 0.327689 0.478727 0.317729 0.491582 0.317231 0.491889 0.327191
10 0.475666 0.308765 0.475666 0.317729 0.463728 0.318725 0.463116 0.310259
10 0.478421 0.317231 0.478421 0.307271 0.49097 0.306773 0.491276 0.316733
10 0.476584 0.305777 0.476584 0.297311 0.489746 0.296315 0.490052 0.305777
10 0.482094 0.563247 0.480869 0.555279 0.493725 0.550797 0.494643 0.559263
10 0.476584 0.294323 0.475666 0.285359 0.488215 0.283367 0.489746 0.293327
10 0.477196 0.283367 0.476584 0.273904 0.487909 0.272908 0.488215 0.281375
10 0.473217 0.287351 0.473523 0.295817 0.461586 0.296315 0.460973 0.287351
10 0.521886 0.271414 0.522498 0.280876 0.510866 0.281873 0.510254 0.271912
10 0.523722 0.280876 0.524028 0.291833 0.511478 0.293825 0.51056 0.282371
10 0.532905 0.159363 0.538414 0.159363 0.539027 0.179781 0.533517 0.179781
10 0.497092 0.163845 0.502908 0.163845 0.503214 0.181773 0.49801 0.182271
10 0.518519 0.532869 0.52464 0.533367 0.524946 0.554283 0.518519 0.554283
10 0.528313 0.623506 0.527395 0.61504 0.539027 0.614044 0.539945 0.62002
10 0.724824 0.113546 0.717784 0.114044 0.717478 0.0926295 0.7236 0.0916335
10 0.743189 0.563745 0.741353 0.554781 0.756351 0.551295 0.75727 0.561255
10 0.71656 0.113048 0.71105 0.114542 0.710132 0.0941235 0.714723 0.0926295
10 0.703704 0.0941235 0.709519 0.0931275 0.710438 0.114542 0.703092 0.114044
10 0.661157 0.151394 0.666361 0.150896 0.666973 0.171813 0.662075 0.171813
10 0.7588 0.635956 0.754515 0.64243 0.746556 0.627988 0.749923 0.622012
10 0.756351 0.583665 0.755739 0.573207 0.767983 0.572709 0.768595 0.581673
10 0.762473 0.594622 0.761249 0.584163 0.77288 0.581673 0.774105 0.590637
10 0.797674 0.566235 0.804408 0.566733 0.802877 0.583167 0.797674 0.582669
10 0.736455 0.554781 0.734925 0.545817 0.746556 0.542331 0.747781 0.551295
10 0.553413 0.582669 0.560453 0.584661 0.558004 0.606574 0.55127 0.604582
10 0.722069 0.534363 0.722069 0.523904 0.734619 0.523406 0.735843 0.532869
10 0.729721 0.545817 0.728497 0.535857 0.742271 0.533367 0.742577 0.541335
10 0.778696 0.541335 0.784512 0.540837 0.7839 0.557769 0.77839 0.557769
10 0.771044 0.532869 0.777778 0.533367 0.77686 0.552789 0.770432 0.551793
10 0.745638 0.490538 0.751148 0.491036 0.75023 0.50996 0.745332 0.508964
10 0.738904 0.481574 0.743802 0.482072 0.743802 0.50249 0.737986 0.500996
10 0.724824 0.48506 0.724824 0.474602 0.738598 0.470618 0.73921 0.481076
9 0.0749923 0.362052 0.0801959 0.36255 0.0801959 0.38496 0.0743802 0.38496
