10 0.612211 0.754386 0.59901 0.769737 0.547855 0.744518 0.561056 0.730263
10 0.387789 0.605263 0.405941 0.591009 0.450495 0.610746 0.432343 0.627193
10 0.442244 0.388158 0.430693 0.402412 0.382838 0.382675 0.39769 0.367325
10 0.394389 0.366228 0.412541 0.348684 0.465347 0.371711 0.450495 0.389254
10 0.463696 0.371711 0.478548 0.359649 0.524752 0.379386 0.511551 0.394737
10 0.422442 0.33114 0.440594 0.315789 0.493399 0.339912 0.476898 0.354167
10 0.587459 0.270833 0.564356 0.260965 0.60066 0.22807 0.623762 0.237939
10 0.557756 0.259868 0.533003 0.25 0.570957 0.212719 0.59736 0.222588
10 0.0940594 0.491228 0.112211 0.472588 0.165017 0.495614 0.150165 0.512061
10 0.178218 0.47807 0.163366 0.493421 0.112211 0.472588 0.127063 0.457237
10 0.216172 0.446272 0.19802 0.463816 0.150165 0.439693 0.169967 0.424342
10 0.247525 0.412281 0.231023 0.428728 0.183168 0.406798 0.19967 0.39364
10 0.260726 0.39693 0.245875 0.412281 0.20132 0.392544 0.216172 0.378289
10 0.287129 0.380482 0.265677 0.398026 0.221122 0.375 0.242574 0.357456
10 0.330033 0.332237 0.311881 0.347588 0.275578 0.327851 0.290429 0.313596
10 0.389439 0.285088 0.369637 0.302632 0.316832 0.279605 0.336634 0.260965
10 0.457096 0.222588 0.437294 0.241228 0.387789 0.218202 0.405941 0.199561
10 0.5 0.414474 0.485149 0.430921 0.432343 0.406798 0.448845 0.391447
10 0.412541 0.41886 0.392739 0.4375 0.343234 0.411184 0.363036 0.39364
10 0.462046 0.447368 0.447195 0.463816 0.39604 0.438596 0.410891 0.423246
10 0.60231 0.398026 0.617162 0.383772 0.671617 0.407895 0.656766 0.423246
10 0.468647 0.594298 0.452145 0.610746 0.40099 0.585526 0.420792 0.569079
10 0.433993 0.549342 0.452145 0.532895 0.509901 0.557018 0.491749 0.574561
10 0.460396 0.535088 0.476898 0.520833 0.526403 0.541667 0.514851 0.555921
10 0.476898 0.52193 0.493399 0.504386 0.544554 0.526316 0.531353 0.541667
10 0.493399 0.503289 0.511551 0.486842 0.559406 0.512061 0.546205 0.526316
10 0.523102 0.468202 0.541254 0.452851 0.60066 0.47807 0.580858 0.497807
10 0.681518 0.321272 0.660066 0.311404 0.69802 0.281798 0.719472 0.292763
10 0.435644 0.458333 0.419142 0.472588 0.377888 0.451754 0.392739 0.436404
10 0.259076 0.566886 0.275578 0.549342 0.334983 0.571272 0.316832 0.591009
10 0.222772 0.524123 0.237624 0.508772 0.293729 0.531798 0.277228 0.549342
10 0.290429 0.532895 0.308581 0.51864 0.358086 0.54057 0.341584 0.559211
10 0.323432 0.5 0.305281 0.516447 0.257426 0.494518 0.273927 0.47807
10 0.384488 0.525219 0.364686 0.54386 0.311881 0.51864 0.331683 0.501096
10 0.389439 0.436404 0.371287 0.452851 0.320132 0.425439 0.339934 0.408991
10 0.475248 0.203947 0.458746 0.221491 0.410891 0.199561 0.425743 0.180921
