10 0.814915 0.942857 0.800539 0.947783 0.790656 0.918227 0.805031 0.910345
10 0.553459 0.755665 0.542677 0.745813 0.566038 0.720197 0.577718 0.731034
10 0.665768 0.695567 0.678347 0.706404 0.651393 0.73202 0.641509 0.721182
10 0.638814 0.666995 0.649596 0.677833 0.627134 0.703448 0.615454 0.692611
10 0.61186 0.637438 0.62354 0.648276 0.601078 0.674877 0.5885 0.663054
10 0.602875 0.62069 0.613657 0.631527 0.592992 0.655172 0.58221 0.644335
10 0.5885 0.609852 0.599281 0.62069 0.581312 0.642365 0.569632 0.632512
10 0.550764 0.619704 0.539084 0.605911 0.567835 0.578325 0.579515 0.592118
10 0.556155 0.561576 0.566038 0.570443 0.540881 0.595074 0.530997 0.583251
10 0.519317 0.637438 0.506739 0.647291 0.491465 0.624631 0.502246 0.613793
10 0.557053 0.703448 0.568733 0.7133 0.549865 0.737931 0.537287 0.729064
10 0.606469 0.761576 0.619048 0.773399 0.597484 0.79803 0.584906 0.787192
10 0.532794 0.677833 0.544474 0.689655 0.52381 0.714286 0.511231 0.702463
10 0.516622 0.66798 0.527403 0.679803 0.510332 0.701478 0.497754 0.69064
10 0.503145 0.651232 0.515723 0.662069 0.496855 0.687685 0.484277 0.676847
10 0.48248 0.674877 0.471698 0.665025 0.490566 0.641379 0.502246 0.652217
10 0.479784 0.625616 0.493261 0.638424 0.474394 0.660099 0.460916 0.64532
10 0.468104 0.615764 0.477987 0.625616 0.460916 0.644335 0.450135 0.633498
10 0.447439 0.631527 0.434861 0.618719 0.453729 0.59803 0.46451 0.608867
10 0.434861 0.616749 0.424079 0.603941 0.442049 0.582266 0.453729 0.594089
10 0.681941 0.75665 0.670261 0.745813 0.687332 0.725123 0.69991 0.735961
10 0.616352 0.781281 0.627134 0.790148 0.608266 0.811823 0.599281 0.800985
10 0.405211 0.542857 0.416891 0.552709 0.397125 0.574384 0.385445 0.564532
10 0.862534 0.788177 0.854447 0.800985 0.830189 0.77931 0.838275 0.766502
10 0.936208 0.7133 0.936208 0.696552 0.972147 0.696552 0.973046 0.71133
10 0.97035 0.718227 0.97035 0.733005 0.937107 0.73202 0.937107 0.716256
10 0.931716 0.792118 0.932615 0.775369 0.968553 0.77734 0.967655 0.792118
10 0.931716 0.882759 0.920036 0.89064 0.903863 0.860099 0.916442 0.852217
10 0.886792 0.862069 0.897574 0.856158 0.911051 0.883744 0.90027 0.892611
10 0.872417 0.875862 0.8823 0.868966 0.896676 0.894581 0.885894 0.902463
10 0.854447 0.882759 0.865229 0.874877 0.884097 0.91133 0.873315 0.919212
10 0.879605 0.77734 0.871518 0.792118 0.846361 0.772414 0.853549 0.757635
10 0.844564 0.799015 0.837376 0.811823 0.812219 0.789163 0.819407 0.77734
10 0.641509 0.809852 0.652291 0.819704 0.634322 0.839409 0.62354 0.828571
10 0.82929 0.812808 0.821204 0.823645 0.799641 0.80197 0.806828 0.791133
10 0.807727 0.817734 0.797844 0.828571 0.773585 0.805911 0.78257 0.794089
10 0.754717 0.795074 0.767296 0.806897 0.740341 0.836453 0.726864 0.821675
10 0.731357 0.901478 0.745732 0.917241 0.721473 0.942857 0.706199 0.928079
10 0.716083 0.8867 0.72956 0.899507 0.710692 0.922167 0.697215 0.90936
10 0.674753 0.850246 0.686433 0.860099 0.667565 0.884729 0.655885 0.873892
10 0.66487 0.835468 0.677448 0.846305 0.660377 0.868966 0.646002 0.857143
10 0.655885 0.819704 0.667565 0.830542 0.642408 0.859113 0.630728 0.847291
10 0.421384 0.605911 0.4115 0.595074 0.430368 0.572414 0.44115 0.582266
10 0.381851 0.512315 0.393531 0.523153 0.371968 0.545813 0.360288 0.534975
10 0.834681 0.935961 0.820305 0.943842 0.809524 0.912315 0.823899 0.904433
10 0.358491 0.480788 0.371069 0.492611 0.357592 0.510345 0.344115 0.497537
10 0.273136 0.384236 0.285714 0.395074 0.264151 0.42069 0.251572 0.407882
10 0.253369 0.402956 0.241689 0.393103 0.260557 0.370443 0.271339 0.37931
10 0.249775 0.355665 0.261456 0.366502 0.2354 0.395074 0.224618 0.383251
10 0.248877 0.272906 0.237197 0.261084 0.256963 0.233498 0.269542 0.242365
10 0.237197 0.257143 0.22372 0.248276 0.243486 0.211823 0.256963 0.219704
10 0.228212 0.196059 0.242588 0.207882 0.220126 0.238424 0.204852 0.227586
10 0.188679 0.335961 0.176101 0.324138 0.195867 0.301478 0.208446 0.312315
10 0.176999 0.322167 0.165319 0.310345 0.187781 0.281773 0.200359 0.292611
10 0.345013 0.495567 0.332435 0.483744 0.347709 0.465025 0.361186 0.476847
10 0.274933 0.298522 0.263252 0.287685 0.286613 0.263054 0.298293 0.275862
10 0.331536 0.482759 0.319856 0.471921 0.333333 0.454187 0.34681 0.46601
10 0.313567 0.475862 0.301887 0.464039 0.318958 0.444335 0.330638 0.454187
10 0.339623 0.0147783 0.350404 0.0285714 0.321653 0.0502463 0.31177 0.035468
10 0.309075 0.0344828 0.318958 0.0512315 0.294699 0.0689655 0.283917 0.053202
10 0.27673 0.0551724 0.287511 0.0669951 0.265948 0.0857143 0.255166 0.0738916
10 0.219227 0.0423645 0.209344 0.0315271 0.229111 0.00788177 0.240791 0.0187192
10 0.180593 0.116256 0.188679 0.127094 0.167116 0.142857 0.159928 0.13202
10 0.739443 0.0689655 0.750225 0.0600985 0.771788 0.0876847 0.761905 0.0995074
10 0.28841 0.449261 0.275831 0.440394 0.292004 0.416749 0.305481 0.425616
10 0.30009 0.329064 0.28841 0.317241 0.308176 0.293596 0.319856 0.302463
10 0.659479 0.474877 0.659479 0.491626 0.632525 0.49064 0.632525 0.473892
10 0.460916 0.471921 0.4708 0.483744 0.444744 0.50936 0.434861 0.497537
10 0.659479 0.454187 0.65858 0.470936 0.624438 0.468966 0.624438 0.452217
10 0.617251 0.329064 0.619048 0.3133 0.651393 0.315271 0.650494 0.33202
10 0.629829 0.351724 0.630728 0.336946 0.65858 0.336946 0.65858 0.352709
10 0.551662 0.448276 0.565139 0.459113 0.544474 0.485714 0.530997 0.473892
10 0.508535 0.44532 0.518419 0.434483 0.541779 0.458128 0.531896 0.470936
10 0.552561 0.44532 0.542677 0.457143 0.522013 0.433498 0.531896 0.423645
10 0.514825 0.460099 0.504043 0.468966 0.484277 0.44335 0.496855 0.433498
10 0.498652 0.469951 0.491465 0.481773 0.465409 0.458128 0.475292 0.44532
10 0.434861 0.476847 0.426774 0.464039 0.448338 0.448276 0.457323 0.459113
10 0.298293 0.280788 0.309075 0.289655 0.285714 0.318227 0.274034 0.307389
10 0.421384 0.46798 0.409704 0.455172 0.431267 0.432512 0.442947 0.444335
10 0.409704 0.452217 0.398023 0.441379 0.422282 0.416749 0.434861 0.427586
10 0.397125 0.441379 0.384546 0.427586 0.408805 0.400985 0.424079 0.413793
10 0.372866 0.411823 0.361186 0.39803 0.385445 0.374384 0.397125 0.385222
10 0.382749 0.423645 0.371968 0.412808 0.392633 0.392118 0.403414 0.400985
10 0.347709 0.330049 0.359389 0.340887 0.342318 0.365517 0.327942 0.353695
10 0.331536 0.316256 0.345912 0.329064 0.327044 0.352709 0.313567 0.339901
10 0.312668 0.339901 0.301887 0.330049 0.319856 0.305419 0.332435 0.314286
10 0.919137 0.0640394 0.909254 0.0768473 0.884097 0.0472906 0.89398 0.035468
