10 0.777867 0.0437817 0.778669 0.053934 0.7498 0.0558376 0.748196 0.0450508
10 0.343224 0.321701 0.356055 0.321066 0.360064 0.346447 0.348035 0.34835
10 0.152366 0.161168 0.141139 0.152284 0.167602 0.130711 0.178829 0.139594
10 0.101043 0.221447 0.113873 0.221447 0.112269 0.251269 0.096231 0.250635
10 0.176423 0.220812 0.190056 0.223985 0.182037 0.247462 0.168404 0.243655
10 0.198075 0.219543 0.210906 0.22335 0.201283 0.245558 0.189254 0.241117
10 0.215718 0.218909 0.227747 0.220812 0.220529 0.242386 0.2085 0.239213
10 0.236568 0.217005 0.249399 0.220812 0.240577 0.239848 0.227747 0.235406
10 0.25421 0.216371 0.267843 0.220178 0.25822 0.241751 0.245389 0.238579
10 0.274258 0.215736 0.286287 0.218274 0.277466 0.239213 0.266239 0.236675
10 0.291099 0.21764 0.302326 0.220178 0.295108 0.240482 0.283079 0.237944
10 0.314354 0.212563 0.328789 0.215736 0.318364 0.239213 0.305533 0.235406
9 0.234964 0.255711 0.25421 0.255711 0.255012 0.315355 0.234162 0.31599
10 0.296712 0.331853 0.309543 0.330584 0.311949 0.349619 0.29992 0.350254
10 0.312751 0.329949 0.324779 0.329315 0.328789 0.352792 0.317562 0.354061
10 0.346431 0.350888 0.334403 0.351523 0.328789 0.32868 0.340818 0.326777
10 0.397755 0.332487 0.390537 0.340102 0.368885 0.325508 0.377706 0.317259
10 0.136327 0.11231 0.134723 0.100254 0.165998 0.0983503 0.167602 0.111041
10 0.417001 0.32868 0.408982 0.336929 0.390537 0.326142 0.397755 0.317259
10 0.405774 0.319162 0.412991 0.310279 0.443464 0.324873 0.437851 0.333756
10 0.461107 0.319162 0.454691 0.32868 0.427426 0.314721 0.434643 0.305838
10 0.333601 0.275381 0.343224 0.278553 0.335204 0.29632 0.323978 0.291878
10 0.348837 0.277284 0.360866 0.279822 0.352847 0.30203 0.340016 0.299492
10 0.338412 0.25698 0.348035 0.254442 0.356055 0.275381 0.34563 0.277284
10 0.388132 0.272843 0.399358 0.274746 0.393745 0.295685 0.382518 0.293782
10 0.440257 0.271574 0.439455 0.261421 0.465918 0.258883 0.467522 0.270305
10 0.436247 0.249365 0.433841 0.236675 0.46672 0.232868 0.469126 0.244924
10 0.355253 0.209391 0.368083 0.213198 0.356055 0.235406 0.344026 0.230964
10 0.392943 0.208122 0.405774 0.21066 0.398557 0.232234 0.384924 0.228426
10 0.414595 0.205584 0.425822 0.209391 0.415397 0.229695 0.40417 0.225888
9 0.271852 0.132614 0.287891 0.130711 0.296712 0.182107 0.278268 0.18401
9 0.295108 0.128807 0.312751 0.127538 0.32077 0.180838 0.302326 0.182741
10 0.135525 0.125 0.134723 0.113579 0.1668 0.111675 0.168404 0.123096
10 0.133119 0.0983503 0.132318 0.088198 0.161989 0.0856599 0.163593 0.0970812
10 0.776263 0.0158629 0.778669 0.0266497 0.753007 0.0291878 0.751403 0.018401
9 0.210104 0.678934 0.19166 0.679569 0.18765 0.614213 0.206095 0.612944
9 0.110666 0.769036 0.12911 0.767766 0.137931 0.816624 0.117883 0.819162
9 0.137129 0.767766 0.155573 0.766497 0.165196 0.825508 0.14595 0.828046
9 0.163593 0.765863 0.181235 0.765228 0.18765 0.826142 0.168404 0.827411
9 0.210906 0.761421 0.22935 0.759518 0.239775 0.811548 0.218925 0.814086
9 0.259824 0.75698 0.278268 0.753807 0.295108 0.813452 0.275862 0.817259
9 0.307137 0.73731 0.326383 0.732868 0.342422 0.784264 0.323978 0.788071
9 0.331195 0.731599 0.348837 0.728426 0.36648 0.777284 0.348035 0.78236
9 0.353649 0.72335 0.373697 0.719543 0.390537 0.772208 0.370489 0.77665
9 0.432237 0.733503 0.448276 0.730964 0.465918 0.772843 0.450682 0.777284
9 0.467522 0.72335 0.483561 0.718274 0.505213 0.758249 0.488372 0.763959
9 0.0777867 0.670685 0.0577386 0.670685 0.0537289 0.621827 0.074579 0.620558
9 0.132318 0.678299 0.113873 0.679569 0.10826 0.618655 0.125902 0.617386
9 0.157177 0.665609 0.137931 0.666244 0.133921 0.61802 0.152366 0.616751
9 0.182037 0.666878 0.163593 0.666244 0.160385 0.616117 0.179631 0.615482
9 0.234964 0.673858 0.215718 0.673858 0.210906 0.612944 0.22935 0.611675
10 0.131516 0.0862944 0.130714 0.0755076 0.156375 0.0729695 0.157177 0.0850254
9 0.274258 0.713198 0.253408 0.715102 0.242983 0.649746 0.262229 0.648477
9 0.291099 0.660533 0.271852 0.660533 0.265437 0.609772 0.283881 0.607868
9 0.318364 0.666244 0.299118 0.668147 0.290297 0.609137 0.309543 0.607234
9 0.395349 0.663071 0.376905 0.663706 0.371291 0.604061 0.389735 0.602792
9 0.420209 0.652284 0.399358 0.652284 0.397755 0.602157 0.416199 0.601523
9 0.448276 0.649746 0.428228 0.651015 0.423416 0.600888 0.441059 0.599619
9 0.472334 0.648477 0.453087 0.649112 0.44988 0.598985 0.467522 0.597716
10 0.523657 0.641497 0.509222 0.640863 0.506816 0.616751 0.522053 0.616117
9 0.611868 0.589467 0.602245 0.597716 0.574178 0.582487 0.582197 0.572335
9 0.607859 0.602157 0.600642 0.611675 0.569366 0.596447 0.577386 0.586294
9 0.610265 0.618655 0.604651 0.629442 0.573376 0.617386 0.579791 0.60533
10 0.042502 0.0501269 0.0505213 0.0450508 0.0665597 0.0596447 0.0577386 0.0659898
10 0.0866079 0.0837563 0.0946271 0.0793147 0.109864 0.0964467 0.100241 0.100888
10 0.0858059 0.129442 0.0970329 0.128173 0.0978348 0.150381 0.0866079 0.150381
9 0.348035 0.125 0.367281 0.123096 0.374499 0.17703 0.353649 0.178934
9 0.372895 0.123731 0.392943 0.121827 0.401764 0.175127 0.382518 0.177665
9 0.401764 0.126904 0.419407 0.125635 0.42502 0.161802 0.406576 0.16434
10 0.652767 0.250635 0.651965 0.237944 0.689655 0.236675 0.690457 0.250635
10 0.609463 0.574239 0.607859 0.564721 0.635124 0.561548 0.636728 0.572335
10 0.609463 0.58566 0.607859 0.576142 0.63352 0.574873 0.634322 0.584391
10 0.611067 0.600888 0.611067 0.589467 0.638332 0.586929 0.639134 0.597716
10 0.747394 0.541244 0.748196 0.553299 0.715317 0.554569 0.715317 0.541878
10 0.675221 0.53236 0.674419 0.519036 0.710505 0.515863 0.711307 0.530457
10 0.775461 0.514594 0.788292 0.517132 0.780273 0.541244 0.76664 0.537437
10 0.795509 0.496193 0.793905 0.48731 0.816359 0.484772 0.817963 0.494924
10 0.793103 0.484772 0.792302 0.475254 0.816359 0.472716 0.817161 0.482868
10 0.790698 0.471447 0.789896 0.46066 0.813152 0.459391 0.815557 0.469543
10 0.790698 0.457487 0.789094 0.44797 0.815557 0.445431 0.817161 0.455584
10 0.782678 0.418782 0.781075 0.40736 0.807538 0.406091 0.80834 0.418147
10 0.782678 0.39467 0.781075 0.383249 0.809142 0.381345 0.809944 0.392766
10 0.777867 0.368655 0.777065 0.357234 0.807538 0.35533 0.809142 0.366751
10 0.760225 0.250635 0.758621 0.23731 0.799519 0.234772 0.801123 0.247462
10 0.651965 0.263325 0.652767 0.251269 0.690457 0.25 0.689655 0.263325
9 0.427426 0.123096 0.44587 0.120558 0.455493 0.170685 0.435445 0.172589
10 0.659182 0.291244 0.65838 0.280457 0.684844 0.279188 0.684844 0.289975
10 0.659182 0.331218 0.655974 0.317893 0.696872 0.312817 0.698476 0.326777
10 0.735365 0.325508 0.736969 0.338198 0.70008 0.338832 0.70008 0.326777
10 0.737771 0.338832 0.738573 0.351523 0.700882 0.354061 0.700882 0.340102
10 0.70008 0.366751 0.699278 0.354061 0.736969 0.352792 0.736969 0.366117
10 0.70008 0.384518 0.700882 0.371827 0.740978 0.371193 0.740176 0.385152
10 0.740978 0.395939 0.740978 0.409898 0.700882 0.410533 0.701684 0.397208
10 0.696872 0.399746 0.696872 0.413706 0.660786 0.41434 0.660786 0.400381
10 0.692061 0.43401 0.688853 0.423223 0.716921 0.419416 0.719326 0.429569
10 0.680834 0.718274 0.668003 0.72335 0.655172 0.704949 0.667201 0.699873
10 0.661588 0.763325 0.651965 0.753807 0.681636 0.739213 0.690457 0.748096
10 0.564555 0.77665 0.564555 0.765228 0.602245 0.761421 0.603849 0.774746
9 0.82518 0.699873 0.818765 0.685279 0.886929 0.664975 0.894146 0.677665
10 0.773857 0.0291878 0.773857 0.0399746 0.748196 0.0387056 0.748998 0.0285533
10 0.607057 0.559645 0.604651 0.550127 0.631115 0.547589 0.634322 0.557741
10 0.607057 0.547589 0.606255 0.536802 0.631917 0.534898 0.634322 0.545685
10 0.602245 0.533629 0.600642 0.523477 0.630313 0.520305 0.632719 0.530457
10 0.600642 0.509518 0.598236 0.498096 0.626303 0.494924 0.629511 0.506345
9 0.453087 0.11802 0.471532 0.117386 0.478749 0.166244 0.460305 0.166878
9 0.480353 0.125635 0.498797 0.125 0.502807 0.162437 0.485164 0.163706
9 0.21251 0.0685279 0.194066 0.0685279 0.193264 0.0317259 0.210906 0.0310914
9 0.275862 0.0653553 0.257418 0.0659898 0.251804 0.0285533 0.272654 0.0272843
9 0.449078 0.0507614 0.432237 0.0520305 0.427426 0.017132 0.446672 0.0158629
9 0.50842 0.114213 0.527666 0.11231 0.534884 0.166878 0.514836 0.168147
9 0.537289 0.114213 0.555734 0.11231 0.562149 0.154822 0.542101 0.156726
9 0.560545 0.115482 0.578188 0.114213 0.584603 0.157995 0.564555 0.158629
9 0.583801 0.107234 0.603047 0.105964 0.609463 0.159264 0.589415 0.160533
9 0.59984 0.0425127 0.580593 0.0425127 0.57899 0.00824873 0.597434 0.00761421
9 0.661588 0.0399746 0.64154 0.0406091 0.63753 0.00507614 0.657578 0.00317259
10 0.575782 0.227792 0.57498 0.21764 0.602245 0.216371 0.603849 0.227157
10 0.548516 0.242386 0.549318 0.231599 0.577386 0.231599 0.578188 0.243655
10 0.611067 0.240482 0.613472 0.251269 0.584603 0.255711 0.582197 0.243655
10 0.583801 0.268401 0.581395 0.25698 0.611868 0.253807 0.614274 0.265863
10 0.584603 0.280457 0.583801 0.26967 0.609463 0.268401 0.611067 0.279188
10 0.586207 0.293782 0.585405 0.281726 0.611868 0.281091 0.613472 0.292513
10 0.587009 0.306472 0.585405 0.295685 0.610265 0.293782 0.611868 0.305203
10 0.586207 0.321701 0.584603 0.310279 0.61267 0.30901 0.613472 0.321066
10 0.565357 0.334391 0.565357 0.323604 0.594226 0.322335 0.595028 0.333756
10 0.597434 0.345812 0.594226 0.335025 0.618284 0.332487 0.62069 0.343274
10 0.580593 0.360406 0.579791 0.347716 0.608661 0.347081 0.609463 0.359137
10 0.591018 0.371193 0.590217 0.360406 0.618284 0.359137 0.618284 0.369924
10 0.603047 0.390863 0.603849 0.402919 0.568565 0.405457 0.568565 0.392766
10 0.64154 0.366117 0.625501 0.359772 0.649559 0.335025 0.661588 0.341371
10 0.59583 0.454315 0.596632 0.442259 0.625501 0.442259 0.625501 0.45368
10 0.597434 0.46764 0.596632 0.456853 0.625501 0.456218 0.625501 0.46764
10 0.603047 0.482234 0.600642 0.472081 0.627907 0.470178 0.629511 0.48033
10 0.602245 0.493655 0.601443 0.484772 0.627105 0.482868 0.628709 0.493655
9 0.0890136 0.766497 0.106656 0.765228 0.115477 0.819162 0.096231 0.821066
