9 0.84273 0.431055 0.836301 0.436191 0.821464 0.422758 0.828388 0.417621
10 0.436202 0.333465 0.437685 0.338601 0.42087 0.340972 0.419387 0.335836
10 0.48368 0.477677 0.47725 0.481628 0.46637 0.47017 0.472305 0.466614
10 0.506429 0.463058 0.500495 0.466614 0.491098 0.455156 0.496538 0.451995
10 0.531652 0.448439 0.526212 0.451995 0.515331 0.439352 0.521266 0.436191
10 0.541048 0.442908 0.534125 0.446464 0.525223 0.435401 0.532641 0.43145
10 0.449555 0.454761 0.454006 0.451995 0.463403 0.462663 0.458952 0.465429
10 0.465875 0.443303 0.471316 0.440142 0.482196 0.451995 0.476756 0.455156
10 0.484174 0.432635 0.489614 0.429475 0.499505 0.440932 0.493571 0.443698
10 0.492087 0.427499 0.498022 0.424338 0.508408 0.436981 0.502473 0.439747
10 0.500989 0.421968 0.506429 0.417621 0.518299 0.429475 0.511375 0.433821
10 0.511869 0.415646 0.517804 0.41209 0.52819 0.423548 0.522255 0.426709
10 0.480712 0.370605 0.485658 0.374951 0.47181 0.384433 0.466864 0.379692
10 0.473788 0.364283 0.478239 0.369024 0.463897 0.378111 0.458952 0.373765
10 0.466864 0.356776 0.470326 0.360727 0.456973 0.369419 0.453017 0.365073
10 0.430267 0.324378 0.431256 0.330304 0.414441 0.33228 0.412957 0.326353
10 0.459446 0.350849 0.463897 0.355591 0.450049 0.364678 0.446093 0.360332
10 0.339268 0.749506 0.344214 0.754642 0.329377 0.762544 0.32542 0.757803
10 0.333333 0.523113 0.338279 0.520348 0.350148 0.532596 0.344708 0.535362
10 0.248269 0.4113 0.243323 0.414461 0.232443 0.403793 0.237389 0.400632
10 0.256182 0.406164 0.251236 0.409324 0.240356 0.398262 0.245302 0.394706
10 0.265084 0.400632 0.259644 0.403793 0.248764 0.392335 0.254698 0.388779
10 0.374382 0.435006 0.380811 0.429475 0.392186 0.440142 0.385262 0.444883
10 0.300198 0.480838 0.305638 0.477677 0.317013 0.490715 0.311078 0.493876
10 0.383778 0.538917 0.378338 0.541683 0.368942 0.531015 0.374876 0.52746
10 0.37636 0.543659 0.370425 0.54761 0.359545 0.534966 0.36548 0.531806
10 0.367458 0.548795 0.362018 0.552351 0.352127 0.542473 0.358061 0.538917
10 0.358556 0.555512 0.352127 0.559068 0.339268 0.544844 0.345697 0.541288
10 0.390702 0.602924 0.384768 0.606875 0.373393 0.595812 0.378833 0.591466
10 0.341246 0.612406 0.34817 0.60885 0.360534 0.622284 0.353116 0.626235
10 0.339268 0.686685 0.333828 0.689846 0.324431 0.678388 0.331355 0.675227
10 0.352621 0.76531 0.358061 0.771632 0.341246 0.780324 0.335312 0.774397
10 0.474283 0.482813 0.467854 0.487159 0.456973 0.475306 0.462908 0.471355
10 0.465381 0.489135 0.458952 0.493086 0.447577 0.482023 0.453017 0.478467
10 0.445598 0.498617 0.439664 0.502568 0.4273 0.489925 0.433234 0.486369
10 0.456973 0.45002 0.463403 0.446069 0.473788 0.456736 0.467854 0.460687
10 0.691395 0.473726 0.695351 0.478467 0.682987 0.485579 0.678536 0.481233
10 0.684471 0.466219 0.688427 0.47096 0.675074 0.478467 0.671118 0.474121
10 0.581108 0.478467 0.585559 0.482023 0.571711 0.491505 0.568249 0.487554
10 0.642433 0.459897 0.637488 0.463453 0.627596 0.453576 0.632542 0.449625
10 0.611276 0.435006 0.617211 0.43145 0.627596 0.442513 0.621662 0.446069
10 0.641444 0.421573 0.647873 0.423153 0.64095 0.437772 0.634026 0.435401
10 0.607319 0.438167 0.598417 0.436191 0.602374 0.422758 0.610287 0.424338
10 0.65727 0.383643 0.65183 0.387199 0.639466 0.375741 0.644906 0.372185
10 0.641939 0.371 0.636993 0.37416 0.625124 0.363493 0.630069 0.359542
10 0.6182 0.340577 0.618694 0.346898 0.601385 0.348084 0.600396 0.342157
10 0.609298 0.332675 0.608803 0.337416 0.593966 0.337811 0.594461 0.332675
10 0.567755 0.303832 0.5727 0.300672 0.582097 0.310944 0.576657 0.314105
10 0.560336 0.288424 0.564787 0.288819 0.560831 0.303042 0.55638 0.302647
10 0.548961 0.279336 0.554896 0.280126 0.551434 0.294745 0.545005 0.293165
10 0.537092 0.320822 0.543521 0.321612 0.540059 0.335045 0.534125 0.334255
10 0.526212 0.310154 0.534125 0.310944 0.531157 0.325958 0.523244 0.325168
10 0.524233 0.307783 0.518299 0.311339 0.506924 0.298696 0.512859 0.295535
10 0.509397 0.286053 0.508902 0.29277 0.489614 0.291979 0.489614 0.285263
10 0.498022 0.274595 0.498516 0.280522 0.481207 0.280126 0.480712 0.2742
10 0.490109 0.265113 0.48912 0.271039 0.469832 0.269459 0.470326 0.263137
10 0.454006 0.266693 0.459446 0.263927 0.468843 0.273805 0.463897 0.276571
10 0.459446 0.29593 0.459446 0.289214 0.476756 0.288819 0.47725 0.29514
10 0.48368 0.313315 0.475767 0.312525 0.478734 0.297906 0.486647 0.298696
10 0.486647 0.316081 0.491592 0.31292 0.500989 0.322797 0.496044 0.325958
10 0.500989 0.336626 0.501484 0.331094 0.517804 0.33307 0.516815 0.338601
10 0.52819 0.359147 0.521761 0.357961 0.525223 0.345318 0.531652 0.346503
10 0.562809 0.341367 0.56182 0.346898 0.544016 0.344923 0.54451 0.338996
10 0.564293 0.352035 0.562809 0.356776 0.545994 0.35401 0.547478 0.349269
10 0.551929 0.365073 0.545994 0.368629 0.536103 0.358356 0.542038 0.354405
10 0.345697 0.758198 0.349654 0.76294 0.33729 0.770446 0.333333 0.76531
10 0.332344 0.741604 0.336301 0.747136 0.321464 0.754642 0.317507 0.749111
10 0.713155 0.499407 0.720574 0.500988 0.715628 0.515606 0.707715 0.513631
10 0.217112 0.375741 0.210682 0.380087 0.198813 0.366653 0.205242 0.363098
10 0.181503 0.442513 0.185955 0.447254 0.171612 0.456341 0.167656 0.4516
10 0.175074 0.437377 0.178536 0.442118 0.164688 0.449625 0.161227 0.444488
10 0.16815 0.429079 0.172601 0.435006 0.155786 0.445279 0.150841 0.439352
10 0.341741 0.301857 0.335312 0.305413 0.322453 0.291584 0.327893 0.287633
10 0.333828 0.306993 0.326904 0.311339 0.314045 0.296721 0.31998 0.293165
10 0.324431 0.314105 0.320475 0.316871 0.309594 0.305018 0.314045 0.302647
10 0.317507 0.320822 0.311078 0.324378 0.296241 0.308969 0.302176 0.305018
10 0.308605 0.326748 0.302671 0.330304 0.288328 0.31529 0.294263 0.31213
10 0.299703 0.33228 0.292779 0.336231 0.278932 0.320822 0.284866 0.317266
10 0.28091 0.334255 0.273986 0.337416 0.26459 0.324773 0.271019 0.321217
10 0.26459 0.344528 0.259149 0.348084 0.248269 0.337416 0.253215 0.33386
10 0.240851 0.361517 0.234916 0.364678 0.22453 0.353615 0.22997 0.350849
10 0.232443 0.366653 0.227498 0.370209 0.216123 0.357961 0.221068 0.355196
10 0.224036 0.370605 0.219585 0.37416 0.207221 0.361912 0.213155 0.358751
10 0.318991 0.152509 0.315529 0.157645 0.300692 0.150928 0.304649 0.145397
10 0.326904 0.732912 0.330366 0.737258 0.316518 0.74595 0.312067 0.741604
10 0.308111 0.165942 0.30366 0.168708 0.290801 0.15804 0.295747 0.154484
10 0.288823 0.177795 0.284372 0.181746 0.272502 0.171079 0.276954 0.167523
10 0.278932 0.184512 0.272997 0.187673 0.263106 0.17819 0.269041 0.174239
10 0.261128 0.19597 0.256677 0.199921 0.245796 0.189648 0.250742 0.186092
10 0.250742 0.201106 0.245796 0.204662 0.234916 0.19439 0.240851 0.190834
10 0.240356 0.208218 0.234916 0.211379 0.22453 0.200316 0.229476 0.19676
10 0.231454 0.212959 0.225025 0.217305 0.215134 0.206638 0.221068 0.203082
10 0.212661 0.226393 0.207221 0.229949 0.197329 0.220071 0.203264 0.21612
10 0.196835 0.23706 0.1909 0.242197 0.181009 0.232319 0.186449 0.227578
10 0.185955 0.243382 0.18002 0.247333 0.170129 0.23627 0.177052 0.232319
10 0.178042 0.250494 0.172107 0.25484 0.161227 0.243777 0.167161 0.239826
10 0.16815 0.257606 0.163205 0.261162 0.150841 0.250099 0.156281 0.246938
10 0.160237 0.262347 0.155292 0.267878 0.143422 0.258791 0.149357 0.253655
10 0.148368 0.269064 0.142433 0.273015 0.131553 0.262742 0.136499 0.258791
10 0.195846 0.459107 0.199308 0.463848 0.188427 0.469775 0.18546 0.465824
10 0.202275 0.464243 0.206726 0.468985 0.194857 0.476492 0.190406 0.47175
10 0.208704 0.47175 0.212166 0.475701 0.197329 0.485184 0.193373 0.480838
10 0.216123 0.476492 0.221068 0.482023 0.203759 0.491505 0.199802 0.486764
10 0.321958 0.723429 0.326409 0.728961 0.311078 0.737258 0.306627 0.732517
10 0.31454 0.716713 0.318497 0.722244 0.301187 0.730936 0.297725 0.72501
10 0.308111 0.709206 0.311573 0.715132 0.295252 0.722244 0.29179 0.716713
10 0.288328 0.6855 0.292779 0.690241 0.277448 0.699328 0.273492 0.693797
10 0.308605 0.828921 0.305143 0.82339 0.318991 0.816673 0.322453 0.82181
10 0.302176 0.821019 0.298714 0.815883 0.313056 0.807586 0.317013 0.812327
10 0.292285 0.803635 0.288328 0.798894 0.304649 0.790202 0.308605 0.794943
10 0.286845 0.795338 0.282888 0.790597 0.293274 0.78309 0.297725 0.787831
10 0.282888 0.800869 0.287339 0.806796 0.269041 0.815488 0.265084 0.809166
10 0.272008 0.778744 0.268051 0.774002 0.283383 0.7661 0.28635 0.771632
10 0.255687 0.754642 0.251236 0.749111 0.266568 0.739629 0.271513 0.74516
10 0.248269 0.74674 0.244807 0.741999 0.258655 0.734887 0.262611 0.739629
10 0.240851 0.738838 0.237389 0.734097 0.252226 0.726195 0.256182 0.731727
10 0.237389 0.729751 0.231454 0.72422 0.244807 0.715527 0.250247 0.721454
10 0.228981 0.723825 0.223541 0.718293 0.238378 0.709601 0.242829 0.714737
10 0.221563 0.713947 0.217606 0.708811 0.231949 0.699723 0.2364 0.70486
10 0.189416 0.753852 0.192878 0.758989 0.178042 0.766495 0.17458 0.760964
10 0.179525 0.747136 0.183482 0.753457 0.165183 0.761359 0.161227 0.755828
10 0.171612 0.737258 0.176063 0.74358 0.15727 0.753457 0.152819 0.74674
10 0.240851 0.748716 0.244807 0.753457 0.229476 0.760174 0.226508 0.755433
10 0.233927 0.739234 0.237389 0.74437 0.222552 0.751087 0.219585 0.746345
10 0.227498 0.730541 0.231454 0.736073 0.218595 0.741999 0.214144 0.737258
10 0.219585 0.723429 0.223046 0.727776 0.211177 0.733702 0.20821 0.729356
10 0.212661 0.715132 0.216617 0.719478 0.203759 0.726195 0.200297 0.721849
10 0.206231 0.70723 0.210188 0.711972 0.19634 0.720269 0.192878 0.715132
10 0.199802 0.696958 0.204748 0.702489 0.185955 0.712367 0.181998 0.706835
10 0.23541 0.498617 0.239862 0.502963 0.228487 0.510075 0.224036 0.505729
10 0.227003 0.49032 0.231949 0.496247 0.215628 0.504939 0.211177 0.499407
10 0.221068 0.483998 0.225519 0.488345 0.212166 0.496247 0.20821 0.4919
10 0.705242 0.489135 0.712166 0.490715 0.705737 0.504939 0.698813 0.502963
10 0.720079 0.517582 0.726014 0.514421 0.735905 0.525089 0.72997 0.52825
9 0.744807 0.482418 0.75272 0.478072 0.766073 0.492691 0.75816 0.497432
10 0.465875 0.201896 0.473294 0.201896 0.47181 0.218886 0.464392 0.218491
10 0.637488 0.676808 0.643917 0.672461 0.653314 0.683919 0.647379 0.68787
9 0.660732 0.795338 0.652324 0.796128 0.649852 0.777163 0.659248 0.776373
9 0.648863 0.798894 0.639466 0.799289 0.637982 0.781904 0.647379 0.781509
9 0.638971 0.798104 0.636993 0.806006 0.613749 0.80245 0.615232 0.794153
9 0.619683 0.807586 0.624135 0.812722 0.604847 0.824575 0.598912 0.819044
9 0.577151 0.84275 0.571711 0.837218 0.591988 0.824575 0.597428 0.830897
10 0.565282 0.854998 0.555885 0.854208 0.558853 0.832477 0.56726 0.832872
10 0.532146 0.866851 0.527695 0.860529 0.547972 0.850652 0.552423 0.857369
10 0.542038 0.287238 0.535608 0.285263 0.543027 0.269064 0.549456 0.270644
10 0.530663 0.252469 0.530663 0.258396 0.511869 0.258791 0.511375 0.252864
10 0.519288 0.243777 0.520277 0.250099 0.499505 0.250889 0.498516 0.244567
10 0.508902 0.23469 0.509397 0.240616 0.491592 0.241407 0.491098 0.23548
10 0.499505 0.226393 0.5 0.232714 0.480218 0.234295 0.478734 0.227578
10 0.491592 0.218886 0.491592 0.224417 0.473788 0.224812 0.473788 0.218886
10 0.454006 0.186488 0.461919 0.186092 0.462908 0.201106 0.454006 0.201501
9 0.37636 0.497037 0.382789 0.493481 0.396637 0.508495 0.390208 0.512051
10 0.442631 0.193599 0.451039 0.193204 0.451533 0.208218 0.442631 0.208218
10 0.420376 0.205847 0.428783 0.205847 0.428289 0.221652 0.419881 0.221256
10 0.431256 0.198341 0.438675 0.198736 0.437685 0.21454 0.430762 0.214145
10 0.409496 0.209798 0.416914 0.209798 0.418398 0.225603 0.410485 0.225998
10 0.400593 0.214935 0.407517 0.21454 0.407517 0.231924 0.400099 0.231924
10 0.387735 0.220071 0.394659 0.219676 0.396142 0.23469 0.389219 0.23548
10 0.359545 0.337021 0.354105 0.331885 0.367458 0.323588 0.372404 0.328724
10 0.366963 0.344923 0.362018 0.339392 0.377349 0.329514 0.382789 0.335836
10 0.508408 0.525484 0.501978 0.530225 0.486647 0.516792 0.493571 0.512051
10 0.488131 0.537732 0.481207 0.541683 0.469337 0.52825 0.475767 0.524299
10 0.439664 0.459897 0.446588 0.455946 0.459446 0.47017 0.452522 0.473726
10 0.421365 0.47096 0.427794 0.467009 0.440653 0.480047 0.434224 0.483603
10 0.408012 0.414461 0.414441 0.41051 0.426805 0.423943 0.42087 0.427894
10 0.289318 0.485974 0.295747 0.482023 0.308605 0.496247 0.301682 0.500198
9 0.642928 0.669301 0.650346 0.66535 0.664194 0.678783 0.656775 0.683524
9 0.722057 0.605294 0.71365 0.60806 0.705242 0.589885 0.71365 0.587515
9 0.69634 0.640853 0.704253 0.637298 0.715134 0.653892 0.707221 0.657448
9 0.737389 0.691821 0.72997 0.694982 0.718595 0.679178 0.726014 0.675622
9 0.78091 0.508495 0.773492 0.512841 0.759644 0.497827 0.766073 0.493876
9 0.793274 0.513236 0.793274 0.520348 0.77003 0.519953 0.770524 0.513236
9 0.799209 0.521138 0.799209 0.52746 0.775964 0.52825 0.775964 0.521533
9 0.809594 0.530225 0.810584 0.537732 0.78635 0.538522 0.785856 0.531411
10 0.822453 0.551956 0.815529 0.556697 0.802671 0.544844 0.810089 0.540103
10 0.826409 0.552351 0.835312 0.553141 0.832344 0.570525 0.823442 0.569735
10 0.855589 0.580403 0.84817 0.584749 0.834322 0.57013 0.841741 0.565784
10 0.855094 0.584354 0.863501 0.585934 0.857567 0.604504 0.849159 0.602924
10 0.8818 0.627815 0.884768 0.634137 0.863501 0.641249 0.86004 0.634927
10 0.875371 0.664955 0.866963 0.66614 0.862018 0.647965 0.869931 0.646385
9 0.86004 0.669696 0.85361 0.675622 0.838279 0.662584 0.845203 0.656657
9 0.838773 0.68471 0.829377 0.685105 0.828882 0.66693 0.837784 0.666535
9 0.824431 0.697748 0.816518 0.698143 0.81454 0.680363 0.822948 0.679968
9 0.586548 0.310549 0.593472 0.312525 0.587043 0.328724 0.57913 0.326748
9 0.717606 0.437377 0.717112 0.444883 0.692384 0.442908 0.693373 0.435006
9 0.726508 0.447254 0.726014 0.453576 0.700791 0.451995 0.70178 0.445279
9 0.738378 0.458712 0.738378 0.465824 0.714639 0.465034 0.715134 0.457527
9 0.746291 0.468589 0.746291 0.475701 0.723046 0.474911 0.723046 0.467799
9 0.678536 0.459502 0.671118 0.463453 0.660732 0.450415 0.667656 0.446464
9 0.647379 0.434216 0.653808 0.43066 0.664688 0.442118 0.658259 0.445674
10 0.699802 0.480047 0.704253 0.485974 0.688922 0.493876 0.684471 0.487159
9 0.680514 0.50968 0.671118 0.508495 0.676063 0.488345 0.684965 0.489925
9 0.690406 0.520743 0.681998 0.519557 0.686449 0.502963 0.694362 0.504149
9 0.639466 0.539313 0.644411 0.545239 0.628091 0.554326 0.623145 0.5484
10 0.644906 0.548005 0.649357 0.552746 0.635015 0.561043 0.631058 0.556302
10 0.653808 0.556302 0.657765 0.561833 0.642433 0.56934 0.637982 0.564204
10 0.655786 0.565389 0.66271 0.56776 0.654797 0.582774 0.647873 0.580403
9 0.749753 0.663374 0.757666 0.658238 0.771019 0.672461 0.764095 0.676808
9 0.749753 0.684315 0.74184 0.688661 0.728487 0.672857 0.735905 0.668906
9 0.412463 0.524299 0.405539 0.52825 0.392186 0.512841 0.398615 0.50889
9 0.366963 0.502173 0.373887 0.499012 0.389219 0.516792 0.382295 0.520348
10 0.660237 0.493876 0.653808 0.491505 0.660237 0.480443 0.666172 0.482813
10 0.665678 0.659028 0.672107 0.655867 0.681503 0.668115 0.675569 0.670881
10 0.497033 0.819834 0.502473 0.817463 0.511375 0.828921 0.505935 0.831687
10 0.560336 0.779929 0.566766 0.776768 0.577646 0.789411 0.571217 0.792967
10 0.569733 0.774002 0.576162 0.771237 0.586548 0.784275 0.580613 0.787041
10 0.580119 0.768866 0.586548 0.765705 0.596439 0.777558 0.59001 0.781114
10 0.594461 0.757013 0.601385 0.753457 0.61276 0.765705 0.605836 0.769261
10 0.613749 0.74516 0.619189 0.742394 0.630069 0.755038 0.624629 0.758198
10 0.633037 0.734887 0.638971 0.731727 0.648863 0.74516 0.642928 0.748321
10 0.671612 0.709996 0.678042 0.70565 0.691889 0.719874 0.684965 0.723825
10 0.691395 0.700119 0.697329 0.696958 0.708704 0.709206 0.702275 0.712762
10 0.710188 0.68629 0.716123 0.682734 0.726014 0.694192 0.721068 0.697353
10 0.570227 0.697748 0.575668 0.694587 0.585064 0.70644 0.57913 0.709206
10 0.627596 0.682339 0.632542 0.678783 0.642928 0.690241 0.637488 0.693007
10 0.646884 0.637298 0.642928 0.632161 0.656775 0.624654 0.660732 0.629791
10 0.661721 0.644804 0.65727 0.639668 0.671118 0.630976 0.675569 0.636112
10 0.68546 0.649151 0.691395 0.6452 0.700297 0.656657 0.693867 0.659818
10 0.356578 0.507309 0.363996 0.502963 0.377349 0.516792 0.369931 0.521138
10 0.777943 0.611616 0.771513 0.610036 0.778437 0.595812 0.783877 0.597392
10 0.770524 0.605294 0.764095 0.603319 0.769041 0.5887 0.775964 0.589885
10 0.763106 0.597392 0.756182 0.595417 0.762611 0.581588 0.768546 0.583169
10 0.755193 0.588305 0.748764 0.58633 0.754204 0.572896 0.760633 0.574476
10 0.74728 0.580403 0.740851 0.578823 0.74728 0.564994 0.753709 0.566574
10 0.739862 0.572501 0.732443 0.571316 0.737883 0.556302 0.745302 0.557487
10 0.778437 0.563809 0.784372 0.566179 0.777448 0.580008 0.771513 0.578032
10 0.771513 0.557092 0.777448 0.559068 0.770524 0.572106 0.764095 0.57013
10 0.7636 0.551166 0.771019 0.553141 0.763106 0.566179 0.755687 0.563809
10 0.751236 0.539313 0.744313 0.543264 0.734421 0.532201 0.740851 0.527855
10 0.755687 0.541683 0.762117 0.543659 0.755193 0.557092 0.748764 0.554721
10 0.72997 0.561438 0.722057 0.559463 0.727992 0.544449 0.734916 0.546424
10 0.713155 0.535362 0.707221 0.538917 0.693867 0.526669 0.700297 0.522718
10 0.653808 0.485579 0.647379 0.483603 0.654303 0.469775 0.660732 0.47096
10 0.532146 0.720664 0.538081 0.717898 0.547478 0.728566 0.541543 0.731727
10 0.523244 0.72659 0.529674 0.722244 0.53907 0.732517 0.53363 0.736468
10 0.511869 0.730146 0.517804 0.726985 0.529674 0.740024 0.523244 0.743185
10 0.494065 0.74358 0.500495 0.739234 0.511375 0.750691 0.504451 0.755433
10 0.209199 0.0225207 0.214639 0.0189648 0.22453 0.0296326 0.21909 0.0331885
10 0.319486 0.122086 0.31454 0.117345 0.328388 0.109048 0.332839 0.113789
9 0.249258 0.502568 0.255687 0.50968 0.227003 0.526669 0.221068 0.519162
10 0.666667 0.387989 0.667161 0.395101 0.644411 0.395101 0.644906 0.387594
10 0.681009 0.405768 0.68002 0.411695 0.659743 0.41209 0.659248 0.405373
10 0.704748 0.427499 0.703759 0.432635 0.683482 0.43145 0.683976 0.425919
10 0.630564 0.124457 0.635509 0.121296 0.64639 0.133149 0.64095 0.135915
10 0.770524 0.258791 0.776459 0.25563 0.786845 0.266298 0.78091 0.269459
10 0.781405 0.358751 0.776954 0.362702 0.765084 0.35243 0.770524 0.348874
10 0.867953 0.596207 0.875371 0.598183 0.866963 0.615567 0.86004 0.613591
10 0.804649 0.686685 0.809594 0.692612 0.792285 0.702884 0.786845 0.697748
10 0.795252 0.708021 0.794263 0.715132 0.771513 0.710786 0.773986 0.703674
10 0.782888 0.716713 0.781405 0.723429 0.759149 0.718688 0.761622 0.711576
10 0.74728 0.736863 0.742829 0.730936 0.759149 0.719874 0.76459 0.7258
10 0.739367 0.747136 0.72997 0.747531 0.728981 0.728566 0.737389 0.727776
10 0.726014 0.755828 0.717606 0.756618 0.717606 0.738838 0.725025 0.738443
10 0.713155 0.763335 0.704253 0.76373 0.704253 0.74595 0.712166 0.74595
10 0.696835 0.775188 0.688427 0.775188 0.688922 0.757013 0.697329 0.757408
10 0.683482 0.781904 0.675074 0.782299 0.675074 0.76531 0.681998 0.764915
10 0.671612 0.789411 0.66271 0.789411 0.664194 0.770842 0.670623 0.770842
10 0.822453 0.636902 0.817013 0.640853 0.806133 0.629395 0.812067 0.625444
10 0.789812 0.62584 0.783383 0.623864 0.789318 0.612801 0.795252 0.614382
10 0.826409 0.611616 0.832344 0.613196 0.826409 0.62663 0.81998 0.625444
10 0.814045 0.606085 0.821958 0.60806 0.817507 0.622284 0.8091 0.620703
10 0.808111 0.596207 0.814045 0.597787 0.808111 0.611616 0.801682 0.60964
10 0.800692 0.5887 0.807122 0.590281 0.800692 0.603714 0.794263 0.601738
10 0.792285 0.581193 0.79822 0.582774 0.792285 0.595417 0.785361 0.593836
10 0.784372 0.573686 0.790801 0.575267 0.784866 0.589095 0.778437 0.586725
10 0.511869 0.807981 0.518299 0.805215 0.52819 0.817068 0.521761 0.820229
10 0.110781 0.276175 0.103858 0.27341 0.112265 0.260371 0.1182 0.262347
