9 0.158587 0.376623 0.15928 0.384045 0.143352 0.384972 0.142659 0.377551
10 0.0644044 0.14564 0.0637119 0.136364 0.0775623 0.135436 0.0782548 0.144712
10 0.0616343 0.243043 0.0623269 0.234694 0.0775623 0.235622 0.0775623 0.24397
10 0.0644044 0.230983 0.0644044 0.221707 0.0782548 0.222635 0.0775623 0.231911
10 0.0637119 0.217069 0.0644044 0.207792 0.0789474 0.207792 0.0789474 0.217069
10 0.0644044 0.205937 0.0644044 0.19666 0.0782548 0.19666 0.0782548 0.205937
10 0.0637119 0.193878 0.0637119 0.184601 0.0796399 0.184601 0.0796399 0.193878
10 0.066482 0.181818 0.066482 0.173469 0.0803324 0.173469 0.0803324 0.181818
10 0.066482 0.168831 0.066482 0.160482 0.0796399 0.160482 0.0796399 0.168831
10 0.0657895 0.133581 0.0657895 0.124304 0.0796399 0.124304 0.0796399 0.133581
10 0.323407 0.107607 0.316482 0.107607 0.317175 0.0853432 0.3241 0.0853432
10 0.190443 0.663265 0.190443 0.654917 0.204986 0.655844 0.204294 0.664193
10 0.199446 0.530612 0.199446 0.521336 0.211911 0.523191 0.211219 0.53154
10 0.194598 0.499072 0.194598 0.507421 0.180748 0.506494 0.180748 0.498145
10 0.193213 0.511132 0.193213 0.519481 0.179363 0.519481 0.179363 0.510204
10 0.190443 0.611317 0.191136 0.619666 0.176593 0.618738 0.176593 0.61039
10 0.191136 0.576994 0.191136 0.586271 0.1759 0.585343 0.1759 0.576067
10 0.194598 0.543599 0.193906 0.551948 0.179363 0.551948 0.180055 0.542672
10 0.342798 0.0927644 0.348338 0.0927644 0.34903 0.112245 0.342798 0.112245
10 0.306094 0.138219 0.313019 0.138219 0.312327 0.162338 0.305402 0.16141
9 0.49446 0.634508 0.501385 0.635436 0.500693 0.657699 0.493767 0.657699
10 0.584488 0.956401 0.578255 0.956401 0.577562 0.93692 0.583795 0.93692
9 0.533934 0.717996 0.528393 0.717996 0.528393 0.698516 0.533934 0.698516
9 0.464681 0.790353 0.465374 0.782931 0.479224 0.783859 0.479224 0.792208
9 0.542244 0.816327 0.542244 0.824675 0.526316 0.823748 0.527008 0.814471
9 0.610803 0.823748 0.610803 0.832096 0.594875 0.831169 0.594875 0.82282
10 0.594183 0.875696 0.600416 0.876623 0.599723 0.895176 0.592798 0.895176
10 0.601801 0.956401 0.594875 0.955473 0.595568 0.938776 0.601801 0.939703
10 0.592105 0.957328 0.586565 0.958256 0.586565 0.940631 0.592105 0.941558
10 0.51108 0.949907 0.504155 0.949907 0.504848 0.932282 0.510388 0.932282
10 0.344183 0.187384 0.33795 0.186456 0.338643 0.166976 0.344875 0.167904
10 0.50277 0.950835 0.495845 0.950835 0.496537 0.931354 0.502078 0.932282
10 0.485457 0.949907 0.478532 0.949907 0.478532 0.929499 0.484765 0.929499
10 0.460526 0.947124 0.454986 0.947124 0.454294 0.928571 0.460526 0.928571
10 0.5 0.866419 0.506233 0.867347 0.506233 0.8859 0.5 0.8859
10 0.509003 0.869202 0.515235 0.868275 0.515928 0.887755 0.509003 0.888683
10 0.477839 0.867347 0.482687 0.867347 0.482687 0.8859 0.477147 0.8859
10 0.453601 0.868275 0.459141 0.867347 0.459141 0.886827 0.452909 0.886827
10 0.195291 0.532468 0.194598 0.540816 0.179363 0.539889 0.180055 0.530612
10 0.134349 0.659555 0.134349 0.648423 0.148199 0.649351 0.148199 0.659555
10 0.135042 0.637291 0.135042 0.628942 0.148892 0.62987 0.148892 0.637291
10 0.121884 0.152134 0.128116 0.152134 0.128116 0.172542 0.121884 0.172542
10 0.189058 0.155844 0.194598 0.155844 0.193906 0.175325 0.188366 0.175325
10 0.18144 0.155844 0.186981 0.156772 0.186288 0.179963 0.180748 0.179035
10 0.171745 0.154917 0.17867 0.154917 0.179363 0.178108 0.172438 0.178108
10 0.15651 0.154917 0.16205 0.154917 0.161357 0.173469 0.155817 0.173469
10 0.148892 0.153989 0.15374 0.153989 0.153047 0.173469 0.147507 0.172542
10 0.140582 0.153989 0.146814 0.154917 0.146122 0.173469 0.139889 0.172542
10 0.131579 0.153989 0.137812 0.153989 0.137812 0.169759 0.131579 0.169759
10 0.229224 0.156772 0.223684 0.156772 0.224377 0.140074 0.229917 0.141002
10 0.135042 0.615955 0.135042 0.607607 0.151662 0.608534 0.151662 0.615955
10 0.16205 0.152134 0.155817 0.152134 0.155817 0.12987 0.16205 0.12987
10 0.220914 0.157699 0.215374 0.156772 0.215374 0.139147 0.220914 0.140074
10 0.211911 0.153989 0.206371 0.154917 0.206371 0.137291 0.211911 0.137291
10 0.179363 0.153061 0.17313 0.153061 0.173823 0.132653 0.180055 0.132653
10 0.171053 0.151206 0.165512 0.151206 0.166205 0.134508 0.171745 0.135436
10 0.154432 0.153061 0.148199 0.152134 0.148892 0.134508 0.155125 0.134508
10 0.137812 0.152134 0.131579 0.152134 0.131579 0.134508 0.137812 0.133581
10 0.202909 0.180891 0.197368 0.180891 0.197368 0.160482 0.202909 0.160482
10 0.211219 0.179963 0.205679 0.179963 0.206371 0.159555 0.211219 0.160482
10 0.220222 0.180891 0.213296 0.180891 0.213989 0.159555 0.220222 0.160482
10 0.228532 0.179035 0.222299 0.178108 0.223684 0.157699 0.229224 0.158627
10 0.256925 0.238404 0.251385 0.238404 0.251385 0.218924 0.256925 0.218924
10 0.264543 0.24026 0.259003 0.239332 0.260388 0.219852 0.265235 0.219852
10 0.184903 0.288497 0.185596 0.279221 0.202909 0.280148 0.202909 0.288497
10 0.184903 0.276438 0.184903 0.267161 0.202216 0.268089 0.202909 0.277365
10 0.141967 0.428571 0.142659 0.42115 0.15651 0.423006 0.155817 0.430427
10 0.148199 0.350649 0.148199 0.342301 0.161357 0.343228 0.161357 0.350649
10 0.148892 0.33859 0.148892 0.331169 0.162742 0.332096 0.162742 0.339518
10 0.147507 0.328386 0.147507 0.320037 0.163435 0.320037 0.163435 0.328386
10 0.148892 0.316327 0.148892 0.308905 0.161357 0.309833 0.161357 0.316327
10 0.163435 0.284787 0.163435 0.294063 0.147507 0.294063 0.148199 0.283859
10 0.149584 0.279221 0.149584 0.270872 0.162742 0.2718 0.162742 0.280148
10 0.151662 0.252319 0.152355 0.244898 0.164127 0.246753 0.163435 0.253247
10 0.267313 0.0825603 0.273546 0.0825603 0.273546 0.102968 0.26662 0.102968
10 0.25277 0.182746 0.245845 0.182746 0.247922 0.162338 0.253463 0.163265
10 0.245845 0.160482 0.23892 0.160482 0.239612 0.141929 0.245152 0.141929
9 0.484765 0.713358 0.478532 0.713358 0.479224 0.694805 0.485457 0.694805
9 0.520083 0.637291 0.526316 0.637291 0.525623 0.654917 0.518698 0.654917
9 0.144737 0.365492 0.15928 0.365492 0.159972 0.371985 0.144737 0.372913
10 0.626039 0.676252 0.620499 0.676252 0.621191 0.659555 0.626039 0.659555
10 0.955679 0.382189 0.955679 0.390538 0.941828 0.38961 0.941828 0.381262
10 0.652355 0.210575 0.646814 0.209647 0.647507 0.191095 0.652355 0.192022
10 0.716759 0.116883 0.722992 0.117811 0.722299 0.135436 0.716066 0.135436
10 0.717452 0.683673 0.711219 0.683673 0.711911 0.663265 0.717452 0.663265
10 0.603186 0.678108 0.609418 0.679035 0.608033 0.699443 0.601801 0.698516
10 0.603878 0.652134 0.609418 0.652134 0.608726 0.67718 0.602493 0.676252
10 0.617036 0.674397 0.612188 0.673469 0.612188 0.658627 0.617036 0.658627
10 0.745152 0.635436 0.738227 0.634508 0.73892 0.61039 0.745845 0.61039
10 0.948061 0.56679 0.948061 0.557514 0.964681 0.558442 0.964681 0.567718
10 0.702216 0.681818 0.695983 0.681818 0.695983 0.660482 0.702216 0.660482
10 0.763158 0.765306 0.756233 0.765306 0.756233 0.74397 0.763158 0.744898
10 0.746537 0.761596 0.739612 0.761596 0.740305 0.743043 0.746537 0.743043
10 0.643352 0.209647 0.637119 0.209647 0.637119 0.191095 0.643352 0.191095
10 0.653047 0.186456 0.646814 0.185529 0.647507 0.167904 0.653047 0.167904
10 0.655125 0.166048 0.661357 0.166048 0.661357 0.186456 0.655125 0.186456
10 0.617036 0.112245 0.623269 0.112245 0.622576 0.128942 0.615651 0.128015
10 0.938366 0.380334 0.938366 0.38961 0.923823 0.388683 0.923823 0.379406
10 0.885734 0.75974 0.885734 0.751391 0.899584 0.752319 0.899584 0.760668
9 0.554709 0.637291 0.561634 0.638219 0.560942 0.662338 0.553324 0.66141
9 0.740997 0.40167 0.734072 0.400742 0.734765 0.381262 0.74169 0.381262
9 0.196676 0.402597 0.195983 0.410946 0.182825 0.409091 0.183518 0.400742
9 0.183518 0.388683 0.183518 0.380334 0.197368 0.382189 0.197368 0.390538
9 0.198061 0.357143 0.198061 0.366419 0.180748 0.366419 0.180748 0.357143
9 0.261773 0.77551 0.262465 0.766234 0.280471 0.768089 0.280471 0.777365
9 0.253463 0.507421 0.253463 0.516698 0.235457 0.51577 0.235457 0.506494
9 0.521468 0.456401 0.527701 0.456401 0.527701 0.476809 0.520083 0.476809
9 0.725762 0.116883 0.731302 0.116883 0.730609 0.141002 0.724377 0.140074
9 0.702909 0.349722 0.711219 0.349722 0.710526 0.377551 0.702216 0.376623
10 0.933518 0.868275 0.933518 0.860853 0.948753 0.861781 0.948061 0.87013
9 0.759003 0.407236 0.75277 0.407236 0.75277 0.384045 0.759695 0.384045
9 0.724377 0.830241 0.724377 0.841373 0.698753 0.840445 0.698061 0.829314
9 0.774238 0.835807 0.774931 0.845083 0.75831 0.844156 0.75831 0.835807
9 0.841413 0.820037 0.842105 0.810761 0.858726 0.811688 0.858726 0.821892
9 0.870499 0.651206 0.864266 0.650278 0.864266 0.632653 0.870499 0.632653
9 0.916205 0.602041 0.915512 0.611317 0.896814 0.61039 0.896814 0.601113
10 0.8241 0.734694 0.82964 0.734694 0.828947 0.753247 0.822715 0.752319
10 0.684211 0.111317 0.690443 0.112245 0.689751 0.131725 0.682825 0.130798
10 0.692521 0.112245 0.698061 0.113173 0.697368 0.132653 0.691136 0.132653
10 0.700831 0.115028 0.706371 0.115028 0.706371 0.132653 0.700139 0.132653
10 0.613573 0.551948 0.607341 0.551948 0.608033 0.528757 0.614266 0.528757
10 0.660665 0.67718 0.654432 0.67718 0.655125 0.655844 0.660665 0.655844
10 0.686288 0.628942 0.67867 0.628942 0.680748 0.602041 0.687673 0.602968
10 0.66482 0.580705 0.672438 0.581633 0.671053 0.604824 0.663435 0.604824
10 0.639197 0.605751 0.646122 0.605751 0.645429 0.627087 0.637812 0.62616
10 0.615651 0.59833 0.621884 0.59833 0.621191 0.620594 0.614958 0.620594
10 0.632964 0.527829 0.640582 0.528757 0.640582 0.552876 0.632271 0.551948
10 0.623269 0.552876 0.616343 0.551948 0.618421 0.526902 0.623961 0.527829
10 0.493075 0.544527 0.497922 0.544527 0.497922 0.565863 0.49169 0.564935
10 0.786704 0.497217 0.780471 0.496289 0.782548 0.475881 0.788089 0.476809
10 0.524931 0.546382 0.531163 0.54731 0.530471 0.569573 0.523546 0.568646
9 0.563712 0.458256 0.569945 0.459184 0.569252 0.479592 0.562327 0.478664
10 0.468144 0.513915 0.474377 0.512987 0.475069 0.53525 0.468144 0.53525
10 0.51108 0.51577 0.517313 0.51577 0.517313 0.53525 0.510388 0.534323
10 0.551247 0.518553 0.557479 0.518553 0.556787 0.536178 0.550554 0.536178
10 0.484072 0.541744 0.490997 0.542672 0.489612 0.561224 0.482687 0.560297
9 0.488227 0.625232 0.481302 0.625232 0.481994 0.604824 0.488227 0.604824
10 0.644044 0.675325 0.637119 0.676252 0.637119 0.654917 0.644044 0.654917
10 0.635042 0.679963 0.628116 0.679963 0.628116 0.656772 0.635042 0.656772
10 0.611496 0.676252 0.618421 0.676252 0.617729 0.697588 0.610111 0.697588
10 0.742382 0.707792 0.735457 0.707792 0.73615 0.684601 0.742382 0.685529
10 0.785319 0.522263 0.779086 0.521336 0.780471 0.502783 0.786704 0.502783
10 0.772853 0.67718 0.779086 0.67718 0.778393 0.699443 0.772161 0.699443
10 0.828255 0.630798 0.833795 0.630798 0.833102 0.650278 0.827562 0.651206
10 0.792936 0.818182 0.792936 0.808905 0.806094 0.809833 0.806094 0.818182
10 0.91482 0.827458 0.91482 0.818182 0.927285 0.819109 0.927285 0.827458
10 0.911357 0.857143 0.911357 0.865492 0.897507 0.864564 0.898199 0.856215
10 0.892659 0.857143 0.891967 0.866419 0.878809 0.864564 0.879501 0.856215
10 0.688366 0.19295 0.694598 0.19295 0.693906 0.216141 0.686981 0.215213
10 0.689058 0.170686 0.695291 0.171614 0.695291 0.191095 0.688366 0.191095
10 0.677978 0.211503 0.67036 0.211503 0.671053 0.190167 0.677978 0.190167
10 0.635734 0.211503 0.629501 0.211503 0.630194 0.189239 0.635734 0.189239
10 0.613573 0.188312 0.619806 0.188312 0.619806 0.211503 0.612188 0.210575
10 0.836565 0.430427 0.842798 0.430427 0.842798 0.449907 0.835873 0.449907
10 0.82133 0.45269 0.828255 0.45269 0.828255 0.473098 0.82133 0.473098
10 0.779086 0.527829 0.785319 0.527829 0.784626 0.549165 0.778393 0.549165
10 0.128809 0.149351 0.121884 0.149351 0.122576 0.12987 0.128809 0.12987
