2 0.361273 0.0254008 0.375906 0.0254008 0.375906 0.0432355 0.361273 0.0432355
10 0.116494 0.32985 0.118341 0.32913 0.119761 0.333994 0.118199 0.334354
10 0.113368 0.31706 0.115357 0.316339 0.116494 0.321203 0.114647 0.321744
10 0.103282 0.321203 0.105555 0.320303 0.106975 0.325167 0.104702 0.326067
10 0.130416 0.314718 0.132547 0.313637 0.133542 0.318321 0.131837 0.318681
10 0.107828 0.324446 0.109675 0.323365 0.111237 0.328049 0.108964 0.328409
10 0.103282 0.326428 0.104987 0.325527 0.106407 0.32985 0.104276 0.330571
10 0.121324 0.327869 0.123029 0.327148 0.124307 0.331472 0.122603 0.331832
10 0.11621 0.335255 0.117914 0.334354 0.119051 0.338678 0.117204 0.339038
10 0.100725 0.337237 0.102571 0.336336 0.103282 0.340299 0.101861 0.34102
10 0.108964 0.333453 0.110669 0.332553 0.111806 0.337417 0.109959 0.337597
10 0.119619 0.333634 0.12175 0.332733 0.122745 0.337777 0.120756 0.337957
10 0.111237 0.376689 0.112658 0.376329 0.113653 0.380832 0.111522 0.380832
10 0.112942 0.808683 0.110243 0.809224 0.10868 0.80436 0.111522 0.802558
10 0.0737321 0.197262 0.0720273 0.196541 0.0730217 0.192037 0.0751527 0.192938
1 0.260264 0.686723 0.255718 0.688164 0.248757 0.663484 0.253871 0.661683
1 0.319221 0.674293 0.32121 0.681499 0.285836 0.696091 0.282995 0.688705
1 0.261117 0.715006 0.285552 0.704558 0.287825 0.711944 0.261827 0.721672
1 0.310982 0.765988 0.309135 0.758062 0.334423 0.748334 0.336411 0.758242
1 0.309277 0.809584 0.36383 0.787966 0.366387 0.795172 0.310698 0.819312
1 0.266515 0.764907 0.27646 0.760944 0.277312 0.764727 0.266941 0.76869
1 0.270919 0.776617 0.298054 0.763646 0.301605 0.774455 0.272908 0.787246
1 0.246342 0.665826 0.249609 0.664385 0.256002 0.688525 0.252451 0.689966
9 0.100298 0.404251 0.097315 0.404251 0.0956102 0.392722 0.0987356 0.391461
9 0.111806 0.598631 0.113653 0.59755 0.118057 0.611602 0.115357 0.612502
10 0.118483 0.32985 0.119903 0.32895 0.121324 0.332553 0.119335 0.333453
10 0.118909 0.319222 0.121182 0.318861 0.122603 0.323545 0.120472 0.323725
9 0.0356585 0.651955 0.0333854 0.652675 0.0296917 0.640245 0.0321068 0.638624
10 0.126154 0.325887 0.127859 0.325167 0.12928 0.330571 0.127433 0.331292
10 0.115073 0.345163 0.117204 0.344442 0.118341 0.348406 0.11621 0.349306
10 0.124734 0.340839 0.126723 0.339939 0.127717 0.344803 0.126012 0.344983
10 0.106833 0.339759 0.108822 0.338678 0.109817 0.343001 0.107828 0.343542
10 0.117914 0.315619 0.120188 0.314358 0.121324 0.318681 0.119051 0.319402
10 0.133968 0.307872 0.135957 0.307152 0.137093 0.311475 0.134962 0.312016
10 0.100156 0.307692 0.102145 0.307152 0.103282 0.312376 0.101151 0.312556
10 0.112658 0.322464 0.114505 0.321384 0.115926 0.326428 0.113937 0.326788
10 0.125586 0.31652 0.127575 0.315979 0.128569 0.320663 0.126438 0.321023
10 0.106407 0.324806 0.108254 0.324086 0.109106 0.32895 0.107544 0.32949
10 0.112658 0.312736 0.110527 0.313277 0.109106 0.308953 0.111522 0.307872
10 0.107544 0.315259 0.105697 0.315979 0.104276 0.311836 0.106407 0.310395
10 0.104987 0.311475 0.103282 0.311836 0.102003 0.307332 0.104134 0.306251
10 0.108254 0.309854 0.106265 0.310034 0.104844 0.305711 0.106833 0.30445
10 0.145333 0.331832 0.14718 0.330931 0.148601 0.335975 0.146754 0.336696
10 0.113226 0.331472 0.115499 0.330571 0.116352 0.335075 0.114363 0.335615
10 0.114931 0.335975 0.113084 0.337056 0.111664 0.332012 0.11351 0.331292
10 0.105839 0.335435 0.107544 0.334895 0.10868 0.338678 0.106833 0.339398
10 0.12928 0.310755 0.131411 0.310034 0.132547 0.314178 0.130274 0.314538
10 0.134536 0.322645 0.136099 0.321924 0.137235 0.326067 0.135389 0.326067
10 0.128569 0.315078 0.130416 0.314358 0.131411 0.319222 0.129848 0.319582
2 0.124449 0.312736 0.126723 0.312016 0.127575 0.31688 0.125444 0.31742
10 0.101293 0.312556 0.103566 0.311656 0.104702 0.316159 0.102571 0.31688
10 0.108538 0.319222 0.110385 0.318321 0.111379 0.323185 0.109675 0.323545
9 0.108254 0.59755 0.110385 0.596649 0.114363 0.608359 0.111379 0.608899
10 0.139651 0.918573 0.141639 0.917853 0.142634 0.922897 0.140361 0.923437
10 0.104844 0.380112 0.106549 0.379751 0.107544 0.384615 0.106123 0.385516
10 0.218923 0.834805 0.219776 0.837507 0.21594 0.839488 0.215087 0.836786
10 0.218497 0.831922 0.222475 0.830121 0.223327 0.832282 0.219207 0.834444
10 0.218213 0.82958 0.221764 0.827959 0.222617 0.830661 0.218639 0.831742
10 0.217929 0.82976 0.217502 0.827599 0.221054 0.825977 0.222049 0.828499
10 0.216792 0.825797 0.220202 0.823996 0.221054 0.826157 0.21736 0.827959
10 0.219349 0.819672 0.22006 0.821654 0.216082 0.823275 0.215372 0.821113
10 0.218923 0.817691 0.219776 0.819852 0.21594 0.821293 0.215087 0.819132
10 0.214519 0.81679 0.218497 0.815709 0.219491 0.818051 0.215372 0.819312
10 0.213951 0.814808 0.218071 0.812827 0.218923 0.815529 0.214661 0.81715
10 0.212956 0.812827 0.217218 0.811025 0.217787 0.813187 0.213667 0.814988
10 0.2256 0.821474 0.228868 0.820213 0.229578 0.822194 0.226026 0.823816
10 0.22489 0.819852 0.22901 0.81751 0.229578 0.820213 0.225742 0.821654
10 0.22418 0.817871 0.227873 0.816069 0.228868 0.818411 0.225032 0.820213
10 0.223753 0.815709 0.227731 0.813727 0.228442 0.816249 0.224322 0.818051
10 0.223043 0.813367 0.226737 0.811565 0.227305 0.813727 0.223895 0.816069
10 0.222759 0.811205 0.226168 0.809764 0.227021 0.811926 0.223185 0.813187
10 0.222049 0.809224 0.225884 0.807242 0.226595 0.809944 0.222617 0.811565
10 0.22148 0.806701 0.225316 0.80526 0.226168 0.807963 0.222049 0.809584
10 0.20358 0.812106 0.204432 0.814088 0.201307 0.816069 0.20017 0.814088
10 0.202728 0.807782 0.203438 0.810304 0.200028 0.811926 0.199034 0.809224
10 0.205569 0.801297 0.206279 0.803999 0.202159 0.805801 0.201307 0.803279
10 0.204148 0.797514 0.205143 0.799496 0.201591 0.801297 0.200597 0.798955
10 0.201875 0.802558 0.202586 0.80526 0.199318 0.806882 0.198324 0.80472
10 0.200739 0.798235 0.201591 0.800576 0.198892 0.802918 0.197471 0.801117
10 0.219491 0.834624 0.223327 0.832823 0.223753 0.835705 0.219918 0.837507
10 0.216508 0.852279 0.215656 0.850297 0.219349 0.848496 0.22006 0.850838
10 0.14647 0.916051 0.148459 0.915331 0.149879 0.920375 0.147606 0.921095
9 0.209973 0.723293 0.223753 0.717709 0.22489 0.721131 0.210683 0.726896
10 0.162523 0.994235 0.160392 0.994776 0.158829 0.989551 0.161102 0.988471
10 0.158119 0.989011 0.15613 0.989371 0.154425 0.985768 0.156698 0.984507
10 0.123455 0.848856 0.121608 0.849397 0.120045 0.844172 0.122034 0.843812
10 0.0968888 0.876959 0.0950419 0.877319 0.0936213 0.872455 0.0954681 0.871555
10 0.088649 0.843091 0.0862338 0.843992 0.0841029 0.838407 0.08666 0.836786
10 0.0733059 0.788146 0.0707487 0.789047 0.0690439 0.782562 0.0716011 0.781481
10 0.0316806 0.522609 0.0299758 0.523689 0.0284131 0.518825 0.0305441 0.517384
10 0.032391 0.513601 0.030402 0.514322 0.0291235 0.508917 0.0309703 0.507836
10 0.028129 0.509638 0.0264242 0.510178 0.0254297 0.505855 0.0277028 0.504954
10 0.0221622 0.470726 0.0196051 0.471627 0.0186106 0.466042 0.0210257 0.464601
10 0.0163375 0.459917 0.0142066 0.460818 0.0132121 0.455053 0.0149169 0.453792
10 0.0164796 0.444965 0.0140645 0.445866 0.0132121 0.440821 0.0159114 0.43938
10 0.00781361 0.395785 0.00539849 0.396325 0.00483023 0.391461 0.00696122 0.39038
10 0.129564 0.324446 0.131269 0.323725 0.132831 0.328589 0.130558 0.32895
10 0.097457 0.352549 0.0993039 0.351648 0.100582 0.357053 0.0984515 0.357593
10 0.102713 0.350567 0.10456 0.350027 0.105413 0.354711 0.103566 0.355612
10 0.105555 0.348586 0.10726 0.347685 0.108822 0.35309 0.106549 0.35363
2 0.322773 0.0980004 0.332292 0.0980004 0.332292 0.110611 0.322773 0.110611
2 0.312686 0.0922356 0.322205 0.0922356 0.322205 0.103945 0.312686 0.103945
2 0.316806 0.107188 0.322915 0.107188 0.322915 0.115114 0.316806 0.115114
9 0.22489 0.691227 0.227305 0.690326 0.229436 0.705098 0.227021 0.705458
9 0.226453 0.722392 0.232561 0.71951 0.233556 0.722933 0.227021 0.725815
9 0.201875 0.727256 0.209689 0.724014 0.210399 0.727076 0.20287 0.730679
10 0.12033 0.343181 0.122034 0.342461 0.123455 0.346965 0.121324 0.347685
10 0.10314 0.380832 0.104987 0.380292 0.105981 0.385876 0.103992 0.386057
1 0.321495 0.690326 0.322773 0.696631 0.29365 0.708341 0.292513 0.701856
2 0.26893 0.923978 0.281148 0.923978 0.281148 0.934967 0.26893 0.934967
2 0.26481 0.910467 0.278022 0.910467 0.278022 0.922717 0.26481 0.922717
2 0.276602 0.906503 0.288535 0.906503 0.288535 0.918573 0.276602 0.918573
2 0.274755 0.894794 0.285126 0.894794 0.285126 0.905422 0.274755 0.905422
2 0.262537 0.898217 0.274329 0.898217 0.274329 0.910106 0.262537 0.910106
2 0.258275 0.886327 0.270919 0.886327 0.270919 0.897676 0.258275 0.897676
2 0.271914 0.881643 0.281006 0.881643 0.281006 0.892992 0.271914 0.892992
2 0.26822 0.869573 0.279017 0.869573 0.279017 0.879841 0.26822 0.879841
2 0.255576 0.872996 0.267368 0.872996 0.267368 0.884525 0.255576 0.884525
2 0.265237 0.856422 0.274755 0.856422 0.274755 0.867772 0.265237 0.867772
2 0.25174 0.860566 0.264384 0.860566 0.264384 0.872095 0.25174 0.872095
2 0.235119 0.823455 0.250746 0.823455 0.250746 0.838588 0.235119 0.838588
2 0.25103 0.816429 0.266799 0.816429 0.266799 0.831922 0.25103 0.831922
2 0.257707 0.808323 0.264952 0.808323 0.264952 0.814628 0.257707 0.814628
2 0.247478 0.801477 0.258986 0.801477 0.258986 0.813907 0.247478 0.813907
2 0.230004 0.805981 0.245916 0.805981 0.245916 0.821834 0.230004 0.821834
2 0.225742 0.787786 0.241512 0.787786 0.241512 0.804179 0.225742 0.804179
2 0.243643 0.788867 0.255576 0.788867 0.255576 0.800757 0.243643 0.800757
2 0.241796 0.776437 0.252024 0.776437 0.252024 0.787606 0.241796 0.787606
2 0.230004 0.774635 0.240659 0.774635 0.240659 0.785985 0.230004 0.785985
2 0.306151 0.165376 0.31155 0.165376 0.31155 0.172401 0.306151 0.172401
2 0.293792 0.118897 0.298906 0.118897 0.298906 0.125743 0.293792 0.125743
2 0.323626 0.0888128 0.330303 0.0888128 0.330303 0.0970996 0.323626 0.0970996
2 0.61557 0.324446 0.645404 0.324446 0.645404 0.361196 0.61557 0.361196
2 0.279869 0.919294 0.291661 0.919294 0.291661 0.930823 0.279869 0.930823
2 0.28953 0.976941 0.309277 0.976941 0.309277 0.994776 0.28953 0.994776
2 0.660321 0.309674 0.684188 0.309674 0.684188 0.337237 0.660321 0.337237
2 0.26751 0.978202 0.285552 0.978202 0.285552 0.994776 0.26751 0.994776
2 0.282 0.237255 0.329024 0.237255 0.329024 0.291659 0.282 0.291659
2 0.326041 0.214376 0.375053 0.214376 0.375053 0.274005 0.326041 0.274005
2 0.384003 0.190236 0.436141 0.190236 0.436141 0.246082 0.384003 0.246082
2 0.446086 0.167537 0.495099 0.167537 0.495099 0.21942 0.446086 0.21942
2 0.490126 0.14592 0.540134 0.14592 0.540134 0.201765 0.490126 0.201765
2 0.149027 0.351288 0.196051 0.351288 0.196051 0.408395 0.149027 0.408395
2 0.21111 0.318321 0.260122 0.318321 0.260122 0.381733 0.21111 0.381733
2 0.257139 0.303189 0.30814 0.303189 0.30814 0.362818 0.257139 0.362818
2 0.320074 0.28031 0.365109 0.28031 0.365109 0.333634 0.320074 0.333634
2 0.376048 0.251126 0.42506 0.251126 0.42506 0.309494 0.376048 0.309494
2 0.423071 0.23221 0.472084 0.23221 0.472084 0.291659 0.423071 0.291659
2 0.484018 0.209332 0.532036 0.209332 0.532036 0.261394 0.484018 0.261394
2 0.122034 0.403351 0.173036 0.403351 0.173036 0.461719 0.122034 0.461719
2 0.139082 0.460458 0.191078 0.460458 0.191078 0.521348 0.139082 0.521348
2 0.271914 0.0565664 0.290098 0.0565664 0.290098 0.0753017 0.271914 0.0753017
2 0.193778 0.0880922 0.204575 0.0880922 0.204575 0.0989011 0.193778 0.0989011
2 0.197755 0.0989011 0.2077 0.0989011 0.2077 0.110431 0.197755 0.110431
2 0.172468 0.0989011 0.188095 0.0989011 0.188095 0.116916 0.172468 0.116916
2 0.157977 0.117276 0.167353 0.117276 0.167353 0.128085 0.157977 0.128085
2 0.132831 0.375968 0.13823 0.375968 0.13823 0.381733 0.132831 0.381733
2 0.12587 0.39074 0.131837 0.39074 0.131837 0.397046 0.12587 0.397046
2 0.0244353 0.91515 0.0383577 0.91515 0.0383577 0.929923 0.0244353 0.929923
2 0.0490126 0.988471 0.0596676 0.988471 0.0596676 0.998919 0.0490126 0.998919
2 0.668277 0.336156 0.69328 0.336156 0.69328 0.363178 0.668277 0.363178
2 0.652365 0.284093 0.676943 0.284093 0.676943 0.311115 0.652365 0.311115
10 0.102145 0.388939 0.104276 0.388218 0.105129 0.393262 0.102713 0.393623
10 0.0196051 0.0387318 0.0213098 0.0389119 0.0208836 0.0441362 0.0188947 0.0441362
10 0.0119335 0.0324266 0.0136383 0.0322464 0.0127859 0.0369303 0.0112232 0.0367501
10 0.0110811 0.0453972 0.00923427 0.0446766 0.00994459 0.0403531 0.0125018 0.0407134
10 0.0102287 0.0520627 0.00795568 0.0517024 0.00823981 0.0479193 0.0106549 0.0477391
9 0.00568263 0.0760223 0.00269925 0.0751216 0.00625089 0.0576473 0.00880807 0.0580076
10 0.00369371 0.0884525 0.00170479 0.0880922 0.00213098 0.0823275 0.00426197 0.0823275
10 0.00625089 0.0868312 0.0041199 0.0864709 0.00483023 0.0823275 0.00681915 0.0823275
9 0.00539849 0.330391 0.00781361 0.32967 0.00966046 0.343001 0.00710328 0.343722
9 0.0133542 0.443704 0.010797 0.444064 0.00852394 0.432174 0.0110811 0.431093
9 0.0235829 0.489101 0.0210257 0.490362 0.0174741 0.47505 0.0203154 0.474149
9 0.12033 0.968114 0.11763 0.969015 0.114505 0.954242 0.117346 0.952981
9 0.106265 0.908485 0.103566 0.909386 0.101293 0.901459 0.103992 0.899478
9 0.135957 0.904161 0.132831 0.904882 0.128996 0.891191 0.131837 0.88975
9 0.136667 0.896235 0.133826 0.896775 0.129848 0.883444 0.132831 0.882183
9 0.123455 0.860025 0.120614 0.860386 0.11692 0.847415 0.119761 0.845613
9 0.111379 0.814268 0.108822 0.815168 0.104987 0.801657 0.107544 0.799856
9 0.0794147 0.696992 0.0769996 0.697892 0.0710328 0.676455 0.0737321 0.675374
9 0.0795568 0.664385 0.0826822 0.663124 0.0869442 0.678616 0.084387 0.678977
9 0.0680494 0.655558 0.0656343 0.656458 0.0600938 0.636642 0.0625089 0.635381
9 0.0600938 0.625833 0.0573945 0.626374 0.0549794 0.616826 0.0576786 0.615925
9 0.0517119 0.595208 0.0491547 0.596109 0.0451769 0.582237 0.0487285 0.580976
9 0.0602358 0.591605 0.062793 0.590164 0.0660605 0.603135 0.0636454 0.603855
9 0.04333 0.564763 0.0407728 0.566024 0.0377895 0.555035 0.0404887 0.553594
9 0.0461713 0.539723 0.0485864 0.538642 0.0531325 0.554134 0.0504333 0.555215
10 0.0154852 0.0273825 0.0177582 0.0273825 0.0164796 0.0322464 0.0147748 0.0315259
9 0.00653502 0.131328 0.0090922 0.131328 0.00809774 0.14574 0.00525643 0.145559
2 0.646683 0.257972 0.670266 0.257972 0.670266 0.284633 0.646683 0.284633
9 0.0188947 0.0515222 0.0218781 0.0515222 0.0183265 0.0718789 0.0153431 0.0713385
2 0.640006 0.233832 0.663447 0.233832 0.663447 0.259052 0.640006 0.259052
2 0.631482 0.205368 0.655349 0.205368 0.655349 0.233291 0.631482 0.233291
2 0.615997 0.151324 0.640432 0.151324 0.640432 0.177085 0.615997 0.177085
2 0.608893 0.124482 0.633329 0.124482 0.633329 0.151324 0.608893 0.151324
2 0.6025 0.0985408 0.626509 0.0985408 0.626509 0.123581 0.6025 0.123581
2 0.595539 0.0729598 0.619974 0.0729598 0.619974 0.0990812 0.595539 0.0990812
2 0.586873 0.0453972 0.611166 0.0453972 0.611166 0.0715186 0.586873 0.0715186
2 0.581191 0.0190957 0.604205 0.0190957 0.604205 0.0453972 0.581191 0.0453972
2 0.546242 0.208611 0.555192 0.208611 0.555192 0.215997 0.546242 0.215997
2 0.636738 0.944515 0.644268 0.944515 0.644268 0.952621 0.636738 0.952621
2 0.643841 0.942173 0.651655 0.942173 0.651655 0.949919 0.643841 0.949919
2 0.651371 0.93911 0.658758 0.93911 0.658758 0.947397 0.651371 0.947397
2 0.65819 0.934967 0.667282 0.934967 0.667282 0.945235 0.65819 0.945235
2 0.667424 0.932084 0.675948 0.932084 0.675948 0.941632 0.667424 0.941632
2 0.674954 0.92722 0.685467 0.92722 0.685467 0.93911 0.674954 0.93911
2 0.685467 0.929382 0.694843 0.929382 0.694843 0.940011 0.685467 0.940011
2 0.694843 0.927581 0.704646 0.927581 0.704646 0.938209 0.694843 0.938209
2 0.692286 0.93857 0.702657 0.93857 0.702657 0.949919 0.692286 0.949919
2 0.679642 0.949018 0.691433 0.949018 0.691433 0.961088 0.679642 0.961088
2 0.692002 0.95172 0.700099 0.95172 0.700099 0.962349 0.692002 0.962349
2 0.671402 0.948298 0.679642 0.948298 0.679642 0.958746 0.671402 0.958746
2 0.662878 0.952081 0.67126 0.952081 0.67126 0.960007 0.662878 0.960007
9 0.0248615 0.0241398 0.0278449 0.0246802 0.0254297 0.035309 0.0230146 0.0345884
10 0.19946 0.790668 0.202586 0.789227 0.203154 0.791389 0.199886 0.79301
10 0.185964 0.777878 0.183833 0.778418 0.182412 0.772654 0.185112 0.772113
10 0.183975 0.769591 0.18156 0.770312 0.180281 0.765087 0.182696 0.764187
1 0.733059 0.891551 0.737037 0.895514 0.729223 0.906864 0.724961 0.902
10 0.530189 0.984327 0.532036 0.983066 0.533456 0.988471 0.53161 0.989191
10 0.527916 0.985408 0.530189 0.984507 0.531183 0.989011 0.529337 0.989551
10 0.666714 0.923798 0.666146 0.921996 0.669697 0.920735 0.670124 0.922897
10 0.67126 0.922717 0.670266 0.920195 0.673959 0.918753 0.67467 0.921095
10 0.675096 0.921095 0.674244 0.918573 0.677369 0.917492 0.677653 0.919654
10 0.678932 0.918934 0.678221 0.916411 0.682341 0.91479 0.68291 0.917312
10 0.688024 0.91497 0.689729 0.91461 0.691149 0.919114 0.689018 0.919294
10 0.683478 0.91479 0.687314 0.913349 0.688024 0.915691 0.68433 0.917492
10 0.68916 0.907764 0.692144 0.905783 0.692996 0.908305 0.689871 0.909746
10 0.674386 0.912628 0.677227 0.911547 0.678079 0.913349 0.674528 0.91497
10 0.677653 0.911547 0.680921 0.910827 0.681489 0.912628 0.678221 0.91407
10 0.681205 0.910286 0.683904 0.908845 0.684614 0.911007 0.682199 0.912268
10 0.690013 0.91443 0.692002 0.913169 0.693422 0.918033 0.691433 0.918393
10 0.694701 0.905242 0.695553 0.907945 0.692854 0.908845 0.692286 0.906503
10 0.694843 0.904702 0.697684 0.903621 0.698111 0.905963 0.695127 0.907224
10 0.693564 0.912989 0.695127 0.912268 0.696548 0.917492 0.694985 0.917853
10 0.698111 0.916411 0.696832 0.917312 0.695269 0.912268 0.696832 0.911728
10 0.699957 0.915511 0.698111 0.916411 0.69669 0.911367 0.698253 0.910647
1 0.727376 0.246262 0.70493 0.252027 0.664583 0.100162 0.689871 0.0918753
1 0.761756 0.273104 0.753516 0.276527 0.727518 0.185552 0.736042 0.18303
1 0.774684 0.295082 0.770564 0.295082 0.768007 0.272924 0.772127 0.272023
1 0.733627 0.35345 0.740304 0.350567 0.758773 0.419024 0.75238 0.421185
1 0.713169 0.452891 0.715727 0.462799 0.663873 0.484417 0.661458 0.474689
1 0.741298 0.892452 0.738031 0.896235 0.728655 0.885066 0.732206 0.880022
1 0.716863 0.876779 0.718568 0.880562 0.708481 0.888128 0.706208 0.883264
1 0.728797 0.0187354 0.721551 0.0214376 0.715727 0.00540443 0.723114 0.00216177
1 0.721125 0.897676 0.718 0.900198 0.71047 0.89065 0.713596 0.887768
10 0.631198 0.4147 0.634181 0.413979 0.634749 0.416141 0.63134 0.416862
1 0.545532 0.674293 0.550504 0.681859 0.54127 0.691587 0.535445 0.683661
1 0.518682 0.606557 0.522375 0.616105 0.471374 0.641866 0.46839 0.631057
1 0.521239 0.616105 0.524364 0.625653 0.474783 0.650513 0.471374 0.640425
1 0.525501 0.624572 0.528626 0.6343 0.479472 0.660782 0.475636 0.650694
1 0.595681 0.544046 0.597954 0.555395 0.544964 0.567465 0.543117 0.556656
1 0.592556 0.554855 0.594545 0.565844 0.54198 0.577914 0.540276 0.567465
1 0.591419 0.565484 0.592698 0.575932 0.54056 0.588543 0.538571 0.576833
1 0.537718 0.744731 0.541696 0.759863 0.465549 0.791749 0.460435 0.777518
1 0.603637 0.778238 0.606478 0.784904 0.561159 0.810124 0.557039 0.802198
1 0.529905 0.697712 0.53786 0.723834 0.405597 0.779859 0.399915 0.747073
1 0.535445 0.932084 0.529621 0.933886 0.515414 0.884345 0.521239 0.881643
1 0.543259 0.935507 0.537008 0.937489 0.51513 0.862908 0.522233 0.860205
1 0.552067 0.941992 0.54539 0.943434 0.525075 0.872455 0.53161 0.869573
1 0.564427 0.947937 0.555761 0.95136 0.529479 0.862007 0.538855 0.858224
1 0.569825 0.93911 0.56187 0.941632 0.541554 0.867591 0.548942 0.864529
1 0.569825 0.921816 0.565421 0.923257 0.549936 0.868672 0.554198 0.866511
1 0.613724 0.910106 0.607899 0.912809 0.582185 0.843632 0.589004 0.840389
1 0.713454 0.848316 0.716579 0.859124 0.627788 0.896775 0.624805 0.886507
1 0.697116 0.844893 0.699247 0.85426 0.645546 0.8784 0.642421 0.869573
1 0.695695 0.834084 0.698679 0.844713 0.627362 0.876239 0.6231 0.864709
1 0.643841 0.870834 0.645688 0.876419 0.625231 0.885786 0.623384 0.878761
1 0.723114 0.894974 0.720699 0.898397 0.712743 0.888849 0.715585 0.885426
1 0.715443 0.462079 0.718284 0.473248 0.666856 0.495046 0.663873 0.483516
1 0.841313 0.113313 0.833215 0.116736 0.807217 0.0261214 0.815457 0.0228788
10 0.187243 0.782922 0.185396 0.783462 0.184259 0.778959 0.186248 0.778238
1 0.9794 0.312917 0.987924 0.308773 0.997727 0.351828 0.989061 0.354711
10 0.0112232 0.0484597 0.01307 0.04882 0.0123597 0.0531436 0.0106549 0.0526031
10 0.0095184 0.0576473 0.0110811 0.0576473 0.0105129 0.0625113 0.00880807 0.0623311
10 0.0147748 0.0605296 0.0166217 0.0607098 0.0164796 0.0653936 0.0146328 0.0650333
10 0.00184685 0.151684 0.00397784 0.151865 0.00397784 0.157089 0.00184685 0.157449
10 0.0134962 0.430913 0.0112232 0.431274 0.0106549 0.426049 0.0126438 0.425509
10 0.00937633 0.421906 0.00681915 0.422807 0.00610882 0.418123 0.00795568 0.417582
10 0.0538429 0.592686 0.051996 0.593947 0.0504333 0.588182 0.0524222 0.586741
10 0.112232 0.622771 0.110527 0.623671 0.10868 0.618267 0.110527 0.616826
7 0.596818 0.904882 0.60179 0.903261 0.612161 0.941452 0.607757 0.943253
7 0.655065 0.884886 0.658332 0.883444 0.666998 0.917132 0.664157 0.918213
7 0.550788 0.940551 0.553204 0.93911 0.560733 0.965051 0.55775 0.966132
10 0.662878 0.14574 0.664867 0.144839 0.666288 0.150603 0.664157 0.150964
10 0.659611 0.136192 0.661173 0.135291 0.662594 0.140155 0.660747 0.140515
10 0.660747 0.140335 0.662594 0.139795 0.663731 0.144298 0.661742 0.144659
10 0.666998 0.157629 0.66572 0.15817 0.664157 0.154026 0.665577 0.153126
7 0.261827 0.773915 0.338542 0.739867 0.340958 0.746352 0.263106 0.779499
7 0.278165 0.832102 0.549368 0.715186 0.555903 0.738606 0.284415 0.856422
7 0.244637 0.714466 0.314675 0.685822 0.31567 0.690506 0.245916 0.720951
10 0.11763 0.828319 0.115926 0.82922 0.114789 0.824896 0.116778 0.823635
10 0.128996 0.882183 0.127149 0.882724 0.125586 0.877319 0.127433 0.876599
10 0.127859 0.86561 0.126012 0.866511 0.124876 0.862187 0.12658 0.861286
10 0.130132 0.846694 0.131411 0.845974 0.132405 0.850658 0.130842 0.851378
1 0.262537 0.725095 0.270351 0.721852 0.278307 0.748334 0.269499 0.751396
1 0.890894 0.250585 0.897144 0.248244 0.906237 0.283012 0.89956 0.285354
1 0.953971 0.32949 0.9615 0.326608 0.980821 0.388939 0.973292 0.392362
1 0.847422 0.104306 0.838898 0.106828 0.816735 0.0264817 0.825401 0.0225185
1 0.946867 0.331832 0.954113 0.32877 0.973434 0.393082 0.966046 0.395424
1 0.817588 0.135831 0.812757 0.138353 0.807643 0.124122 0.8129 0.121239
1 0.838898 0.196181 0.830232 0.200144 0.8102 0.138353 0.818866 0.133309
1 0.865748 0.1706 0.87484 0.166276 0.896292 0.24356 0.88649 0.246802
1 0.859355 0.758242 0.868447 0.760043 0.855235 0.835705 0.846569 0.833544
1 0.867737 0.755179 0.881091 0.756801 0.866742 0.845794 0.853957 0.843271
1 0.736752 0.964511 0.747549 0.967934 0.741441 0.988471 0.730786 0.984687
2 0.903253 0.894794 0.918312 0.894794 0.918312 0.909386 0.903253 0.909386
2 0.921012 0.898397 0.934792 0.898397 0.934792 0.91443 0.921012 0.91443
2 0.899275 0.916952 0.914619 0.916952 0.914619 0.931724 0.899275 0.931724
2 0.91675 0.921095 0.93124 0.921095 0.93124 0.936228 0.91675 0.936228
2 0.898423 0.942173 0.912914 0.942173 0.912914 0.956224 0.898423 0.956224
2 0.914476 0.945776 0.928541 0.945776 0.928541 0.960548 0.914476 0.960548
2 0.895724 0.962529 0.909504 0.962529 0.909504 0.97586 0.895724 0.97586
2 0.910499 0.965952 0.925273 0.965952 0.925273 0.979643 0.910499 0.979643
2 0.95184 0.903801 0.976417 0.903801 0.976417 0.932625 0.95184 0.932625
2 0.944879 0.942893 0.969598 0.942893 0.969598 0.969915 0.944879 0.969915
2 0.974428 0.95172 0.999006 0.95172 0.999006 0.977842 0.974428 0.977842
2 0.979969 0.912448 1.00014 0.912448 1.00014 0.940191 0.979969 0.940191
2 0.945021 0.809944 0.967183 0.809944 0.967183 0.837507 0.945021 0.837507
2 0.922432 0.769231 0.946441 0.769231 0.946441 0.795712 0.922432 0.795712
7 0.942179 0.650153 0.978264 0.636822 0.980253 0.644929 0.943316 0.657539
1 0.953971 0.513241 0.95184 0.509638 0.963063 0.501892 0.96491 0.506575
1 0.938628 0.334895 0.946867 0.331472 0.965762 0.394343 0.957238 0.397586
10 0.630629 0.413079 0.633471 0.411818 0.634039 0.413799 0.631056 0.41524
10 0.629351 0.408575 0.63276 0.408035 0.632902 0.409656 0.629919 0.410196
10 0.628782 0.406593 0.632334 0.405513 0.632476 0.407854 0.629351 0.408755
10 0.169484 0.716087 0.167069 0.717168 0.165506 0.711403 0.16778 0.709962
10 0.175735 0.71969 0.179713 0.717709 0.180423 0.72005 0.175877 0.721492
10 0.175735 0.720231 0.175167 0.717528 0.179003 0.715727 0.179855 0.718069
10 0.174883 0.715186 0.178861 0.713385 0.179713 0.716267 0.175593 0.717528
10 0.174883 0.715547 0.174315 0.713025 0.178434 0.711403 0.179145 0.713745
10 0.173746 0.709061 0.177156 0.7078 0.177866 0.709962 0.174315 0.711403
10 0.172752 0.705098 0.175593 0.703657 0.176161 0.705458 0.173036 0.70726
10 0.175167 0.701315 0.175735 0.703657 0.172468 0.705098 0.172326 0.702756
10 0.17403 0.696992 0.174883 0.699333 0.171615 0.701315 0.170621 0.698973
10 0.170905 0.699153 0.16991 0.696811 0.17403 0.69519 0.174741 0.697532
10 0.169484 0.69465 0.172752 0.693208 0.173462 0.69555 0.170337 0.696992
10 0.168348 0.690686 0.171899 0.689065 0.172468 0.691227 0.168774 0.692848
10 0.167353 0.688344 0.171473 0.687264 0.172041 0.689425 0.168206 0.690686
10 0.170905 0.685102 0.171899 0.687083 0.167495 0.688885 0.166927 0.686903
10 0.166359 0.682219 0.170195 0.680958 0.170905 0.6833 0.166501 0.684922
10 0.165791 0.680238 0.170195 0.678436 0.170905 0.681319 0.166359 0.68258
10 0.165933 0.680778 0.165222 0.677896 0.169484 0.676455 0.170053 0.678797
1 0.282569 0.688885 0.284842 0.696631 0.258559 0.708521 0.255576 0.700054
10 0.178719 0.615024 0.180707 0.613943 0.181986 0.618988 0.179855 0.619888
10 0.17815 0.620429 0.176588 0.621149 0.175309 0.616646 0.177156 0.615565
10 0.17403 0.617366 0.175735 0.616285 0.176872 0.620969 0.175025 0.62151
10 0.172041 0.618447 0.173888 0.617546 0.175167 0.62187 0.172894 0.622771
10 0.163802 0.607638 0.165933 0.606557 0.167495 0.612682 0.165364 0.613403
10 0.168632 0.605657 0.170905 0.604756 0.172041 0.6098 0.169768 0.610521
10 0.160676 0.687264 0.162523 0.686183 0.163518 0.691587 0.161671 0.692128
10 0.177014 0.726536 0.176019 0.724194 0.180707 0.721311 0.181418 0.724374
10 0.628498 0.404792 0.63205 0.403531 0.632192 0.405693 0.628925 0.406954
10 0.172752 0.734102 0.174599 0.733021 0.176303 0.737525 0.174315 0.738606
10 0.181134 0.760043 0.179003 0.761304 0.177156 0.75572 0.179571 0.753918
10 0.196193 0.78058 0.196903 0.782742 0.193351 0.784904 0.192357 0.782562
10 0.194914 0.778598 0.195909 0.781301 0.192783 0.782922 0.191789 0.78058
10 0.19122 0.777518 0.194346 0.776076 0.195198 0.778598 0.191789 0.779679
10 0.197613 0.774275 0.198324 0.776977 0.194772 0.778418 0.19392 0.775896
10 0.190794 0.777878 0.1898 0.775716 0.193635 0.773915 0.194346 0.776437
10 0.190226 0.773554 0.193209 0.771933 0.19392 0.773915 0.190794 0.775176
10 0.192073 0.770492 0.192925 0.772113 0.190084 0.773734 0.189231 0.771753
10 0.190936 0.766529 0.191931 0.76815 0.189089 0.769951 0.188237 0.76815
10 0.192783 0.770312 0.195909 0.76869 0.196619 0.770852 0.192925 0.772113
10 0.192215 0.770852 0.191647 0.76833 0.194772 0.767249 0.195482 0.769231
10 0.187243 0.762745 0.190084 0.761124 0.190936 0.763646 0.187527 0.765087
10 0.190794 0.763466 0.191362 0.765628 0.189089 0.766889 0.188237 0.764907
10 0.191078 0.765448 0.194346 0.764727 0.195198 0.766889 0.192073 0.76815
10 0.190936 0.762565 0.193351 0.761665 0.194204 0.764006 0.191362 0.765448
10 0.189373 0.756981 0.192925 0.75572 0.193635 0.758422 0.190084 0.759683
10 0.185964 0.758782 0.189516 0.756981 0.190084 0.759323 0.186532 0.760764
10 0.185396 0.75626 0.189231 0.754999 0.189516 0.756981 0.186106 0.758782
10 0.184543 0.751756 0.187385 0.750676 0.188095 0.753017 0.185396 0.754279
10 0.188805 0.754999 0.192073 0.753378 0.192783 0.75572 0.189516 0.757161
10 0.187669 0.750856 0.191078 0.749234 0.191647 0.751576 0.188237 0.752837
10 0.188237 0.753017 0.191931 0.751216 0.192499 0.753558 0.188947 0.754999
10 0.174315 0.739146 0.176161 0.738245 0.177724 0.743109 0.175593 0.74419
10 0.17403 0.603855 0.175593 0.602594 0.176446 0.606197 0.174741 0.606918
10 0.175593 0.602414 0.177582 0.601333 0.178719 0.606738 0.176872 0.607278
10 0.179997 0.600432 0.181844 0.599892 0.183265 0.604396 0.18156 0.604936
10 0.18227 0.599712 0.183691 0.598631 0.185254 0.603315 0.183265 0.604396
10 0.606052 0.383895 0.605058 0.382093 0.609604 0.379932 0.610172 0.382634
10 0.60662 0.385876 0.60591 0.383895 0.609177 0.382814 0.609746 0.384615
10 0.607473 0.387678 0.607046 0.385876 0.610172 0.384435 0.610882 0.386597
10 0.607899 0.389299 0.611593 0.388218 0.612019 0.39056 0.608467 0.392182
10 0.608467 0.391641 0.612161 0.390921 0.612729 0.392902 0.608609 0.394163
10 0.609035 0.393623 0.612587 0.392542 0.613013 0.394524 0.60932 0.395965
10 0.609462 0.395424 0.613013 0.393983 0.613724 0.396505 0.609746 0.398126
10 0.610314 0.397766 0.613581 0.396505 0.614292 0.398307 0.610456 0.400108
10 0.610598 0.400108 0.61415 0.398307 0.614576 0.400829 0.611166 0.40209
10 0.612019 0.403531 0.615286 0.40191 0.615997 0.404792 0.612445 0.406053
10 0.612587 0.406053 0.616281 0.405152 0.616423 0.406954 0.612871 0.407674
10 0.613155 0.410737 0.616281 0.408575 0.617275 0.410737 0.613724 0.412358
10 0.614576 0.411998 0.617701 0.410557 0.617986 0.412718 0.614576 0.41416
10 0.614718 0.41416 0.617986 0.412718 0.618696 0.4147 0.615144 0.416141
10 0.615144 0.416321 0.618696 0.41488 0.619122 0.417222 0.61557 0.418483
10 0.616139 0.420285 0.619406 0.419024 0.619974 0.421366 0.616565 0.422807
10 0.627504 0.403531 0.628356 0.405513 0.624805 0.406954 0.623952 0.404972
10 0.624947 0.406413 0.628356 0.405332 0.628498 0.407854 0.625089 0.408755
10 0.625373 0.408755 0.629067 0.406774 0.629493 0.409115 0.626083 0.410196
10 0.625941 0.410196 0.629635 0.409115 0.630061 0.411457 0.626367 0.412718
10 0.626652 0.412538 0.630061 0.410737 0.630629 0.413079 0.62722 0.41488
10 0.630203 0.413079 0.631198 0.415961 0.62793 0.417402 0.626936 0.41506
10 0.627504 0.40245 0.631198 0.401549 0.631766 0.403531 0.62793 0.404972
10 0.677085 0.444424 0.67538 0.445145 0.674244 0.440461 0.675948 0.43956
10 0.675096 0.445505 0.673249 0.446046 0.672255 0.441542 0.674244 0.440461
10 0.673391 0.446226 0.671402 0.446406 0.670408 0.442263 0.672113 0.441722
1 0.647393 0.0363898 0.651939 0.0342281 0.664867 0.0823275 0.660321 0.0832282
10 0.153715 0.592506 0.152294 0.591605 0.154425 0.587101 0.155988 0.588723
10 0.15613 0.588362 0.154425 0.587642 0.15613 0.583498 0.157693 0.5853
10 0.158119 0.5853 0.156698 0.584039 0.158829 0.579715 0.160676 0.581337
10 0.164086 0.576653 0.162665 0.574851 0.165649 0.570888 0.166785 0.57323
10 0.167637 0.57323 0.165791 0.571248 0.168774 0.568366 0.170195 0.569807
1 0.433158 0.933706 0.446654 0.92668 0.448785 0.933886 0.435289 0.940371
1 0.500213 0.961989 0.496804 0.96343 0.487001 0.934426 0.491547 0.932084
1 0.506748 0.958926 0.501065 0.960908 0.487853 0.91407 0.493536 0.911908
1 0.415542 0.736624 0.448075 0.723653 0.44978 0.730139 0.417389 0.74365
1 0.409859 0.665646 0.461997 0.657899 0.46285 0.669249 0.410001 0.677175
10 0.649808 0.424068 0.651087 0.42659 0.647251 0.429472 0.645972 0.42677
10 0.671686 0.446766 0.669555 0.447487 0.668277 0.442623 0.670124 0.441902
10 0.642137 0.395064 0.643131 0.397766 0.639579 0.399568 0.638443 0.397046
10 0.643557 0.397766 0.644126 0.400288 0.640574 0.401189 0.640148 0.398847
10 0.636454 0.39038 0.637164 0.392542 0.634465 0.394163 0.633613 0.391641
10 0.635886 0.388218 0.636738 0.39074 0.633471 0.391821 0.632618 0.38966
10 0.63546 0.386057 0.636312 0.388579 0.633187 0.39002 0.632476 0.386957
10 0.634039 0.381733 0.634749 0.383895 0.63205 0.385516 0.63134 0.383354
10 0.634039 0.379751 0.634607 0.381913 0.631198 0.382994 0.630203 0.381012
10 0.633329 0.377229 0.633613 0.379211 0.630771 0.380472 0.629919 0.378671
10 0.66572 0.449649 0.663731 0.450369 0.661884 0.445685 0.664299 0.444785
10 0.666998 0.448027 0.665435 0.448568 0.664299 0.443884 0.666004 0.443344
2 0.223043 0.265177 0.268078 0.265177 0.268078 0.31706 0.223043 0.31706
