4 0.436441 0.286239 0.472987 0.286239 0.472987 0.322581 0.436441 0.322581
4 0.392479 0.286239 0.430085 0.286239 0.430085 0.322581 0.392479 0.322581
5 0.326801 0.0800327 0.391419 0.0800327 0.391419 0.17599 0.326801 0.17599
5 0.258475 0.0796243 0.324682 0.0796243 0.324682 0.175582 0.258475 0.175582
5 0.192797 0.0783993 0.256356 0.0783993 0.256356 0.175174 0.192797 0.175174
5 0.12553 0.0796243 0.191208 0.0796243 0.191208 0.173949 0.12553 0.173949
5 0.32786 0.181707 0.394068 0.181707 0.394068 0.274806 0.32786 0.274806
5 0.397775 0.182115 0.463453 0.182115 0.463453 0.275623 0.397775 0.275623
5 0.264301 0.182523 0.325742 0.182523 0.325742 0.273989 0.264301 0.273989
5 0.199153 0.181707 0.261123 0.181707 0.261123 0.273989 0.199153 0.273989
5 0.129767 0.181707 0.195975 0.181707 0.195975 0.272356 0.129767 0.272356
5 0.226695 0.280523 0.292903 0.280523 0.292903 0.37158 0.226695 0.37158
13 0.558792 0.479788 0.840572 0.479788 0.840572 0.808493 0.558792 0.808493
6 0.518008 0.369539 0.885064 0.369539 0.885064 0.905267 0.518008 0.905267
5 0.657839 0.222948 0.716102 0.222948 0.716102 0.309106 0.657839 0.309106
5 0.595339 0.22254 0.653072 0.22254 0.653072 0.309514 0.595339 0.309514
5 0.721398 0.222948 0.776483 0.222948 0.776483 0.307881 0.721398 0.307881
5 0.782309 0.222948 0.836335 0.222948 0.836335 0.306656 0.782309 0.306656
4 0.233051 0.379339 0.270127 0.379339 0.270127 0.416905 0.233051 0.416905
5 0.394068 0.080441 0.465042 0.080441 0.465042 0.175582 0.394068 0.175582
