1 0.879249 0.529371 0.874683 0.541811 0.829021 0.505874 0.835109 0.492053
2 0.309995 0.40774 0.324708 0.40774 0.324708 0.429164 0.309995 0.429164
1 0.518011 0.419489 0.515474 0.426399 0.480467 0.407049 0.483004 0.400138
1 0.483004 0.368348 0.479452 0.379406 0.434805 0.358673 0.439371 0.344851
1 0.493151 0.387008 0.488584 0.403594 0.42415 0.371113 0.428209 0.355218
1 0.38204 0.346234 0.384576 0.335867 0.42618 0.360055 0.423135 0.371113
1 0.331811 0.330339 0.335363 0.315826 0.383054 0.340014 0.38001 0.355218
1 0.329274 0.316517 0.326738 0.325501 0.298326 0.311679 0.300355 0.302695
1 0.333333 0.308224 0.331811 0.316517 0.300355 0.302695 0.301877 0.295093
2 0.374429 0.464409 0.381025 0.464409 0.381025 0.473393 0.374429 0.473393
2 0.360731 0.424326 0.37037 0.424326 0.37037 0.436766 0.360731 0.436766
2 0.375951 0.440221 0.392187 0.440221 0.392187 0.461645 0.375951 0.461645
2 0.356672 0.442985 0.373415 0.442985 0.373415 0.464409 0.356672 0.464409
2 0.331811 0.416724 0.354135 0.416724 0.354135 0.447823 0.331811 0.447823
2 0.289193 0.422253 0.302892 0.422253 0.302892 0.440912 0.289193 0.440912
1 0.871639 0.540428 0.868087 0.549413 0.832065 0.521078 0.836631 0.511403
2 0.292237 0.389772 0.305936 0.389772 0.305936 0.409813 0.292237 0.409813
1 0.257737 0.259157 0.260781 0.247408 0.304921 0.269523 0.302385 0.281272
1 0.250634 0.269523 0.253678 0.258466 0.306951 0.284727 0.303399 0.295784
1 0.247083 0.281272 0.249112 0.269523 0.30137 0.295093 0.29934 0.30546
1 0.219685 0.26745 0.216641 0.277816 0.169457 0.25501 0.173516 0.242571
1 0.224252 0.257084 0.221715 0.266759 0.173516 0.24188 0.176053 0.230131
1 0.226281 0.245335 0.223744 0.254319 0.17656 0.22944 0.179604 0.217692
1 0.228311 0.232896 0.224252 0.244644 0.173009 0.212854 0.17859 0.201106
1 0.0116692 0.145819 0.0963978 0.192813 0.093861 0.203179 0.00862506 0.156876
1 0.00862506 0.158258 0.0943683 0.20387 0.0898021 0.220456 0.00811771 0.176918
1 0.109082 0.217692 0.161847 0.239806 0.15931 0.253628 0.107052 0.230822
1 0.0618975 0.173462 0.0644343 0.164478 0.108067 0.185211 0.104515 0.196268
1 0.68899 0.443677 0.684424 0.456116 0.659056 0.436766 0.663115 0.425708
1 0.667174 0.412578 0.687468 0.430546 0.685439 0.435384 0.66413 0.418798
1 0.683917 0.435384 0.682395 0.438839 0.664637 0.425708 0.666667 0.420871
1 0.615424 0.400829 0.634196 0.418106 0.631659 0.422944 0.61238 0.407049
1 0.871131 0.552868 0.866565 0.563925 0.824455 0.530753 0.829528 0.519696
1 0.866058 0.564616 0.861999 0.574983 0.819381 0.541811 0.823947 0.530753
1 0.811771 0.551486 0.816844 0.540428 0.860477 0.574983 0.853881 0.587422
1 0.850837 0.58604 0.846271 0.594333 0.811771 0.563925 0.816844 0.554941
1 0.801116 0.570836 0.806697 0.56047 0.847793 0.595715 0.842212 0.607464
1 0.797057 0.57982 0.801116 0.572218 0.838153 0.603317 0.834094 0.612992
1 0.795028 0.578438 0.832572 0.612301 0.826484 0.624741 0.789954 0.589496
1 0.78894 0.589496 0.822933 0.620594 0.816337 0.634416 0.782851 0.603317
1 0.782851 0.603317 0.820903 0.639254 0.815322 0.64962 0.77727 0.615066
1 0.78691 0.593642 0.776763 0.615066 0.735667 0.576365 0.745307 0.556323
1 0.751903 0.561161 0.755961 0.552177 0.792998 0.581894 0.787925 0.592951
1 0.797057 0.569454 0.791476 0.57982 0.748351 0.545266 0.753425 0.533518
1 0.803653 0.557706 0.798072 0.569454 0.75241 0.532827 0.757484 0.519005
1 0.801116 0.542502 0.797057 0.550104 0.760528 0.521769 0.765601 0.512094
1 0.805682 0.532135 0.801624 0.541811 0.765601 0.511403 0.76966 0.50311
1 0.810756 0.519005 0.805175 0.530753 0.764587 0.497581 0.770167 0.484451
1 0.751903 0.434692 0.747844 0.446441 0.710299 0.419489 0.714866 0.409122
1 0.750381 0.449205 0.746322 0.458189 0.707255 0.429855 0.710299 0.420871
1 0.745814 0.457498 0.742263 0.465791 0.705226 0.43953 0.70827 0.431237
1 0.745307 0.468556 0.741248 0.480304 0.697108 0.449896 0.701674 0.436766
1 0.743785 0.482377 0.737697 0.495508 0.692035 0.461645 0.696093 0.449205
1 0.736175 0.494817 0.732623 0.505183 0.695586 0.47754 0.700152 0.466482
1 0.564688 0.445059 0.570776 0.429164 0.611365 0.460263 0.605784 0.474084
1 0.630644 0.428473 0.628615 0.434001 0.610857 0.420871 0.612887 0.415342
1 0.614409 0.409122 0.630137 0.422944 0.628108 0.427091 0.61238 0.414651
1 0.0624049 0.162405 0.0664637 0.147201 0.115677 0.173462 0.112126 0.186593
