10 0.947246 0.102504 0.951901 0.104393 0.944919 0.11077 0.940264 0.10888
10 0.0632273 0.683987 0.0581846 0.683042 0.0624515 0.675957 0.0674942 0.677137
10 0.169511 0.397024 0.17533 0.398205 0.171063 0.40718 0.164469 0.405527
10 0.195112 0.433632 0.19007 0.432452 0.194337 0.425838 0.198991 0.427019
10 0.165632 0.468351 0.16059 0.467171 0.165244 0.459376 0.170287 0.460557
10 0.202483 0.492206 0.202483 0.488427 0.214895 0.488899 0.214507 0.492442
10 0.237005 0.497874 0.237393 0.494095 0.249806 0.494568 0.249418 0.498111
10 0.200155 0.501417 0.201319 0.497874 0.211792 0.499055 0.210628 0.502126
10 0.200543 0.505905 0.200931 0.502598 0.213344 0.503307 0.212956 0.506377
10 0.201707 0.512282 0.201707 0.508739 0.213732 0.508975 0.213732 0.512045
9 0.224981 0.530704 0.219938 0.529759 0.223817 0.522201 0.22886 0.523146
10 0.24903 0.535191 0.245151 0.533774 0.250194 0.526453 0.254849 0.52787
10 0.272692 0.556684 0.274244 0.553614 0.285105 0.555739 0.283553 0.55881
10 0.284717 0.571327 0.278898 0.56991 0.283165 0.562825 0.288208 0.564006
10 0.277735 0.570146 0.272304 0.568729 0.276959 0.560699 0.282389 0.56188
10 0.270753 0.568257 0.264934 0.567548 0.269589 0.559518 0.274631 0.560699
10 0.262607 0.56684 0.257952 0.565895 0.262607 0.558573 0.266874 0.559754
10 0.256788 0.565187 0.251746 0.564714 0.255237 0.557393 0.259503 0.558101
10 0.249418 0.564242 0.244763 0.563061 0.248254 0.55692 0.253685 0.558101
10 0.231575 0.538734 0.230023 0.542277 0.217223 0.539679 0.219162 0.536136
10 0.178821 0.575106 0.176881 0.578177 0.166796 0.576051 0.168735 0.572981
10 0.174166 0.583609 0.172227 0.586915 0.159426 0.583845 0.161365 0.580538
10 0.171839 0.587624 0.169899 0.590931 0.159038 0.588805 0.160978 0.585026
10 0.169123 0.596363 0.167184 0.599669 0.154771 0.596835 0.156711 0.593529
10 0.16796 0.867501 0.169511 0.864667 0.181148 0.867029 0.179597 0.869863
10 0.0461598 0.826878 0.0430566 0.829239 0.0333592 0.823099 0.0368503 0.820973
10 0.0306439 0.746812 0.0256012 0.745867 0.0298681 0.739017 0.0349108 0.739726
9 0.0461598 0.716816 0.0411171 0.715635 0.0457719 0.707605 0.0504267 0.708786
10 0.115593 0.695796 0.113266 0.699103 0.103181 0.696268 0.10512 0.693198
10 0.119472 0.691072 0.117921 0.694379 0.105508 0.692017 0.107836 0.68871
10 0.0748642 0.686585 0.0775795 0.683514 0.0888285 0.686585 0.0868891 0.689655
10 0.206749 0.402929 0.206362 0.398914 0.21955 0.398914 0.21955 0.402456
10 0.214119 0.418044 0.214507 0.414265 0.227308 0.415446 0.226532 0.418753
10 0.205974 0.413321 0.201319 0.41214 0.20481 0.406471 0.209853 0.407652
10 0.179597 0.228625 0.183863 0.23146 0.17533 0.236892 0.171063 0.234058
10 0.366951 0.0448748 0.368503 0.0484176 0.356478 0.051488 0.354151 0.0479452
10 0.353763 0.0368446 0.358805 0.0382617 0.353375 0.0458196 0.348332 0.0439301
10 0.429791 0.0302315 0.434445 0.0323571 0.427075 0.0389702 0.42242 0.0370808
10 0.288596 0.132263 0.290923 0.128956 0.301784 0.13179 0.299845 0.134861
10 0.269201 0.1077 0.275407 0.10888 0.270753 0.117147 0.264934 0.11573
10 0.263382 0.105574 0.269201 0.106755 0.26377 0.115494 0.25834 0.114313
10 0.2564 0.105338 0.261443 0.106282 0.257952 0.112896 0.252909 0.111715
10 0.230023 0.100142 0.234678 0.101086 0.230799 0.108172 0.224981 0.106755
10 0.215283 0.0980161 0.221102 0.099197 0.216447 0.106755 0.211016 0.105574
10 0.17339 0.0906944 0.179209 0.0918753 0.174554 0.0994332 0.168735 0.0984884
10 0.279674 0.206897 0.285105 0.208314 0.280838 0.215635 0.275019 0.214218
10 0.154383 0.252008 0.156711 0.248701 0.169123 0.251771 0.167184 0.254842
10 0.176106 0.240907 0.174166 0.244214 0.16059 0.241379 0.162917 0.2376
10 0.187355 0.230515 0.191234 0.233349 0.182312 0.239017 0.177269 0.236419
10 0.234678 0.413793 0.230799 0.411195 0.239333 0.405999 0.242824 0.408361
10 0.223041 0.249173 0.22149 0.25248 0.208689 0.250118 0.21024 0.246575
10 0.191234 0.259802 0.193561 0.256495 0.205974 0.259802 0.203258 0.263108
10 0.223041 0.294993 0.22886 0.295938 0.224205 0.303968 0.218386 0.302787
10 0.273468 0.286254 0.268037 0.285073 0.272692 0.277752 0.277347 0.278932
10 0.232739 0.338923 0.227696 0.338214 0.231963 0.331129 0.237005 0.331838
10 0.245151 0.34034 0.239721 0.339632 0.244375 0.332074 0.249418 0.333255
10 0.239721 0.350496 0.233902 0.349315 0.238557 0.341285 0.243988 0.342466
10 0.192785 0.353094 0.198604 0.354275 0.193173 0.362305 0.18813 0.36136
10 0.1955 0.369863 0.200931 0.37128 0.196276 0.380019 0.19007 0.378366
10 0.227308 0.373642 0.222265 0.372697 0.226144 0.364903 0.231963 0.365848
10 0.222653 0.382853 0.217223 0.3812 0.221877 0.37317 0.226532 0.374114
10 0.205198 0.388521 0.200543 0.387577 0.205198 0.379547 0.209853 0.380491
10 0.25834 0.415446 0.252909 0.416155 0.251358 0.409306 0.2564 0.408597
10 0.0775795 0.68257 0.0799069 0.679263 0.0919317 0.68257 0.0896043 0.685876
10 0.0686579 0.675484 0.0632273 0.674539 0.0674942 0.666745 0.0725369 0.667926
10 0.803336 0.188947 0.797517 0.187766 0.803336 0.178791 0.809154 0.179972
10 0.0830101 0.66958 0.0857254 0.666037 0.098526 0.669343 0.0958107 0.672886
10 0.087277 0.205952 0.0892164 0.203118 0.102017 0.205716 0.100465 0.208786
10 0.0663305 0.20666 0.0702095 0.209022 0.0616757 0.214927 0.0570209 0.212329
10 0.0593483 0.205007 0.0632273 0.207605 0.053142 0.214218 0.0496509 0.21162
10 0.0512025 0.20359 0.0546936 0.206188 0.0438324 0.21162 0.0403413 0.208314
10 0.0294802 0.196268 0.0248254 0.196032 0.026377 0.188947 0.0314197 0.188947
10 0.0197828 0.163203 0.0224981 0.160132 0.034135 0.163911 0.0314197 0.166745
10 0.0224981 0.157298 0.0248254 0.153991 0.0368503 0.156826 0.0349108 0.160132
10 0.0248254 0.152574 0.0267649 0.149268 0.038014 0.15163 0.0360745 0.155172
10 0.120248 0.0805385 0.124903 0.0817194 0.121412 0.087624 0.116369 0.0864431
9 0.946858 0.484176 0.956168 0.484176 0.956168 0.499764 0.946858 0.499764
0 0.789372 0.615494 0.827386 0.615494 0.827386 0.632735 0.789372 0.632735
0 0.745539 0.356401 0.784329 0.356401 0.784329 0.379547 0.745539 0.379547
0 0.702483 0.419698 0.778898 0.419698 0.778898 0.46103 0.702483 0.46103
0 0.717998 0.674067 0.764934 0.674067 0.764934 0.699339 0.717998 0.699339
0 0.654383 0.328531 0.683476 0.328531 0.683476 0.342466 0.654383 0.342466
0 0.622576 0.326641 0.65322 0.326641 0.65322 0.341049 0.622576 0.341049
0 0.591156 0.326405 0.619472 0.326405 0.619472 0.34034 0.591156 0.34034
0 0.653995 0.176901 0.679597 0.18753 0.668348 0.198866 0.642358 0.188474
9 0.574088 0.0810109 0.577967 0.0777043 0.590768 0.0831365 0.586889 0.0864431
0 0.649728 0.125177 0.678045 0.136986 0.663693 0.150921 0.633437 0.138876
9 0.551202 0.704535 0.543832 0.705007 0.542281 0.693198 0.549263 0.692962
0 0.532971 0.13179 0.560124 0.146434 0.544996 0.156353 0.518231 0.143127
0 0.528317 0.224138 0.564391 0.224138 0.564391 0.243033 0.528317 0.243033
9 0.438324 0.835616 0.444919 0.835616 0.444531 0.845772 0.437936 0.845772
9 0.448022 0.770902 0.45578 0.771375 0.454616 0.784128 0.44647 0.784128
9 0.28782 0.261455 0.280062 0.259565 0.294026 0.232168 0.301396 0.233585
4 0.303724 0.00188947 0.341738 0.00212565 0.307991 0.0325933 0.282002 0.0214927
9 0.215671 0.308455 0.221102 0.309872 0.216059 0.317903 0.211016 0.316722
9 0.0457719 0.63179 0.0523662 0.633444 0.0457719 0.643836 0.0391777 0.642419
10 0.0806827 0.209495 0.0841738 0.212329 0.0737005 0.217289 0.0705974 0.213982
10 0.087277 0.21162 0.090768 0.213982 0.0818464 0.218706 0.0779674 0.216344
10 0.103181 0.213982 0.107448 0.216344 0.0973623 0.222721 0.0930954 0.219887
10 0.0888285 0.515352 0.0950349 0.516533 0.0915438 0.524799 0.0853375 0.523618
10 0.0865012 0.66462 0.0880528 0.662022 0.098526 0.664384 0.0965865 0.667218
10 0.0442203 0.610534 0.0418929 0.61384 0.0310318 0.610534 0.0333592 0.6077
10 0.083398 0.646906 0.0787432 0.645725 0.0830101 0.638167 0.0876649 0.639348
10 0.0942591 0.647378 0.0969744 0.644544 0.107448 0.647851 0.10512 0.650449
10 0.139255 0.6547 0.137704 0.65777 0.124903 0.654936 0.126455 0.651866
10 0.140807 0.649976 0.138867 0.653755 0.125679 0.650685 0.128006 0.647378
10 0.143134 0.641001 0.142358 0.644072 0.129946 0.642419 0.131109 0.639112
10 0.0989139 0.639821 0.100465 0.636514 0.11249 0.639112 0.110551 0.642182
10 0.0884407 0.63675 0.083398 0.635805 0.0876649 0.628011 0.0927075 0.629192
10 0.110163 0.617855 0.111715 0.614785 0.123351 0.617383 0.121412 0.620453
10 0.124903 0.613368 0.123351 0.616202 0.11249 0.614313 0.114042 0.611479
10 0.121024 0.596599 0.124127 0.593529 0.134988 0.597071 0.132661 0.600142
10 0.136928 0.570146 0.138867 0.56684 0.149341 0.569202 0.147401 0.572272
10 0.0911559 0.504487 0.0969744 0.505432 0.0927075 0.513699 0.087277 0.512282
10 0.111715 0.215635 0.114818 0.21847 0.104732 0.223193 0.101241 0.220359
10 0.128782 0.474965 0.133437 0.476145 0.129946 0.48205 0.125679 0.481105
9 0.140419 0.450874 0.145462 0.451819 0.141195 0.459613 0.136152 0.458432
10 0.0523662 0.414974 0.0577967 0.416863 0.0508146 0.424658 0.0457719 0.422532
9 0.0546936 0.290033 0.0527541 0.292867 0.0399535 0.290269 0.041505 0.287199
9 0.0593483 0.282711 0.0574088 0.285782 0.0446082 0.282948 0.0469356 0.279877
10 0.0562452 0.286018 0.0543057 0.289088 0.0442203 0.287199 0.0461598 0.283892
10 0.0465477 0.279405 0.0449961 0.282475 0.0345229 0.280586 0.0360745 0.277515
10 0.06827 0.292395 0.0667184 0.295701 0.0546936 0.293812 0.0562452 0.290269
10 0.0690458 0.28838 0.0674942 0.291214 0.056633 0.289561 0.0581846 0.28649
10 0.0729247 0.285782 0.0713732 0.288616 0.060512 0.286018 0.0624515 0.283184
10 0.0283165 0.275154 0.030256 0.271847 0.0422808 0.274917 0.0407292 0.277988
10 0.0740884 0.237364 0.0760279 0.233585 0.0888285 0.236183 0.0868891 0.239726
10 0.0469356 0.232404 0.0488751 0.228862 0.0616757 0.231223 0.0597362 0.235002
10 0.371218 0.200047 0.37277 0.196032 0.385958 0.197922 0.384794 0.201228
10 0.37083 0.205716 0.371606 0.202409 0.384794 0.202881 0.384407 0.206424
10 0.370442 0.211384 0.37083 0.207841 0.383631 0.20855 0.383243 0.212093
10 0.369279 0.216344 0.368891 0.212801 0.381691 0.213037 0.381303 0.21658
10 0.591932 0.432688 0.591156 0.435994 0.579519 0.435994 0.579519 0.432215
10 0.576028 0.453236 0.576416 0.449457 0.589604 0.450165 0.588829 0.453708
10 0.589992 0.45418 0.589604 0.458196 0.578355 0.457723 0.578743 0.453944
10 0.588829 0.464336 0.588829 0.467879 0.57564 0.467879 0.576028 0.4641
10 0.589604 0.459613 0.589216 0.462211 0.576416 0.462211 0.576804 0.45914
10 0.559348 0.498111 0.560124 0.494804 0.570985 0.495749 0.570209 0.499055
10 0.557409 0.503779 0.557797 0.499764 0.570985 0.500236 0.570985 0.503543
10 0.558185 0.50803 0.558573 0.504251 0.571761 0.504487 0.570985 0.50803
10 0.558185 0.515824 0.55896 0.512518 0.570985 0.513699 0.569822 0.517005
10 0.556633 0.520548 0.557409 0.517005 0.570985 0.51795 0.570209 0.521256
10 0.557021 0.525272 0.558185 0.521729 0.570597 0.522437 0.569822 0.52598
10 0.600465 0.542749 0.600078 0.546764 0.589992 0.546056 0.589992 0.542277
10 0.554694 0.543458 0.555469 0.539443 0.569046 0.54086 0.567882 0.544639
10 0.554306 0.552197 0.555081 0.54889 0.567494 0.550071 0.566718 0.553614
10 0.553918 0.55692 0.554306 0.552905 0.567882 0.55385 0.566718 0.557865
9 0.628006 0.601323 0.622188 0.601323 0.622964 0.593765 0.628782 0.593765
10 0.655547 0.603212 0.649341 0.60274 0.650892 0.595182 0.656711 0.595418
10 0.643522 0.602267 0.638092 0.602267 0.638867 0.594237 0.644298 0.594237
10 0.659426 0.919225 0.654771 0.919225 0.654383 0.912848 0.659038 0.912848
9 0.631497 0.935522 0.629946 0.939301 0.615206 0.936703 0.617145 0.93316
10 0.639643 0.974965 0.634988 0.973784 0.639643 0.967407 0.644298 0.968588
10 0.627618 0.973075 0.6218 0.971894 0.625679 0.963864 0.631497 0.965045
10 0.606284 0.969532 0.600853 0.968588 0.60512 0.96103 0.610163 0.961974
10 0.599302 0.967879 0.594259 0.967407 0.59775 0.959613 0.602793 0.960321
10 0.573313 0.965045 0.567494 0.964809 0.569822 0.955834 0.57564 0.956306
10 0.562452 0.963392 0.556245 0.962683 0.559348 0.954653 0.565555 0.955361
10 0.554306 0.963392 0.548875 0.962683 0.552366 0.954653 0.557409 0.955598
10 0.540729 0.856873 0.541117 0.853094 0.55353 0.853803 0.553142 0.857345
10 0.542281 0.843883 0.542669 0.840812 0.555469 0.841757 0.555081 0.844591
10 0.593095 0.422532 0.592708 0.426311 0.579131 0.426075 0.579519 0.42206
10 0.564391 0.405054 0.561288 0.408361 0.550815 0.404818 0.554306 0.401512
10 0.549651 0.398677 0.553142 0.395371 0.564003 0.399858 0.560512 0.403165
9 0.719162 0.990789 0.713732 0.988663 0.721877 0.980397 0.726532 0.982522
10 0.829713 0.140057 0.835144 0.142182 0.827386 0.14974 0.822343 0.147615
10 0.845617 0.127775 0.849884 0.129428 0.842901 0.135569 0.838247 0.133916
10 0.920869 0.120453 0.92436 0.117383 0.935221 0.122343 0.932118 0.125177
10 0.866175 0.1077 0.871218 0.109825 0.864624 0.11573 0.859193 0.113604
10 0.932894 0.0970713 0.937548 0.0989608 0.930566 0.10581 0.925524 0.103684
10 0.927075 0.0935286 0.93173 0.0958904 0.923584 0.102976 0.918929 0.100614
10 0.920093 0.0916391 0.925136 0.0935286 0.918542 0.0994332 0.914275 0.0975437
10 0.810318 0.0758148 0.813809 0.0732168 0.82467 0.0779405 0.820791 0.0810109
9 0.903026 0.0864431 0.906905 0.0890411 0.896043 0.0958904 0.891777 0.0935286
9 0.897595 0.0826641 0.901862 0.085026 0.894104 0.0906944 0.889449 0.0883325
9 0.884019 0.0751063 0.888285 0.0779405 0.878976 0.0840812 0.874709 0.081247
9 0.839022 0.0583373 0.841738 0.0614077 0.830489 0.0654228 0.826998 0.0621162
9 0.842126 0.0151157 0.837471 0.0127539 0.844841 0.0056684 0.849496 0.00779405
10 0.687742 0.981105 0.6827 0.97898 0.688906 0.97213 0.693561 0.97402
10 0.565555 0.394898 0.562452 0.39726 0.552366 0.393245 0.555081 0.390647
10 0.681924 0.917336 0.683088 0.921115 0.671063 0.92324 0.669511 0.919698
10 0.792475 0.186349 0.78782 0.185168 0.792475 0.178791 0.797517 0.179972
10 0.784717 0.184459 0.779674 0.18257 0.787044 0.175484 0.792087 0.177374
10 0.790147 0.166982 0.794414 0.163911 0.803336 0.168871 0.800621 0.171705
10 0.6827 0.132971 0.678045 0.131318 0.685415 0.12376 0.69007 0.125886
10 0.668348 0.128956 0.664081 0.12683 0.670287 0.121871 0.674166 0.123524
10 0.73429 0.0186585 0.731575 0.0212565 0.719938 0.016769 0.723429 0.0136986
10 0.673778 0.0212565 0.677269 0.0184223 0.687355 0.0229098 0.684251 0.025744
10 0.603181 0.0803023 0.606672 0.0777043 0.617533 0.0826641 0.614818 0.0852622
9 0.603957 0.0885687 0.600465 0.0916391 0.589604 0.0871516 0.592708 0.0838451
9 0.612878 0.0869154 0.609775 0.0892773 0.598526 0.0838451 0.602017 0.0814832
10 0.653995 0.353566 0.653995 0.356873 0.642746 0.356637 0.642746 0.353094
10 0.56633 0.389702 0.562839 0.392773 0.552754 0.388521 0.555857 0.385451
10 0.544996 0.960794 0.540341 0.960321 0.543445 0.953944 0.548487 0.954417
10 0.535299 0.96103 0.530256 0.960085 0.534911 0.952291 0.540341 0.953708
10 0.506206 0.954889 0.501939 0.952527 0.509697 0.946623 0.513964 0.948748
10 0.329325 0.523618 0.329713 0.520076 0.34135 0.520784 0.340186 0.524327
10 0.389837 0.544402 0.391001 0.540387 0.404965 0.542041 0.403413 0.545583
10 0.34135 0.547237 0.342126 0.543458 0.35609 0.545347 0.354538 0.54889
10 0.328549 0.542041 0.328937 0.538498 0.340962 0.539443 0.340574 0.542513
10 0.292087 0.54582 0.292475 0.542513 0.306051 0.542985 0.305663 0.546292
10 0.307603 0.538498 0.307215 0.542041 0.294414 0.541804 0.29519 0.538262
10 0.292475 0.534719 0.292087 0.537553 0.281226 0.537553 0.281614 0.534483
10 0.294802 0.528814 0.294026 0.532357 0.280838 0.532357 0.280838 0.528578
10 0.343289 0.529287 0.343677 0.525744 0.35609 0.526689 0.354926 0.529995
10 0.375485 0.539206 0.376261 0.535664 0.387898 0.536372 0.387122 0.539679
10 0.391389 0.534719 0.392164 0.531885 0.403413 0.532593 0.403026 0.535191
10 0.29519 0.524327 0.294414 0.527633 0.280838 0.527397 0.280838 0.523618
10 0.308379 0.520548 0.307991 0.523618 0.299069 0.523146 0.299457 0.520312
10 0.310318 0.515352 0.30993 0.518895 0.296742 0.518658 0.296742 0.51488
10 0.342901 0.511337 0.342514 0.51488 0.329713 0.514643 0.330101 0.510864
10 0.390225 0.548654 0.390613 0.545111 0.403801 0.54582 0.403026 0.549598
10 0.392164 0.517478 0.391777 0.520548 0.380915 0.520312 0.380915 0.517241
10 0.413887 0.507085 0.419317 0.507794 0.417378 0.517005 0.411947 0.516533
10 0.29519 0.505668 0.294802 0.509211 0.280838 0.509211 0.281226 0.50496
10 0.301784 0.496693 0.301784 0.500472 0.290147 0.500236 0.290535 0.496693
10 0.382855 0.492206 0.383243 0.488899 0.395268 0.489372 0.39488 0.492678
10 0.397207 0.471422 0.396819 0.474728 0.384794 0.474492 0.385182 0.470949
10 0.316912 0.445678 0.315749 0.448984 0.301396 0.44804 0.30256 0.444261
10 0.408456 0.25744 0.403413 0.257204 0.403801 0.251535 0.408456 0.251535
10 0.361908 0.239254 0.357254 0.239017 0.357642 0.231932 0.362296 0.231932
10 0.418542 0.220831 0.416602 0.224138 0.404189 0.222248 0.406129 0.219178
10 0.419705 0.214454 0.419317 0.217997 0.406905 0.217525 0.407292 0.213982
10 0.424748 0.205716 0.423584 0.208786 0.412335 0.207369 0.413499 0.204299
10 0.412723 0.203354 0.414275 0.199339 0.425912 0.201228 0.42436 0.204771
10 0.389061 0.544639 0.388673 0.548418 0.376261 0.548654 0.376261 0.544402
10 0.390225 0.553377 0.391001 0.550071 0.401086 0.550543 0.40031 0.553614
10 0.45384 0.708314 0.456943 0.705716 0.467417 0.711148 0.463538 0.71351
10 0.405353 0.592584 0.399922 0.592348 0.401862 0.585735 0.406905 0.585971
10 0.454228 0.698158 0.456943 0.69556 0.467804 0.70052 0.463926 0.703118
9 0.460047 0.642419 0.46315 0.639584 0.474011 0.644544 0.471296 0.647378
10 0.46121 0.637459 0.463926 0.635333 0.471296 0.639348 0.468192 0.641238
10 0.460822 0.632026 0.463538 0.629665 0.474011 0.634152 0.470908 0.63675
10 0.461986 0.627067 0.465089 0.624705 0.473623 0.629192 0.469744 0.63179
10 0.463538 0.616675 0.466641 0.614313 0.476726 0.619273 0.473623 0.621871
10 0.506982 0.630373 0.503879 0.633207 0.494182 0.627775 0.496897 0.624941
10 0.507758 0.625886 0.504267 0.628011 0.494182 0.622107 0.497673 0.620217
10 0.508146 0.620217 0.505043 0.622107 0.496121 0.616675 0.499612 0.614549
10 0.430178 0.594001 0.424748 0.593292 0.427463 0.585735 0.43173 0.586207
9 0.542281 0.507794 0.548875 0.508739 0.544608 0.519131 0.538014 0.51795
10 0.40962 0.48512 0.409232 0.488899 0.396431 0.488427 0.397207 0.484412
10 0.413499 0.593765 0.40768 0.593292 0.409232 0.585498 0.414275 0.585971
10 0.394492 0.591639 0.389837 0.590458 0.393716 0.5829 0.399147 0.583845
10 0.375097 0.552669 0.375097 0.549126 0.38751 0.549835 0.38751 0.552905
10 0.38751 0.590694 0.382467 0.589986 0.386346 0.582192 0.391001 0.583137
10 0.379752 0.58975 0.374709 0.588569 0.379364 0.581719 0.384019 0.582664
10 0.366175 0.586915 0.360745 0.586207 0.364236 0.578413 0.369666 0.579594
10 0.359193 0.585498 0.354151 0.584317 0.358417 0.576996 0.36346 0.578177
10 0.351823 0.584554 0.346005 0.583373 0.350659 0.576287 0.35609 0.577232
9 0.313809 0.569674 0.316137 0.566368 0.330489 0.56991 0.328161 0.573217
10 0.292087 0.572508 0.286656 0.571327 0.290923 0.563769 0.296354 0.564714
10 0.292475 0.53897 0.292087 0.542041 0.280838 0.542041 0.281226 0.538734
10 0.339022 0.544166 0.338635 0.547709 0.326222 0.547473 0.32661 0.543694
10 0.33941 0.556212 0.339798 0.552433 0.352599 0.553141 0.352211 0.556448
9 0.388285 0.562589 0.389449 0.559282 0.404189 0.560699 0.403413 0.564006
10 0.388285 0.559046 0.38751 0.562825 0.373157 0.561644 0.373933 0.557865
10 0.387122 0.554795 0.387122 0.558101 0.375873 0.557865 0.376261 0.554086
5 0.10706 0.000472367 0.149728 0.00590458 0.123739 0.0564478 0.0822343 0.0474728
