1 0.941563 0.0617284 0.947407 0.0644517 0.932067 0.0718954 0.926589 0.0686275
1 0.760409 0.773965 0.750548 0.774147 0.750548 0.756536 0.760774 0.756173
1 0.730095 0.752542 0.720599 0.753086 0.719503 0.739651 0.728269 0.739288
1 0.739591 0.753268 0.731921 0.751997 0.739226 0.740559 0.74653 0.742012
1 0.755661 0.75472 0.747991 0.753631 0.75347 0.740378 0.76114 0.741104
1 0.780131 0.874728 0.763331 0.87382 0.768079 0.845316 0.783419 0.845861
1 0.701607 0.843137 0.714755 0.843319 0.713294 0.864379 0.700877 0.864198
1 0.684806 0.844953 0.696494 0.844953 0.696859 0.862019 0.684441 0.8622
1 0.789627 0.840595 0.778305 0.840595 0.778305 0.824619 0.789262 0.824619
1 0.747261 0.823711 0.754931 0.823348 0.757122 0.836601 0.748722 0.83642
1 0.728269 0.837872 0.716947 0.837509 0.718042 0.822985 0.727904 0.822985
1 0.710007 0.836238 0.702337 0.836601 0.701242 0.824619 0.708181 0.824437
1 0.691015 0.838235 0.68298 0.837328 0.688459 0.823348 0.697589 0.824256
1 0.654492 0.845134 0.664354 0.844953 0.665084 0.861656 0.654492 0.861656
1 0.640248 0.844045 0.649744 0.844045 0.648283 0.85984 0.638057 0.85984
1 0.634039 0.864742 0.620161 0.864561 0.621622 0.844408 0.635135 0.84459
1 0.607378 0.846405 0.617239 0.846587 0.615047 0.8622 0.604821 0.861656
1 0.590577 0.845134 0.600804 0.845316 0.601169 0.865287 0.589481 0.865287
1 0.560263 0.844953 0.57122 0.845316 0.568663 0.862019 0.557706 0.861474
1 0.680789 0.837872 0.672023 0.838235 0.668371 0.82244 0.677867 0.821895
1 0.65084 0.827342 0.65851 0.826434 0.661432 0.83642 0.654858 0.836964
1 0.638787 0.826616 0.646457 0.82589 0.649379 0.837146 0.640979 0.837509
1 0.630752 0.837146 0.621256 0.836964 0.622352 0.822985 0.632213 0.822985
1 0.616143 0.837691 0.606282 0.838054 0.604821 0.823711 0.613952 0.823348
1 0.596056 0.838235 0.586194 0.837691 0.589847 0.821169 0.600438 0.821714
1 0.582907 0.836057 0.575968 0.83642 0.572316 0.825163 0.579255 0.824619
1 0.569028 0.838054 0.559167 0.838417 0.559167 0.822077 0.569028 0.821895
1 0.546749 0.845134 0.555515 0.846042 0.549671 0.861474 0.540175 0.86093
1 0.537984 0.859659 0.527392 0.85984 0.527027 0.844227 0.537984 0.844045
1 0.497809 0.844771 0.506939 0.844953 0.504383 0.859659 0.495252 0.859296
1 0.493061 0.861111 0.479547 0.861474 0.478817 0.8435 0.492695 0.8435
1 0.713294 0.751271 0.705259 0.751271 0.704529 0.740559 0.71366 0.740559
1 0.733747 0.756899 0.743974 0.756718 0.745069 0.778322 0.734112 0.778686
1 0.956538 0.243827 0.959094 0.246369 0.943755 0.249637 0.941563 0.246732
1 0.720234 0.75817 0.730825 0.758533 0.728269 0.776144 0.717312 0.775781
1 0.655223 0.692629 0.649014 0.690995 0.657779 0.681191 0.663988 0.683007
1 0.643901 0.690813 0.638422 0.689361 0.647553 0.681191 0.653397 0.683188
1 0.542367 0.758351 0.550767 0.75817 0.551497 0.771242 0.543097 0.771423
1 0.530314 0.757807 0.537253 0.757988 0.536523 0.768155 0.529949 0.768155
1 0.513148 0.757807 0.521183 0.757262 0.523375 0.768155 0.514974 0.7687
1 0.498174 0.757444 0.506209 0.757444 0.506209 0.768882 0.497443 0.768882
1 0.483565 0.757444 0.490869 0.757262 0.49233 0.76634 0.484295 0.766703
1 0.474069 0.757625 0.480643 0.758351 0.476625 0.767248 0.469321 0.766158
1 0.537619 0.751452 0.528853 0.751634 0.529218 0.740559 0.538714 0.740559
1 0.548576 0.752905 0.541271 0.751997 0.546749 0.740378 0.554054 0.741104
1 0.569759 0.751452 0.562454 0.751089 0.563185 0.741104 0.571585 0.741104
1 0.579255 0.740378 0.588386 0.741104 0.585464 0.753086 0.576333 0.75236
1 0.595325 0.741104 0.60336 0.741649 0.601169 0.752542 0.593134 0.752179
1 0.616508 0.751816 0.609569 0.751634 0.609934 0.742012 0.617969 0.742375
1 0.632213 0.753268 0.623448 0.752905 0.6271 0.740196 0.635866 0.740741
1 0.65011 0.751816 0.640248 0.751634 0.640248 0.738562 0.649744 0.738562
1 0.665449 0.751997 0.655953 0.752179 0.657049 0.739107 0.66618 0.739107
1 0.681519 0.751452 0.67385 0.751452 0.673119 0.741285 0.680424 0.741104
1 0.562454 0.757807 0.570489 0.757807 0.569759 0.769245 0.560993 0.769245
1 0.576333 0.757081 0.58656 0.757262 0.584368 0.769789 0.574142 0.7687
1 0.594595 0.757807 0.602264 0.758533 0.597151 0.77215 0.588751 0.770697
1 0.618335 0.77106 0.608108 0.771605 0.606647 0.756354 0.616508 0.755991
1 0.626735 0.759078 0.63477 0.759622 0.631848 0.771423 0.623448 0.770879
1 0.64244 0.759804 0.649014 0.759985 0.648649 0.772876 0.640979 0.772876
1 0.656684 0.757807 0.667275 0.757988 0.665449 0.775236 0.654492 0.775054
1 0.672389 0.757807 0.683711 0.757807 0.684076 0.775781 0.671658 0.775962
1 0.697224 0.751816 0.688093 0.752179 0.687728 0.737654 0.697955 0.737654
1 0.690285 0.756173 0.701607 0.756173 0.700511 0.778141 0.688093 0.777959
1 0.705625 0.758715 0.716581 0.759078 0.714755 0.774328 0.703798 0.773602
1 0.465303 0.844227 0.475895 0.843863 0.475895 0.860203 0.466034 0.860566
1 0.451424 0.844227 0.461286 0.844953 0.456538 0.860748 0.446676 0.85984
1 0.434989 0.845134 0.444485 0.845679 0.440102 0.858206 0.432067 0.85748
1 0.536523 0.838598 0.527392 0.838598 0.528853 0.82244 0.53981 0.82244
1 0.541636 0.921932 0.534697 0.922113 0.533966 0.90886 0.541636 0.90886
1 0.558437 0.923747 0.551497 0.92411 0.54821 0.90886 0.555515 0.908497
1 0.565741 0.912854 0.573046 0.91358 0.569759 0.92284 0.563185 0.922295
1 0.604821 0.923203 0.596786 0.923384 0.597151 0.906318 0.605186 0.906318
1 0.63477 0.92411 0.6271 0.923384 0.630022 0.909405 0.638422 0.909949
1 0.559533 0.944989 0.54748 0.945171 0.546384 0.929739 0.558437 0.929739
1 0.579985 0.932099 0.589481 0.932099 0.589481 0.950617 0.579985 0.950617
1 0.593864 0.931009 0.608473 0.931009 0.608473 0.951525 0.593864 0.951525
1 0.609204 0.932462 0.622717 0.932462 0.622717 0.951525 0.609204 0.951525
1 0.627831 0.931009 0.64244 0.931009 0.64244 0.950799 0.627831 0.950799
1 0.483565 0.930283 0.495252 0.930283 0.495252 0.946623 0.483565 0.946623
1 0.471512 0.931554 0.481008 0.931554 0.481008 0.944263 0.471512 0.944263
1 0.453616 0.931373 0.462381 0.931373 0.462381 0.942084 0.453616 0.942084
1 0.439007 0.92992 0.447042 0.92992 0.447042 0.942629 0.439007 0.942629
1 0.422206 0.931736 0.430972 0.931736 0.430972 0.941358 0.422206 0.941358
1 0.395179 0.931373 0.403944 0.931373 0.403944 0.94154 0.395179 0.94154
1 0.378378 0.930646 0.387144 0.930646 0.387144 0.940632 0.378378 0.940632
1 0.368882 0.92992 0.375822 0.92992 0.375822 0.939724 0.368882 0.939724
7 0.661797 0.910312 0.66618 0.951525 0.34076 0.952433 0.337838 0.907771
7 0.788167 0.824437 0.795106 0.860566 0.332725 0.862019 0.327977 0.821714
7 0.7626 0.73947 0.760774 0.774328 0.47626 0.777415 0.478817 0.740015
7 0.759313 0.30374 0.757122 0.305737 0.697955 0.288126 0.700146 0.285948
7 0.749817 0.311728 0.747626 0.313544 0.687363 0.295389 0.69065 0.293573
7 0.74653 0.275418 0.749452 0.276144 0.744339 0.28159 0.741417 0.281046
7 0.677502 0.695897 0.676771 0.697531 0.577429 0.682099 0.578159 0.680465
9 0.630022 0.645062 0.626004 0.646333 0.61943 0.64016 0.624178 0.63907
9 0.421476 0.135076 0.425858 0.136892 0.418554 0.14252 0.414171 0.141068
9 0.376552 0.365468 0.3813 0.365832 0.38057 0.371823 0.375457 0.37146
9 0.3729 0.550835 0.3813 0.550835 0.384953 0.57244 0.377648 0.572803
1 0.522644 0.924473 0.512783 0.923203 0.518262 0.909586 0.527757 0.910675
1 0.494887 0.923203 0.487217 0.923566 0.48466 0.909405 0.493061 0.909041
1 0.477721 0.923021 0.469321 0.92284 0.468225 0.909041 0.476991 0.90886
1 0.392988 0.837146 0.383857 0.836057 0.387144 0.824982 0.39664 0.82589
1 0.521549 0.838054 0.512418 0.837691 0.513879 0.8248 0.522644 0.824982
1 0.505478 0.838235 0.496348 0.837509 0.499635 0.824074 0.5084 0.8248
1 0.49233 0.837691 0.482469 0.838417 0.479182 0.823529 0.489408 0.822985
1 0.463477 0.822985 0.475164 0.822803 0.475164 0.837509 0.464207 0.837509
1 0.459459 0.838235 0.449598 0.838598 0.449233 0.822077 0.459825 0.822259
1 0.439007 0.838054 0.430606 0.837872 0.433163 0.821532 0.443755 0.821895
1 0.425128 0.837509 0.417458 0.837328 0.419649 0.824437 0.427319 0.824437
1 0.401388 0.8248 0.412345 0.824619 0.411614 0.837509 0.400657 0.837509
1 0.416728 0.844227 0.427319 0.844227 0.425858 0.858569 0.414901 0.858206
1 0.402849 0.845316 0.410884 0.845861 0.406866 0.860022 0.398101 0.859296
1 0.38824 0.844227 0.397005 0.845134 0.391892 0.858751 0.383492 0.857843
1 0.3813 0.860203 0.369248 0.860385 0.369613 0.842774 0.3813 0.842956
1 0.339664 0.845497 0.347699 0.846042 0.345508 0.858388 0.337838 0.857843
1 0.369613 0.823529 0.379109 0.823348 0.379474 0.83642 0.370343 0.83642
1 0.458729 0.923384 0.451424 0.922658 0.455442 0.910857 0.462381 0.911402
1 0.363769 0.836057 0.355369 0.83642 0.352812 0.825345 0.360117 0.8248
1 0.347334 0.83533 0.338934 0.83533 0.338203 0.824982 0.346603 0.824982
1 0.326516 0.843137 0.333455 0.843137 0.33309 0.852941 0.325785 0.852941
1 0.314463 0.836601 0.326516 0.839325 0.315924 0.852215 0.302776 0.849492
1 0.338568 0.909223 0.347699 0.909405 0.347699 0.922295 0.338203 0.922295
1 0.361943 0.922113 0.352812 0.922113 0.353543 0.909768 0.362308 0.909768
1 0.372535 0.923203 0.36523 0.923384 0.365961 0.911038 0.374361 0.910857
1 0.379109 0.909949 0.388605 0.910494 0.385318 0.923929 0.375822 0.923384
1 0.399562 0.922295 0.392257 0.921932 0.394083 0.91122 0.401753 0.911402
1 0.417093 0.939724 0.409423 0.939906 0.409058 0.929012 0.416728 0.928831
1 0.417823 0.921569 0.409788 0.92175 0.409423 0.910131 0.417823 0.909949
1 0.432432 0.92284 0.423667 0.923021 0.422936 0.910675 0.432432 0.910312
1 0.443389 0.923021 0.435354 0.922295 0.439737 0.910675 0.447407 0.911583
1 0.665814 0.6939 0.661066 0.69281 0.669832 0.684641 0.674945 0.686275
1 0.680789 0.685004 0.686998 0.687001 0.676406 0.695715 0.668736 0.693718
1 0.740321 0.280138 0.734112 0.278141 0.742878 0.269063 0.749452 0.270879
10 0.228999 0.960421 0.231556 0.958606 0.239226 0.961147 0.236304 0.963145
10 0.0653762 0.404866 0.0598977 0.404321 0.06355 0.39833 0.068298 0.398874
10 0.0562454 0.423021 0.0504018 0.422295 0.0540541 0.416485 0.0591673 0.41703
10 0.0474799 0.437001 0.0430972 0.436275 0.0467495 0.431191 0.0504018 0.431554
10 0.0211833 0.429375 0.0262966 0.430283 0.0211833 0.436638 0.0157049 0.43573
10 0.0200877 0.825163 0.0164354 0.823893 0.0226443 0.818627 0.027027 0.819717
10 0.138422 0.789579 0.134405 0.787945 0.143535 0.784314 0.147188 0.786129
10 0.0858291 0.785403 0.082542 0.783406 0.0909423 0.78032 0.0938641 0.782317
10 0.0916728 0.769245 0.0942294 0.77106 0.0861943 0.774147 0.0832725 0.772331
10 0.112856 0.780864 0.109934 0.779049 0.120526 0.775236 0.123448 0.777052
10 0.132213 0.753994 0.1355 0.756173 0.125274 0.759985 0.122352 0.758351
10 0.15011 0.762164 0.147553 0.760167 0.158145 0.756354 0.160701 0.757988
10 0.115778 0.810639 0.112126 0.808824 0.120891 0.805011 0.124178 0.806826
10 0.0971512 0.810639 0.0938641 0.809005 0.100804 0.805556 0.104456 0.807371
10 0.164719 0.134168 0.160701 0.133442 0.165084 0.127269 0.169467 0.128177
10 0.177867 0.113108 0.172754 0.1122 0.177502 0.106028 0.18225 0.107117
10 0.181519 0.106209 0.176771 0.105483 0.181519 0.0993101 0.186267 0.100036
10 0.165814 0.0936819 0.170562 0.0945897 0.166545 0.0998548 0.161797 0.098947
10 0.192841 0.0884168 0.188459 0.0876906 0.192111 0.0826071 0.196129 0.0835149
10 0.17531 0.0780683 0.180058 0.0787945 0.174215 0.0849673 0.170197 0.0840595
10 0.197224 0.0816993 0.192841 0.0807916 0.196859 0.0755265 0.201242 0.0762527
10 0.168736 0.0615468 0.170197 0.0593682 0.178598 0.0610022 0.176771 0.0629993
10 0.204529 0.068809 0.200511 0.0679012 0.204894 0.0633624 0.208546 0.0640886
10 0.195398 0.0448439 0.200146 0.0453885 0.196859 0.0499274 0.192476 0.0492012
10 0.197589 0.0363108 0.202337 0.0363108 0.202337 0.0432099 0.196859 0.0428468
10 0.219869 0.0295933 0.214755 0.0292302 0.216216 0.023602 0.221329 0.0239651
10 0.196494 0.0177923 0.201972 0.0174292 0.201972 0.0234205 0.196494 0.0237836
10 0.188459 0.748548 0.185537 0.74655 0.196494 0.742375 0.199416 0.744372
10 0.23886 0.767792 0.242513 0.769608 0.233747 0.773965 0.22973 0.772331
10 0.269175 0.810276 0.266253 0.812273 0.256026 0.807553 0.259313 0.805556
10 0.0452885 0.395425 0.0500365 0.396514 0.0452885 0.403232 0.0405405 0.402324
10 0.0741417 0.357298 0.068298 0.357298 0.0697589 0.350944 0.0752374 0.351126
10 0.0577064 0.323529 0.0631848 0.323893 0.0620891 0.330247 0.0566107 0.330065
10 0.124178 0.160312 0.129291 0.16122 0.124909 0.167393 0.119795 0.166848
1 0.834186 0.250363 0.839664 0.251816 0.831629 0.258715 0.826881 0.256899
1 0.866691 0.284677 0.873265 0.287219 0.857925 0.296841 0.851717 0.293936
10 0.466399 0.094045 0.460555 0.0942266 0.460555 0.087146 0.466399 0.087146
10 0.509131 0.12146 0.504383 0.12146 0.504383 0.115287 0.509496 0.115287
10 0.501096 0.0944081 0.501096 0.097313 0.487947 0.0965868 0.487947 0.094045
10 0.486121 0.101489 0.486121 0.104394 0.474434 0.104212 0.474799 0.101489
10 0.152666 0.116013 0.157414 0.117102 0.152301 0.122731 0.147918 0.121641
10 0.147918 0.122549 0.152666 0.123275 0.147918 0.129267 0.143901 0.128359
10 0.154858 0.151053 0.15011 0.150145 0.154858 0.143972 0.159606 0.144699
10 0.15011 0.157589 0.146457 0.156863 0.151205 0.150871 0.155223 0.151779
10 0.149379 0.186638 0.146822 0.188635 0.138057 0.186456 0.140614 0.184096
10 0.139518 0.135984 0.144631 0.136892 0.140248 0.14252 0.1355 0.141612
10 0.133674 0.145243 0.138787 0.145969 0.1355 0.151598 0.130387 0.150871
10 0.101169 0.197712 0.106282 0.19862 0.102264 0.204248 0.096786 0.203341
10 0.0598977 0.309187 0.0657414 0.30955 0.0642805 0.315359 0.0584368 0.315359
10 0.092038 0.220225 0.0869248 0.219317 0.0924032 0.212418 0.096786 0.213326
10 0.0829072 0.225672 0.0880205 0.22658 0.0836377 0.232752 0.0781592 0.231663
10 0.0956903 0.240559 0.0913075 0.240196 0.0945946 0.234931 0.0986121 0.235657
10 0.0788897 0.233297 0.0836377 0.234023 0.0796202 0.240015 0.0748722 0.239107
10 0.0942294 0.249637 0.0891161 0.249637 0.0898466 0.243464 0.0949598 0.243646
10 0.0704894 0.252179 0.0752374 0.25236 0.0745069 0.257988 0.0690285 0.257807
10 0.0905771 0.264524 0.0850986 0.264161 0.0869248 0.25817 0.0924032 0.258351
10 0.0679328 0.268882 0.0723156 0.269063 0.0712199 0.273965 0.0657414 0.273784
10 0.0865595 0.285766 0.0818115 0.285403 0.0843682 0.279593 0.0894814 0.28032
10 0.0840029 0.295025 0.0781592 0.294481 0.0810811 0.288126 0.0865595 0.288671
10 0.0642805 0.283769 0.0690285 0.283769 0.0686633 0.290305 0.0624543 0.290123
10 0.0821768 0.302288 0.0774288 0.302106 0.0785245 0.296115 0.0840029 0.296115
10 0.0814463 0.309368 0.0763331 0.309187 0.0781592 0.303558 0.0832725 0.30374
10 0.237034 0.861111 0.233747 0.862745 0.226077 0.858932 0.228999 0.857298
10 0.291819 0.793028 0.295471 0.795025 0.287801 0.799746 0.283419 0.797567
1 0.75347 0.282861 0.746896 0.280864 0.756026 0.270153 0.763331 0.272513
10 0.360117 0.368736 0.36523 0.368918 0.3645 0.373638 0.359021 0.373457
10 0.536523 0.642702 0.531775 0.643609 0.527757 0.637255 0.53214 0.636529
10 0.606647 0.617284 0.608839 0.619826 0.599343 0.622004 0.596786 0.619463
10 0.523009 0.353304 0.524105 0.350581 0.535062 0.351126 0.534332 0.353667
10 0.567933 0.290668 0.569394 0.288126 0.582177 0.291031 0.579985 0.29321
10 0.610665 0.293755 0.612126 0.295933 0.601899 0.298475 0.599708 0.296115
10 0.55588 0.263798 0.552228 0.262346 0.560628 0.257988 0.56355 0.259441
10 0.567202 0.256536 0.563915 0.254902 0.570489 0.251089 0.573776 0.252905
10 0.663258 0.250908 0.668371 0.251997 0.663988 0.257444 0.65851 0.256354
10 0.574872 0.251997 0.570489 0.250363 0.57889 0.244916 0.582177 0.246187
10 0.593864 0.236928 0.590212 0.23602 0.596056 0.2313 0.599343 0.232389
10 0.582907 0.235476 0.57962 0.234205 0.58656 0.229303 0.589116 0.230574
10 0.608839 0.222948 0.604821 0.221678 0.611395 0.216412 0.614682 0.217683
10 0.623448 0.208787 0.619795 0.207516 0.625274 0.202433 0.629291 0.203704
10 0.649014 0.151598 0.653397 0.152687 0.649014 0.156681 0.644631 0.15541
10 0.655223 0.146696 0.658875 0.147967 0.653762 0.152324 0.649744 0.151053
10 0.660701 0.00835149 0.665814 0.00816993 0.665814 0.0147059 0.660336 0.015069
10 0.626004 0.172658 0.630387 0.173566 0.625639 0.178286 0.621256 0.177015
10 0.644266 0.181736 0.639153 0.180102 0.646457 0.174473 0.65084 0.175926
10 0.662893 0.172658 0.65924 0.171387 0.665814 0.166122 0.669832 0.167574
10 0.68298 0.120915 0.687363 0.122004 0.681519 0.127088 0.677502 0.125817
10 0.714025 0.119644 0.710373 0.118918 0.71439 0.11329 0.718773 0.114198
10 0.716947 0.0967683 0.711833 0.0965868 0.713294 0.0909586 0.718773 0.0915033
10 0.68992 0.0668119 0.695398 0.0660857 0.69832 0.0724401 0.693207 0.0733479
10 0.715486 0.0675381 0.710007 0.0680828 0.707451 0.0622731 0.712929 0.0619099
10 0.681519 0.0530138 0.686998 0.0522876 0.69065 0.0577342 0.684806 0.058642
10 0.677137 0.0453885 0.68225 0.0444808 0.685172 0.0499274 0.680058 0.0510167
10 0.711468 0.0464779 0.70672 0.0473856 0.703433 0.043573 0.708546 0.0426652
10 0.673119 0.0395788 0.677502 0.038671 0.681519 0.0441176 0.676406 0.0446623
1 0.810446 0.211874 0.81775 0.214779 0.798028 0.227487 0.789993 0.223856
10 0.548576 0.693355 0.547115 0.695352 0.536888 0.693537 0.538349 0.691358
10 0.517896 0.684641 0.518627 0.686819 0.506574 0.688272 0.505844 0.685911
10 0.462747 0.696623 0.458729 0.694808 0.46786 0.690269 0.471512 0.692084
10 0.411249 0.59931 0.406136 0.599855 0.403944 0.593863 0.409423 0.593137
10 0.374361 0.510712 0.379474 0.511801 0.374726 0.517066 0.369978 0.515977
10 0.364134 0.527415 0.369978 0.527959 0.366691 0.534495 0.361213 0.533769
10 0.359386 0.536855 0.364865 0.536129 0.366691 0.542121 0.361213 0.542665
10 0.363039 0.551743 0.368882 0.55138 0.370709 0.557553 0.364865 0.558097
10 0.368517 0.571169 0.373996 0.570988 0.375822 0.576797 0.369978 0.577342
10 0.378013 0.597313 0.383857 0.59695 0.386048 0.602578 0.380205 0.602941
10 0.376187 0.591503 0.380935 0.591322 0.382761 0.596587 0.378013 0.596768
10 0.374726 0.585875 0.379474 0.585512 0.38057 0.590777 0.375457 0.591322
10 0.292184 0.830792 0.287071 0.830973 0.285975 0.824982 0.290358 0.824619
10 0.302776 0.795933 0.299123 0.793936 0.306793 0.790123 0.310446 0.792121
10 0.366326 0.737836 0.363039 0.736202 0.370709 0.732389 0.37363 0.734205
10 0.278305 0.698983 0.280862 0.701344 0.271731 0.704611 0.268809 0.702433
10 0.394449 0.627996 0.399927 0.628359 0.398101 0.63435 0.392622 0.633987
10 0.386779 0.595316 0.392257 0.594771 0.393353 0.599492 0.387874 0.599855
10 0.397005 0.703885 0.393353 0.705519 0.384222 0.701344 0.387509 0.699528
10 0.403944 0.579884 0.398831 0.580247 0.39737 0.574256 0.402849 0.573893
10 0.401388 0.52215 0.397005 0.52106 0.402118 0.515795 0.407232 0.516885
10 0.397736 0.529049 0.392622 0.528141 0.39664 0.522331 0.401753 0.523239
10 0.516801 0.489833 0.514609 0.49183 0.504383 0.489288 0.507305 0.486747
10 0.398466 0.480392 0.402849 0.4813 0.398101 0.486747 0.393718 0.485476
10 0.407232 0.444626 0.41271 0.4439 0.415267 0.449528 0.410519 0.449891
10 0.395909 0.429194 0.401023 0.428105 0.405405 0.434096 0.400292 0.434822
10 0.385683 0.414306 0.391527 0.413036 0.395179 0.418845 0.389335 0.419572
10 0.3813 0.407044 0.385683 0.406318 0.389335 0.411402 0.384222 0.412309
10 0.408692 0.399964 0.403579 0.40069 0.400292 0.395062 0.405405 0.394336
10 0.462381 0.309913 0.459094 0.308097 0.466764 0.303922 0.470782 0.305556
10 0.416362 0.317175 0.419649 0.318991 0.41198 0.323166 0.407597 0.321714
10 0.457999 0.294844 0.461286 0.296115 0.453981 0.30029 0.450329 0.298475
9 0.136231 0.182462 0.129657 0.181373 0.137327 0.172113 0.143901 0.173203
