8 0.121543 0.461388 0.134517 0.458644 0.138955 0.49314 0.124957 0.495884
2 0.32127 0.152881 0.335951 0.152881 0.335951 0.170521 0.32127 0.170521
2 0.359508 0.618581 0.368727 0.618581 0.368727 0.629557 0.359508 0.629557
2 0.336975 0.623285 0.347217 0.623285 0.347217 0.633869 0.336975 0.633869
2 0.356094 0.598197 0.366337 0.598197 0.366337 0.609565 0.356094 0.609565
2 0.33322 0.602117 0.344145 0.602117 0.344145 0.613877 0.33322 0.613877
2 0.369751 0.286946 0.382724 0.286946 0.382724 0.301842 0.369751 0.301842
2 0.340048 0.290474 0.35507 0.290474 0.35507 0.307722 0.340048 0.307722
2 0.366337 0.261858 0.378969 0.261858 0.378969 0.276362 0.366337 0.276362
2 0.338682 0.266954 0.35029 0.266954 0.35029 0.281458 0.338682 0.281458
2 0.362922 0.23677 0.374531 0.23677 0.374531 0.251274 0.362922 0.251274
2 0.334927 0.241474 0.346876 0.241474 0.346876 0.255586 0.334927 0.255586
2 0.359508 0.21129 0.371799 0.21129 0.371799 0.225794 0.359508 0.225794
2 0.331171 0.216386 0.343803 0.216386 0.343803 0.230498 0.331171 0.230498
2 0.348925 0.148177 0.363264 0.148177 0.363264 0.165817 0.348925 0.165817
2 0.339365 0.108977 0.360874 0.108977 0.360874 0.134457 0.339365 0.134457
2 0.259474 0.23089 0.273472 0.23089 0.273472 0.246962 0.259474 0.246962
2 0.310003 0.114857 0.331854 0.114857 0.331854 0.139945 0.310003 0.139945
2 0.333902 0.0736966 0.356094 0.0736966 0.356094 0.0999608 0.333902 0.0999608
2 0.304882 0.0795766 0.326733 0.0795766 0.326733 0.105841 0.304882 0.105841
2 0.265961 0.0819287 0.276203 0.0819287 0.276203 0.0936887 0.265961 0.0936887
2 0.245476 0.0858487 0.25606 0.0858487 0.25606 0.0976088 0.245476 0.0976088
2 0.266302 0.0976088 0.276886 0.0976088 0.276886 0.110153 0.266302 0.110153
2 0.245476 0.101529 0.256743 0.101529 0.256743 0.113681 0.245476 0.113681
2 0.269375 0.121521 0.2803 0.121521 0.2803 0.134065 0.269375 0.134065
2 0.24889 0.124265 0.260157 0.124265 0.260157 0.136809 0.24889 0.136809
2 0.273131 0.148961 0.284397 0.148961 0.284397 0.161897 0.273131 0.161897
2 0.284397 0.172873 0.291567 0.172873 0.291567 0.181105 0.284397 0.181105
2 0.252646 0.152489 0.263571 0.152489 0.263571 0.165425 0.252646 0.165425
2 0.262888 0.176793 0.269717 0.176793 0.269717 0.185025 0.262888 0.185025
2 0.342096 0.642493 0.348925 0.642493 0.348925 0.650333 0.342096 0.650333
2 0.36463 0.638181 0.371799 0.638181 0.371799 0.646413 0.36463 0.646413
2 0.344145 0.653077 0.350632 0.653077 0.350632 0.660917 0.344145 0.660917
2 0.365995 0.649157 0.372823 0.649157 0.372823 0.656997 0.365995 0.656997
2 0.467736 0.725206 0.483441 0.725206 0.483441 0.743238 0.467736 0.743238
2 0.452373 0.631517 0.472858 0.631517 0.472858 0.655037 0.452373 0.655037
2 0.447593 0.596629 0.467736 0.596629 0.467736 0.619757 0.447593 0.619757
2 0.468761 0.250098 0.489245 0.250098 0.489245 0.274402 0.468761 0.274402
2 0.462274 0.199922 0.482417 0.199922 0.482417 0.224226 0.462274 0.224226
2 0.445545 0.112897 0.475589 0.112897 0.475589 0.147001 0.445545 0.147001
2 0.435302 0.0603685 0.465005 0.0603685 0.465005 0.0936887 0.435302 0.0936887
2 0.389553 0.0697766 0.418231 0.0697766 0.418231 0.102313 0.389553 0.102313
2 0.405599 0.125049 0.425743 0.125049 0.425743 0.148177 0.405599 0.148177
2 0.423011 0.259114 0.443837 0.259114 0.443837 0.283026 0.423011 0.283026
2 0.416866 0.208154 0.437351 0.208154 0.437351 0.232066 0.416866 0.232066
2 0.381359 0.800862 0.401502 0.800862 0.401502 0.823599 0.381359 0.823599
2 0.354387 0.805566 0.374531 0.805566 0.374531 0.828695 0.354387 0.828695
2 0.377262 0.77107 0.397064 0.77107 0.397064 0.794198 0.377262 0.794198
2 0.350632 0.776166 0.370092 0.776166 0.370092 0.798118 0.350632 0.798118
2 0.377262 0.742454 0.387163 0.742454 0.387163 0.754606 0.377262 0.754606
2 0.349266 0.747942 0.359167 0.747942 0.359167 0.75931 0.349266 0.75931
2 0.300785 0.818111 0.320246 0.818111 0.320246 0.840455 0.300785 0.840455
2 0.296005 0.788318 0.316149 0.788318 0.316149 0.81027 0.296005 0.81027
2 0.292933 0.756958 0.312052 0.756958 0.312052 0.779694 0.292933 0.779694
2 0.419939 0.637397 0.440423 0.637397 0.440423 0.660525 0.419939 0.660525
2 0.414476 0.602117 0.434961 0.602117 0.434961 0.624853 0.414476 0.624853
2 0.417549 0.582517 0.425743 0.582517 0.425743 0.591925 0.417549 0.591925
2 0.32844 0.547628 0.339706 0.547628 0.339706 0.55978 0.32844 0.55978
2 0.315466 0.550764 0.324684 0.550764 0.324684 0.561348 0.315466 0.561348
2 0.367361 0.660133 0.374531 0.660133 0.374531 0.667581 0.367361 0.667581
2 0.34551 0.664053 0.351997 0.664053 0.351997 0.671501 0.34551 0.671501
2 0.285422 0.225794 0.299078 0.225794 0.299078 0.241866 0.285422 0.241866
2 0.29942 0.309682 0.313759 0.309682 0.313759 0.326147 0.29942 0.326147
2 0.725504 0.262642 0.729942 0.262642 0.729942 0.26813 0.725504 0.26813
2 0.090816 0.570757 0.0986685 0.570757 0.0986685 0.579773 0.090816 0.579773
2 0.202458 0.797334 0.216115 0.797334 0.216115 0.813799 0.202458 0.813799
2 0.205872 0.818895 0.219529 0.818895 0.219529 0.834967 0.205872 0.834967
2 0.0324343 0.712662 0.0375555 0.712662 0.0375555 0.719326 0.0324343 0.719326
2 0.0252646 0.713838 0.0307272 0.713838 0.0307272 0.720502 0.0252646 0.720502
2 0.00716968 0.71227 0.0167293 0.71227 0.0167293 0.723246 0.00716968 0.723246
2 0.0655514 0.715014 0.0689655 0.715014 0.0689655 0.719326 0.0655514 0.719326
2 0.0645271 0.709918 0.0679413 0.709918 0.0679413 0.71423 0.0645271 0.71423
2 0.0686241 0.728342 0.0737453 0.728342 0.0737453 0.734614 0.0686241 0.734614
2 0.109935 0.716974 0.114715 0.716974 0.114715 0.723638 0.109935 0.723638
2 0.0310686 0.70443 0.0365312 0.70443 0.0365312 0.710702 0.0310686 0.710702
2 0.0232161 0.686397 0.0334585 0.686397 0.0334585 0.697374 0.0232161 0.697374
2 0.0959372 0.603293 0.103448 0.603293 0.103448 0.612701 0.0959372 0.612701
2 0.0938887 0.592317 0.101058 0.592317 0.101058 0.600549 0.0938887 0.600549
2 0.0815978 0.573109 0.0887675 0.573109 0.0887675 0.581341 0.0815978 0.581341
2 0.272789 0.313211 0.288494 0.313211 0.288494 0.330851 0.272789 0.330851
2 0.0703312 0.575853 0.0781837 0.575853 0.0781837 0.584477 0.0703312 0.584477
2 0.0607716 0.578597 0.0682827 0.578597 0.0682827 0.586437 0.0607716 0.586437
2 0.051212 0.580557 0.0583817 0.580557 0.0583817 0.589181 0.051212 0.589181
2 0.0406282 0.583301 0.0484807 0.583301 0.0484807 0.591925 0.0406282 0.591925
2 0.149881 0.250098 0.184363 0.250098 0.184363 0.288514 0.149881 0.288514
2 0.0358484 0.137201 0.0382383 0.137201 0.0382383 0.140337 0.0358484 0.140337
2 0.035507 0.133673 0.0378969 0.133673 0.0378969 0.136809 0.035507 0.136809
2 0.0351656 0.129753 0.0375555 0.129753 0.0375555 0.132497 0.0351656 0.132497
2 0.0341413 0.125833 0.0368727 0.125833 0.0368727 0.129361 0.0341413 0.129361
2 0.0341413 0.122697 0.0365312 0.122697 0.0365312 0.125441 0.0341413 0.125441
2 0.00853534 0.139553 0.0153636 0.139553 0.0153636 0.148177 0.00853534 0.148177
2 0.00682827 0.128577 0.0136565 0.128577 0.0136565 0.136809 0.00682827 0.136809
2 0.0194606 0.137593 0.0262888 0.137593 0.0262888 0.146217 0.0194606 0.146217
2 0.199044 0.774206 0.213383 0.774206 0.213383 0.789886 0.199044 0.789886
2 0.223626 0.769502 0.237624 0.769502 0.237624 0.785574 0.223626 0.785574
2 0.227381 0.79263 0.241038 0.79263 0.241038 0.809094 0.227381 0.809094
2 0.229771 0.814975 0.244111 0.814975 0.244111 0.831047 0.229771 0.831047
2 0.293616 0.27793 0.308296 0.27793 0.308296 0.29557 0.293616 0.29557
2 0.289519 0.25049 0.304882 0.25049 0.304882 0.268522 0.289519 0.268522
2 0.267668 0.282634 0.28269 0.282634 0.28269 0.299882 0.267668 0.299882
2 0.264254 0.255586 0.279276 0.255586 0.279276 0.272834 0.264254 0.272834
2 0.193923 0.261858 0.226699 0.261858 0.226699 0.29949 0.193923 0.29949
2 0.268351 0.614269 0.275521 0.614269 0.275521 0.622893 0.268351 0.622893
2 0.263913 0.593493 0.271082 0.593493 0.271082 0.602117 0.263913 0.602117
2 0.262206 0.578989 0.269717 0.578989 0.269717 0.588397 0.262206 0.588397
2 0.246501 0.582125 0.252987 0.582125 0.252987 0.590749 0.246501 0.590749
2 0.247866 0.596237 0.255719 0.596237 0.255719 0.605253 0.247866 0.605253
2 0.252646 0.617797 0.259133 0.617797 0.259133 0.626029 0.252646 0.626029
2 0.277569 0.651901 0.28508 0.651901 0.28508 0.661309 0.277569 0.661309
2 0.259133 0.653077 0.269717 0.653077 0.269717 0.665229 0.259133 0.665229
2 0.280642 0.671893 0.288153 0.671893 0.288153 0.680909 0.280642 0.680909
2 0.262206 0.673069 0.273131 0.673069 0.273131 0.686005 0.262206 0.686005
2 0.216115 0.667973 0.235575 0.667973 0.235575 0.690318 0.216115 0.690318
2 0.211335 0.638181 0.230795 0.638181 0.230795 0.660917 0.211335 0.660917
2 0.206897 0.607997 0.226357 0.607997 0.226357 0.630733 0.206897 0.630733
2 0.203482 0.577813 0.222602 0.577813 0.222602 0.600157 0.203482 0.600157
2 0.172414 0.583301 0.191874 0.583301 0.191874 0.606429 0.172414 0.606429
2 0.176169 0.614269 0.195971 0.614269 0.195971 0.635829 0.176169 0.635829
2 0.180266 0.643277 0.200751 0.643277 0.200751 0.666013 0.180266 0.666013
2 0.185046 0.673069 0.204165 0.673069 0.204165 0.696198 0.185046 0.696198
2 0.261181 0.762446 0.280642 0.762446 0.280642 0.785574 0.261181 0.785574
2 0.264937 0.793022 0.28508 0.793022 0.28508 0.815759 0.264937 0.815759
2 0.269034 0.822031 0.289177 0.822031 0.289177 0.845943 0.269034 0.845943
2 0.233185 0.836535 0.246842 0.836535 0.246842 0.852999 0.233185 0.852999
2 0.434961 0.730694 0.450324 0.730694 0.450324 0.749118 0.434961 0.749118
2 0.439058 0.767542 0.453397 0.767542 0.453397 0.783222 0.439058 0.783222
2 0.443837 0.79263 0.455446 0.79263 0.455446 0.805958 0.443837 0.805958
2 0.891431 0.606821 0.895869 0.606821 0.895869 0.612309 0.891431 0.612309
2 0.897917 0.649941 0.902356 0.649941 0.902356 0.655821 0.897917 0.655821
2 0.905087 0.640925 0.909525 0.640925 0.909525 0.646413 0.905087 0.646413
2 0.89621 0.642101 0.901332 0.642101 0.901332 0.647589 0.89621 0.647589
2 0.90338 0.631909 0.907477 0.631909 0.907477 0.637397 0.90338 0.637397
2 0.894845 0.633477 0.899283 0.633477 0.899283 0.638965 0.894845 0.638965
2 0.902014 0.624461 0.906794 0.624461 0.906794 0.629557 0.902014 0.629557
2 0.893479 0.625637 0.898259 0.625637 0.898259 0.631125 0.893479 0.631125
2 0.925572 0.586437 0.934107 0.586437 0.934107 0.595845 0.925572 0.595845
2 0.916012 0.598981 0.924548 0.598981 0.924548 0.608781 0.916012 0.608781
2 0.913622 0.585653 0.921816 0.585653 0.921816 0.595061 0.913622 0.595061
2 0.899966 0.605253 0.904746 0.605253 0.904746 0.611133 0.899966 0.611133
2 0.897576 0.596237 0.90338 0.596237 0.90338 0.602117 0.897576 0.602117
2 0.896893 0.588005 0.902697 0.588005 0.902697 0.593885 0.896893 0.593885
2 0.888358 0.589965 0.89382 0.589965 0.89382 0.595453 0.888358 0.595453
2 0.471492 0.76127 0.485831 0.76127 0.485831 0.777342 0.471492 0.777342
2 0.890065 0.597805 0.894845 0.597805 0.894845 0.604077 0.890065 0.604077
2 0.851485 0.606037 0.855582 0.606037 0.855582 0.611917 0.851485 0.611917
2 0.846705 0.606821 0.850802 0.606821 0.850802 0.612309 0.846705 0.612309
2 0.842608 0.607997 0.846364 0.607997 0.846364 0.613093 0.842608 0.613093
2 0.846705 0.580949 0.855582 0.580949 0.855582 0.590749 0.846705 0.590749
2 0.835097 0.582909 0.843633 0.582909 0.843633 0.592709 0.835097 0.592709
2 0.796176 0.768326 0.800273 0.768326 0.800273 0.77303 0.796176 0.77303
2 0.7972 0.774206 0.801297 0.774206 0.801297 0.779302 0.7972 0.779302
2 0.7972 0.780478 0.801639 0.780478 0.801639 0.785182 0.7972 0.785182
2 0.798225 0.78675 0.802663 0.78675 0.802663 0.791846 0.798225 0.791846
2 0.786958 0.790278 0.790031 0.790278 0.790031 0.794198 0.786958 0.794198
2 0.787299 0.795766 0.790031 0.795766 0.790031 0.799294 0.787299 0.799294
2 0.796176 0.797726 0.802663 0.797726 0.802663 0.805958 0.796176 0.805958
2 0.906111 0.648373 0.911574 0.648373 0.911574 0.654645 0.906111 0.654645
2 0.920451 0.623677 0.931376 0.623677 0.931376 0.636221 0.920451 0.636221
2 0.924889 0.641317 0.936839 0.641317 0.936839 0.655037 0.924889 0.655037
2 0.899966 0.681693 0.905428 0.681693 0.905428 0.68875 0.899966 0.68875
2 0.731649 0.254018 0.735746 0.254018 0.735746 0.259898 0.731649 0.259898
2 0.725162 0.255194 0.729259 0.255194 0.729259 0.260682 0.725162 0.260682
2 0.730966 0.246962 0.735405 0.246962 0.735405 0.25245 0.730966 0.25245
2 0.723797 0.248138 0.728576 0.248138 0.728576 0.254018 0.723797 0.254018
2 0.730966 0.24069 0.73438 0.24069 0.73438 0.24461 0.730966 0.24461
2 0.724138 0.241866 0.727893 0.241866 0.727893 0.246178 0.724138 0.246178
2 0.948447 0.168953 0.953226 0.168953 0.953226 0.175225 0.948447 0.175225
2 0.942301 0.169737 0.947422 0.169737 0.947422 0.176009 0.942301 0.176009
2 0.935814 0.170913 0.941277 0.170913 0.941277 0.176793 0.935814 0.176793
2 0.923865 0.173265 0.927962 0.173265 0.927962 0.178753 0.923865 0.178753
2 0.918402 0.174441 0.922841 0.174441 0.922841 0.180321 0.918402 0.180321
2 0.90577 0.202666 0.908843 0.202666 0.908843 0.206978 0.90577 0.206978
2 0.904746 0.197962 0.90816 0.197962 0.90816 0.201882 0.904746 0.201882
2 0.901673 0.203058 0.904746 0.203058 0.904746 0.20737 0.901673 0.20737
2 0.900649 0.198354 0.90338 0.198354 0.90338 0.201882 0.900649 0.201882
2 0.897235 0.204234 0.900307 0.204234 0.900307 0.208154 0.897235 0.208154
2 0.895527 0.199138 0.898942 0.199138 0.898942 0.203058 0.895527 0.203058
2 0.836122 0.223442 0.842608 0.223442 0.842608 0.232066 0.836122 0.232066
2 0.834414 0.212466 0.841243 0.212466 0.841243 0.219914 0.834414 0.219914
2 0.834414 0.202274 0.839194 0.202274 0.839194 0.208546 0.834414 0.208546
2 0.831683 0.190122 0.83817 0.190122 0.83817 0.197962 0.831683 0.197962
2 0.93001 0.703254 0.938887 0.703254 0.938887 0.71227 0.93001 0.71227
2 0.928303 0.689534 0.936156 0.689534 0.936156 0.69855 0.928303 0.69855
2 0.926938 0.675813 0.934107 0.675813 0.934107 0.684829 0.926938 0.684829
2 0.911574 0.691886 0.919426 0.691886 0.919426 0.700902 0.911574 0.700902
2 0.909867 0.680517 0.916012 0.680517 0.916012 0.687574 0.909867 0.687574
2 0.901332 0.695022 0.907818 0.695022 0.907818 0.701686 0.901332 0.701686
2 0.7972 0.80831 0.80437 0.80831 0.80437 0.816151 0.7972 0.816151
2 0.572892 0.0133281 0.57733 0.0133281 0.57733 0.0188162 0.572892 0.0188162
2 0.567088 0.0148961 0.571868 0.0148961 0.571868 0.0199922 0.567088 0.0199922
2 0.584158 0.232066 0.599522 0.232066 0.599522 0.250098 0.584158 0.250098
2 0.68351 0.304194 0.691704 0.304194 0.691704 0.313603 0.68351 0.313603
2 0.641174 0.26225 0.648003 0.26225 0.648003 0.269698 0.641174 0.269698
2 0.621031 0.267738 0.63537 0.267738 0.63537 0.284202 0.621031 0.284202
2 0.62308 0.302234 0.641516 0.302234 0.641516 0.323403 0.62308 0.323403
2 0.587914 0.271266 0.604643 0.271266 0.604643 0.290866 0.587914 0.290866
2 0.592694 0.308114 0.610447 0.308114 0.610447 0.328107 0.592694 0.328107
2 0.558552 0.275578 0.565039 0.275578 0.565039 0.283026 0.558552 0.283026
2 0.55787 0.294394 0.569136 0.294394 0.569136 0.305762 0.55787 0.305762
2 0.560259 0.313603 0.572209 0.313603 0.572209 0.325755 0.560259 0.325755
2 0.563332 0.333595 0.574257 0.333595 0.574257 0.345747 0.563332 0.345747
2 0.523045 0.625637 0.53875 0.625637 0.53875 0.643669 0.523045 0.643669
2 0.453738 0.577029 0.462615 0.577029 0.462615 0.586437 0.453738 0.586437
2 0.493342 0.50882 0.518607 0.50882 0.518607 0.537044 0.493342 0.537044
2 0.495391 0.631125 0.510413 0.631125 0.510413 0.648765 0.495391 0.648765
2 0.519631 0.593885 0.534653 0.593885 0.534653 0.611917 0.519631 0.611917
2 0.490953 0.598981 0.505975 0.598981 0.505975 0.617405 0.490953 0.617405
2 0.514851 0.565661 0.531239 0.565661 0.531239 0.583693 0.514851 0.583693
2 0.487538 0.570757 0.502561 0.570757 0.502561 0.588789 0.487538 0.588789
2 0.545237 0.777734 0.555138 0.777734 0.555138 0.789886 0.545237 0.789886
2 0.5169 0.782438 0.527484 0.782438 0.527484 0.79459 0.5169 0.79459
2 0.542506 0.759702 0.552407 0.759702 0.552407 0.771854 0.542506 0.771854
2 0.514169 0.764798 0.524411 0.764798 0.524411 0.77695 0.514169 0.77695
2 0.539775 0.734614 0.552066 0.734614 0.552066 0.748726 0.539775 0.748726
2 0.536361 0.711878 0.548993 0.711878 0.548993 0.726774 0.536361 0.726774
2 0.511437 0.739318 0.52407 0.739318 0.52407 0.753822 0.511437 0.753822
2 0.508023 0.717366 0.520997 0.717366 0.520997 0.73187 0.508023 0.73187
2 0.476272 0.787142 0.487197 0.787142 0.487197 0.800078 0.476272 0.800078
2 0.684875 0.316739 0.693069 0.316739 0.693069 0.326539 0.684875 0.326539
2 0.615568 0.227362 0.630591 0.227362 0.630591 0.244218 0.615568 0.244218
2 0.617958 0.0509604 0.625811 0.0509604 0.625811 0.0607605 0.617958 0.0607605
2 0.544213 0.178753 0.55309 0.178753 0.55309 0.188554 0.544213 0.188554
2 0.606009 0.0552724 0.612837 0.0552724 0.612837 0.0638965 0.606009 0.0638965
2 0.604302 0.0427283 0.61113 0.0427283 0.61113 0.0513524 0.604302 0.0513524
2 0.615568 0.0360643 0.623762 0.0360643 0.623762 0.0462564 0.615568 0.0462564
2 0.617617 0.0254802 0.62308 0.0254802 0.62308 0.0325363 0.617617 0.0325363
2 0.616593 0.0168561 0.621372 0.0168561 0.621372 0.0235202 0.616593 0.0235202
2 0.602595 0.0305762 0.609423 0.0305762 0.609423 0.0384163 0.602595 0.0384163
2 0.601912 0.0196002 0.60635 0.0196002 0.60635 0.0254802 0.601912 0.0254802
2 0.643223 0.276362 0.650051 0.276362 0.650051 0.284202 0.643223 0.284202
2 0.617276 0.109761 0.623762 0.109761 0.623762 0.116425 0.617276 0.116425
2 0.616593 0.0968248 0.622397 0.0968248 0.622397 0.104273 0.616593 0.104273
2 0.610106 0.110937 0.615568 0.110937 0.615568 0.117601 0.610106 0.117601
2 0.607716 0.0983928 0.614203 0.0983928 0.614203 0.105841 0.607716 0.105841
2 0.601912 0.112113 0.607716 0.112113 0.607716 0.119169 0.601912 0.119169
2 0.600205 0.0999608 0.60635 0.0999608 0.60635 0.106625 0.600205 0.106625
2 0.575623 0.103881 0.58211 0.103881 0.58211 0.112113 0.575623 0.112113
2 0.567088 0.106233 0.573233 0.106233 0.573233 0.113681 0.567088 0.113681
2 0.538068 0.123481 0.54592 0.123481 0.54592 0.131321 0.538068 0.131321
2 0.536702 0.110545 0.543872 0.110545 0.543872 0.117993 0.536702 0.117993
2 0.575623 0.127793 0.583817 0.127793 0.583817 0.137593 0.575623 0.137593
2 0.563674 0.129753 0.572209 0.129753 0.572209 0.139161 0.563674 0.139161
2 0.618641 0.163465 0.628542 0.163465 0.628542 0.176009 0.618641 0.176009
2 0.598839 0.166993 0.609423 0.166993 0.609423 0.179537 0.598839 0.179537
2 0.582793 0.171305 0.591328 0.171305 0.591328 0.180713 0.582793 0.180713
2 0.567088 0.174833 0.575623 0.174833 0.575623 0.183849 0.567088 0.183849
2 0.535336 0.168169 0.540116 0.168169 0.540116 0.173657 0.535336 0.173657
2 0.534995 0.161505 0.539775 0.161505 0.539775 0.166601 0.534995 0.166601
2 0.541823 0.161113 0.550358 0.161113 0.550358 0.170521 0.541823 0.170521
2 0.0177535 0.125833 0.0249232 0.125833 0.0249232 0.134849 0.0177535 0.134849
