8 0.818317 0.317724 0.839911 0.308534 0.875652 0.395624 0.853686 0.407002
1 0.475056 0.599562 0.483246 0.595624 0.501117 0.646389 0.493671 0.650766
1 0.287416 0.263457 0.284438 0.265208 0.279226 0.251641 0.282204 0.249891
1 0.28481 0.267396 0.281459 0.269147 0.274013 0.246389 0.277736 0.244639
1 0.281832 0.272648 0.276992 0.275274 0.267684 0.245952 0.273641 0.243326
1 0.260611 0.247702 0.267312 0.244639 0.27662 0.275711 0.271035 0.278775
1 0.254281 0.250328 0.260983 0.24814 0.27029 0.277899 0.263589 0.280525
1 0.241251 0.197374 0.24758 0.194748 0.258377 0.224945 0.252792 0.228446
1 0.227103 0.183807 0.236783 0.179869 0.25726 0.243326 0.24758 0.247702
1 0.226731 0.147046 0.221147 0.150109 0.209605 0.114223 0.214445 0.11116
1 0.227476 0.16674 0.216679 0.172867 0.188757 0.103282 0.201787 0.0980306
1 0.215934 0.173742 0.206999 0.178118 0.180938 0.109409 0.189501 0.104595
1 0.343261 0.0958425 0.350335 0.0910284 0.370812 0.131291 0.363738 0.136105
1 0.338421 0.102407 0.343634 0.097593 0.361876 0.132604 0.35592 0.136105
1 0.331348 0.105033 0.336932 0.100656 0.356664 0.137418 0.35108 0.141357
1 0.325391 0.109847 0.330603 0.10547 0.352941 0.143545 0.34624 0.147484
1 0.35443 0.141357 0.357036 0.138293 0.365599 0.150547 0.362249 0.152735
1 0.442666 0.621007 0.448995 0.617943 0.463887 0.65558 0.457558 0.659519
1 0.448995 0.617943 0.454952 0.615317 0.467982 0.64814 0.462025 0.651641
1 0.454579 0.614442 0.460536 0.611379 0.47245 0.642888 0.46761 0.645514
1 0.460908 0.611816 0.466121 0.608753 0.47729 0.639825 0.472822 0.642888
7 0.320551 0.514223 0.313477 0.515974 0.28481 0.40744 0.292256 0.405252
1 0.282949 0.398249 0.279598 0.399562 0.276247 0.388184 0.27997 0.385996
1 0.308265 0.39081 0.315339 0.388621 0.324274 0.427571 0.31869 0.429759
1 0.34959 0.586871 0.357781 0.585558 0.359643 0.626696 0.35108 0.627571
1 0.157111 0.00437637 0.16344 0.00262582 0.175354 0.0310722 0.169025 0.0345733
1 0.172003 0.00262582 0.179821 0.00262582 0.19099 0.0275711 0.183917 0.0310722
1 0.180194 0.00262582 0.189129 0.00306346 0.198064 0.0223195 0.19099 0.0262582
1 0.363366 0.767177 0.37863 0.767177 0.379747 0.877024 0.364855 0.877024
1 0.387565 0.711597 0.396128 0.709409 0.404319 0.757987 0.395383 0.760613
1 0.347357 0.735667 0.339538 0.73698 0.337305 0.701094 0.345495 0.700656
1 0.342144 0.659081 0.335815 0.65733 0.339911 0.626258 0.346612 0.627571
1 0.339911 0.586433 0.348846 0.585558 0.35108 0.626696 0.342889 0.627571
1 0.357781 0.59256 0.36411 0.589934 0.373418 0.629759 0.365599 0.632385
1 0.293001 0.368053 0.301936 0.364989 0.31869 0.43151 0.309754 0.434573
1 0.33656 0.597812 0.340655 0.597812 0.342517 0.619694 0.338049 0.620131
1 0.329859 0.597812 0.335443 0.596499 0.339166 0.629759 0.333582 0.630635
1 0.322785 0.555799 0.329859 0.554923 0.333209 0.577681 0.326508 0.578993
1 0.317945 0.556236 0.322785 0.555799 0.328742 0.589059 0.322785 0.589934
1 0.312733 0.554048 0.318317 0.552735 0.323902 0.600438 0.319434 0.601751
1 0.304542 0.456018 0.312733 0.453392 0.327997 0.509847 0.319434 0.512473
1 0.316828 0.469147 0.322785 0.466521 0.333582 0.506346 0.327997 0.509847
1 0.281087 0.363676 0.290767 0.360175 0.312733 0.446827 0.303053 0.450766
1 0.463515 0.600875 0.473939 0.596061 0.494788 0.653829 0.484736 0.659081
1 0.483619 0.595624 0.491065 0.591685 0.506701 0.635886 0.498883 0.6407
13 0.77997 0.136543 0.800819 0.123851 0.81385 0.154486 0.793001 0.167615
1 0.377141 0.286214 0.384587 0.280963 0.40618 0.326477 0.398734 0.331729
7 0.708116 0.56849 0.708488 0.571116 0.694341 0.572867 0.693969 0.570678
7 0.709605 0.579431 0.71035 0.582495 0.696575 0.586871 0.695458 0.58337
7 0.702904 0.605252 0.706999 0.605252 0.707372 0.622757 0.702904 0.623195
2 0.748325 0.555799 0.754654 0.555799 0.754654 0.563239 0.748325 0.563239
2 0.759121 0.554048 0.765078 0.554048 0.765078 0.561488 0.759121 0.561488
2 0.781459 0.561488 0.796724 0.561488 0.796724 0.579431 0.781459 0.579431
2 0.777364 0.52954 0.792628 0.52954 0.792628 0.547484 0.777364 0.547484
2 0.774013 0.497593 0.788533 0.497593 0.788533 0.514661 0.774013 0.514661
2 0.80752 0.492341 0.821668 0.492341 0.821668 0.508972 0.80752 0.508972
2 0.832465 0.487527 0.846612 0.487527 0.846612 0.504595 0.832465 0.504595
2 0.811243 0.524289 0.826136 0.524289 0.826136 0.541794 0.811243 0.541794
2 0.83656 0.519475 0.85108 0.519475 0.85108 0.536543 0.83656 0.536543
2 0.816456 0.556236 0.830603 0.556236 0.830603 0.573742 0.816456 0.573742
2 0.8414 0.55186 0.85592 0.55186 0.85592 0.569365 0.8414 0.569365
1 0.881608 0.348359 0.900223 0.346608 0.900968 0.354048 0.88347 0.354923
1 0.878258 0.340919 0.892033 0.339168 0.893522 0.346171 0.881608 0.347921
1 0.875279 0.334354 0.889799 0.333042 0.890544 0.338731 0.877885 0.340919
1 0.873418 0.32954 0.884587 0.329103 0.885331 0.332604 0.874907 0.334354
6 0.770663 0.124726 0.797468 0.108534 0.823529 0.171991 0.796724 0.185996
7 0.702904 0.539168 0.703276 0.542232 0.689129 0.54442 0.688384 0.540919
7 0.699926 0.519912 0.700298 0.522538 0.68615 0.525602 0.685406 0.522538
7 0.69583 0.491028 0.696203 0.493654 0.682055 0.49628 0.681683 0.493654
1 0.655994 0.737856 0.663812 0.743107 0.647803 0.780306 0.638868 0.774179
1 0.386448 0.284464 0.392033 0.280525 0.408414 0.314223 0.403202 0.317724
1 0.390171 0.276149 0.3965 0.271335 0.415115 0.309847 0.409531 0.315098
1 0.3965 0.271335 0.402457 0.267396 0.418466 0.302407 0.413626 0.305908
1 0.40134 0.265208 0.407669 0.260832 0.431497 0.308534 0.424795 0.314223
1 0.405808 0.256455 0.414743 0.251641 0.441176 0.304595 0.432241 0.31116
1 0.416232 0.254705 0.422189 0.250766 0.437081 0.282276 0.432241 0.285777
1 0.403202 0.319037 0.406552 0.316849 0.413254 0.329978 0.409531 0.333042
1 0.520104 0.0726477 0.556962 0.0538293 0.634028 0.277899 0.597171 0.297155
1 0.671258 0.81488 0.679077 0.818818 0.666418 0.858206 0.657856 0.853829
7 0.692852 0.472648 0.693224 0.475274 0.679449 0.477899 0.679077 0.475274
1 0.675726 0.874836 0.705882 0.876149 0.698064 0.994748 0.669769 0.994748
1 0.683917 0.827571 0.692107 0.828446 0.689501 0.865208 0.680566 0.86477
1 0.697319 0.826696 0.689501 0.826258 0.692852 0.785558 0.70067 0.786433
1 0.707744 0.860394 0.700298 0.860832 0.698064 0.820569 0.705882 0.819256
1 0.703276 0.775055 0.680938 0.777243 0.676098 0.637199 0.701415 0.636761
1 0.718913 0.352735 0.714073 0.361488 0.67312 0.328228 0.678332 0.319037
1 0.701042 0.331729 0.718168 0.346608 0.715934 0.350547 0.699181 0.335667
7 0.688384 0.440263 0.688757 0.443764 0.674981 0.445952 0.674609 0.442451
1 0.163812 0.00262582 0.171258 0.00262582 0.182055 0.0275711 0.175726 0.0310722
