13 0.280079 0.0147059 0.281842 0.0130719 0.283385 0.0187908 0.281842 0.0196078
13 0.803438 0.0784314 0.810048 0.0784314 0.810048 0.0976307 0.803438 0.0976307
13 0.267298 0.0224673 0.271045 0.0196078 0.27457 0.0326797 0.271045 0.0359477
6 0.278096 0.0114379 0.281622 0.00816993 0.285368 0.0208333 0.281622 0.0241013
2 0.363817 0.99183 0.366241 0.99183 0.366241 0.997141 0.363817 0.997141
2 0.366241 0.992239 0.368444 0.992239 0.368444 0.997549 0.366241 0.997549
2 0.368665 0.99183 0.370868 0.99183 0.370868 0.997549 0.368665 0.997549
2 0.371089 0.992239 0.373513 0.992239 0.373513 0.997549 0.371089 0.997549
2 0.373513 0.992239 0.375937 0.992239 0.375937 0.997549 0.373513 0.997549
6 0.400176 0.321078 0.40855 0.331291 0.399736 0.355801 0.391582 0.346405
13 0.399956 0.328023 0.405245 0.33415 0.399956 0.350082 0.394227 0.343137
6 0.470251 0.205065 0.482812 0.188725 0.48766 0.201389 0.475099 0.218546
13 0.473116 0.205474 0.48149 0.194444 0.484575 0.201797 0.475981 0.212827
6 0.293081 0.290441 0.299251 0.289216 0.301014 0.313317 0.294403 0.314951
13 0.294623 0.294935 0.29881 0.294118 0.299691 0.308824 0.295505 0.310049
8 0.801234 0.511846 0.802556 0.508987 0.806082 0.517157 0.80498 0.518791
6 0.801895 0.0714869 0.811371 0.0714869 0.811371 0.10335 0.801895 0.10335
6 0.265095 0.0191993 0.270383 0.0147059 0.276554 0.0351307 0.271485 0.0408497
