1 0.962099 0.466717 0.968578 0.466337 0.970845 0.513503 0.963719 0.514644
1 0.240039 0.64245 0.243602 0.637124 0.264658 0.659186 0.261095 0.664131
1 0.261095 0.672119 0.265954 0.666033 0.287334 0.689235 0.283123 0.695702
1 0.257208 0.677824 0.261095 0.672119 0.282151 0.694941 0.278912 0.700266
1 0.251053 0.682389 0.254616 0.676683 0.279883 0.701407 0.275672 0.707493
1 0.249757 0.691137 0.253644 0.685432 0.273405 0.705211 0.269841 0.711677
1 0.245222 0.697604 0.249433 0.691518 0.270165 0.711297 0.266278 0.716242
1 0.255264 0.627995 0.258827 0.62267 0.275348 0.639026 0.271785 0.644351
1 0.247489 0.630658 0.251377 0.624572 0.272433 0.646634 0.269193 0.652339
1 0.244898 0.637124 0.248461 0.631799 0.268546 0.65272 0.265306 0.658425
1 0.234208 0.647014 0.238095 0.641308 0.261419 0.664511 0.257532 0.671358
1 0.954001 0.468239 0.962099 0.468239 0.963395 0.515785 0.955944 0.516546
1 0.230969 0.653861 0.23518 0.648155 0.257208 0.670597 0.253644 0.676683
1 0.227081 0.661088 0.231616 0.654622 0.253644 0.676683 0.249757 0.683149
1 0.22287 0.666413 0.226757 0.660707 0.248461 0.682008 0.244898 0.687714
1 0.217363 0.672499 0.220926 0.666033 0.246194 0.688855 0.241659 0.695321
1 0.170068 0.383796 0.165533 0.384557 0.161322 0.365919 0.165857 0.364397
1 0.155815 0.371244 0.160026 0.369342 0.168124 0.390262 0.163589 0.392925
1 0.17266 0.399772 0.170392 0.393305 0.205377 0.378471 0.207969 0.386459
1 0.17266 0.463674 0.176223 0.460251 0.185293 0.476227 0.18173 0.48003
1 0.266926 0.665272 0.271137 0.659566 0.291221 0.682769 0.287334 0.688855
1 0.274376 0.66299 0.277292 0.657665 0.295109 0.67364 0.291869 0.679346
1 0.277292 0.721187 0.281827 0.713579 0.309362 0.737162 0.304503 0.74515
1 0.281503 0.712058 0.28539 0.704831 0.312601 0.727653 0.309038 0.735261
7 0.242954 0.230886 0.239067 0.232788 0.223194 0.192849 0.227081 0.190186
1 0.287334 0.182579 0.293489 0.179916 0.29932 0.197033 0.293813 0.200456
1 0.283771 0.162039 0.287658 0.159757 0.293165 0.174591 0.289278 0.176873
1 0.279559 0.163941 0.283447 0.161658 0.28863 0.175732 0.28539 0.177634
1 0.273405 0.174211 0.27794 0.171548 0.287658 0.197413 0.283771 0.199696
1 0.271137 0.182199 0.274376 0.179916 0.280531 0.196272 0.276968 0.198174
1 0.257208 0.184861 0.261743 0.182959 0.271137 0.206923 0.266278 0.209585
1 0.255912 0.180297 0.25494 0.176113 0.267574 0.170027 0.268869 0.17383
1 0.23356 0.192469 0.232264 0.188665 0.242954 0.182959 0.244574 0.186383
1 0.228053 0.195131 0.229673 0.192088 0.234856 0.197033 0.232912 0.200076
1 0.232264 0.20388 0.236152 0.201978 0.240039 0.211107 0.236152 0.213769
1 0.237123 0.215671 0.241335 0.213389 0.248137 0.228984 0.24425 0.232408
1 0.252672 0.198555 0.256236 0.196272 0.263039 0.213769 0.259151 0.217193
1 0.24425 0.192088 0.249109 0.189806 0.258503 0.215291 0.252996 0.218714
1 0.246518 0.181057 0.249433 0.179916 0.252349 0.189806 0.249433 0.191328
1 0.22287 0.203119 0.226109 0.200837 0.231616 0.213389 0.228701 0.215671
1 0.227081 0.217573 0.232912 0.215291 0.240687 0.238113 0.23518 0.240396
1 0.175251 0.457969 0.178814 0.455306 0.186913 0.46976 0.18335 0.472803
1 0.177195 0.452644 0.181406 0.44922 0.190476 0.465196 0.186913 0.468239
1 0.183673 0.452644 0.186913 0.449601 0.195335 0.462914 0.192096 0.466337
1 0.138646 0.308102 0.142857 0.305439 0.153871 0.32674 0.149336 0.330164
7 0.192744 0.58197 0.196307 0.589578 0.156787 0.615443 0.152899 0.605934
1 0.165857 0.588437 0.163265 0.58197 0.188209 0.565614 0.191448 0.572461
1 0.16942 0.596044 0.166829 0.589578 0.191448 0.573983 0.194363 0.580449
2 0.0349854 0.386839 0.047619 0.386839 0.047619 0.402054 0.0349854 0.402054
2 0.0557175 0.436288 0.0715905 0.436288 0.0715905 0.454545 0.0557175 0.454545
2 0.0492387 0.45911 0.0751539 0.45911 0.0751539 0.488779 0.0492387 0.488779
2 0.0356333 0.449601 0.0434078 0.449601 0.0434078 0.45911 0.0356333 0.45911
2 0.015873 0.407379 0.042436 0.407379 0.042436 0.437809 0.015873 0.437809
1 0.1678 0.827691 0.172012 0.832636 0.15711 0.855458 0.152251 0.850514
1 0.163265 0.822366 0.1678 0.827311 0.150308 0.853176 0.145773 0.848612
1 0.159054 0.815139 0.164561 0.820464 0.146097 0.847471 0.141561 0.842526
9 0.136054 0.774439 0.137674 0.771016 0.152899 0.783188 0.150956 0.786231
9 0.124069 0.779384 0.125688 0.776341 0.142533 0.788132 0.141237 0.791175
9 0.106252 0.730696 0.109815 0.728033 0.11921 0.740205 0.116294 0.743248
2 0.112083 0.791936 0.133787 0.791936 0.133787 0.818182 0.112083 0.818182
2 0.0780693 0.857741 0.0884354 0.857741 0.0884354 0.870293 0.0780693 0.870293
2 0.0887593 0.852035 0.0971817 0.852035 0.0971817 0.862305 0.0887593 0.862305
1 0.134759 0.312666 0.13897 0.310384 0.14804 0.330544 0.143505 0.333967
1 0.143505 0.30658 0.147392 0.303157 0.159054 0.322176 0.155491 0.325599
1 0.170392 0.414226 0.176871 0.409661 0.194687 0.448459 0.188533 0.452644
1 0.146744 0.301255 0.150956 0.298212 0.163913 0.316851 0.160026 0.320654
1 0.180758 0.416508 0.17849 0.410042 0.210236 0.396348 0.21218 0.403195
1 0.25656 0.501331 0.253644 0.509319 0.22287 0.494485 0.226109 0.485356
1 0.245546 0.827311 0.249109 0.821225 0.270813 0.841004 0.266602 0.84671
1 0.249433 0.820844 0.252996 0.815139 0.273405 0.834157 0.269841 0.838722
1 0.180758 0.802206 0.176547 0.796881 0.195011 0.77596 0.200194 0.781666
1 0.178814 0.794218 0.174927 0.788893 0.189828 0.772157 0.19404 0.776341
1 0.184645 0.333587 0.179462 0.33625 0.17104 0.315329 0.175899 0.312286
1 0.179786 0.337391 0.175899 0.340053 0.167153 0.321035 0.17104 0.317992
1 0.175899 0.340434 0.172012 0.343096 0.163589 0.325599 0.167153 0.322556
1 0.173631 0.346139 0.168772 0.350704 0.157434 0.329783 0.162293 0.325599
1 0.172012 0.35717 0.167153 0.361354 0.152251 0.332446 0.156787 0.328262
1 0.163913 0.357931 0.15873 0.361354 0.148688 0.338151 0.153547 0.335108
1 0.158082 0.362495 0.153871 0.365158 0.145449 0.343857 0.14966 0.341194
1 0.155815 0.281856 0.158082 0.276151 0.180434 0.290224 0.177195 0.297071
1 0.155815 0.287181 0.160026 0.283378 0.174927 0.300114 0.17104 0.304679
1 0.154519 0.293267 0.158082 0.289844 0.170392 0.3062 0.167153 0.310004
1 0.15128 0.297452 0.154519 0.294409 0.166181 0.310384 0.163265 0.313808
7 0.269193 0.216432 0.265306 0.218714 0.250081 0.179156 0.253968 0.176873
7 0.295109 0.201978 0.290897 0.20426 0.275348 0.165843 0.279236 0.16356
1 0.25332 0.14302 0.251377 0.138075 0.269193 0.128186 0.271137 0.13313
1 0.57564 0.911754 0.579203 0.905287 0.598963 0.921643 0.5954 0.926968
1 0.601231 0.96919 0.605118 0.961963 0.638808 0.987448 0.633625 0.994675
1 0.596372 0.976037 0.600259 0.968809 0.633625 0.995055 0.624555 0.998859
1 0.592809 0.984785 0.59702 0.976797 0.623259 0.998098 0.610949 0.998479
1 0.569485 0.932674 0.574344 0.927349 0.596372 0.94941 0.592485 0.954355
1 0.563006 0.93838 0.568513 0.931533 0.594752 0.958159 0.588921 0.965006
1 0.560739 0.944846 0.564626 0.939901 0.589893 0.967288 0.58633 0.972233
1 0.557823 0.953214 0.562034 0.947128 0.585682 0.972233 0.582119 0.977178
1 0.553612 0.960441 0.557499 0.953975 0.580499 0.975656 0.57564 0.982122
1 0.550696 0.968809 0.554908 0.962343 0.578555 0.983644 0.574344 0.990871
1 0.627794 0.455306 0.641723 0.44922 0.670878 0.534804 0.658892 0.541651
1 0.604794 0.455687 0.624555 0.447318 0.664399 0.56105 0.642371 0.570179
1 0.47619 0.33625 0.477486 0.341194 0.465177 0.34652 0.463233 0.341955
1 0.47781 0.331305 0.47619 0.33701 0.45805 0.328642 0.45967 0.323317
1 0.457726 0.411944 0.493683 0.390262 0.49757 0.399391 0.462261 0.421833
1 0.50243 0.915938 0.507289 0.909091 0.537415 0.937999 0.531908 0.945607
1 0.500486 0.924686 0.504697 0.9186 0.528345 0.941803 0.525105 0.946748
1 0.474895 0.839483 0.478134 0.831875 0.516035 0.854698 0.512472 0.863066
1 0.603822 0.960441 0.608034 0.953214 0.643019 0.979079 0.639132 0.986307
7 0.771299 0.638646 0.760285 0.643591 0.721736 0.538988 0.732102 0.533283
1 0.469064 0.855458 0.472951 0.848612 0.508584 0.871814 0.505021 0.879802
1 0.728863 0.616204 0.745384 0.607075 0.776806 0.68353 0.759961 0.694561
1 0.945578 0.464816 0.954325 0.464816 0.954649 0.514264 0.947846 0.515785
1 0.936832 0.464435 0.945578 0.464435 0.946874 0.511982 0.939423 0.512742
1 0.928409 0.466717 0.936508 0.466337 0.939099 0.513123 0.931973 0.514264
1 0.920959 0.467478 0.928409 0.466717 0.931649 0.512742 0.924522 0.513884
1 0.912213 0.46976 0.920311 0.468619 0.924846 0.516546 0.917396 0.517687
1 0.90379 0.470901 0.911889 0.46938 0.917072 0.518068 0.909945 0.519589
1 0.894396 0.473944 0.903466 0.472423 0.910269 0.522632 0.901523 0.524914
1 0.885649 0.473944 0.893748 0.472043 0.901523 0.524914 0.894396 0.527197
1 0.876903 0.476607 0.885326 0.475466 0.894396 0.527957 0.886621 0.529479
1 0.868805 0.478129 0.876579 0.475846 0.885326 0.529859 0.878523 0.531761
1 0.862326 0.483454 0.869776 0.482313 0.877875 0.529099 0.870424 0.532522
1 0.855199 0.485736 0.862974 0.484975 0.869776 0.529479 0.86265 0.531381
1 0.845805 0.482313 0.854227 0.480411 0.862002 0.532902 0.853903 0.535945
1 0.792355 0.586154 0.797538 0.583111 0.806608 0.60251 0.801101 0.606695
1 0.779397 0.593382 0.788144 0.586915 0.807904 0.620008 0.800454 0.626474
1 0.773243 0.60175 0.782961 0.597185 0.797214 0.631038 0.788468 0.637124
1 0.750891 0.582351 0.762229 0.576645 0.790087 0.64245 0.777778 0.649677
1 0.471331 0.84671 0.474571 0.839863 0.512472 0.863827 0.509232 0.870673
1 0.467768 0.863827 0.471655 0.85736 0.502106 0.880943 0.497894 0.888551
1 0.257208 0.148726 0.254616 0.144161 0.270165 0.134652 0.272109 0.139597
1 0.328474 0.697223 0.332685 0.689235 0.36184 0.712058 0.357953 0.720426
1 0.320376 0.71434 0.324587 0.705211 0.359248 0.732598 0.355361 0.741347
1 0.321024 0.726132 0.324263 0.719285 0.352122 0.738684 0.348558 0.747052
1 0.316489 0.735641 0.321024 0.727653 0.348882 0.747813 0.345319 0.75542
1 0.310658 0.743248 0.314869 0.735261 0.344347 0.75504 0.340784 0.762647
1 0.308066 0.752758 0.310982 0.74477 0.34208 0.764169 0.338516 0.773678
1 0.350178 0.0878661 0.388727 0.0741727 0.390671 0.0829213 0.352446 0.0962343
1 0.356009 0.114112 0.362488 0.111069 0.371558 0.147585 0.365727 0.150628
1 0.348235 0.106885 0.353418 0.104983 0.365079 0.149486 0.358925 0.152529
1 0.331714 0.114492 0.337868 0.11259 0.345967 0.149867 0.34046 0.152529
1 0.325883 0.117155 0.331714 0.115253 0.340136 0.152149 0.333657 0.154812
1 0.28863 0.138836 0.285714 0.131609 0.31746 0.117155 0.319404 0.123621
1 0.281179 0.133891 0.27794 0.124762 0.313573 0.106504 0.317784 0.116774
1 0.267898 0.158996 0.266926 0.155192 0.277292 0.149867 0.278264 0.154431
1 0.234532 0.150628 0.236476 0.155953 0.219955 0.164701 0.218335 0.160137
1 0.231293 0.147585 0.23194 0.151769 0.216391 0.159757 0.215096 0.155572
1 0.275996 0.14302 0.27794 0.147965 0.263686 0.156333 0.262067 0.151769
1 0.260123 0.152529 0.258503 0.148345 0.272433 0.139977 0.274052 0.144542
1 0.324587 0.704831 0.328474 0.697984 0.362164 0.723849 0.358277 0.731457
1 0.333657 0.688475 0.33884 0.681248 0.366699 0.70445 0.362812 0.712058
1 0.464853 0.869532 0.468092 0.864207 0.49757 0.889312 0.494007 0.895397
1 0.34046 0.781286 0.345319 0.773298 0.372854 0.794599 0.368643 0.803347
1 0.457726 0.875238 0.462909 0.868391 0.494655 0.896158 0.489796 0.904146
1 0.452219 0.882845 0.457726 0.875238 0.490444 0.904526 0.485585 0.911373
1 0.438614 0.813617 0.442825 0.806771 0.474895 0.832636 0.469712 0.840243
1 0.433754 0.821225 0.438614 0.813617 0.471331 0.842526 0.466796 0.849753
1 0.430515 0.827691 0.434402 0.821986 0.46712 0.850133 0.461937 0.85736
1 0.425008 0.83644 0.430191 0.828832 0.462585 0.858121 0.458698 0.864968
1 0.421445 0.843667 0.425332 0.8372 0.458698 0.865348 0.454487 0.872575
1 0.41691 0.852035 0.422093 0.844808 0.45481 0.872955 0.450275 0.880183
2 0.408811 0.868011 0.424036 0.868011 0.424036 0.886649 0.408811 0.886649
1 0.391642 0.750475 0.394234 0.742107 0.427276 0.757322 0.42436 0.766451
1 0.391642 0.759224 0.394558 0.752377 0.422417 0.766831 0.419825 0.774439
1 0.383544 0.766451 0.387107 0.757322 0.419825 0.7752 0.416586 0.783948
1 0.381924 0.77596 0.384516 0.767973 0.41691 0.78547 0.413346 0.793838
1 0.379657 0.782807 0.384192 0.77596 0.417234 0.801826 0.412698 0.810574
1 0.376093 0.791175 0.380305 0.783948 0.413022 0.810574 0.409459 0.818182
1 0.371558 0.799163 0.376417 0.791556 0.408487 0.818182 0.404276 0.825409
1 0.367995 0.806771 0.371558 0.799924 0.404276 0.82617 0.400389 0.833397
2 0.079689 0.844428 0.0877875 0.844428 0.0877875 0.855078 0.079689 0.855078
