1 0.607857 0.718271 0.618571 0.728731 0.582857 0.760809 0.570714 0.750349
1 0.298571 0.598326 0.28 0.61855 0.204286 0.552999 0.220714 0.532078
1 0.398571 0.209205 0.385 0.222455 0.347857 0.191074 0.36 0.17643
1 0.365 0.247559 0.354286 0.260809 0.315 0.230823 0.325714 0.216876
1 0.352143 0.267085 0.340714 0.281729 0.297857 0.248954 0.31 0.236402
1 0.329286 0.285914 0.318571 0.299163 0.282857 0.269177 0.293571 0.25802
1 0.260714 0.166667 0.273571 0.150628 0.312143 0.184798 0.300714 0.198047
1 0.247143 0.181311 0.26 0.166667 0.301429 0.198745 0.289286 0.214784
1 0.124286 0.658996 0.139286 0.642259 0.217857 0.707113 0.200714 0.725941
1 0.379286 0.661785 0.370714 0.679916 0.316429 0.648536 0.327143 0.630404
1 0.207857 0.53417 0.193571 0.552999 0.121429 0.496513 0.136429 0.477685
1 0.618571 0.730823 0.629286 0.741283 0.594286 0.774059 0.582857 0.764296
1 0.254286 0.386332 0.242143 0.400279 0.202857 0.37099 0.214286 0.356346
1 0.210714 0.448396 0.2 0.464435 0.158571 0.435844 0.169286 0.419107
1 0.2 0.253138 0.211429 0.239888 0.247143 0.269177 0.236429 0.281729
1 0.188571 0.267782 0.198571 0.25523 0.233571 0.283821 0.225 0.294979
1 0.161429 0.304742 0.169286 0.292887 0.206429 0.320084 0.196429 0.334031
1 0.148571 0.321478 0.158571 0.309623 0.192857 0.335425 0.182143 0.348675
1 0.131429 0.339609 0.141429 0.327755 0.177143 0.354951 0.166429 0.367503
1 0.0928571 0.391911 0.103571 0.380753 0.137143 0.408647 0.125714 0.419107
1 0.419286 0.188982 0.408571 0.202929 0.366429 0.17364 0.376429 0.159693
1 0.432143 0.169456 0.419286 0.183403 0.38 0.152022 0.391429 0.138075
1 0.446429 0.149233 0.434286 0.160391 0.397857 0.132497 0.407857 0.11855
1 0.462857 0.131102 0.450714 0.144351 0.41 0.115063 0.421429 0.101116
1 0.659286 0.693166 0.667857 0.705021 0.633571 0.735704 0.622143 0.725941
1 0.647857 0.679916 0.658571 0.692469 0.621429 0.723152 0.609286 0.711994
7 0.399286 0.19735 0.393571 0.204324 0.36 0.175732 0.364286 0.170153
7 0.432143 0.158298 0.425714 0.164575 0.392143 0.138075 0.397857 0.131799
7 0.367857 0.236402 0.361429 0.244073 0.325714 0.215481 0.332143 0.207113
7 0.333571 0.276848 0.326429 0.283124 0.292857 0.256625 0.298571 0.248954
7 0.431429 0.409344 0.42 0.422594 0.257857 0.299163 0.268571 0.286611
7 0.267857 0.352859 0.260714 0.361925 0.227857 0.338912 0.236429 0.327755
7 0.235714 0.3947 0.228571 0.402371 0.196429 0.377266 0.202143 0.370293
7 0.208571 0.435146 0.202857 0.442817 0.167857 0.41841 0.172143 0.410042
1 0.26 0.857741 0.241429 0.867503 0.21 0.803347 0.231429 0.792887
7 0.176429 0.475593 0.167857 0.485356 0.137143 0.461646 0.143571 0.451185
1 0.814286 0.469317 0.836429 0.486053 0.781429 0.57113 0.757857 0.555091
1 0.857857 0.457462 0.882857 0.471409 0.804286 0.589958 0.781429 0.572524
1 0.765 0.367503 0.747143 0.387727 0.665 0.328452 0.679286 0.310321
1 0.776429 0.352162 0.765714 0.366806 0.678571 0.308926 0.692857 0.290795
1 0.488571 0.714784 0.472857 0.738494 0.375714 0.680614 0.390714 0.658996
1 0.0807143 0.410042 0.0914286 0.398187 0.125714 0.425384 0.115 0.436541
