7 0.584592 0.570245 0.580497 0.551181 0.736115 0.457522 0.739186 0.477
1 0.340159 0.524244 0.339903 0.531289 0.319427 0.532118 0.319427 0.523829
1 0.387254 0.593452 0.386742 0.581019 0.4172 0.579362 0.417456 0.59138
1 0.389557 0.604227 0.389045 0.594695 0.415408 0.590966 0.415408 0.600083
7 0.469414 0.582263 0.472741 0.602569 0.398004 0.626606 0.395444 0.606714
1 0.359867 0.5661 0.362682 0.571902 0.346046 0.588893 0.342974 0.581434
1 0.346813 0.566929 0.347837 0.575632 0.327361 0.583092 0.325825 0.572731
1 0.322242 0.561542 0.322242 0.571488 0.302534 0.57356 0.302278 0.562785
1 0.321986 0.548695 0.322498 0.557397 0.302278 0.559884 0.301766 0.550352
1 0.340671 0.532118 0.340671 0.539163 0.320706 0.542064 0.320195 0.534604
1 0.326337 0.358475 0.323266 0.372565 0.251856 0.336925 0.254927 0.319519
1 0.385974 0.570245 0.385718 0.558641 0.422063 0.556569 0.422319 0.570245
1 0.330433 0.342727 0.326593 0.358475 0.264141 0.324078 0.266957 0.308744
1 0.348349 0.589722 0.352188 0.618317 0.254671 0.651471 0.251344 0.617489
1 0.223701 0.250311 0.225749 0.241608 0.242897 0.252797 0.24085 0.261086
1 0.223701 0.23995 0.225493 0.232076 0.244689 0.244923 0.242641 0.251969
1 0.251088 0.317447 0.247504 0.335267 0.162529 0.290924 0.167136 0.269789
1 0.254927 0.300041 0.250832 0.317033 0.178654 0.276005 0.181981 0.25777
1 0.194267 0.231662 0.195802 0.224202 0.214999 0.235392 0.213463 0.242851
1 0.222421 0.610858 0.223957 0.626191 0.147428 0.652714 0.145636 0.636552
1 0.386998 0.580605 0.386742 0.570659 0.41848 0.570245 0.418736 0.579362
1 0.389301 0.542478 0.387766 0.535019 0.411057 0.525487 0.412081 0.532532
7 0.122345 0.711977 0.119529 0.690427 0.366522 0.614588 0.368825 0.635723
1 0.696954 0.31206 0.697466 0.319934 0.678782 0.324907 0.678014 0.315375
1 0.296391 0.495649 0.351676 0.487775 0.352956 0.506838 0.297415 0.514298
1 0.952393 0.825528 0.953929 0.816411 0.972357 0.823042 0.971334 0.833402
1 0.714103 0.320348 0.714359 0.324907 0.707192 0.327808 0.706424 0.323249
1 0.718198 0.311645 0.71871 0.31869 0.704121 0.323663 0.703353 0.317033
1 0.71743 0.3046 0.718198 0.311645 0.703097 0.317447 0.702073 0.309988
1 0.712567 0.285537 0.713079 0.291753 0.699002 0.296726 0.697722 0.289681
1 0.688252 0.913386 0.708984 0.906341 0.711031 0.923332 0.690555 0.929963
1 0.705657 0.396187 0.706424 0.406133 0.693371 0.408206 0.692347 0.398674
1 0.692859 0.28305 0.693883 0.29051 0.674942 0.295483 0.673919 0.288852
1 0.388021 0.533361 0.386742 0.525487 0.410545 0.51637 0.411825 0.524658
1 0.693883 0.29051 0.694907 0.29714 0.676478 0.303357 0.675454 0.295897
1 0.673407 0.471198 0.678782 0.491504 0.622217 0.526316 0.617353 0.506424
1 0.60174 0.239121 0.603788 0.237464 0.606348 0.246581 0.604556 0.248239
1 0.60558 0.25777 0.609163 0.255698 0.61633 0.288023 0.613002 0.29051
1 0.589967 0.268131 0.597389 0.264816 0.6043 0.296312 0.596365 0.301285
1 0.490914 0.315375 0.502432 0.307915 0.515741 0.358889 0.503711 0.367178
7 0.41464 0.861998 0.405938 0.865727 0.379831 0.651471 0.388789 0.648156
1 0.384438 0.382097 0.385206 0.387484 0.372664 0.392043 0.371897 0.385827
1 0.22754 0.626191 0.231636 0.657688 0.133094 0.686697 0.130791 0.658931
