2 0.84345 0.264974 0.857572 0.264974 0.857572 0.279622 0.84345 0.279622
9 0.167368 0.722982 0.173978 0.721029 0.174579 0.722982 0.168269 0.72526
0 0.722055 0.666992 0.749399 0.643229 0.774038 0.672526 0.74369 0.698568
0 0.760216 0.718099 0.771935 0.732747 0.75631 0.747721 0.74369 0.732096
0 0.802284 0.677734 0.817909 0.695638 0.799579 0.712565 0.784856 0.693359
0 0.888221 0.698893 0.873498 0.71224 0.857572 0.690104 0.871995 0.678385
9 0.259014 0.803711 0.257512 0.803385 0.259315 0.796224 0.261118 0.796875
9 0.257812 0.775065 0.259615 0.77474 0.260216 0.78125 0.258413 0.78125
9 0.390625 0.624349 0.395733 0.620117 0.396935 0.62207 0.391827 0.625977
0 0.660457 0.722656 0.67488 0.710286 0.688401 0.727539 0.673077 0.740885
9 0.473858 0.633789 0.478365 0.629232 0.479567 0.630859 0.47506 0.635091
9 0.515325 0.659505 0.519832 0.654948 0.521034 0.65625 0.516526 0.660482
9 0.52494 0.646484 0.53125 0.648763 0.530649 0.650391 0.524639 0.648112
9 0.478065 0.429688 0.479267 0.428385 0.483173 0.432617 0.482272 0.433919
9 0.443209 0.475586 0.441707 0.476888 0.438101 0.472005 0.439603 0.470703
9 0.46905 0.828125 0.467849 0.826172 0.472656 0.822917 0.473858 0.824544
0 0.665565 0.785156 0.689904 0.816406 0.658053 0.845378 0.631911 0.811198
0 0.524639 0.788086 0.549579 0.817708 0.515325 0.845378 0.491887 0.811523
2 0.820613 0.273112 0.835637 0.273112 0.835637 0.288411 0.820613 0.288411
0 0.329627 0.968099 0.303786 0.936849 0.338041 0.910156 0.362981 0.940104
0 0.054988 0.0693359 0.0769231 0.0953776 0.0510817 0.120117 0.0288462 0.0940755
0 0.0817308 0.0970052 0.104267 0.122396 0.0811298 0.148763 0.0564904 0.12207
0 0.046274 0.114909 0.078125 0.151042 0.0480769 0.177083 0.0198317 0.142904
0 0.0435697 0.0442708 0.0582933 0.0608724 0.0408654 0.0768229 0.0264423 0.0608724
0 0.0234375 0.0621745 0.0375601 0.0794271 0.0207332 0.0960286 0.00570913 0.0794271
0 0.17488 0.66569 0.155349 0.658203 0.163762 0.635742 0.183594 0.644531
0 0.289663 0.868815 0.307091 0.860026 0.315805 0.877279 0.298678 0.887695
0 0.521635 0.834635 0.548377 0.836914 0.544171 0.864258 0.515925 0.861003
0 0.244591 0.888997 0.270733 0.868164 0.293269 0.896484 0.267127 0.919922
0 0.316707 0.841471 0.309796 0.820312 0.329026 0.8125 0.33744 0.833659
0 0.359675 0.40332 0.336839 0.422526 0.314002 0.394206 0.339543 0.374349
0 0.383113 0.380859 0.370493 0.391602 0.358774 0.374674 0.372296 0.364258
0 0.535156 0.25 0.513822 0.271159 0.493089 0.246094 0.516827 0.226888
0 0.433594 0.917969 0.448317 0.905599 0.461238 0.922201 0.447115 0.936849
9 0.475962 0.821615 0.475962 0.819336 0.48137 0.819661 0.48137 0.82194
9 0.483774 0.824219 0.484976 0.822917 0.488882 0.827474 0.48738 0.829102
9 0.488882 0.830078 0.490385 0.828451 0.493389 0.832357 0.492188 0.833984
9 0.955829 0.284505 0.95643 0.286133 0.951022 0.289714 0.95012 0.288411
9 0.978065 0.390951 0.979868 0.391927 0.977163 0.397786 0.975361 0.396484
9 0.967248 0.397461 0.973558 0.39388 0.974159 0.395833 0.968149 0.398763
9 0.973858 0.382812 0.975661 0.382161 0.978065 0.388672 0.976562 0.389648
8 0.966947 0.255859 0.985877 0.24349 0.996094 0.262695 0.978666 0.274414
9 0.865986 0.195964 0.867488 0.194987 0.870493 0.200846 0.869291 0.201823
9 0.869591 0.203125 0.871094 0.202148 0.874399 0.207682 0.872897 0.208984
9 0.981971 0.25 0.982572 0.251302 0.979267 0.253906 0.978365 0.252279
9 0.49399 0.835938 0.495493 0.83431 0.498498 0.838216 0.497296 0.839518
2 0.78125 0.122396 0.794772 0.122396 0.794772 0.135742 0.78125 0.135742
2 0.790865 0.148112 0.803185 0.148112 0.803185 0.161458 0.790865 0.161458
2 0.799579 0.174154 0.8122 0.174154 0.8122 0.186198 0.799579 0.186198
2 0.809195 0.197266 0.822115 0.197266 0.822115 0.210286 0.809195 0.210286
2 0.830829 0.233724 0.845553 0.233724 0.845553 0.248047 0.830829 0.248047
2 0.808894 0.241862 0.823017 0.241862 0.823017 0.25651 0.808894 0.25651
9 0.967248 0.377604 0.96875 0.375977 0.972055 0.381185 0.970553 0.382161
9 0.960036 0.372721 0.958834 0.373698 0.955529 0.368164 0.956731 0.367188
9 0.957933 0.391602 0.956731 0.390299 0.961538 0.385742 0.96274 0.387044
9 0.819111 0.114583 0.820012 0.11556 0.816707 0.120117 0.815505 0.119141
9 0.815805 0.101888 0.817308 0.101237 0.819411 0.107747 0.817608 0.108724
9 0.835938 0.144206 0.83744 0.143555 0.839243 0.148763 0.83774 0.14974
9 0.826623 0.135091 0.827825 0.134115 0.829928 0.140625 0.828726 0.141276
9 0.829026 0.14388 0.830529 0.143229 0.832933 0.148763 0.831731 0.14974
9 0.808594 0.0843099 0.810096 0.0839844 0.811599 0.0898438 0.809796 0.0904948
9 0.805889 0.0839844 0.807692 0.0833333 0.809495 0.0895182 0.807993 0.0904948
9 0.804988 0.0869141 0.80649 0.0865885 0.807392 0.0904948 0.805889 0.0911458
9 0.802584 0.085612 0.804387 0.0852865 0.805288 0.0914714 0.803786 0.0917969
9 0.819111 0.0970052 0.817608 0.0976562 0.815805 0.0917969 0.817007 0.0914714
9 0.801382 0.0117188 0.79988 0.0120443 0.799279 0.00455729 0.800481 0.00423177
0 0.739483 0.577474 0.766226 0.552734 0.769231 0.590169 0.742188 0.595703
9 0.635817 0.420573 0.641226 0.416016 0.642127 0.417969 0.637019 0.421875
9 0.4997 0.842773 0.501202 0.841146 0.504507 0.845378 0.503305 0.84668
0 0.0558894 0.0585938 0.0697115 0.0458984 0.085637 0.0660807 0.0739183 0.0784505
