9 0.533825 0.450162 0.535164 0.448136 0.538848 0.452188 0.536839 0.454214
0 0.85566 0.148703 0.883121 0.119935 0.913262 0.161669 0.884126 0.194895
0 0.626256 0.394246 0.653717 0.364668 0.684863 0.407618 0.655727 0.440032
0 0.679504 0.45624 0.69424 0.471637 0.674816 0.493922 0.66075 0.475689
0 0.450435 0.545381 0.475553 0.518233 0.49933 0.548622 0.471869 0.578201
0 0.475887 0.561183 0.448426 0.591167 0.424313 0.555511 0.452445 0.527553
0 0.4357 0.60859 0.409578 0.638574 0.380442 0.59846 0.409578 0.569287
0 0.327194 0.667747 0.356999 0.638169 0.383791 0.678282 0.355995 0.709481
0 0.325519 0.699757 0.340924 0.681929 0.358339 0.705429 0.341929 0.723663
0 0.286336 0.709887 0.315137 0.680713 0.344273 0.720421 0.314802 0.753241
0 0.215338 0.788493 0.246818 0.756888 0.276289 0.796191 0.244474 0.828606
0 0.24213 0.828201 0.269926 0.865478 0.234092 0.903566 0.207971 0.867099
8 0.083724 0.615883 0.102478 0.596434 0.113865 0.615478 0.0957803 0.634117
