7 0.860733 0.392225 0.87138 0.403456 0.650767 0.60432 0.642249 0.594816
1 0.753407 0.466955 0.791312 0.431533 0.798126 0.438877 0.75937 0.473866
1 0.75937 0.473866 0.798126 0.439309 0.804089 0.445356 0.765332 0.480778
1 0.701874 0.524406 0.696337 0.517063 0.732112 0.486393 0.738075 0.492873
1 0.707836 0.531749 0.7023 0.52527 0.737223 0.493305 0.743186 0.499352
5 0.616695 0.600864 0.624361 0.592657 0.639267 0.609503 0.632027 0.617711
7 0.561755 0.4527 0.568995 0.458315 0.535349 0.507559 0.527257 0.501944
13 0.409284 0.781857 0.467632 0.768898 0.474446 0.806048 0.416951 0.818143
6 0.38075 0.77797 0.49063 0.755508 0.501278 0.808639 0.392249 0.832829
9 0.340716 0.62851 0.347104 0.623758 0.348382 0.62635 0.342419 0.63067
9 0.33816 0.625486 0.344549 0.621166 0.346252 0.623326 0.339864 0.627646
5 0.353066 0.632397 0.376065 0.615983 0.38586 0.629806 0.362436 0.64622
1 0.369676 0.507991 0.366695 0.506263 0.378194 0.485961 0.38075 0.487257
7 0.433135 0.137365 0.440801 0.144276 0.334327 0.273002 0.326661 0.266091
7 0.382879 0.483369 0.389267 0.486825 0.364566 0.536933 0.356048 0.532613
