2 0.517592 0.0240598 0.520136 0.0240598 0.520136 0.0266293 0.517592 0.0266293
1 0.465028 0.0565288 0.465028 0.0534922 0.474989 0.0534922 0.474989 0.0562953
1 0.408012 0.0770848 0.411191 0.076384 0.413311 0.0887643 0.410131 0.0896987
1 0.410555 0.0752161 0.413523 0.0742817 0.416066 0.0871292 0.413099 0.0878299
1 0.413735 0.0752161 0.416914 0.0745153 0.418822 0.0857276 0.416066 0.0864284
1 0.416702 0.0745153 0.419457 0.0740481 0.421365 0.0838589 0.418822 0.0847933
1 0.419669 0.0738145 0.422213 0.0731138 0.42412 0.0831581 0.421365 0.0840925
1 0.412887 0.0600327 0.412463 0.0558281 0.424756 0.0541929 0.42518 0.0583976
1 0.413947 0.0630694 0.413523 0.0600327 0.424756 0.0586312 0.42518 0.0616678
1 0.441289 0.0523242 0.441925 0.0555945 0.432811 0.0574632 0.432175 0.0539594
1 0.441713 0.0555945 0.442136 0.058164 0.434506 0.0597991 0.434082 0.0572296
1 0.44468 0.0597991 0.444468 0.0541929 0.460577 0.0537258 0.460577 0.0588648
1 0.461424 0.0537258 0.461212 0.0497547 0.476049 0.049054 0.476261 0.0532586
1 0.463332 0.0600327 0.463544 0.0562953 0.476685 0.0565288 0.476685 0.0604999
5 0.596863 0.0747489 0.617423 0.0696099 0.619966 0.0819902 0.599407 0.086662
1 0.447435 0.0626022 0.447223 0.0595655 0.461 0.0590983 0.461 0.0628358
6 0.435778 0.975707 0.461 0.956552 0.486647 0.999299 0.450403 0.999066
13 0.446376 0.982714 0.462272 0.969166 0.48156 0.998832 0.456125 0.999066
9 0.462696 0.903761 0.463968 0.902826 0.466511 0.907265 0.46524 0.908199
1 0.553836 0.0397103 0.55426 0.0434478 0.543451 0.0448493 0.542815 0.0411119
1 0.542603 0.0406447 0.543027 0.0443822 0.533913 0.0453165 0.533489 0.0415791
1 0.560195 0.0401775 0.56507 0.038776 0.568461 0.0565288 0.563586 0.0579304
1 0.568249 0.0385424 0.579695 0.0371409 0.580119 0.0415791 0.568885 0.0429806
1 0.580755 0.0415791 0.580967 0.0462509 0.569309 0.0471852 0.569097 0.0432142
1 0.568249 0.0541929 0.567825 0.0506891 0.578847 0.0502219 0.579059 0.0534922
4 0.575668 0.0824574 0.592624 0.0777856 0.594744 0.0861948 0.577363 0.0911002
1 0.391903 0.474188 0.389784 0.468349 0.40674 0.460173 0.409072 0.465779
1 0.443196 0.631161 0.441501 0.628124 0.450827 0.620649 0.452734 0.623686
1 0.424544 0.635833 0.422637 0.632562 0.433234 0.623452 0.435566 0.626489
1 0.426452 0.639804 0.42412 0.636767 0.435778 0.626256 0.438109 0.629292
9 0.0515049 0.0936697 0.0576515 0.0997431 0.0563798 0.101145 0.0500212 0.0950712
9 0.051081 0.0978743 0.0574396 0.10348 0.0563798 0.105349 0.0498092 0.0995095
1 0.0584994 0.284279 0.0614667 0.276571 0.08351 0.28755 0.0809665 0.294791
9 0.319839 0.98762 0.318991 0.988554 0.316872 0.985985 0.317719 0.984817
9 0.228063 0.902126 0.229546 0.900958 0.234845 0.908433 0.233362 0.909834
9 0.23103 0.899556 0.232938 0.898388 0.237389 0.90633 0.235693 0.907732
9 0.23315 0.897687 0.234633 0.896286 0.239932 0.904228 0.238448 0.90563
9 0.297372 0.952348 0.298432 0.950946 0.300339 0.954216 0.299279 0.955384
9 0.254133 0.892782 0.253073 0.89395 0.25053 0.89068 0.251802 0.889745
1 0.353328 0.246671 0.359898 0.246671 0.359898 0.268629 0.353328 0.268629
1 0.399746 0.523009 0.401865 0.51857 0.418186 0.529082 0.415642 0.534221
1 0.387876 0.540995 0.386393 0.543331 0.378126 0.537491 0.37961 0.534688
1 0.387452 0.544032 0.385969 0.546835 0.376007 0.540294 0.37749 0.537258
1 0.402289 0.550339 0.400805 0.553843 0.389996 0.547536 0.391691 0.544032
1 0.41649 0.560383 0.41543 0.562953 0.406104 0.557113 0.407588 0.553843
1 0.41543 0.562953 0.413523 0.565522 0.405256 0.559682 0.406528 0.557346
1 0.413523 0.565522 0.411827 0.568792 0.401229 0.561785 0.402925 0.558047
1 0.424756 0.570194 0.426452 0.566924 0.436414 0.573698 0.434718 0.577202
1 0.398686 0.611539 0.401441 0.609437 0.409072 0.620416 0.406104 0.622518
1 0.401865 0.610138 0.404197 0.608269 0.411403 0.617846 0.409284 0.619481
1 0.402501 0.6064 0.40568 0.603597 0.41755 0.616912 0.414582 0.620416
1 0.411191 0.629759 0.414159 0.627423 0.422637 0.63957 0.419245 0.642607
1 0.428571 0.643308 0.426664 0.640037 0.438745 0.629059 0.441289 0.632796
4 0.568249 0.0833917 0.572912 0.0822238 0.575244 0.0925018 0.570581 0.0936697
1 0.565494 0.038776 0.569097 0.0385424 0.570793 0.0504555 0.567189 0.0506891
2 0.513565 0.0247606 0.516744 0.0247606 0.516744 0.0282644 0.513565 0.0282644
7 0.323866 0.0338706 0.324078 0.0364401 0.309877 0.0369073 0.309665 0.0341042
1 0.313056 0.0551273 0.312632 0.0516235 0.323442 0.0504555 0.323654 0.0541929
1 0.313268 0.0756833 0.313268 0.0726466 0.321323 0.072413 0.321535 0.0752161
1 0.317084 0.0943705 0.317084 0.091801 0.324714 0.091801 0.324926 0.0941369
1 0.270666 0.450128 0.271513 0.446858 0.281051 0.451063 0.279992 0.4541
1 0.271513 0.446625 0.272361 0.443588 0.280627 0.446858 0.27978 0.449661
1 0.282747 0.455501 0.283807 0.451997 0.293769 0.456202 0.292285 0.459939
1 0.284866 0.452932 0.285714 0.449194 0.296524 0.452932 0.295464 0.456435
1 0.307334 0.466713 0.303942 0.465779 0.307546 0.454567 0.310725 0.455501
1 0.310089 0.459472 0.311361 0.455501 0.321323 0.461107 0.320263 0.464144
1 0.313268 0.456435 0.314116 0.453399 0.32323 0.457837 0.32217 0.46064
1 0.314964 0.453866 0.315812 0.450596 0.325562 0.455034 0.324502 0.457837
7 0.324502 0.047886 0.324502 0.0504555 0.310089 0.0509227 0.310089 0.0481196
1 0.545994 0.683952 0.549385 0.686522 0.543451 0.697734 0.539847 0.694931
7 0.324926 0.0614342 0.324926 0.0640037 0.310937 0.0647045 0.310725 0.062135
7 0.325562 0.0754497 0.325562 0.0782527 0.311361 0.0787199 0.311361 0.0761504
7 0.326198 0.0889979 0.326409 0.091801 0.312844 0.0925018 0.312844 0.0899323
1 0.362442 0.0418127 0.355659 0.0418127 0.355023 0.023359 0.361594 0.0228918
1 0.314328 0.467881 0.314752 0.464377 0.327045 0.466246 0.326621 0.470217
1 0.311997 0.470918 0.312844 0.467414 0.323442 0.46975 0.322594 0.473254
1 0.310089 0.474655 0.310725 0.470918 0.321958 0.473254 0.321111 0.476291
2 0.395719 0.534455 0.402501 0.534455 0.402501 0.542163 0.395719 0.542163
2 0.403561 0.540294 0.410343 0.540294 0.410343 0.547769 0.403561 0.547769
2 0.411403 0.545667 0.417974 0.545667 0.417974 0.552908 0.411403 0.552908
2 0.418822 0.550806 0.425604 0.550806 0.425604 0.558281 0.418822 0.558281
1 0.311785 0.047886 0.311997 0.0443822 0.320899 0.0448493 0.320687 0.0483532
1 0.310725 0.0413455 0.310513 0.037608 0.323018 0.0366737 0.32323 0.0406447
1 0.315812 0.0198552 0.311997 0.0191544 0.313056 0.00654053 0.316872 0.00677412
1 0.985163 0.141556 0.986647 0.137351 0.998516 0.143191 0.998728 0.148096
1 0.549173 0.686288 0.554472 0.690026 0.546418 0.707078 0.540271 0.704041
1 0.562738 0.696333 0.56507 0.699136 0.555956 0.709647 0.553201 0.706611
1 0.565494 0.697734 0.577999 0.706611 0.575668 0.711516 0.56295 0.702406
1 0.569097 0.711282 0.5727 0.707779 0.583086 0.719925 0.579271 0.723663
1 0.57588 0.713385 0.577363 0.710582 0.585206 0.715253 0.584146 0.718524
1 0.597711 0.720626 0.596439 0.723196 0.587537 0.716889 0.589021 0.714085
1 0.644129 0.754029 0.64095 0.760804 0.615939 0.744452 0.619754 0.73651
1 0.707079 0.338239 0.703688 0.340107 0.699237 0.328895 0.703264 0.327026
1 0.712378 0.695165 0.708987 0.701472 0.67465 0.676711 0.678677 0.670638
1 0.714922 0.687923 0.711742 0.694464 0.678889 0.670638 0.682916 0.664564
1 0.645613 0.762906 0.649004 0.7573 0.679101 0.77879 0.675922 0.784396
7 0.637982 0.597524 0.642857 0.590516 0.737389 0.657557 0.733574 0.665032
1 0.840187 0.0455501 0.842306 0.0532586 0.812632 0.0626022 0.810937 0.0539594
1 0.850784 0.0539594 0.85248 0.0504555 0.862866 0.056996 0.861382 0.0602663
1 0.792285 0.298295 0.798432 0.279841 0.907376 0.313478 0.902289 0.334968
9 0.964392 0.0476524 0.963332 0.0495211 0.958457 0.0460173 0.959517 0.0441486
1 0.956761 0.107452 0.955278 0.110488 0.943832 0.104181 0.945528 0.100677
1 0.959093 0.108152 0.966723 0.112357 0.965451 0.114926 0.958033 0.110488
1 0.990462 0.125672 0.989826 0.12754 0.9805 0.123569 0.981348 0.121467
1 0.988766 0.12754 0.987495 0.13011 0.978805 0.126372 0.979864 0.123569
1 0.991098 0.130577 0.992582 0.12684 0.998728 0.13011 0.998728 0.134548
1 0.98919 0.134314 0.990886 0.13011 0.998728 0.134314 0.998516 0.13922
1 0.988554 0.138285 0.99025 0.135015 0.998516 0.13922 0.998516 0.143191
9 0.0527766 0.0903994 0.0591352 0.0971736 0.0574396 0.0983415 0.0512929 0.0922682
