2 0.817966 0.814122 0.823655 0.814122 0.823655 0.81986 0.817966 0.81986
2 0.370704 0.648952 0.374259 0.648952 0.374259 0.652695 0.370704 0.652695
2 0.384214 0.771707 0.387533 0.771707 0.387533 0.7752 0.384214 0.7752
2 0.367623 0.756238 0.370941 0.756238 0.370941 0.75998 0.367623 0.75998
2 0.392273 0.728293 0.402465 0.728293 0.402465 0.73977 0.392273 0.73977
2 0.355772 0.718563 0.357905 0.718563 0.357905 0.721307 0.355772 0.721307
2 0.353401 0.719311 0.35506 0.719311 0.35506 0.721307 0.353401 0.721307
2 0.350557 0.72006 0.352453 0.72006 0.352453 0.722305 0.350557 0.722305
2 0.379711 0.682635 0.390377 0.682635 0.390377 0.69486 0.379711 0.69486
2 0.382792 0.666417 0.38611 0.666417 0.38611 0.67016 0.382792 0.67016
2 0.375918 0.666168 0.378763 0.666168 0.378763 0.669411 0.375918 0.669411
2 0.378289 0.660679 0.384214 0.660679 0.384214 0.667415 0.378289 0.667415
2 0.373311 0.65494 0.377815 0.65494 0.377815 0.65993 0.373311 0.65993
2 0.367623 0.65519 0.371178 0.65519 0.371178 0.658932 0.367623 0.658932
2 0.374496 0.647954 0.379948 0.647954 0.379948 0.65494 0.374496 0.65494
2 0.363119 0.657186 0.366438 0.657186 0.366438 0.660679 0.363119 0.660679
2 0.825314 0.883234 0.834084 0.883234 0.834084 0.892964 0.825314 0.892964
2 0.359327 0.651946 0.364778 0.651946 0.364778 0.657685 0.359327 0.657685
2 0.315241 0.731287 0.318322 0.731287 0.318322 0.734281 0.315241 0.734281
2 0.278739 0.739521 0.283717 0.739521 0.283717 0.745259 0.278739 0.745259
2 0.278028 0.734531 0.283005 0.734531 0.283005 0.74002 0.278028 0.74002
2 0.276132 0.729042 0.281346 0.729042 0.281346 0.73478 0.276132 0.73478
2 0.271865 0.726048 0.276369 0.726048 0.276369 0.731038 0.271865 0.731038
2 0.270206 0.71981 0.276132 0.71981 0.276132 0.725798 0.270206 0.725798
2 0.267836 0.742265 0.272102 0.742265 0.272102 0.747006 0.267836 0.747006
2 0.266888 0.737525 0.271154 0.737525 0.271154 0.742265 0.266888 0.742265
2 0.265703 0.732535 0.269969 0.732535 0.269969 0.737275 0.265703 0.737275
2 0.263333 0.727545 0.26831 0.727545 0.26831 0.733034 0.263333 0.733034
2 0.257644 0.724052 0.262147 0.724052 0.262147 0.729042 0.257644 0.729042
2 0.262147 0.723054 0.266414 0.723054 0.266414 0.727545 0.262147 0.727545
2 0.401991 0.83982 0.405546 0.83982 0.405546 0.843812 0.401991 0.843812
2 0.42119 0.852295 0.424745 0.852295 0.424745 0.855788 0.42119 0.855788
2 0.379948 0.85978 0.388007 0.85978 0.388007 0.868513 0.379948 0.868513
2 0.386584 0.868014 0.39251 0.868014 0.39251 0.874501 0.386584 0.874501
2 0.53425 0.72505 0.544916 0.72505 0.544916 0.735279 0.53425 0.735279
2 0.522399 0.726048 0.533065 0.726048 0.533065 0.737026 0.522399 0.737026
2 0.509362 0.729042 0.519791 0.729042 0.519791 0.739521 0.509362 0.739521
2 0.53188 0.71008 0.542546 0.71008 0.542546 0.721307 0.53188 0.721307
2 0.520265 0.711577 0.530694 0.711577 0.530694 0.723054 0.520265 0.723054
2 0.507703 0.713573 0.518132 0.713573 0.518132 0.7248 0.507703 0.7248
2 0.50083 0.698603 0.51434 0.698603 0.51434 0.714072 0.50083 0.714072
2 0.584025 0.792665 0.588765 0.792665 0.588765 0.798154 0.584025 0.798154
2 0.529983 0.810878 0.537568 0.810878 0.537568 0.819112 0.529983 0.819112
2 0.528324 0.801647 0.53662 0.801647 0.53662 0.80988 0.528324 0.80988
2 0.527376 0.792166 0.534487 0.792166 0.534487 0.801148 0.527376 0.801148
2 0.525954 0.782934 0.534013 0.782934 0.534013 0.791168 0.525954 0.791168
2 0.524532 0.774202 0.532354 0.774202 0.532354 0.781936 0.524532 0.781936
2 0.574307 0.845309 0.579284 0.845309 0.579284 0.85005 0.574307 0.85005
2 0.558426 0.847555 0.563878 0.847555 0.563878 0.853044 0.558426 0.853044
2 0.579758 0.839321 0.583314 0.839321 0.583314 0.843563 0.579758 0.843563
2 0.573596 0.84007 0.577862 0.84007 0.577862 0.84481 0.573596 0.84481
2 0.567907 0.840818 0.572411 0.840818 0.572411 0.845808 0.567907 0.845808
2 0.563167 0.841567 0.567433 0.841567 0.567433 0.846058 0.563167 0.846058
2 0.557004 0.841317 0.561982 0.841317 0.561982 0.847056 0.557004 0.847056
2 0.576914 0.91492 0.58521 0.91492 0.58521 0.923902 0.576914 0.923902
2 0.566722 0.927395 0.575018 0.927395 0.575018 0.936128 0.566722 0.936128
2 0.561982 0.918663 0.570514 0.918663 0.570514 0.927645 0.561982 0.927645
2 0.552738 0.926148 0.564352 0.926148 0.564352 0.937625 0.552738 0.937625
2 0.55416 0.918912 0.560322 0.918912 0.560322 0.925399 0.55416 0.925399
9 0.357431 0.796407 0.357194 0.799401 0.345817 0.797405 0.346291 0.79491
2 0.373548 0.909681 0.377104 0.909681 0.377104 0.913673 0.373548 0.913673
2 0.268547 0.714321 0.273525 0.714321 0.273525 0.71981 0.268547 0.71981
2 0.26191 0.715818 0.266414 0.715818 0.266414 0.721307 0.26191 0.721307
2 0.257407 0.716816 0.262147 0.716816 0.262147 0.722305 0.257407 0.722305
2 0.322351 0.907186 0.337521 0.907186 0.337521 0.923403 0.322351 0.923403
2 0.330173 0.93488 0.345342 0.93488 0.345342 0.951597 0.330173 0.951597
2 0.314767 0.950848 0.319507 0.950848 0.319507 0.955838 0.314767 0.955838
2 0.318322 0.943363 0.324484 0.943363 0.324484 0.9501 0.318322 0.9501
2 0.323299 0.934631 0.329225 0.934631 0.329225 0.940619 0.323299 0.940619
2 0.312396 0.937126 0.318559 0.937126 0.318559 0.943363 0.312396 0.943363
2 0.291301 0.940369 0.299834 0.940369 0.299834 0.949351 0.291301 0.949351
2 0.278739 0.915918 0.294146 0.915918 0.294146 0.930639 0.278739 0.930639
2 0.254089 0.928144 0.280872 0.928144 0.280872 0.955339 0.254089 0.955339
2 0.283717 0.963323 0.287272 0.963323 0.287272 0.966567 0.283717 0.966567
2 0.283005 0.959331 0.286324 0.959331 0.286324 0.963074 0.283005 0.963074
2 0.27945 0.960828 0.282057 0.960828 0.282057 0.963323 0.27945 0.963323
2 0.275895 0.961577 0.278502 0.961577 0.278502 0.964321 0.275895 0.964321
2 0.270443 0.961826 0.27471 0.961826 0.27471 0.966567 0.270443 0.966567
2 0.262147 0.960329 0.268784 0.960329 0.268784 0.967315 0.262147 0.967315
2 0.253615 0.962325 0.260488 0.962325 0.260488 0.96981 0.253615 0.96981
2 0.245556 0.964571 0.252667 0.964571 0.252667 0.972056 0.245556 0.972056
2 0.245319 0.947854 0.254326 0.947854 0.254326 0.957585 0.245319 0.957585
2 0.237971 0.927146 0.253141 0.927146 0.253141 0.943114 0.237971 0.943114
8 0.917279 0.987026 0.938374 0.983782 0.938848 0.988024 0.91799 0.991517
9 0.877222 0.99002 0.875089 0.990519 0.873667 0.979291 0.875563 0.978792
9 0.872245 0.953094 0.869637 0.953343 0.867978 0.94012 0.870348 0.939621
9 0.859919 0.857036 0.857312 0.857784 0.85589 0.843313 0.85826 0.842565
9 0.848542 0.764222 0.846172 0.764471 0.845461 0.750749 0.847594 0.75025
9 0.739749 0.541667 0.739749 0.544162 0.732164 0.544162 0.732164 0.541168
8 0.375207 0.530689 0.424745 0.522954 0.425219 0.530439 0.375918 0.538423
9 0.207632 0.787425 0.207158 0.78493 0.215928 0.783683 0.216165 0.785928
9 0.197914 0.793413 0.197677 0.790918 0.205973 0.789421 0.206447 0.791417
2 0.302204 0.91492 0.317848 0.91492 0.317848 0.930888 0.302204 0.930888
2 0.306234 0.898703 0.31453 0.898703 0.31453 0.906687 0.306234 0.906687
2 0.252904 0.741018 0.257644 0.741018 0.257644 0.746008 0.252904 0.746008
2 0.317848 0.894711 0.326855 0.894711 0.326855 0.903693 0.317848 0.903693
2 0.251244 0.73004 0.256222 0.73004 0.256222 0.73503 0.251244 0.73503
2 0.249822 0.725549 0.254563 0.725549 0.254563 0.730788 0.249822 0.730788
2 0.247215 0.721058 0.252192 0.721058 0.252192 0.726297 0.247215 0.726297
2 0.302678 0.708333 0.305997 0.708333 0.305997 0.711577 0.302678 0.711577
2 0.298886 0.709082 0.302441 0.709082 0.302441 0.712575 0.298886 0.712575
2 0.29059 0.712076 0.293909 0.712076 0.293909 0.715319 0.29059 0.715319
2 0.291301 0.786926 0.296753 0.786926 0.296753 0.793413 0.291301 0.793413
2 0.289879 0.781437 0.295331 0.781437 0.295331 0.786926 0.289879 0.786926
2 0.288457 0.77495 0.294146 0.77495 0.294146 0.781687 0.288457 0.781687
2 0.276606 0.772705 0.281346 0.772705 0.281346 0.776946 0.276606 0.776946
2 0.308367 0.836826 0.321403 0.836826 0.321403 0.851048 0.308367 0.851048
2 0.284902 0.844062 0.297938 0.844062 0.297938 0.857784 0.284902 0.857784
2 0.304338 0.82011 0.317848 0.82011 0.317848 0.83483 0.304338 0.83483
2 0.279924 0.826098 0.294383 0.826098 0.294383 0.841567 0.279924 0.841567
2 0.258829 0.832335 0.271865 0.832335 0.271865 0.847305 0.258829 0.847305
2 0.262858 0.8498 0.276369 0.8498 0.276369 0.864521 0.262858 0.864521
2 0.228964 0.847056 0.255511 0.847056 0.255511 0.875998 0.228964 0.875998
2 0.315715 0.858034 0.324959 0.858034 0.324959 0.868014 0.315715 0.868014
2 0.303389 0.860778 0.31287 0.860778 0.31287 0.870509 0.303389 0.870509
2 0.291064 0.863772 0.301256 0.863772 0.301256 0.873752 0.291064 0.873752
2 0.260488 0.874501 0.281583 0.874501 0.281583 0.898703 0.260488 0.898703
2 0.232046 0.883733 0.253852 0.883733 0.253852 0.906936 0.232046 0.906936
2 0.323773 0.875499 0.331595 0.875499 0.331595 0.883982 0.323773 0.883982
2 0.315241 0.879491 0.320218 0.879491 0.320218 0.884731 0.315241 0.884731
2 0.303863 0.87999 0.313581 0.87999 0.313581 0.890469 0.303863 0.890469
2 0.297938 0.890719 0.307182 0.890719 0.307182 0.89995 0.297938 0.89995
2 0.328514 0.892216 0.336336 0.892216 0.336336 0.900449 0.328514 0.900449
2 0.493008 0.682884 0.497985 0.682884 0.497985 0.688373 0.493008 0.688373
2 0.493482 0.68987 0.49917 0.68987 0.49917 0.695609 0.493482 0.695609
2 0.503437 0.67515 0.507703 0.67515 0.507703 0.67989 0.503437 0.67989
2 0.741408 0.875998 0.745674 0.875998 0.745674 0.880489 0.741408 0.880489
2 0.740697 0.868762 0.7452 0.868762 0.7452 0.873503 0.740697 0.873503
2 0.734534 0.87001 0.738801 0.87001 0.738801 0.87475 0.734534 0.87475
2 0.700403 0.884731 0.702773 0.884731 0.702773 0.887226 0.700403 0.887226
2 0.698744 0.879242 0.702773 0.879242 0.702773 0.883483 0.698744 0.883483
2 0.697796 0.873503 0.702299 0.873503 0.702299 0.878244 0.697796 0.878244
2 0.810145 0.815619 0.81607 0.815619 0.81607 0.821357 0.810145 0.821357
2 0.800427 0.816866 0.805167 0.816866 0.805167 0.822355 0.800427 0.822355
2 0.793316 0.817864 0.798056 0.817864 0.798056 0.823603 0.793316 0.823603
2 0.787153 0.818862 0.792842 0.818862 0.792842 0.824102 0.787153 0.824102
2 0.703484 0.843064 0.710121 0.843064 0.710121 0.850299 0.703484 0.850299
2 0.696611 0.84481 0.702062 0.84481 0.702062 0.850549 0.696611 0.850549
2 0.735482 0.813872 0.741171 0.813872 0.741171 0.819361 0.735482 0.819361
2 0.728846 0.815369 0.734297 0.815369 0.734297 0.820858 0.728846 0.820858
2 0.808248 0.787675 0.815122 0.787675 0.815122 0.79516 0.808248 0.79516
2 0.784309 0.796407 0.799005 0.796407 0.799005 0.811876 0.784309 0.811876
2 0.781465 0.776447 0.796634 0.776447 0.796634 0.792665 0.781465 0.792665
2 0.76511 0.800649 0.772458 0.800649 0.772458 0.807884 0.76511 0.807884
2 0.763214 0.787675 0.770562 0.787675 0.770562 0.79516 0.763214 0.79516
2 0.72292 0.793663 0.733112 0.793663 0.733112 0.804391 0.72292 0.804391
2 0.721972 0.77994 0.730031 0.77994 0.730031 0.787924 0.721972 0.787924
2 0.761555 0.774202 0.768429 0.774202 0.768429 0.781687 0.761555 0.781687
2 0.803745 0.766966 0.817492 0.766966 0.817492 0.782186 0.803745 0.782186
2 0.758948 0.747505 0.771747 0.747505 0.771747 0.761477 0.758948 0.761477
2 0.787627 0.735778 0.806589 0.735778 0.806589 0.756487 0.787627 0.756487
2 0.75634 0.73004 0.770325 0.73004 0.770325 0.743762 0.75634 0.743762
2 0.753496 0.711078 0.767006 0.711078 0.767006 0.725798 0.753496 0.725798
2 0.782887 0.678393 0.786916 0.678393 0.786916 0.682884 0.782887 0.682884
2 0.735719 0.876497 0.739986 0.876497 0.739986 0.881487 0.735719 0.881487
2 0.736904 0.883483 0.741171 0.883483 0.741171 0.887974 0.736904 0.887974
2 0.777435 0.671158 0.780754 0.671158 0.780754 0.674401 0.777435 0.674401
2 0.737853 0.890719 0.741882 0.890719 0.741882 0.894711 0.737853 0.894711
2 0.812989 0.884731 0.822707 0.884731 0.822707 0.894711 0.812989 0.894711
2 0.802323 0.885479 0.807537 0.885479 0.807537 0.891218 0.802323 0.891218
2 0.82958 0.980539 0.841195 0.980539 0.841195 0.994012 0.82958 0.994012
2 0.811093 0.983782 0.823181 0.983782 0.823181 0.996008 0.811093 0.996008
2 0.788813 0.988273 0.79853 0.988273 0.79853 0.998004 0.788813 0.998004
2 0.797819 0.92515 0.811804 0.92515 0.811804 0.940868 0.797819 0.940868
2 0.778621 0.927395 0.792605 0.927395 0.792605 0.942864 0.778621 0.942864
2 0.752311 0.947106 0.75634 0.947106 0.75634 0.951597 0.752311 0.951597
2 0.746385 0.947605 0.750415 0.947605 0.750415 0.952096 0.746385 0.952096
2 0.750889 0.940868 0.755155 0.940868 0.755155 0.945858 0.750889 0.945858
2 0.745437 0.941866 0.749704 0.941866 0.749704 0.946607 0.745437 0.946607
2 0.749941 0.933383 0.754444 0.933383 0.754444 0.939122 0.749941 0.939122
2 0.748756 0.926397 0.753259 0.926397 0.753259 0.931886 0.748756 0.931886
2 0.748756 0.920908 0.752074 0.920908 0.752074 0.92515 0.748756 0.92515
2 0.748045 0.915419 0.750652 0.915419 0.750652 0.918912 0.748045 0.918912
2 0.732401 0.939122 0.735482 0.939122 0.735482 0.942365 0.732401 0.942365
2 0.727424 0.939122 0.731216 0.939122 0.731216 0.943363 0.727424 0.943363
2 0.795212 0.906437 0.808959 0.906437 0.808959 0.921657 0.795212 0.921657
2 0.775539 0.909681 0.789524 0.909681 0.789524 0.923902 0.775539 0.923902
2 0.792605 0.889471 0.802323 0.889471 0.802323 0.9002 0.792605 0.9002
2 0.774591 0.890968 0.785968 0.890968 0.785968 0.903942 0.774591 0.903942
2 0.746859 0.903194 0.750178 0.903194 0.750178 0.906188 0.746859 0.906188
2 0.74046 0.903693 0.7452 0.903693 0.7452 0.908433 0.74046 0.908433
2 0.745911 0.896208 0.749467 0.896208 0.749467 0.899701 0.745911 0.899701
2 0.739275 0.896707 0.743778 0.896707 0.743778 0.900948 0.739275 0.900948
2 0.744252 0.889721 0.748045 0.889721 0.748045 0.893463 0.744252 0.893463
2 0.743304 0.882984 0.746622 0.882984 0.746622 0.886727 0.743304 0.886727
2 0.774828 0.679391 0.778858 0.679391 0.778858 0.684132 0.774828 0.684132
2 0.782176 0.669411 0.786205 0.669411 0.786205 0.673653 0.782176 0.673653
2 0.482342 0.624501 0.49443 0.624501 0.49443 0.637475 0.482342 0.637475
2 0.615075 0.840569 0.619578 0.840569 0.619578 0.84506 0.615075 0.84506
2 0.597298 0.838573 0.601564 0.838573 0.601564 0.842814 0.597298 0.842814
2 0.592795 0.838822 0.59635 0.838822 0.59635 0.843064 0.592795 0.843064
2 0.645177 0.827345 0.65608 0.827345 0.65608 0.839321 0.645177 0.839321
2 0.653946 0.815868 0.659161 0.815868 0.659161 0.821856 0.653946 0.821856
2 0.64494 0.817615 0.650628 0.817615 0.650628 0.823353 0.64494 0.823353
2 0.665324 0.767465 0.668168 0.767465 0.668168 0.770459 0.665324 0.770459
2 0.662005 0.768463 0.664375 0.768463 0.664375 0.771208 0.662005 0.771208
2 0.609623 0.788174 0.61863 0.788174 0.61863 0.798154 0.609623 0.798154
2 0.59872 0.791168 0.602038 0.791168 0.602038 0.79491 0.59872 0.79491
2 0.590898 0.791916 0.595876 0.791916 0.595876 0.797156 0.590898 0.797156
2 0.597298 0.78019 0.604172 0.78019 0.604172 0.787425 0.597298 0.787425
2 0.575018 0.762226 0.596824 0.762226 0.596824 0.78493 0.575018 0.78493
2 0.634748 0.63024 0.637829 0.63024 0.637829 0.633982 0.634748 0.633982
2 0.633562 0.626248 0.636644 0.626248 0.636644 0.629491 0.633562 0.629491
2 0.627874 0.619511 0.633088 0.619511 0.633088 0.625 0.627874 0.625
2 0.620289 0.619012 0.623133 0.619012 0.623133 0.622006 0.620289 0.622006
2 0.621237 0.630489 0.625267 0.630489 0.625267 0.63523 0.621237 0.63523
2 0.627163 0.571856 0.663427 0.571856 0.663427 0.608782 0.627163 0.608782
2 0.559374 0.602794 0.56293 0.602794 0.56293 0.606786 0.559374 0.606786
2 0.555345 0.603543 0.558663 0.603543 0.558663 0.607285 0.555345 0.607285
2 0.552264 0.587575 0.559374 0.587575 0.559374 0.594561 0.552264 0.594561
2 0.527139 0.581587 0.530694 0.581587 0.530694 0.58508 0.527139 0.58508
2 0.515051 0.583333 0.518843 0.583333 0.518843 0.587575 0.515051 0.587575
2 0.504859 0.585329 0.508651 0.585329 0.508651 0.589072 0.504859 0.589072
2 0.480683 0.619261 0.484001 0.619261 0.484001 0.623253 0.480683 0.623253
2 0.47689 0.62001 0.480209 0.62001 0.480209 0.623503 0.47689 0.623503
2 0.479498 0.607036 0.491823 0.607036 0.491823 0.61976 0.479498 0.61976
2 0.59635 0.843563 0.600853 0.843563 0.600853 0.848054 0.59635 0.848054
2 0.60749 0.834581 0.612704 0.834581 0.612704 0.83982 0.60749 0.83982
2 0.790235 0.668663 0.794975 0.668663 0.794975 0.672655 0.790235 0.672655
2 0.613416 0.833583 0.61863 0.833583 0.61863 0.839321 0.613416 0.839321
2 0.798293 0.667166 0.80256 0.667166 0.80256 0.671657 0.798293 0.671657
2 0.797819 0.658932 0.801849 0.658932 0.801849 0.662924 0.797819 0.662924
2 0.790235 0.660429 0.793553 0.660429 0.793553 0.663922 0.790235 0.663922
2 0.78265 0.662675 0.785968 0.662675 0.785968 0.665669 0.78265 0.665669
2 0.776724 0.66517 0.779332 0.66517 0.779332 0.668164 0.776724 0.668164
2 0.773643 0.665669 0.775776 0.665669 0.775776 0.668663 0.773643 0.668663
2 0.759185 0.674651 0.764399 0.674651 0.764399 0.67989 0.759185 0.67989
2 0.742119 0.686876 0.745911 0.686876 0.745911 0.690868 0.742119 0.690868
2 0.746148 0.677645 0.750652 0.677645 0.750652 0.682385 0.746148 0.682385
2 0.744963 0.671657 0.74923 0.671657 0.74923 0.676397 0.744963 0.676397
2 0.750415 0.644461 0.753259 0.644461 0.753259 0.647705 0.750415 0.647705
2 0.606542 0.922156 0.613178 0.922156 0.613178 0.93014 0.606542 0.93014
2 0.601564 0.921657 0.605594 0.921657 0.605594 0.925649 0.601564 0.925649
2 0.595165 0.921657 0.600142 0.921657 0.600142 0.926896 0.595165 0.926896
2 0.596113 0.912425 0.604172 0.912425 0.604172 0.920908 0.596113 0.920908
2 0.586158 0.913922 0.594454 0.913922 0.594454 0.922156 0.586158 0.922156
2 0.67599 0.911926 0.681204 0.911926 0.681204 0.917166 0.67599 0.917166
2 0.683337 0.910679 0.688789 0.910679 0.688789 0.916168 0.683337 0.916168
2 0.6831 0.90519 0.686656 0.90519 0.686656 0.909431 0.6831 0.909431
2 0.681915 0.899451 0.686182 0.899451 0.686182 0.903942 0.681915 0.903942
2 0.675516 0.901447 0.680019 0.901447 0.680019 0.906188 0.675516 0.906188
2 0.674093 0.893713 0.678123 0.893713 0.678123 0.897705 0.674093 0.897705
2 0.628348 0.904691 0.635222 0.904691 0.635222 0.912176 0.628348 0.912176
2 0.626926 0.894711 0.633799 0.894711 0.633799 0.902695 0.626926 0.902695
2 0.658687 0.887475 0.661768 0.887475 0.661768 0.890968 0.658687 0.890968
2 0.656791 0.880988 0.661057 0.880988 0.661057 0.885479 0.656791 0.885479
2 0.627163 0.878992 0.62977 0.878992 0.62977 0.881986 0.627163 0.881986
9 0.150747 0.968313 0.14885 0.967565 0.153117 0.95509 0.155013 0.956088
