0 0.84488 0.865043 0.801707 0.906646 0.719378 0.885084 0.763554 0.844749
0 0.566767 0.811517 0.565261 0.776763 0.629518 0.777524 0.629518 0.811263
0 0.333835 0.156012 0.383032 0.156266 0.384036 0.185946 0.333333 0.1862
0 0.507028 0.153475 0.574297 0.153983 0.573293 0.197108 0.504016 0.196347
0 0.615964 0.152461 0.669679 0.152461 0.669679 0.182395 0.615964 0.182395
0 0.374498 0.227296 0.372992 0.261796 0.304719 0.26205 0.305723 0.227549
0 0.37751 0.367073 0.378012 0.39929 0.310743 0.399797 0.312751 0.367073
0 0.378514 0.453323 0.378012 0.48554 0.308735 0.485033 0.310743 0.45307
0 0.373494 0.494165 0.375 0.527397 0.309739 0.527397 0.312249 0.494419
0 0.375 0.540589 0.375502 0.565449 0.316767 0.565195 0.317269 0.541096
0 0.373996 0.613141 0.374498 0.638762 0.314759 0.639016 0.314759 0.614155
0 0.372992 0.646372 0.373996 0.67174 0.312249 0.67174 0.313755 0.646119
0 0.63253 0.331304 0.634036 0.363267 0.562751 0.362506 0.562751 0.330289
0 0.631526 0.411213 0.633032 0.446728 0.556727 0.445205 0.558233 0.411466
0 0.636044 0.468798 0.636044 0.502283 0.562751 0.501522 0.563755 0.469051
0 0.629518 0.588026 0.628514 0.620244 0.556727 0.61999 0.554217 0.587773
0 0.626506 0.638762 0.63002 0.672501 0.561245 0.671994 0.559237 0.639016
0 0.246988 0.154997 0.311245 0.155505 0.310241 0.187468 0.245482 0.187976
