0 0.665874 0.885773 0.625459 0.869413 0.642965 0.812737 0.680571 0.830558
0 0.35228 0.508326 0.414091 0.515337 0.408688 0.617879 0.346877 0.611744
0 0.723795 0.621093 0.686622 0.616418 0.69289 0.555361 0.728118 0.561204
0 0.946618 0.92638 0.917441 0.921414 0.920251 0.880514 0.951372 0.884896
0 0.469203 0.676892 0.466177 0.723634 0.429652 0.718376 0.43311 0.669004
0 0.451697 0.42974 0.391614 0.421268 0.39745 0.331288 0.460558 0.343558
0 0.285714 0.506281 0.341906 0.513877 0.338232 0.603564 0.277718 0.595384
0 0.212449 0.498978 0.27426 0.50482 0.269073 0.597429 0.20402 0.586912
0 0.1059 0.456617 0.118003 0.49255 0.0847201 0.515922 0.0708883 0.474438
0 0.235142 0.394683 0.169008 0.384166 0.177869 0.302074 0.240977 0.309962
0 0.162957 0.387672 0.101578 0.379784 0.108278 0.295355 0.16944 0.304411
0 0.215907 0.133216 0.244867 0.13643 0.241193 0.18697 0.211368 0.182004
