imagesource:GoogleEarth
gsd:0.131242471822
1097 1620 1085 1644 982 1594 995 1568 large-vehicle 0
628 1397 619 1417 480 1349 491 1331 large-vehicle 0
618 1189 636 1196 588 1301 569 1293 large-vehicle 0
646 1201 664 1210 613 1314 592 1304 large-vehicle 0
676 1203 695 1212 641 1318 621 1307 large-vehicle 0
699 1219 715 1230 669 1323 649 1314 large-vehicle 0
732 1196 751 1208 687 1354 664 1344 large-vehicle 0
447 1240 437 1259 295 1186 306 1165 large-vehicle 0
297 1160 280 1181 155 1090 169 1071 large-vehicle 0
240 1195 227 1214 114 1130 128 1113 large-vehicle 0
398 1285 388 1306 255 1232 269 1211 large-vehicle 0
716 1458 728 1436 877 1510 867 1530 large-vehicle 0
576 1135 596 1143 567 1201 545 1195 small-vehicle 0
828 1445 840 1424 988 1497 978 1517 large-vehicle 0
940 1372 947 1354 1088 1404 1081 1423 large-vehicle 0
931 1401 939 1381 1082 1432 1075 1450 large-vehicle 0
959 1441 967 1423 1114 1478 1107 1497 large-vehicle 0
947 1461 958 1445 1094 1504 1085 1521 large-vehicle 0
1140 1577 1132 1596 1073 1564 1080 1548 small-vehicle 0
1001 1202 1011 1219 870 1297 860 1278 large-vehicle 0
868 1260 859 1242 1000 1168 1010 1186 large-vehicle 0
850 1234 844 1215 980 1146 988 1166 large-vehicle 0
602 1151 620 1160 560 1285 540 1276 large-vehicle 0
558 1111 577 1120 509 1257 490 1246 large-vehicle 0
1245 351 1236 334 1271 314 1279 330 small-vehicle 0
304 839 290 858 172 763 186 746 large-vehicle 0
227 426 241 432 226 465 211 457 small-vehicle 0
267 597 280 580 330 616 319 634 small-vehicle 0
289 584 298 568 354 596 344 615 small-vehicle 0
305 568 315 551 371 571 359 593 small-vehicle 0
380 704 365 721 253 630 268 611 large-vehicle 0
367 736 355 758 220 660 229 641 large-vehicle 0
230 669 305 727 293 744 215 685 large-vehicle 0
287 754 275 770 222 732 236 715 small-vehicle 0
324 814 308 836 188 736 200 720 large-vehicle 0
287 862 274 883 148 784 162 766 large-vehicle 0
537 1094 554 1106 482 1230 462 1218 large-vehicle 0
270 904 280 918 161 1016 151 999 large-vehicle 0
185 1035 270 954 284 969 199 1050 large-vehicle 0
326 918 346 935 249 1051 234 1037 large-vehicle 0
354 944 367 962 275 1066 261 1054 large-vehicle 1
379 957 395 970 361 1011 347 996 small-vehicle 0
404 1031 417 1045 346 1132 328 1120 large-vehicle 0
419 1055 434 1067 365 1160 348 1148 large-vehicle 0
441 1075 457 1085 406 1175 385 1162 large-vehicle 0
482 1058 505 1069 436 1197 412 1188 large-vehicle 0
876 1163 974 1118 982 1136 887 1184 large-vehicle 0
800 984 808 999 779 1015 772 999 small-vehicle 0
822 1014 830 1026 799 1044 794 1029 small-vehicle 0
872 209 887 203 900 237 885 243 small-vehicle 0
716 466 728 489 672 516 659 494 small-vehicle 1
1154 53 1171 37 1251 127 1232 145 large-vehicle 0
1237 55 1256 40 1335 135 1318 154 large-vehicle 0
1169 29 1205 30 1261 94 1239 113 large-vehicle 1
1241 260 1265 241 1278 259 1252 279 small-vehicle 0
1292 178 1310 165 1336 191 1335 231 large-vehicle 1
1271 31 1303 32 1308 40 1284 56 large-vehicle 1
1321 44 1338 37 1339 70 1329 58 large-vehicle 1
1313 94 1333 79 1338 89 1336 129 large-vehicle 1
673 611 690 603 700 636 683 643 small-vehicle 0
807 1044 837 1030 844 1045 814 1059 small-vehicle 0
734 637 716 646 683 590 705 581 large-vehicle 0
1266 1634 1299 1651 1297 1675 1255 1654 small-vehicle 1
1168 120 1178 136 1148 153 1138 138 small-vehicle 1
1205 192 1213 210 1181 225 1174 208 small-vehicle 1
1248 278 1256 293 1226 310 1218 295 small-vehicle 1
1181 137 1188 155 1151 173 1143 157 small-vehicle 0
1171 207 1165 192 1198 174 1205 190 small-vehicle 0
1234 241 1239 256 1207 270 1200 255 small-vehicle 0
1257 296 1266 312 1236 329 1226 312 small-vehicle 0
683 458 693 478 641 498 634 481 small-vehicle 0
677 427 687 447 630 474 623 455 small-vehicle 0
685 382 697 374 714 411 701 419 small-vehicle 1
620 469 634 478 616 510 601 501 small-vehicle 0
448 858 464 845 544 927 530 943 large-vehicle 0
478 856 494 843 566 916 554 930 large-vehicle 0
530 852 518 862 493 835 506 824 small-vehicle 0
491 800 506 783 638 911 623 929 large-vehicle 0
509 783 524 765 636 872 620 891 large-vehicle 0
538 770 554 752 661 859 644 876 large-vehicle 0
547 728 565 713 607 758 593 775 large-vehicle 0
603 786 621 774 661 820 645 834 large-vehicle 0
736 665 746 680 702 702 693 688 small-vehicle 0
754 687 762 698 735 715 728 702 small-vehicle 0
763 706 772 719 741 737 734 720 small-vehicle 0
757 810 749 792 798 766 808 783 large-vehicle 0
798 796 808 811 764 835 757 819 small-vehicle 0
538 247 554 259 486 347 472 337 large-vehicle 1
495 422 478 409 570 281 586 291 large-vehicle 0
524 438 506 425 594 292 613 306 large-vehicle 0
631 283 647 292 576 408 557 395 large-vehicle 0
578 460 557 451 638 313 656 324 large-vehicle 0
594 489 575 474 669 347 687 362 large-vehicle 0
287 315 304 325 287 355 271 347 small-vehicle 0
