imagesource:GoogleEarth
gsd:0.119313719892
786 1357 819 1379 807 1397 776 1374 small-vehicle 0
1291 720 1296 739 1117 770 1114 747 large-vehicle 0
1499 970 1605 1039 1591 1060 1487 987 large-vehicle 0
1409 980 1427 959 1578 1059 1564 1079 large-vehicle 0
1396 1010 1409 988 1568 1086 1555 1109 large-vehicle 0
1381 1035 1394 1015 1540 1106 1528 1132 large-vehicle 0
1361 1056 1377 1036 1532 1135 1517 1160 large-vehicle 0
1328 1114 1345 1089 1505 1191 1488 1215 large-vehicle 0
1314 1137 1326 1115 1487 1219 1472 1241 large-vehicle 0
1365 1174 1472 1245 1459 1265 1346 1196 large-vehicle 0
1281 1191 1295 1171 1448 1267 1437 1288 large-vehicle 0
1270 1217 1285 1198 1436 1297 1423 1317 large-vehicle 0
1095 1035 1085 1052 1054 1030 1062 1018 small-vehicle 0
1062 1069 1051 1087 1017 1064 1028 1048 small-vehicle 0
965 1138 1003 1167 994 1182 952 1155 small-vehicle 0
991 1187 983 1204 940 1178 951 1162 small-vehicle 0
937 1023 941 998 997 997 997 1018 small-vehicle 0
954 983 950 961 1137 937 1140 959 large-vehicle 0
1169 900 1173 921 992 946 990 921 large-vehicle 0
1182 863 1186 885 1015 910 1014 886 large-vehicle 0
1232 821 1236 843 1061 871 1057 847 large-vehicle 0
1241 793 1241 816 1067 830 1065 805 large-vehicle 0
1320 688 1318 707 1149 732 1146 710 large-vehicle 0
584 1214 644 1257 632 1276 572 1235 small-vehicle 0
1356 595 1360 619 1184 650 1175 626 large-vehicle 0
1553 778 1567 760 1716 858 1704 878 large-vehicle 0
1575 754 1587 735 1735 831 1724 851 large-vehicle 0
1652 745 1754 812 1742 831 1639 762 large-vehicle 0
1656 709 1761 780 1751 800 1643 727 large-vehicle 0
1634 684 1647 666 1797 765 1782 790 large-vehicle 0
1639 649 1655 629 1804 729 1790 752 large-vehicle 0
1698 625 1801 691 1788 711 1685 644 large-vehicle 0
1737 613 1839 679 1825 699 1726 635 large-vehicle 0
1710 591 1721 573 1875 667 1864 688 large-vehicle 0
1742 534 1757 514 1915 618 1900 644 large-vehicle 0
1745 499 1758 482 1908 580 1894 602 large-vehicle 0
1772 481 1782 460 1941 561 1929 582 large-vehicle 0
1799 457 1811 434 1965 529 1951 551 large-vehicle 0
1815 427 1830 407 1980 492 1968 517 large-vehicle 0
1836 399 1850 377 2007 461 1994 485 large-vehicle 0
1642 189 1618 175 1657 116 1680 128 small-vehicle 0
1448 77 1426 64 1445 36 1483 37 small-vehicle 1
1472 94 1451 79 1488 37 1514 39 small-vehicle 1
1301 536 1422 516 1425 544 1304 561 large-vehicle 0
809 1292 792 1286 808 1240 826 1248 small-vehicle 0
889 1110 915 1115 886 1295 849 1288 large-vehicle 0
865 1039 884 1050 849 1112 831 1098 large-vehicle 0
825 1115 845 1127 771 1239 750 1225 large-vehicle 0
881 842 874 864 707 795 716 772 large-vehicle 0
914 782 907 802 741 746 752 720 large-vehicle 0
929 755 920 777 756 710 765 686 large-vehicle 0
956 726 950 750 777 689 786 665 large-vehicle 0
818 435 839 449 741 600 720 583 large-vehicle 0
865 454 850 442 874 412 885 420 small-vehicle 0
821 378 836 386 813 422 797 411 small-vehicle 0
756 408 774 424 686 572 664 562 large-vehicle 0
734 392 753 405 661 559 639 544 large-vehicle 0
706 384 726 396 629 551 608 537 large-vehicle 0
684 361 704 376 604 528 584 514 large-vehicle 0
581 336 604 347 506 508 483 492 large-vehicle 0
243 766 262 778 187 881 169 868 large-vehicle 0
187 733 207 744 140 849 122 837 large-vehicle 0
174 707 195 719 122 827 99 813 large-vehicle 0
150 680 173 693 107 799 84 785 large-vehicle 0
492 288 475 274 581 127 600 142 large-vehicle 0
53 49 70 58 47 87 46 60 small-vehicle 1
76 69 99 82 56 141 45 120 small-vehicle 0
862 868 854 888 692 822 702 801 large-vehicle 0
376 673 397 685 300 838 281 824 large-vehicle 0
303 838 322 851 269 928 246 912 large-vehicle 0
516 1000 498 991 525 946 543 956 small-vehicle 0
806 1121 790 1111 814 1071 828 1079 small-vehicle 0
775 1128 794 1140 761 1200 736 1188 large-vehicle 0
780 1057 799 1071 709 1226 688 1212 large-vehicle 0
752 1049 773 1064 675 1207 658 1197 large-vehicle 0
661 1071 685 1082 642 1151 617 1137 small-vehicle 0
735 1046 720 1032 750 1004 760 1015 small-vehicle 0
660 954 677 954 666 998 650 995 small-vehicle 0
621 962 643 977 550 1127 527 1110 large-vehicle 0
521 892 540 904 447 1057 424 1047 large-vehicle 0
251 855 267 866 248 897 231 879 small-vehicle 0
497 881 516 892 419 1041 400 1028 large-vehicle 0
469 864 490 876 398 1025 377 1011 large-vehicle 0
446 840 466 851 369 1005 347 991 large-vehicle 0
422 818 442 832 345 981 325 967 large-vehicle 0
347 881 369 894 327 952 307 939 small-vehicle 0
380 835 394 844 372 878 357 868 small-vehicle 0
375 787 391 799 298 950 278 940 large-vehicle 0
325 838 308 827 334 787 351 798 small-vehicle 0
1532 807 1545 787 1706 885 1693 905 large-vehicle 0
1520 832 1530 813 1687 908 1675 928 large-vehicle 0
1562 867 1667 938 1655 958 1548 885 large-vehicle 0
2426 1020 2538 1088 2526 1108 2416 1040 large-vehicle 0
152 1811 165 1791 290 1869 278 1887 large-vehicle 0
137 1835 152 1813 273 1884 263 1905 large-vehicle 0
60 1102 181 1163 169 1188 46 1125 large-vehicle 0
1955 1626 1968 1606 2128 1700 2117 1722 large-vehicle 0
2008 1537 2024 1518 2178 1611 2168 1632 large-vehicle 0
2076 1501 2086 1482 2148 1516 2140 1541 small-vehicle 1
2192 1265 2205 1245 2371 1330 2358 1351 large-vehicle 0
2225 1207 2237 1187 2392 1282 2379 1302 large-vehicle 0
2240 1179 2248 1155 2418 1254 2408 1278 large-vehicle 0
2219 1216 2251 1239 2241 1252 2208 1231 small-vehicle 0
2044 1612 2148 1677 2139 1698 2032 1630 large-vehicle 0
2103 1525 2212 1586 2199 1609 2090 1543 large-vehicle 0
2195 1379 2305 1441 2293 1462 2181 1398 large-vehicle 0
2237 1332 2349 1388 2340 1409 2227 1353 large-vehicle 0
2242 1295 2360 1358 2345 1381 2229 1316 large-vehicle 0
2262 1151 2277 1128 2440 1218 2428 1239 large-vehicle 0
2355 1125 2464 1192 2451 1217 2340 1147 large-vehicle 0
2340 1083 2375 1105 2364 1120 2331 1097 small-vehicle 0
2340 1077 2348 1056 2520 1156 2506 1178 large-vehicle 0
188 1794 204 1775 325 1854 313 1876 large-vehicle 0
234 1726 221 1715 250 1680 265 1694 small-vehicle 0
315 1451 292 1439 325 1384 346 1396 small-vehicle 0
47 1438 164 1512 151 1532 37 1458 large-vehicle 0
261 1777 355 1836 341 1859 249 1796 large-vehicle 0
99 1338 192 1397 182 1421 84 1360 large-vehicle 0
90 1365 186 1426 176 1449 77 1382 large-vehicle 0
2547 1698 2563 1691 2580 1729 2566 1734 small-vehicle 0
427 1681 413 1701 364 1670 378 1649 small-vehicle 0
877 454 893 466 868 499 850 487 small-vehicle 0
1323 654 1326 670 1287 679 1283 659 small-vehicle 0
251 1382 228 1384 227 1298 254 1299 large-vehicle 0
161 1541 150 1564 24 1480 35 1460 large-vehicle 0
449 1509 435 1496 466 1456 478 1467 small-vehicle 0
217 1474 206 1498 59 1407 72 1385 large-vehicle 0
197 1414 220 1405 258 1499 231 1509 large-vehicle 0
433 1791 424 1814 295 1742 308 1720 large-vehicle 0
296 1701 308 1680 432 1755 421 1774 large-vehicle 0
546 1628 537 1644 497 1613 508 1599 small-vehicle 0
719 1312 708 1332 651 1294 665 1271 small-vehicle 0
533 1571 516 1556 552 1511 570 1523 small-vehicle 0
469 1520 456 1507 488 1471 499 1481 small-vehicle 0
2359 1051 2369 1029 2538 1124 2528 1147 large-vehicle 0
2386 982 2400 960 2555 1054 2544 1076 large-vehicle 0
1552 895 1654 964 1640 986 1537 914 large-vehicle 0
2479 966 2490 948 2553 988 2543 1007 large-vehicle 1
1948 1037 2048 1103 2036 1126 1936 1058 large-vehicle 0
1938 1067 2052 1138 2040 1159 1925 1087 large-vehicle 0
1860 1083 1874 1061 2031 1167 2017 1185 large-vehicle 0
1882 1145 1999 1215 1988 1237 1870 1166 large-vehicle 0
1871 1175 1977 1242 1965 1262 1858 1193 large-vehicle 0
1845 1189 1944 1254 1933 1275 1832 1209 large-vehicle 0
1831 1217 1932 1284 1918 1304 1816 1234 large-vehicle 0
1799 1235 1905 1300 1895 1322 1786 1254 large-vehicle 0
1787 1291 1801 1269 1904 1337 1890 1357 large-vehicle 1
1789 1298 1904 1368 1892 1389 1776 1316 large-vehicle 0
1782 1330 1884 1395 1871 1416 1768 1348 large-vehicle 0
1738 1341 1845 1409 1834 1430 1724 1361 large-vehicle 0
1729 1372 1836 1439 1825 1459 1717 1390 large-vehicle 0
1697 1424 1811 1496 1799 1516 1682 1444 large-vehicle 0
1681 1446 1796 1521 1782 1542 1666 1467 large-vehicle 0
1738 1522 1798 1560 1784 1581 1724 1542 large-vehicle 0
1668 1478 1730 1517 1716 1540 1654 1498 large-vehicle 0
1445 932 1459 911 1615 1006 1600 1026 large-vehicle 0
1506 926 1515 911 1545 931 1538 945 small-vehicle 0
1974 1020 2082 1087 2068 1110 1961 1039 large-vehicle 0
1920 978 1934 957 2088 1055 2075 1074 large-vehicle 0
2030 942 2139 1013 2127 1032 2017 962 large-vehicle 0
2219 629 2322 697 2310 716 2207 649 large-vehicle 0
2509 898 2609 967 2596 988 2494 918 large-vehicle 0
2497 865 2507 852 2542 877 2534 890 small-vehicle 0
2541 830 2646 896 2634 918 2529 850 large-vehicle 0
2580 777 2697 851 2684 872 2565 799 large-vehicle 0
2554 721 2568 695 2726 806 2708 826 large-vehicle 0
2225 516 2240 493 2407 599 2393 623 large-vehicle 0
2263 581 2370 650 2358 670 2250 599 large-vehicle 0
2247 607 2360 678 2347 701 2232 627 large-vehicle 0
2209 660 2316 727 2304 750 2195 679 large-vehicle 0
2080 900 2186 973 2173 992 2066 921 large-vehicle 0
2191 684 2294 754 2282 773 2176 701 large-vehicle 0
2115 699 2128 680 2280 777 2267 798 large-vehicle 0
2165 738 2267 805 2255 827 2150 760 large-vehicle 0
2144 763 2253 831 2236 855 2128 781 large-vehicle 0
2119 788 2107 800 2065 774 2076 755 small-vehicle 0
2058 812 2071 791 2233 891 2219 915 large-vehicle 0
2012 821 2027 796 2197 907 2185 926 large-vehicle 0
2082 868 2190 937 2178 957 2070 889 large-vehicle 0
285 312 308 325 258 407 235 391 large-vehicle 0
