imagesource:GoogleEarth
gsd:0.271348047641
676 2210 682 2206 695 2228 688 2230 small-vehicle 0
651 2161 645 2165 636 2149 640 2144 small-vehicle 0
1542 1145 1435 1287 1313 1206 1406 1041 baseball-diamond 0
464 823 583 825 581 927 461 939 baseball-diamond 0
221 982 321 931 369 1023 286 1087 baseball-diamond 0
144 877 105 705 275 668 323 810 baseball-diamond 0
627 1207 513 1190 534 1114 639 1120 baseball-diamond 0
268 1318 307 1321 308 1408 266 1407 tennis-court 0
331 1319 371 1318 369 1406 331 1407 tennis-court 0
395 1321 434 1321 433 1408 393 1408 tennis-court 0
457 1321 495 1319 495 1410 454 1408 tennis-court 0
518 1321 559 1320 557 1407 519 1407 tennis-court 0
579 1319 621 1322 620 1406 576 1408 tennis-court 0
644 1324 681 1322 681 1408 643 1406 tennis-court 0
341 1466 384 1462 383 1552 340 1555 tennis-court 0
406 1468 444 1467 445 1554 404 1552 tennis-court 0
468 1464 507 1465 506 1555 467 1552 tennis-court 0
784 1398 975 1225 1236 1512 1042 1685 soccer-ball-field 0
574 1604 757 1434 1015 1719 829 1887 soccer-ball-field 0
565 316 562 321 544 308 548 303 small-vehicle 0
716 110 710 114 702 104 707 101 small-vehicle 1
1217 782 1224 777 1230 793 1224 796 small-vehicle 0
1210 823 1207 827 1190 818 1193 810 small-vehicle 0
817 1011 917 878 1034 981 942 1104 baseball-diamond 0
