imagesource:GoogleEarth
gsd:0.263562437468
1856 817 1875 821 1870 860 1851 854 swimming-pool 0
764 851 794 856 794 872 762 866 swimming-pool 0
690 1181 739 1184 731 1209 691 1203 swimming-pool 0
693 1148 745 1143 739 1170 695 1178 swimming-pool 0
783 1176 822 1180 816 1207 783 1198 swimming-pool 0
793 1052 816 1053 827 1102 798 1105 swimming-pool 0
477 1037 505 1038 511 1100 476 1103 swimming-pool 0
447 1072 466 1077 458 1117 442 1111 swimming-pool 0
452 1008 474 1006 470 1046 448 1048 swimming-pool 0
448 949 475 947 470 996 448 994 swimming-pool 0
446 900 470 903 466 926 442 921 swimming-pool 0
485 933 504 937 506 974 484 979 swimming-pool 0
489 846 511 855 512 891 487 891 swimming-pool 0
810 850 832 856 823 900 805 898 swimming-pool 0
809 780 830 783 829 830 804 826 swimming-pool 0
500 1170 539 1183 524 1204 492 1188 swimming-pool 0
771 784 797 781 795 827 771 827 swimming-pool 0
782 716 805 720 800 774 771 770 swimming-pool 0
812 620 844 624 835 677 812 673 swimming-pool 0
468 581 494 581 487 633 469 630 swimming-pool 0
466 651 490 655 486 704 468 710 swimming-pool 0
514 660 526 664 524 698 510 700 swimming-pool 0
504 540 531 547 529 587 505 589 swimming-pool 0
539 385 578 397 576 418 532 418 swimming-pool 0
476 326 503 326 493 368 474 366 swimming-pool 0
588 380 627 396 620 424 585 423 swimming-pool 0
773 387 801 404 768 430 747 418 swimming-pool 0
743 437 797 439 786 461 738 458 swimming-pool 0
653 1186 667 1176 681 1206 664 1213 swimming-pool 0
441 1209 465 1209 467 1266 444 1257 swimming-pool 0
1845 952 1871 954 1873 1001 1848 1001 swimming-pool 0
353 1445 406 1451 408 1477 352 1474 swimming-pool 0
340 88 383 93 380 136 336 143 swimming-pool 0
180 348 206 360 206 402 179 391 swimming-pool 0
183 409 199 409 199 456 180 452 swimming-pool 0
173 625 195 631 190 670 171 668 swimming-pool 0
217 536 239 543 239 550 212 544 swimming-pool 0
168 679 192 683 192 738 164 743 swimming-pool 0
164 837 183 837 184 881 156 880 swimming-pool 0
149 1099 173 1105 170 1156 146 1153 swimming-pool 0
150 1183 166 1184 162 1227 145 1226 swimming-pool 0
134 1391 163 1392 156 1445 129 1444 swimming-pool 0
128 1456 168 1465 154 1507 124 1505 swimming-pool 0
123 1533 146 1548 138 1588 116 1578 swimming-pool 0
427 1453 476 1454 470 1474 423 1472 swimming-pool 0
1271 1524 1293 1506 1317 1535 1302 1556 swimming-pool 0
506 1455 548 1455 542 1481 503 1481 swimming-pool 0
564 1452 606 1460 601 1481 555 1479 swimming-pool 0
632 1458 672 1468 665 1491 627 1486 swimming-pool 0
550 1488 582 1491 580 1519 551 1516 swimming-pool 0
707 1491 747 1497 742 1521 703 1517 swimming-pool 0
850 1497 904 1503 897 1528 850 1532 swimming-pool 0
918 1507 949 1513 934 1533 911 1526 swimming-pool 0
862 1466 893 1474 886 1495 863 1493 swimming-pool 0
997 1505 1033 1533 1006 1547 990 1525 swimming-pool 0
1046 1462 1101 1459 1092 1493 1048 1488 swimming-pool 0
1073 1501 1100 1519 1085 1539 1063 1518 swimming-pool 0
1127 1516 1173 1520 1172 1545 1125 1538 swimming-pool 0
807 433 858 445 854 467 801 465 swimming-pool 0
881 405 919 409 919 433 881 433 swimming-pool 0
1034 416 1079 416 1077 441 1031 439 swimming-pool 0
1728 757 1753 759 1761 824 1725 823 swimming-pool 0
966 120 1007 128 1007 147 964 147 swimming-pool 0
1030 121 1080 125 1065 152 1030 144 swimming-pool 0
1171 126 1224 138 1220 159 1168 150 swimming-pool 0
1254 154 1310 166 1302 189 1244 171 swimming-pool 0
1471 260 1502 286 1487 310 1455 279 swimming-pool 0
1511 157 1544 126 1563 142 1528 178 swimming-pool 0
1453 96 1495 126 1481 146 1438 111 swimming-pool 0
1587 96 1610 69 1629 89 1600 121 swimming-pool 0
1539 371 1556 354 1578 387 1565 402 swimming-pool 0
1616 466 1639 448 1676 501 1654 510 swimming-pool 0
1663 540 1681 522 1716 583 1685 593 swimming-pool 0
1717 675 1744 672 1752 724 1722 719 swimming-pool 0
1721 907 1747 910 1746 968 1710 961 swimming-pool 0
1098 418 1147 413 1146 450 1098 446 swimming-pool 0
1714 990 1734 987 1743 1031 1721 1028 swimming-pool 0
1700 1288 1735 1284 1726 1341 1694 1343 swimming-pool 0
1698 1503 1719 1503 1717 1550 1690 1547 swimming-pool 0
1700 1447 1715 1447 1717 1466 1694 1466 swimming-pool 0
1657 1764 1685 1765 1681 1807 1660 1808 swimming-pool 0
1812 1672 1827 1651 1861 1693 1839 1709 swimming-pool 0
1862 1634 1887 1641 1885 1665 1857 1658 swimming-pool 0
1825 1319 1854 1326 1850 1386 1825 1386 swimming-pool 0
1834 1240 1860 1241 1852 1291 1830 1291 swimming-pool 0
1837 1178 1860 1174 1862 1220 1834 1225 swimming-pool 0
1840 1100 1867 1103 1870 1150 1841 1145 swimming-pool 0
1843 1012 1870 1020 1865 1077 1842 1076 swimming-pool 0
881 119 931 124 921 147 879 145 swimming-pool 0
813 110 866 116 860 140 811 136 swimming-pool 0
1467 648 1498 623 1517 642 1478 669 swimming-pool 0
1424 687 1455 705 1420 739 1401 717 swimming-pool 0
1143 583 1165 582 1173 620 1152 629 swimming-pool 0
1138 648 1164 657 1150 703 1126 698 swimming-pool 0
1095 733 1121 736 1114 780 1095 781 swimming-pool 0
1088 819 1117 822 1112 873 1088 872 swimming-pool 0
1123 818 1145 823 1143 867 1121 868 swimming-pool 0
1084 876 1112 877 1107 923 1080 924 swimming-pool 0
1084 944 1110 954 1099 1000 1076 998 swimming-pool 0
1014 1161 1057 1144 1074 1176 1016 1188 swimming-pool 0
912 1187 954 1189 948 1213 910 1208 swimming-pool 0
1051 1190 1099 1195 1098 1226 1040 1221 swimming-pool 0
1146 1150 1170 1142 1184 1183 1159 1192 swimming-pool 0
1331 1488 1385 1493 1378 1514 1328 1514 swimming-pool 0
1324 1519 1371 1522 1365 1543 1320 1547 swimming-pool 0
1404 1493 1425 1497 1423 1545 1398 1551 swimming-pool 0
1401 1563 1421 1566 1416 1617 1396 1618 swimming-pool 0
1398 1203 1446 1204 1448 1232 1394 1233 swimming-pool 0
1469 1207 1511 1214 1511 1236 1458 1240 swimming-pool 0
1417 1150 1439 1154 1444 1198 1416 1195 swimming-pool 0
1423 1070 1443 1071 1453 1122 1423 1121 swimming-pool 0
1425 1014 1449 1011 1441 1059 1423 1056 swimming-pool 0
1435 933 1458 941 1455 987 1432 986 swimming-pool 0
1392 910 1425 913 1422 952 1392 949 swimming-pool 0
1404 809 1430 813 1425 848 1401 857 swimming-pool 0
1441 790 1464 791 1461 831 1435 831 swimming-pool 0
1446 733 1463 738 1460 785 1441 781 swimming-pool 0
208 144 249 141 230 197 199 191 swimming-pool 0
