imagesource:GoogleEarth
gsd:0.132580884824
410 732 419 722 445 738 436 751 small-vehicle 0
434 862 445 850 466 863 458 877 small-vehicle 0
295 589 284 581 307 557 315 568 small-vehicle 0
410 445 420 454 401 483 387 474 small-vehicle 0
242 435 234 430 254 402 266 412 small-vehicle 0
451 343 467 353 446 379 433 370 small-vehicle 0
540 286 551 294 530 321 516 312 small-vehicle 0
523 261 534 269 510 297 498 287 small-vehicle 0
456 251 447 242 467 222 475 228 small-vehicle 0
126 227 485 227 485 655 126 655 roundabout 0
