imagesource:GoogleEarth
gsd:0.276436560013
874 1641 896 1658 867 1687 845 1671 swimming-pool 0
557 2631 599 2631 599 2659 557 2659 swimming-pool 0
270 2657 317 2657 317 2686 270 2686 swimming-pool 0
288 2620 345 2620 345 2654 288 2654 swimming-pool 0
346 2662 406 2662 406 2690 346 2690 swimming-pool 0
368 2625 422 2625 422 2660 368 2660 swimming-pool 0
820 2682 872 2682 872 2714 820 2714 swimming-pool 0
883 2646 925 2646 925 2679 883 2679 swimming-pool 0
714 2678 770 2678 770 2711 714 2711 swimming-pool 0
717 2636 762 2636 762 2673 717 2673 swimming-pool 0
521 2670 561 2670 561 2699 521 2699 swimming-pool 0
619 2629 670 2629 670 2662 619 2662 swimming-pool 0
199 2653 252 2653 252 2689 199 2689 swimming-pool 0
826 2306 865 2306 865 2345 826 2345 swimming-pool 0
741 2357 786 2357 786 2391 741 2391 swimming-pool 0
650 2312 698 2312 698 2346 650 2346 swimming-pool 0
459 2347 505 2347 505 2376 459 2376 swimming-pool 0
371 2341 418 2341 418 2366 371 2366 swimming-pool 0
213 2332 268 2332 268 2361 213 2361 swimming-pool 0
281 2335 334 2335 334 2362 281 2362 swimming-pool 0
338 2272 365 2272 365 2317 338 2317 swimming-pool 0
458 2293 493 2293 493 2332 458 2332 swimming-pool 0
205 2610 244 2610 244 2636 205 2636 swimming-pool 0
41 2595 79 2595 79 2623 41 2623 swimming-pool 0
69 1994 116 1994 116 2021 69 2021 swimming-pool 0
481 3209 533 3209 533 3245 481 3245 swimming-pool 0
1237 3250 1288 3250 1288 3293 1237 3293 swimming-pool 0
1145 3248 1199 3248 1199 3280 1145 3280 swimming-pool 0
1050 3256 1088 3256 1088 3293 1050 3293 swimming-pool 0
962 3235 1003 3235 1003 3282 962 3282 swimming-pool 0
857 3232 916 3232 916 3266 857 3266 swimming-pool 0
764 3230 811 3230 811 3265 764 3265 swimming-pool 0
637 3229 683 3229 683 3261 637 3261 swimming-pool 0
186 3194 227 3194 227 3224 186 3224 swimming-pool 0
298 3195 338 3195 338 3226 298 3226 swimming-pool 0
871 2968 919 2968 919 3004 871 3004 swimming-pool 0
30 2637 84 2637 84 2674 30 2674 swimming-pool 0
721 2999 765 2999 765 3026 721 3026 swimming-pool 0
630 2994 672 2994 672 3023 630 3023 swimming-pool 0
592 2960 637 2960 637 2989 592 2989 swimming-pool 0
530 2987 574 2987 574 3018 530 3018 swimming-pool 0
518 2955 564 2955 564 2985 518 2985 swimming-pool 0
429 2979 474 2979 474 3011 429 3011 swimming-pool 0
264 2977 309 2977 309 3006 264 3006 swimming-pool 0
182 2973 239 2973 239 3005 182 3005 swimming-pool 0
189 2948 234 2948 234 2966 189 2966 swimming-pool 0
392 2295 444 2295 444 2331 392 2331 swimming-pool 0
247 1971 287 1971 287 1991 247 1991 swimming-pool 0
554 2309 580 2297 630 2335 573 2345 swimming-pool 0
852 1394 890 1385 896 1408 857 1413 swimming-pool 0
1248 1077 1265 1093 1238 1131 1223 1121 swimming-pool 0
1247 877 1262 877 1259 910 1243 908 swimming-pool 0
1265 705 1291 706 1285 752 1260 754 swimming-pool 0
1253 635 1287 642 1288 659 1253 662 swimming-pool 0
1237 498 1288 503 1287 531 1234 527 swimming-pool 0
944 526 968 524 965 563 945 566 swimming-pool 0
926 687 953 677 968 705 947 717 swimming-pool 0
655 685 673 675 674 712 652 711 swimming-pool 0
368 781 394 763 424 804 396 818 swimming-pool 0
747 1387 793 1343 811 1368 766 1401 swimming-pool 0
249 1673 291 1673 291 1694 249 1694 swimming-pool 0
939 1392 964 1392 964 1448 939 1448 swimming-pool 0
672 1366 717 1366 717 1390 672 1390 swimming-pool 0
364 1363 406 1363 406 1390 364 1390 swimming-pool 0
305 1319 335 1319 335 1367 305 1367 swimming-pool 0
345 1216 383 1216 383 1258 345 1258 swimming-pool 0
779 1135 823 1135 823 1160 779 1160 swimming-pool 0
608 1161 665 1161 665 1192 608 1192 swimming-pool 0
864 759 903 759 903 798 864 798 swimming-pool 0
119 781 160 781 160 823 119 823 swimming-pool 0
219 1634 274 1634 274 1660 219 1660 swimming-pool 0
343 1632 382 1632 382 1658 343 1658 swimming-pool 0
331 1964 374 1964 374 1999 331 1999 swimming-pool 0
472 1972 519 1972 519 2001 472 2001 swimming-pool 0
474 2018 503 2018 503 2069 474 2069 swimming-pool 0
387 2012 436 2012 436 2039 387 2039 swimming-pool 0
921 2051 946 2051 946 2098 921 2098 swimming-pool 0
919 1999 966 1999 966 2034 919 2034 swimming-pool 0
858 1969 898 1969 898 1999 858 1999 swimming-pool 0
740 2025 776 2025 776 2063 740 2063 swimming-pool 0
684 2020 731 2020 731 2049 684 2049 swimming-pool 0
675 1986 728 1986 728 2018 675 2018 swimming-pool 0
593 1955 630 1955 630 1994 593 1994 swimming-pool 0
401 1959 451 1959 451 1990 401 1990 swimming-pool 0
414 1646 472 1646 472 1674 414 1674 swimming-pool 0
494 1677 545 1677 545 1707 494 1707 swimming-pool 0
588 1685 626 1685 626 1708 588 1708 swimming-pool 0
669 1690 714 1690 714 1719 669 1719 swimming-pool 0
792 1701 819 1701 819 1759 792 1759 swimming-pool 0
964 1662 1007 1662 1007 1694 964 1694 swimming-pool 0
790 1646 831 1646 831 1672 790 1672 swimming-pool 0
677 1660 726 1660 726 1681 677 1681 swimming-pool 0
608 1654 644 1654 644 1677 608 1677 swimming-pool 0
516 1644 554 1644 554 1668 516 1668 swimming-pool 0
1408 3269 1470 3269 1470 3297 1408 3297 swimming-pool 0
1700 3271 1766 3271 1766 3307 1700 3307 swimming-pool 0
1939 3323 1988 3323 1988 3377 1939 3377 swimming-pool 0
1186 2213 1211 2211 1201 2244 1179 2253 swimming-pool 0
1606 2630 1632 2639 1620 2677 1599 2670 swimming-pool 0
1569 2597 1583 2601 1584 2652 1564 2649 swimming-pool 0
1170 2620 1187 2636 1164 2677 1138 2656 swimming-pool 0
1221 2574 1267 2587 1230 2618 1209 2597 swimming-pool 0
1345 2594 1370 2604 1367 2644 1347 2642 swimming-pool 0
1312 2514 1352 2511 1357 2564 1316 2573 swimming-pool 0
1228 2484 1281 2494 1276 2524 1227 2517 swimming-pool 0
1164 2387 1187 2386 1185 2444 1165 2446 swimming-pool 0
1165 2279 1185 2282 1187 2325 1164 2324 swimming-pool 0
1228 2220 1270 2203 1283 2227 1227 2268 swimming-pool 0
1789 2560 1844 2566 1846 2593 1787 2590 swimming-pool 0
1283 2167 1338 2167 1332 2198 1282 2202 swimming-pool 0
1550 2117 1587 2128 1547 2164 1533 2146 swimming-pool 0
1683 2206 1707 2206 1691 2250 1670 2241 swimming-pool 0
1528 2201 1575 2210 1572 2227 1526 2225 swimming-pool 0
1452 2174 1475 2170 1472 2209 1448 2215 swimming-pool 0
2032 2129 2056 2130 2048 2180 2030 2183 swimming-pool 0
1947 2114 1968 2112 1970 2157 1947 2164 swimming-pool 0
1931 2199 1956 2204 1940 2242 1907 2239 swimming-pool 0
1820 2206 1867 2212 1867 2239 1820 2237 swimming-pool 0
1453 2593 1496 2585 1500 2606 1456 2616 swimming-pool 0
1827 2612 1850 2607 1848 2649 1828 2652 swimming-pool 0
1832 3032 1881 3032 1881 3062 1832 3062 swimming-pool 0
1770 2945 1812 2957 1801 2985 1761 2973 swimming-pool 0
710 2966 752 2972 757 2995 707 2997 swimming-pool 0
781 2966 825 2966 818 2983 778 2988 swimming-pool 0
1190 2846 1211 2855 1208 2906 1185 2905 swimming-pool 0
1154 2043 1184 2025 1206 2057 1188 2075 swimming-pool 0
1233 2005 1260 2009 1251 2063 1228 2062 swimming-pool 0
1177 1916 1213 1911 1220 1962 1191 1967 swimming-pool 0
1937 1286 1958 1293 1957 1328 1931 1321 swimming-pool 0
1914 3053 1929 3033 1962 3081 1939 3104 swimming-pool 0
1773 3027 1812 3027 1806 3056 1771 3056 swimming-pool 0
1408 3017 1463 3014 1455 3050 1407 3051 swimming-pool 0
1897 2586 1922 2559 1943 2579 1910 2604 swimming-pool 0
1201 3026 1248 3032 1239 3064 1196 3063 swimming-pool 0
2293 1231 2332 1229 2328 1268 2291 1265 swimming-pool 0
1923 1371 1964 1380 1950 1418 1914 1413 swimming-pool 0
1974 1418 2027 1418 2025 1452 1977 1453 swimming-pool 0
2267 2188 2288 2188 2286 2213 2266 2209 swimming-pool 0
2237 2220 2281 2263 2269 2284 2220 2236 swimming-pool 0
2218 2392 2257 2374 2268 2397 2223 2418 swimming-pool 0
1168 2733 1183 2745 1164 2783 1143 2778 swimming-pool 0
1964 2551 1997 2531 2000 2557 1971 2573 swimming-pool 0
1726 2207 1764 2205 1732 2249 1709 2244 swimming-pool 0
1648 2111 1689 2116 1659 2165 1640 2151 swimming-pool 0
2009 1811 2047 1818 2046 1841 2010 1841 swimming-pool 0
1533 527 1576 527 1576 550 1533 550 swimming-pool 0
1933 1032 1956 1032 1956 1084 1933 1084 swimming-pool 0
1932 960 1958 960 1958 1006 1932 1006 swimming-pool 0
1961 879 1985 879 1985 925 1961 925 swimming-pool 0
1580 919 1608 919 1608 965 1580 965 swimming-pool 0
1642 854 1671 854 1671 914 1642 914 swimming-pool 0
1566 788 1611 788 1611 820 1566 820 swimming-pool 0
1296 712 1332 712 1332 766 1296 766 swimming-pool 0
1905 544 1951 544 1951 580 1905 580 swimming-pool 0
1734 524 1783 524 1783 557 1734 557 swimming-pool 0
1429 516 1473 516 1473 539 1429 539 swimming-pool 0
1924 1803 2001 1802 1999 1848 1924 1843 swimming-pool 0
1669 523 1689 523 1689 562 1669 562 swimming-pool 0
1133 2933 1163 2933 1163 2962 1133 2962 swimming-pool 0
1250 2943 1296 2943 1296 2992 1250 2992 swimming-pool 0
1319 3015 1345 3015 1345 3055 1319 3055 swimming-pool 0
1498 2938 1545 2938 1545 2967 1498 2967 swimming-pool 0
1512 3021 1557 3021 1557 3063 1512 3063 swimming-pool 0
1594 2938 1642 2938 1642 2971 1594 2971 swimming-pool 0
1916 2966 1958 2966 1958 3023 1916 3023 swimming-pool 0
1832 2957 1893 2957 1893 2989 1832 2989 swimming-pool 0
2042 814 2078 814 2078 864 2042 864 swimming-pool 0
2035 542 2068 542 2068 583 2035 583 swimming-pool 0
1937 1108 1971 1108 1971 1154 1937 1154 swimming-pool 0
1557 1128 1592 1128 1592 1174 1557 1174 swimming-pool 0
1919 1726 1967 1726 1964 1752 1919 1750 swimming-pool 0
1885 1699 1905 1698 1903 1745 1881 1745 swimming-pool 0
1708 1699 1724 1699 1719 1732 1709 1733 swimming-pool 0
1563 1681 1579 1668 1609 1694 1591 1707 swimming-pool 0
1505 1701 1535 1699 1534 1729 1503 1721 swimming-pool 0
1378 1768 1426 1771 1426 1794 1378 1801 swimming-pool 0
1199 1857 1231 1856 1221 1893 1201 1894 swimming-pool 0
1256 1767 1285 1776 1265 1831 1246 1832 swimming-pool 0
1205 1689 1244 1698 1240 1724 1196 1726 swimming-pool 0
1160 1672 1192 1666 1183 1716 1160 1718 swimming-pool 0
1218 1414 1241 1417 1241 1454 1211 1454 swimming-pool 0
1263 1424 1316 1424 1312 1448 1263 1441 swimming-pool 0
1568 1462 1590 1451 1617 1484 1594 1498 swimming-pool 0
1620 1414 1632 1394 1649 1417 1633 1433 swimming-pool 0
1625 1314 1646 1299 1667 1331 1642 1345 swimming-pool 0
1205 992 1238 992 1238 1045 1205 1045 swimming-pool 0
1218 1287 1247 1287 1247 1331 1218 1331 swimming-pool 0
1300 1201 1331 1201 1331 1239 1300 1239 swimming-pool 0
1556 1261 1606 1261 1606 1288 1556 1288 swimming-pool 0
395 682 446 682 446 707 395 707 swimming-pool 0
