imagesource:GoogleEarth
gsd:0.128660184363
1065 1056 1058 1043 1092 1028 1096 1043 small-vehicle 0
984 1027 991 1011 1028 1027 1021 1042 small-vehicle 0
105 93 88 89 94 60 110 62 small-vehicle 0
175 146 187 149 179 184 165 182 small-vehicle 0
78 353 60 350 69 310 84 313 small-vehicle 0
446 355 442 341 479 325 484 340 small-vehicle 0
441 409 432 398 458 377 467 388 small-vehicle 0
517 364 515 348 549 340 554 357 small-vehicle 0
350 476 338 471 350 443 363 448 small-vehicle 0
348 575 336 573 342 545 354 547 small-vehicle 0
40 941 51 943 44 977 33 973 small-vehicle 0
295 979 282 977 291 949 305 951 small-vehicle 0
267 1111 253 1109 260 1078 274 1080 small-vehicle 0
390 1123 407 1127 395 1157 381 1152 small-vehicle 0
432 1025 443 1029 431 1055 418 1050 small-vehicle 0
481 1044 492 1050 475 1076 462 1070 small-vehicle 0
554 973 564 988 524 1017 509 1002 large-vehicle 0
625 886 631 899 602 910 597 897 small-vehicle 0
681 829 687 841 655 854 649 842 small-vehicle 0
738 832 745 846 720 858 712 847 small-vehicle 0
775 760 781 772 759 790 749 784 small-vehicle 0
856 695 866 698 856 722 844 720 small-vehicle 0
551 322 548 306 581 305 582 320 small-vehicle 0
727 369 738 359 757 383 747 392 small-vehicle 0
963 476 973 464 1000 483 988 498 small-vehicle 0
1098 725 1101 738 1073 747 1068 731 small-vehicle 0
908 855 912 872 880 879 875 863 small-vehicle 0
273 265 936 265 936 942 273 942 roundabout 0
