imagesource:GoogleEarth
gsd:0.126987172052
1813 1024 1785 993 1888 899 1911 927 large-vehicle 0
1617 2428 1597 2434 1555 2310 1576 2302 large-vehicle 0
1216 591 1238 586 1270 725 1255 731 large-vehicle 0
1956 1560 1972 1563 1969 1600 1952 1598 small-vehicle 0
1990 850 1979 841 1997 811 2010 819 small-vehicle 0
1920 918 1910 906 1939 880 1949 894 small-vehicle 0
1106 601 1089 606 1079 569 1095 565 small-vehicle 0
1319 1053 1335 1048 1349 1090 1330 1096 small-vehicle 0
1455 1526 1471 1521 1482 1560 1466 1565 small-vehicle 0
1635 2071 1650 2068 1659 2101 1643 2106 small-vehicle 0
1580 2183 1566 2187 1555 2151 1570 2146 small-vehicle 0
450 1233 434 1240 421 1203 437 1198 small-vehicle 0
409 1096 390 1097 389 1056 407 1055 small-vehicle 0
1711 790 2267 790 2267 1340 1711 1340 roundabout 0
423 1178 1006 1178 1006 1704 423 1704 roundabout 0
