imagesource:GoogleEarth
gsd:0.132607356281
1106 728 1108 740 1082 743 1081 730 small-vehicle 0
583 483 577 466 624 452 629 468 small-vehicle 0
385 859 376 867 353 843 360 833 small-vehicle 0
70 813 62 817 48 788 59 782 small-vehicle 0
51 811 38 815 26 792 38 782 small-vehicle 0
279 765 273 776 242 761 244 750 small-vehicle 0
386 656 373 656 379 620 390 625 small-vehicle 0
770 476 779 462 805 487 795 495 small-vehicle 0
791 422 777 407 811 386 820 404 small-vehicle 0
105 586 102 573 131 569 134 582 small-vehicle 0
491 937 480 946 453 922 463 909 small-vehicle 0
277 465 260 458 273 434 284 440 small-vehicle 0
292 431 278 428 288 400 302 404 small-vehicle 0
308 399 294 393 306 367 319 373 small-vehicle 0
253 367 242 361 250 340 264 343 small-vehicle 0
322 362 308 358 319 330 335 333 small-vehicle 0
342 193 329 195 333 162 345 160 small-vehicle 0
73 225 84 231 78 259 62 257 small-vehicle 0
415 835 402 845 382 821 390 809 small-vehicle 0
740 909 749 923 725 941 716 926 small-vehicle 0
894 805 904 814 883 839 873 830 small-vehicle 0
1078 117 1079 125 1051 129 1049 118 small-vehicle 0
888 703 901 702 901 731 887 731 small-vehicle 0
829 606 842 603 849 629 838 636 small-vehicle 0
944 675 947 662 976 671 972 684 small-vehicle 0
982 661 983 645 1016 653 1013 668 small-vehicle 0
917 631 922 615 949 627 946 641 small-vehicle 0
1062 154 1065 165 1038 172 1035 157 small-vehicle 0
1070 137 1071 149 1049 154 1044 141 small-vehicle 0
1087 97 1090 109 1062 110 1060 99 small-vehicle 0
626 1001 637 1018 610 1033 600 1019 small-vehicle 0
1098 75 1103 87 1065 90 1063 78 small-vehicle 0
1101 56 1104 67 1080 73 1079 60 small-vehicle 0
912 122 911 135 888 134 884 123 small-vehicle 0
917 101 918 116 887 115 885 99 small-vehicle 0
922 79 925 93 901 98 897 88 small-vehicle 0
929 61 931 74 907 73 904 59 small-vehicle 0
567 1191 581 1194 572 1220 559 1218 small-vehicle 0
322 352 937 352 937 1030 322 1030 roundabout 0
