imagesource:GoogleEarth
gsd:0.128682046754
585 16 649 60 550 176 489 124 tennis-court 0
384 1154 398 1149 407 1177 396 1181 small-vehicle 0
365 1036 374 1047 356 1068 343 1060 small-vehicle 0
330 1080 339 1086 318 1112 307 1104 small-vehicle 0
304 1109 314 1116 299 1136 287 1128 small-vehicle 0
251 1112 260 1121 246 1141 235 1135 small-vehicle 0
226 1144 238 1149 223 1170 212 1164 small-vehicle 0
271 1148 280 1154 263 1177 252 1169 small-vehicle 0
246 1178 254 1185 246 1195 229 1197 small-vehicle 1
402 1144 415 1140 429 1171 416 1177 small-vehicle 0
1052 85 1042 77 1065 56 1073 64 small-vehicle 0
440 1152 429 1159 417 1130 427 1123 small-vehicle 0
432 1114 443 1109 454 1135 445 1139 small-vehicle 0
451 1097 461 1095 468 1126 457 1129 small-vehicle 0
465 1087 477 1081 488 1118 477 1121 small-vehicle 0
541 1131 547 1143 525 1159 515 1149 small-vehicle 0
565 1116 573 1127 550 1141 543 1129 small-vehicle 0
511 1153 516 1164 491 1180 482 1167 small-vehicle 0
219 1058 207 1051 230 1026 240 1036 small-vehicle 0
318 954 313 945 342 932 348 942 small-vehicle 0
170 892 179 882 203 901 194 912 small-vehicle 0
203 838 210 827 239 847 230 858 small-vehicle 0
288 8 416 14 414 18 395 53 swimming-pool 0
123 232 132 223 156 246 148 253 small-vehicle 0
159 261 168 250 192 273 185 282 small-vehicle 0
195 286 204 278 226 297 218 307 small-vehicle 0
226 315 235 304 257 326 251 335 small-vehicle 0
36 333 44 325 66 345 58 354 small-vehicle 0
88 383 98 371 116 387 106 396 small-vehicle 0
147 415 138 426 112 406 122 395 small-vehicle 0
357 424 366 414 387 434 378 442 small-vehicle 0
384 474 396 462 421 490 412 499 small-vehicle 0
86 733 92 725 115 747 106 757 small-vehicle 0
43 782 50 771 74 792 67 800 small-vehicle 0
112 762 122 750 145 770 137 779 small-vehicle 0
144 788 151 776 177 797 167 806 small-vehicle 0
173 815 182 804 204 821 193 833 small-vehicle 0
479 1074 491 1068 504 1095 493 1102 small-vehicle 0
507 1056 517 1052 526 1082 512 1084 small-vehicle 0
522 1048 536 1045 542 1075 530 1080 small-vehicle 0
1075 1054 1085 1045 1107 1068 1098 1077 small-vehicle 0
1014 1001 1023 991 1046 1013 1039 1024 small-vehicle 0
981 972 994 960 1016 984 1005 994 small-vehicle 0
945 941 955 932 980 955 970 966 small-vehicle 0
805 868 814 857 833 882 823 893 small-vehicle 0
747 855 755 867 735 889 723 880 small-vehicle 0
760 676 775 670 785 706 772 711 small-vehicle 0
751 484 741 473 767 452 777 463 small-vehicle 0
1062 311 1071 319 1049 347 1037 339 small-vehicle 0
1032 344 1043 354 1025 378 1013 370 small-vehicle 0
1007 372 1017 378 1001 402 990 393 small-vehicle 0
982 405 991 413 973 436 960 428 small-vehicle 0
1082 285 1093 294 1075 314 1066 304 small-vehicle 0
1109 253 1118 264 1099 285 1087 277 small-vehicle 0
1132 228 1139 236 1125 256 1114 248 small-vehicle 0
975 183 964 175 982 151 991 161 small-vehicle 0
1042 1027 1052 1016 1074 1041 1064 1048 small-vehicle 0
1110 1082 1120 1074 1138 1094 1134 1107 small-vehicle 0
548 1034 561 1034 560 1065 547 1066 small-vehicle 0
1040 1089 1050 1077 1077 1103 1068 1114 small-vehicle 0
608 1051 612 1063 586 1073 579 1061 small-vehicle 0
566 1031 577 1029 580 1056 567 1059 small-vehicle 0
581 1025 591 1020 598 1046 588 1048 small-vehicle 0
602 1012 618 1008 623 1041 610 1044 small-vehicle 0
628 1005 642 1006 643 1033 631 1035 small-vehicle 0
652 998 667 998 664 1036 648 1034 small-vehicle 0
676 996 688 999 683 1032 669 1030 small-vehicle 0
692 994 704 995 703 1024 691 1025 small-vehicle 0
714 991 727 992 726 1024 711 1023 small-vehicle 0
616 890 614 903 571 895 575 878 small-vehicle 0
771 1145 759 1143 760 1125 771 1125 small-vehicle 0
993 1156 988 1165 962 1152 968 1140 small-vehicle 0
955 1133 951 1143 922 1129 928 1117 small-vehicle 0
899 1065 898 1078 872 1074 872 1060 small-vehicle 0
1029 1186 1019 1196 998 1179 1004 1167 small-vehicle 0
370 481 861 481 861 979 370 979 roundabout 0
