imagesource:GoogleEarth
gsd:0.107336935151
723 712 925 806 881 901 678 808 tennis-court 0
1366 487 1382 494 1366 528 1349 519 small-vehicle 0
1354 664 1369 672 1353 711 1337 703 small-vehicle 0
1373 667 1356 660 1373 624 1391 631 small-vehicle 0
1331 659 1347 666 1332 704 1313 695 small-vehicle 0
1311 652 1326 659 1310 694 1294 686 small-vehicle 0
1333 603 1349 611 1332 648 1316 641 small-vehicle 0
1311 640 1296 630 1312 594 1327 601 small-vehicle 0
1292 633 1274 625 1292 589 1307 595 small-vehicle 0
1248 626 1263 632 1246 668 1232 659 small-vehicle 0
1270 578 1287 587 1268 622 1253 614 small-vehicle 0
1471 535 1486 542 1469 576 1455 568 small-vehicle 0
1452 522 1467 529 1449 566 1433 556 small-vehicle 0
1384 543 1367 534 1386 494 1403 502 small-vehicle 0
1327 467 1342 475 1326 509 1311 500 small-vehicle 0
1412 745 1394 735 1414 691 1432 700 small-vehicle 0
950 1211 933 1203 951 1163 969 1172 small-vehicle 0
972 1120 989 1128 970 1168 954 1159 small-vehicle 0
965 154 999 174 992 188 957 170 large-vehicle 0
909 251 915 237 952 254 945 267 large-vehicle 0
929 95 943 90 951 130 938 133 small-vehicle 0
820 146 835 143 842 178 827 181 small-vehicle 0
844 1173 881 1164 885 1182 846 1192 small-vehicle 0
865 1144 862 1128 903 1121 906 1135 small-vehicle 0
931 1206 948 1214 927 1258 910 1250 small-vehicle 0
890 1335 874 1327 889 1292 907 1301 small-vehicle 0
869 1384 853 1376 870 1338 887 1346 large-vehicle 0
845 1434 829 1425 847 1383 863 1389 large-vehicle 0
1399 679 1413 688 1395 723 1380 714 small-vehicle 0
1435 703 1451 711 1433 748 1417 740 small-vehicle 0
778 594 979 686 937 780 735 688 tennis-court 0
1332 789 1348 796 1335 827 1319 820 small-vehicle 0
833 477 1032 568 990 663 785 571 tennis-court 0
886 361 1086 452 1043 547 841 455 tennis-court 0
336 536 538 628 494 720 291 628 tennis-court 0
390 416 593 508 548 604 347 511 tennis-court 0
444 298 648 391 604 488 399 393 tennis-court 0
497 181 699 274 656 369 453 276 tennis-court 0
1458 843 1474 852 1458 887 1444 878 small-vehicle 0
1437 882 1420 874 1436 841 1452 849 small-vehicle 0
1416 869 1403 863 1414 829 1430 837 small-vehicle 0
1392 822 1407 826 1400 863 1383 861 small-vehicle 0
1373 807 1390 814 1374 850 1359 842 small-vehicle 0
1353 802 1369 808 1354 845 1338 837 small-vehicle 0
1311 830 1294 822 1312 784 1329 790 small-vehicle 0
1456 656 1473 665 1455 701 1439 693 small-vehicle 0
1293 816 1278 808 1291 774 1308 781 small-vehicle 0
1269 767 1286 775 1272 806 1256 798 small-vehicle 0
1254 799 1237 793 1249 758 1264 762 small-vehicle 0
1231 791 1216 785 1230 749 1246 754 small-vehicle 0
1210 785 1195 776 1213 733 1231 741 small-vehicle 0
1194 768 1179 762 1193 722 1208 727 small-vehicle 0
1516 745 1526 752 1513 794 1498 785 small-vehicle 0
1496 780 1478 771 1494 733 1513 741 small-vehicle 0
1515 734 1499 725 1519 685 1529 694 small-vehicle 0
1472 731 1485 736 1473 772 1458 767 small-vehicle 0
1455 712 1471 721 1455 758 1437 749 small-vehicle 0
1477 670 1492 678 1475 713 1459 704 small-vehicle 0
727 1439 725 1421 764 1416 767 1432 small-vehicle 0
