imagesource:GoogleEarth
gsd:0.107011143287
2709 1813 2703 1827 2666 1815 2674 1797 small-vehicle 0
505 628 490 636 465 605 480 593 small-vehicle 0
290 317 309 317 307 356 288 355 small-vehicle 0
392 371 408 382 387 421 372 412 small-vehicle 0
338 435 357 432 363 469 345 472 small-vehicle 0
353 512 374 508 383 546 363 551 small-vehicle 0
365 559 384 555 394 592 375 594 small-vehicle 0
537 570 534 583 493 574 496 559 small-vehicle 0
396 674 415 671 426 711 406 716 small-vehicle 0
2798 1786 2840 1803 2836 1817 2792 1802 small-vehicle 0
408 724 426 720 436 758 417 763 small-vehicle 0
423 782 442 779 452 824 432 827 small-vehicle 0
456 981 477 980 485 1023 466 1025 small-vehicle 0
255 654 254 639 290 635 291 652 small-vehicle 0
184 671 181 657 218 652 220 665 small-vehicle 0
2059 1451 2500 1451 2500 1884 2059 1884 roundabout 0
679 1627 663 1634 648 1601 661 1593 small-vehicle 0
906 2393 918 2385 936 2414 924 2423 small-vehicle 0
774 2065 792 2059 811 2099 791 2107 small-vehicle 0
893 680 897 664 931 670 927 688 small-vehicle 0
937 688 940 672 982 682 979 701 small-vehicle 0
1058 745 1042 754 1020 724 1037 712 small-vehicle 0
1008 2522 993 2527 975 2509 991 2500 small-vehicle 0
1969 104 1954 114 1930 78 1948 69 small-vehicle 0
1855 174 1842 181 1825 156 1840 147 small-vehicle 0
2133 2392 2116 2388 2125 2355 2140 2358 small-vehicle 0
2165 2317 2178 2319 2171 2357 2155 2353 small-vehicle 0
2103 1431 2141 1404 2152 1420 2116 1447 small-vehicle 0
2460 2521 2456 2536 2419 2528 2423 2511 small-vehicle 0
2520 1852 2507 1842 2525 1812 2540 1822 small-vehicle 0
2559 1578 2576 1575 2579 1608 2562 1610 small-vehicle 0
2683 1742 2722 1758 2715 1773 2677 1758 small-vehicle 0
2738 1768 2769 1780 2764 1793 2734 1782 small-vehicle 0
557 1580 646 1580 646 1670 557 1670 roundabout 0
