imagesource:GoogleEarth
gsd:0.140820385888
462 29 457 13 494 6 498 21 small-vehicle 0
452 51 450 33 492 28 494 46 small-vehicle 0
176 385 255 387 252 558 172 557 tennis-court 0
294 387 374 389 369 561 289 556 tennis-court 0
408 390 489 394 486 564 406 561 tennis-court 0
528 393 606 394 602 566 522 565 tennis-court 0
533 116 612 117 610 288 530 286 tennis-court 0
416 113 497 116 494 285 411 284 tennis-court 0
299 111 380 112 376 285 296 281 tennis-court 0
182 109 263 111 259 281 178 279 tennis-court 0
