imagesource:GoogleEarth
gsd:0.137199724602
1536 760 1561 769 1537 838 1512 829 large-vehicle 0
1329 672 1344 678 1329 709 1315 703 small-vehicle 0
97 490 90 505 56 490 62 475 small-vehicle 0
78 567 86 553 116 567 109 582 small-vehicle 0
86 547 93 531 129 545 122 561 small-vehicle 0
94 524 100 509 137 524 131 539 small-vehicle 0
118 463 124 447 164 462 159 479 small-vehicle 0
1619 757 1701 790 1672 862 1588 829 plane 0
1710 791 1797 816 1782 881 1690 859 plane 0
1571 647 1547 711 1494 691 1520 629 plane 0
1699 708 1729 634 1775 651 1751 727 plane 0
1739 595 1765 521 1819 538 1797 616 plane 0
355 1045 451 1010 475 1068 386 1112 plane 0
133 924 166 859 220 884 189 950 plane 0
252 942 225 1017 171 1001 199 921 plane 0
301 844 261 938 207 914 244 817 plane 0
181 835 214 760 257 778 225 856 plane 0
348 770 320 847 249 818 277 742 plane 0
209 742 238 667 288 685 261 762 plane 0
364 666 340 739 280 713 305 642 plane 0
408 562 370 653 315 632 356 540 plane 0
275 568 309 467 391 493 363 593 plane 0
443 486 408 554 357 529 390 460 plane 0
319 453 349 394 399 417 369 477 plane 0
483 380 446 471 386 450 426 355 plane 0
360 369 387 300 441 319 413 389 plane 0
97 236 146 111 261 161 204 281 plane 0
25 487 9 479 25 451 40 459 small-vehicle 0
74 447 82 430 115 446 108 462 small-vehicle 0
70 964 52 956 67 919 85 925 small-vehicle 0
113 482 118 468 152 479 147 494 small-vehicle 0
1304 662 1318 666 1307 701 1294 698 small-vehicle 0
1571 765 1587 771 1571 810 1556 804 small-vehicle 0
1032 1312 1016 1307 1028 1275 1044 1283 small-vehicle 0
840 1300 857 1306 838 1348 822 1342 small-vehicle 0
819 1288 835 1295 817 1342 800 1335 small-vehicle 0
749 1309 730 1302 746 1264 764 1271 small-vehicle 0
734 1313 744 1329 719 1349 709 1335 small-vehicle 0
692 1294 702 1311 668 1335 657 1319 small-vehicle 0
41 1198 56 1204 41 1239 25 1233 small-vehicle 0
61 609 66 591 105 607 99 625 small-vehicle 0
104 502 110 484 151 498 144 517 small-vehicle 0
71 466 77 451 112 465 105 481 small-vehicle 0
20 1129 33 1136 17 1168 4 1162 small-vehicle 0
581 361 560 365 552 310 573 309 large-vehicle 0
87 518 81 535 49 524 57 506 small-vehicle 0
1347 687 1363 695 1347 729 1331 721 small-vehicle 0
1500 769 1516 773 1505 808 1489 803 small-vehicle 0
1366 695 1380 704 1364 732 1350 724 small-vehicle 0
959 1258 976 1264 963 1301 946 1294 small-vehicle 0
705 1242 721 1250 705 1285 689 1278 small-vehicle 0
442 1124 460 1130 442 1168 426 1160 small-vehicle 0
22 1175 37 1184 20 1216 6 1207 small-vehicle 0
61 1154 78 1160 59 1200 41 1192 small-vehicle 0
44 1141 58 1148 42 1178 27 1170 small-vehicle 0
314 49 277 131 185 96 223 11 plane 0
