imagesource:GoogleEarth
gsd:0.275034821122
882 974 898 979 881 1027 867 1023 large-vehicle 0
891 894 874 895 870 852 888 850 large-vehicle 0
517 392 487 491 368 452 397 352 plane 0
486 446 551 522 458 611 394 526 plane 0
813 389 708 389 712 265 813 261 plane 0
957 262 860 262 862 149 951 149 plane 0
1302 520 1170 520 1168 368 1296 368 plane 0
1497 494 1355 493 1358 346 1487 344 plane 0
1652 486 1518 483 1517 333 1648 334 plane 0
1328 34 1457 2 1494 153 1373 186 plane 0
1227 760 1359 765 1352 901 1218 888 plane 0
1085 797 1184 803 1170 925 1071 917 plane 0
995 791 1084 835 1020 952 932 900 plane 0
775 861 817 919 716 995 676 938 plane 0
503 869 548 923 447 1004 405 938 plane 0
353 858 407 947 294 1009 251 916 plane 0
564 774 485 847 413 765 489 700 plane 0
2027 480 1890 482 1890 338 2020 338 plane 0
2206 483 2070 478 2069 330 2202 337 plane 0
2380 459 2246 456 2247 330 2381 331 plane 0
2146 749 2250 819 2170 936 2067 856 plane 0
2258 830 2371 889 2301 1030 2188 960 plane 0
1858 1080 1894 958 2048 1006 2003 1133 plane 0
1914 711 2064 714 2057 897 1905 893 plane 0
1725 759 1841 716 1882 847 1756 883 plane 0
847 832 830 832 828 785 846 785 large-vehicle 0
902 833 885 833 883 788 899 787 large-vehicle 0
902 878 885 879 883 833 901 833 large-vehicle 0
888 846 872 846 871 798 885 797 large-vehicle 0
511 302 445 381 349 293 418 214 plane 0
