imagesource:GoogleEarth
gsd:0.129921368116
508 1107 532 1122 488 1190 463 1170 large-vehicle 0
264 700 274 679 315 697 304 716 small-vehicle 0
726 199 706 199 699 143 720 140 large-vehicle 0
162 220 134 207 172 136 202 148 large-vehicle 0
89 226 66 215 105 150 126 162 large-vehicle 0
291 301 286 319 241 308 247 291 small-vehicle 0
40 414 57 404 82 439 67 451 small-vehicle 0
182 557 199 555 205 600 188 603 small-vehicle 0
22 628 46 610 77 646 53 666 small-vehicle 0
48 710 74 727 31 799 5 782 large-vehicle 0
93 747 75 736 96 699 111 713 small-vehicle 0
70 791 53 780 73 747 90 754 small-vehicle 0
263 757 273 739 305 755 294 776 small-vehicle 0
578 1099 607 1115 571 1179 545 1166 large-vehicle 0
274 830 285 806 325 826 314 849 small-vehicle 0
266 789 279 768 309 788 298 805 small-vehicle 0
346 64 320 64 316 26 343 23 small-vehicle 0
455 67 430 66 429 23 455 23 small-vehicle 0
491 65 469 62 469 19 489 17 small-vehicle 0
495 25 513 25 513 65 495 65 small-vehicle 0
515 20 535 20 535 63 515 63 small-vehicle 0
548 25 576 25 576 67 548 67 small-vehicle 0
576 18 597 18 597 63 576 63 small-vehicle 0
599 19 620 19 620 63 599 63 small-vehicle 0
461 417 461 436 387 441 387 423 large-vehicle 0
452 359 454 377 375 387 373 369 large-vehicle 0
699 201 680 204 673 143 691 140 large-vehicle 0
671 203 648 203 645 146 665 144 large-vehicle 0
203 360 212 343 280 368 271 386 large-vehicle 0
213 429 220 408 287 434 277 457 large-vehicle 0
222 467 229 452 296 473 285 492 large-vehicle 0
224 499 231 480 298 507 287 524 large-vehicle 0
234 566 243 548 311 572 300 594 large-vehicle 0
235 598 239 579 312 606 302 628 large-vehicle 0
244 631 250 612 315 638 306 658 large-vehicle 0
262 728 268 708 331 739 324 759 large-vehicle 0
275 855 283 840 352 869 344 887 large-vehicle 0
288 924 296 907 356 933 348 952 large-vehicle 0
465 507 467 528 398 536 391 516 large-vehicle 0
477 703 478 726 408 738 401 715 large-vehicle 0
494 781 495 805 419 816 415 796 large-vehicle 0
465 476 469 500 391 509 384 490 large-vehicle 0
452 446 458 470 380 480 376 459 large-vehicle 0
485 739 489 762 409 772 405 749 large-vehicle 0
539 250 515 253 507 192 528 191 large-vehicle 0
565 273 540 274 538 194 560 193 large-vehicle 0
587 239 566 239 565 180 585 180 large-vehicle 0
612 212 595 212 591 149 614 149 large-vehicle 0
645 212 619 214 618 153 642 156 large-vehicle 0
619 16 639 16 639 69 619 69 small-vehicle 0
641 14 660 14 660 72 641 72 small-vehicle 0
658 16 682 16 682 71 658 71 small-vehicle 0
431 835 427 818 481 810 483 828 small-vehicle 0
644 827 664 847 614 885 594 867 small-vehicle 0
646 881 656 901 616 923 609 904 small-vehicle 0
907 697 909 720 860 731 857 708 small-vehicle 0
913 743 913 763 864 767 861 747 small-vehicle 0
1001 678 1003 696 956 700 954 679 small-vehicle 0
1018 748 1018 771 976 776 971 755 small-vehicle 0
924 795 926 816 878 827 874 806 small-vehicle 0
930 825 930 849 884 855 880 832 small-vehicle 0
991 832 990 813 1037 810 1036 829 small-vehicle 0
1038 849 1042 872 990 878 988 855 small-vehicle 0
711 1039 732 1035 740 1073 719 1078 small-vehicle 0
735 1036 752 1031 759 1067 744 1072 small-vehicle 0
763 1027 780 1022 787 1054 770 1059 small-vehicle 0
781 1026 800 1020 805 1052 783 1057 small-vehicle 0
816 1012 834 1012 837 1056 820 1058 small-vehicle 0
834 1021 858 1017 864 1059 841 1063 small-vehicle 0
858 1022 888 1018 891 1064 864 1068 small-vehicle 0
149 954 130 977 63 909 84 892 large-vehicle 0
24 920 42 898 97 952 76 970 large-vehicle 0
126 1044 105 1069 50 1015 72 992 large-vehicle 0
50 1025 32 1039 6 1013 24 995 small-vehicle 0
633 797 649 818 610 852 594 826 small-vehicle 0
544 727 601 726 598 755 541 754 large-vehicle 0
683 13 705 13 705 63 683 63 small-vehicle 0
449 635 446 663 396 660 396 634 small-vehicle 0
701 17 724 17 724 70 701 70 small-vehicle 0
722 11 746 11 746 61 722 61 small-vehicle 0
744 17 765 17 765 68 744 68 small-vehicle 0
759 20 786 20 786 64 759 64 small-vehicle 0
785 16 809 16 809 66 785 66 small-vehicle 0
805 19 829 19 829 65 805 65 small-vehicle 0
830 13 853 13 853 69 830 69 small-vehicle 0
851 16 870 16 870 63 851 63 small-vehicle 0
915 62 889 61 891 16 917 16 small-vehicle 0
939 56 913 55 915 14 940 16 small-vehicle 0
922 145 939 173 886 205 868 179 large-vehicle 0
890 237 874 219 930 178 944 200 large-vehicle 0
923 246 907 230 946 201 961 218 small-vehicle 0
824 432 824 411 875 409 874 429 small-vehicle 0
936 466 926 445 968 436 977 455 small-vehicle 0
874 523 877 540 842 547 841 528 small-vehicle 0
881 546 883 561 844 570 841 553 small-vehicle 0
885 568 885 585 840 591 840 575 small-vehicle 0
894 648 894 666 850 668 849 649 small-vehicle 0
957 642 951 613 1004 610 1003 639 small-vehicle 0
465 599 466 627 407 629 409 600 small-vehicle 0
197 328 205 310 274 336 264 355 large-vehicle 0
