imagesource:GoogleEarth
gsd:0.133566115735
2490 1806 2493 1826 2449 1833 2445 1815 small-vehicle 0
3662 881 3605 946 3562 901 3616 839 plane 0
2513 1822 2572 1869 2552 1889 2467 1887 plane 1
1251 415 1202 470 1161 432 1208 377 plane 0
1516 534 1590 589 1553 639 1478 583 plane 0
3886 622 3832 683 3791 640 3847 585 plane 0
3721 641 3766 587 3808 618 3761 674 plane 0
3828 685 3776 759 3728 720 3780 649 plane 0
3613 766 3664 708 3704 745 3651 804 plane 0
3556 834 3605 773 3643 806 3596 868 plane 0
2520 1380 2585 1439 2543 1486 2477 1425 plane 0
3503 899 3554 843 3589 880 3537 935 plane 0
3597 952 3536 1018 3491 973 3551 909 plane 0
3713 1463 3713 1550 3642 1548 3643 1464 plane 0
2790 1666 2841 1608 2884 1646 2828 1704 plane 0
2920 1620 2867 1682 2829 1645 2881 1586 plane 0
2852 1599 2903 1544 2940 1577 2890 1635 plane 0
2912 1538 2958 1477 2996 1507 2952 1568 plane 0
2559 1564 2498 1510 2538 1469 2598 1519 plane 0
2176 1523 2235 1574 2201 1615 2141 1566 plane 0
2969 1469 3018 1406 3058 1436 3008 1500 plane 0
1818 783 1880 837 1844 881 1779 827 plane 0
448 1367 387 1431 346 1385 410 1328 plane 0
514 1289 456 1343 422 1300 481 1250 plane 0
594 1200 543 1260 504 1224 555 1167 plane 0
672 1113 619 1174 583 1142 633 1080 plane 0
757 1016 696 1066 665 1026 723 977 plane 0
1716 692 1783 755 1741 799 1672 737 plane 0
1760 879 1693 823 1731 780 1794 837 plane 0
1858 963 1796 901 1832 865 1893 918 plane 0
2359 1404 2290 1345 2329 1301 2395 1353 plane 0
1907 872 1981 915 1955 966 1880 923 plane 0
1964 1050 1896 993 1935 952 1996 1007 plane 0
2021 955 2084 1014 2043 1055 1980 998 plane 0
2057 1138 1996 1080 2028 1041 2091 1099 plane 0
2162 1226 2093 1172 2125 1130 2196 1183 plane 0
2298 1134 2246 1204 2199 1162 2255 1099 plane 0
2319 1214 2380 1269 2341 1315 2276 1258 plane 0
3040 1486 2986 1545 2948 1510 3003 1449 plane 0
3026 1398 3076 1338 3115 1376 3062 1434 plane 0
2114 1515 2099 1502 2119 1476 2135 1486 small-vehicle 0
978 1475 1008 1502 998 1514 968 1488 small-vehicle 0
3376 1535 3362 1522 3390 1492 3404 1506 large-vehicle 0
3401 1675 3414 1662 3442 1693 3430 1707 large-vehicle 0
3499 1595 3513 1605 3493 1635 3479 1626 large-vehicle 0
3409 1722 3396 1738 3364 1706 3376 1691 large-vehicle 0
3331 1622 3319 1638 3283 1613 3294 1596 large-vehicle 0
3285 1616 3318 1643 3306 1658 3274 1631 small-vehicle 0
1029 1417 1065 1448 1055 1462 1017 1433 small-vehicle 0
921 1545 955 1574 945 1587 911 1558 small-vehicle 0
703 297 688 314 647 274 661 256 large-vehicle 0
1709 1371 1722 1384 1696 1413 1683 1400 small-vehicle 0
1726 1387 1738 1397 1718 1426 1704 1415 small-vehicle 0
1755 1424 1770 1432 1753 1460 1738 1451 small-vehicle 0
1596 1086 1584 1075 1618 1042 1630 1056 small-vehicle 0
1522 978 1537 992 1514 1019 1500 1008 small-vehicle 0
1535 1042 1516 1026 1545 990 1565 1006 large-vehicle 0
1569 1074 1552 1061 1590 1015 1606 1028 large-vehicle 0
3403 1510 3414 1521 3392 1552 3377 1541 large-vehicle 0
3676 1548 3682 1566 3648 1578 3642 1561 small-vehicle 0
3156 1344 3110 1408 3067 1372 3114 1310 plane 0
2181 296 2195 279 2223 305 2212 320 small-vehicle 0
3144 1261 3190 1198 3234 1229 3186 1295 plane 0
3276 1209 3223 1270 3185 1236 3242 1175 plane 0
3325 881 3275 940 3235 902 3289 846 plane 0
3392 806 3340 869 3300 833 3354 771 plane 0
3659 514 3613 578 3563 546 3607 480 plane 0
3589 593 3534 652 3498 612 3551 557 plane 0
2190 254 2200 241 2225 266 2215 278 small-vehicle 0
1976 641 1988 627 2014 651 2003 665 small-vehicle 0
3422 1703 3409 1719 3382 1692 3397 1678 small-vehicle 0
2312 958 2242 919 2261 884 2330 922 plane 0
2435 1066 2392 1039 2411 1009 2452 1035 plane 0
2566 781 2580 792 2555 822 2542 810 small-vehicle 0
3415 1525 3428 1538 3402 1565 3390 1554 small-vehicle 0
3305 1598 3317 1585 3346 1611 3332 1624 small-vehicle 0
3259 1648 3270 1633 3302 1660 3291 1674 small-vehicle 0
3372 1754 3359 1769 3330 1743 3344 1728 small-vehicle 0
376 1471 302 1545 249 1490 320 1417 plane 0
