imagesource:GoogleEarth
gsd:0.129765598256
1033 1095 985 1139 908 1060 964 1014 plane 0
1218 1108 1170 1154 1094 1067 1146 1022 plane 0
725 249 665 307 585 219 646 164 plane 0
540 233 478 292 400 208 461 150 plane 0
1269 265 1213 322 1128 232 1191 179 plane 0
1632 269 1575 334 1489 248 1550 191 plane 0
1812 278 1757 341 1672 259 1730 198 plane 0
1992 286 1935 347 1851 261 1914 203 plane 0
2383 298 2304 380 2187 266 2271 184 plane 0
640 534 682 583 610 653 565 604 plane 0
820 538 867 585 792 660 746 612 plane 0
994 546 1044 596 974 669 928 620 plane 0
1560 551 1611 608 1529 684 1479 629 plane 0
1747 565 1791 622 1706 698 1664 640 plane 0
2288 561 2356 637 2251 746 2176 667 plane 0
2466 573 2539 648 2437 751 2368 675 plane 0
2650 576 2724 650 2619 758 2548 677 plane 0
2837 587 2905 665 2799 767 2729 682 plane 0
3011 598 3087 671 2987 776 2913 694 plane 0
2557 301 2490 374 2383 276 2452 197 plane 0
2889 1176 2809 1247 2710 1138 2788 1060 plane 0
2529 1160 2450 1239 2346 1124 2424 1048 plane 0
2345 1149 2260 1224 2161 1116 2242 1041 plane 0
1934 1121 1882 1174 1799 1082 1856 1033 plane 0
1775 1135 1720 1192 1637 1110 1697 1052 plane 0
1595 1130 1536 1187 1460 1101 1516 1045 plane 0
1414 1121 1352 1184 1276 1093 1337 1038 plane 0
904 250 846 314 765 229 826 170 plane 0
