imagesource:GoogleEarth
gsd:0.132953328607
2216 17 2234 22 2221 64 2203 59 small-vehicle 0
1776 880 1860 910 1844 961 1756 930 plane 0
1832 235 1838 219 1872 230 1865 247 small-vehicle 0
1832 210 1837 194 1871 207 1866 222 small-vehicle 0
2032 235 2026 252 1983 240 1987 222 small-vehicle 0
2058 159 2053 177 2010 164 2015 146 small-vehicle 0
2414 478 2385 554 2326 529 2354 454 plane 0
2313 496 2248 552 2211 505 2275 450 plane 0
1266 724 1350 751 1334 800 1248 773 plane 0
1576 820 1651 844 1633 892 1558 866 plane 0
1669 852 1753 875 1737 929 1654 905 plane 0
1749 621 1817 640 1802 694 1735 674 plane 0
1821 238 1862 251 1858 267 1817 254 small-vehicle 0
1637 595 1716 615 1705 668 1624 647 plane 0
1541 553 1621 585 1601 638 1521 608 plane 0
1444 523 1526 548 1510 603 1428 578 plane 0
1351 488 1418 512 1399 568 1327 542 plane 0
1244 465 1311 483 1297 535 1230 519 plane 0
1144 432 1225 461 1210 511 1125 482 plane 0
1372 302 1397 202 1473 226 1445 326 plane 0
1200 249 1227 172 1285 196 1259 272 plane 0
640 266 714 290 691 354 620 329 plane 0
1860 123 1865 108 1905 119 1901 136 small-vehicle 0
1866 103 1870 88 1911 100 1906 116 small-vehicle 0
1914 79 1906 98 1868 84 1875 66 small-vehicle 0
1884 39 1889 22 1934 38 1928 55 small-vehicle 0
1969 284 2008 299 2001 316 1964 301 small-vehicle 0
1998 201 2037 214 2031 231 1993 218 small-vehicle 0
2002 178 2043 189 2039 209 1998 196 small-vehicle 0
2024 105 2073 120 2068 138 2020 122 small-vehicle 0
2027 128 2065 140 2061 156 2023 144 small-vehicle 0
2048 44 2089 56 2084 72 2044 61 small-vehicle 0
1889 15 1895 2 1935 16 1930 28 small-vehicle 0
1879 60 1883 44 1919 56 1914 71 small-vehicle 0
1644 32 1638 46 1606 34 1612 19 small-vehicle 0
1557 212 1551 228 1518 216 1526 201 small-vehicle 0
2200 457 2195 475 2156 464 2161 445 small-vehicle 0
2205 433 2201 451 2162 441 2167 424 small-vehicle 0
2216 407 2211 424 2164 414 2168 397 small-vehicle 0
2019 275 2014 294 1971 281 1977 262 small-vehicle 0
2025 258 2020 274 1983 261 1989 245 small-vehicle 0
2172 13 2190 18 2179 52 2162 46 small-vehicle 0
2079 100 2075 117 2037 108 2041 91 small-vehicle 0
2038 82 2043 64 2078 76 2074 93 small-vehicle 0
2049 39 2055 20 2098 35 2091 52 small-vehicle 0
258 418 341 434 331 498 249 482 plane 0
