imagesource:GoogleEarth
gsd:0.248394667
961 439 999 418 1014 451 978 470 plane 0
854 1340 861 1256 947 1263 941 1344 plane 0
656 1072 595 1107 564 1041 623 1010 plane 0
738 813 685 841 664 801 717 773 plane 0
693 881 633 913 605 855 664 823 plane 0
525 956 468 993 448 956 506 921 plane 0
446 828 407 851 391 820 431 797 plane 0
499 800 464 822 445 789 481 766 plane 0
551 770 518 785 506 761 540 743 plane 0
610 738 568 763 554 736 595 711 plane 0
509 716 548 691 564 721 526 746 plane 0
456 746 497 724 512 757 473 777 plane 0
404 772 443 750 457 782 419 801 plane 0
349 806 389 783 404 810 364 833 plane 0
337 697 298 717 283 687 322 665 plane 0
364 576 418 551 445 608 392 634 plane 0
163 488 206 472 225 524 184 541 helicopter 0
809 1159 738 1201 692 1120 762 1082 plane 0
1269 1142 1267 1192 1237 1190 1238 1140 plane 0
772 419 750 376 775 360 800 404 plane 0
1267 1202 1266 1248 1236 1248 1236 1201 plane 0
617 559 595 518 624 502 646 543 plane 0
597 515 575 475 603 460 624 500 plane 0
631 423 649 464 616 477 599 435 plane 0
478 412 538 385 560 439 498 465 plane 0
153 38 130 83 78 47 107 5 helicopter 0
1525 1344 1523 1302 1553 1301 1556 1342 plane 0
1526 1280 1527 1242 1556 1243 1556 1281 plane 0
1528 1221 1527 1176 1559 1175 1560 1222 plane 0
1547 942 1575 971 1555 995 1526 965 plane 0
1531 962 1496 985 1478 957 1515 933 plane 0
1488 1006 1455 1041 1435 1018 1466 987 plane 0
1433 1115 1431 1161 1401 1159 1402 1112 plane 0
1430 1176 1431 1219 1395 1218 1396 1175 plane 0
1360 1186 1362 1141 1395 1143 1393 1190 plane 0
1355 1316 1355 1265 1389 1265 1388 1317 plane 0
221 434 334 379 389 498 276 551 plane 0
