imagesource:GoogleEarth
gsd:0.252959459034
559 1258 605 1253 609 1347 565 1352 tennis-court 0
143 1211 211 1279 181 1311 112 1243 tennis-court 0
1100 224 1143 221 1146 315 1102 318 tennis-court 0
1159 219 1203 219 1206 313 1162 316 tennis-court 0
1219 218 1263 215 1267 311 1222 311 tennis-court 0
1104 367 1149 365 1153 460 1107 462 tennis-court 0
1165 364 1208 363 1213 458 1168 459 tennis-court 0
1224 362 1269 360 1273 456 1228 457 tennis-court 0
1110 511 1154 510 1159 605 1114 607 tennis-court 0
1170 509 1215 508 1219 603 1174 603 tennis-court 0
1230 507 1275 505 1280 600 1235 601 tennis-court 0
1082 697 1171 695 1174 742 1084 743 basketball-court 0
1199 1106 1245 1104 1250 1198 1203 1201 tennis-court 0
159 1196 190 1165 257 1232 226 1264 tennis-court 0
674 644 719 644 719 738 674 739 tennis-court 0
236 1117 304 1185 274 1217 204 1149 tennis-court 0
283 1071 352 1138 320 1170 252 1103 tennis-court 0
312 1043 344 1010 411 1078 379 1110 tennis-court 0
389 964 457 1031 426 1064 358 996 tennis-court 0
434 919 502 986 470 1018 403 951 tennis-court 0
522 788 566 788 567 883 521 883 tennis-court 0
585 789 630 788 629 883 585 883 tennis-court 0
648 789 693 788 693 883 647 882 tennis-court 0
771 772 798 802 742 861 712 835 swimming-pool 0
797 643 843 643 843 738 798 738 tennis-court 0
736 644 780 644 781 738 736 739 tennis-court 0
1130 1125 1150 1104 1185 1144 1164 1164 swimming-pool 0
