imagesource:GoogleEarth
gsd:0.257752361515
1096 767 1135 789 1089 870 1051 849 tennis-court 0
397 662 441 661 440 752 396 753 tennis-court 0
443 905 558 908 550 1089 434 1083 swimming-pool 0
676 972 736 992 691 1118 637 1094 swimming-pool 0
821 1094 863 1104 842 1194 799 1184 tennis-court 0
872 1106 914 1115 894 1206 851 1196 tennis-court 0
856 622 911 625 904 738 847 735 basketball-court 0
760 642 804 642 803 734 760 734 tennis-court 0
705 641 749 641 747 734 702 733 tennis-court 0
573 662 616 666 607 758 563 752 tennis-court 0
516 657 560 661 551 753 508 748 tennis-court 0
342 661 385 662 385 754 339 754 tennis-court 0
1050 742 1088 763 1042 844 1003 822 tennis-court 0
574 453 618 449 626 541 581 545 tennis-court 0
710 428 754 423 762 515 718 520 tennis-court 0
763 422 808 416 816 509 773 513 tennis-court 0
886 411 930 406 937 499 894 505 tennis-court 0
942 406 987 401 994 494 951 498 tennis-court 0
1000 401 1044 395 1051 488 1008 490 tennis-court 0
1078 598 1116 620 1069 700 1031 678 tennis-court 0
1123 622 1160 645 1115 726 1076 704 tennis-court 0
1167 649 1205 670 1159 752 1121 729 tennis-court 0
412 1099 520 1105 517 1174 411 1171 swimming-pool 0
