imagesource:GoogleEarth
gsd:0.130023966624
719 881 741 893 713 951 688 940 large-vehicle 0
878 757 859 745 896 682 916 692 large-vehicle 0
338 622 321 605 362 553 380 570 large-vehicle 0
484 714 506 726 455 794 435 782 large-vehicle 0
640 824 658 833 617 897 597 884 large-vehicle 0
589 783 609 799 573 858 550 846 large-vehicle 0
679 849 699 862 659 923 639 908 large-vehicle 0
831 760 852 768 837 841 817 834 large-vehicle 0
296 372 279 364 315 308 333 319 large-vehicle 0
398 433 381 422 417 371 432 382 large-vehicle 0
519 520 503 511 542 452 559 462 large-vehicle 0
207 59 215 40 260 62 249 79 small-vehicle 0
177 684 185 668 218 688 209 702 small-vehicle 0
264 713 252 729 224 706 236 690 small-vehicle 0
349 770 340 785 303 762 314 744 small-vehicle 0
392 797 383 813 351 789 360 772 small-vehicle 0
432 821 423 837 388 816 398 798 small-vehicle 0
899 772 883 760 923 702 941 713 large-vehicle 0
849 737 830 724 872 666 890 675 large-vehicle 0
974 816 986 804 1024 825 1015 840 small-vehicle 0
821 721 804 708 839 648 861 658 large-vehicle 0
272 463 256 452 341 326 359 334 large-vehicle 0
307 472 286 457 368 339 386 349 large-vehicle 0
332 486 313 475 392 358 410 366 large-vehicle 0
371 532 351 521 442 385 461 399 large-vehicle 0
466 493 448 482 488 416 510 429 large-vehicle 0
495 505 478 494 518 435 536 446 large-vehicle 0
591 539 572 528 598 490 614 498 large-vehicle 0
606 582 587 568 624 508 644 517 large-vehicle 0
632 597 615 585 652 524 671 537 large-vehicle 0
667 607 646 597 680 539 698 552 large-vehicle 0
684 633 666 623 710 555 726 570 large-vehicle 0
714 649 697 638 733 576 752 586 large-vehicle 0
743 665 723 656 760 592 779 604 large-vehicle 0
765 684 748 672 787 611 806 625 large-vehicle 0
796 696 777 682 816 627 833 638 large-vehicle 0
366 873 382 885 362 920 344 909 small-vehicle 0
309 843 324 851 302 886 288 875 small-vehicle 0
289 833 304 841 285 873 271 863 small-vehicle 0
274 816 291 826 270 861 254 850 small-vehicle 0
913 981 929 993 905 1029 891 1016 small-vehicle 0
948 1009 962 1020 941 1052 925 1039 small-vehicle 0
960 1027 974 1035 956 1063 943 1054 small-vehicle 0
978 1036 992 1044 974 1074 962 1066 small-vehicle 0
780 1047 764 1066 730 1044 743 1022 small-vehicle 0
1106 1182 1086 1168 1109 1133 1128 1143 small-vehicle 0
1112 989 1119 976 1153 997 1148 1010 small-vehicle 0
1061 959 1019 939 1035 918 1078 942 small-vehicle 0
1034 912 1045 896 1078 918 1068 935 small-vehicle 0
1084 918 1048 895 1054 880 1092 904 small-vehicle 0
1065 865 1077 846 1119 870 1107 889 small-vehicle 0
1082 844 1091 827 1130 851 1120 867 small-vehicle 0
1116 792 1128 774 1159 797 1152 812 small-vehicle 0
963 855 972 843 998 860 990 873 small-vehicle 0
974 838 987 824 1017 844 1001 857 small-vehicle 0
891 974 908 985 887 1017 873 1007 small-vehicle 0
836 936 856 948 831 983 816 971 small-vehicle 0
797 958 784 948 803 921 819 930 small-vehicle 0
560 1006 576 1017 554 1049 538 1037 small-vehicle 0
222 782 236 793 216 824 203 812 small-vehicle 0
558 910 595 931 587 948 550 926 small-vehicle 0
491 963 507 973 485 1005 470 997 small-vehicle 0
510 974 525 984 503 1014 489 1006 small-vehicle 0
527 983 542 995 521 1026 506 1018 small-vehicle 0
580 1016 594 1025 575 1061 559 1053 small-vehicle 0
595 1036 609 1048 586 1076 572 1068 small-vehicle 0
778 949 763 938 788 906 805 917 small-vehicle 0
612 1050 629 1060 606 1090 591 1080 small-vehicle 0
649 1067 664 1076 646 1108 629 1098 small-vehicle 0
674 1013 686 995 730 1025 720 1042 small-vehicle 0
634 980 645 964 678 989 668 1005 small-vehicle 0
946 725 959 742 932 764 921 747 small-vehicle 0
758 941 744 930 772 899 787 912 small-vehicle 0
226 430 206 417 292 287 312 296 large-vehicle 0
