imagesource:GoogleEarth
gsd:0.134274645132
1692 699 1711 696 1717 737 1699 741 large-vehicle 0
1642 719 1663 714 1669 754 1651 757 large-vehicle 0
1003 484 919 492 913 434 996 427 plane 0
978 304 1048 297 1053 345 985 352 plane 0
778 332 860 317 870 376 790 392 plane 0
605 370 688 350 702 406 618 425 plane 0
723 528 644 531 644 478 722 477 plane 0
822 730 802 646 858 633 877 719 plane 0
679 658 696 739 642 753 626 670 plane 0
706 749 716 835 659 839 649 755 plane 0
614 897 604 814 661 805 672 891 plane 0
609 1001 594 888 672 877 689 993 plane 0
682 1192 660 1111 720 1096 740 1178 plane 0
713 1338 684 1259 773 1226 801 1305 plane 0
627 1333 612 1255 662 1244 682 1319 plane 0
695 1389 660 1323 700 1300 737 1367 plane 0
615 1431 586 1344 644 1325 671 1412 plane 0
512 1457 498 1379 550 1371 565 1449 plane 0
485 1286 469 1200 525 1190 546 1275 plane 0
471 1185 469 1103 527 1103 529 1188 plane 0
476 1095 455 1008 508 997 526 1084 plane 0
445 944 429 860 486 852 499 936 plane 0
424 836 421 754 478 754 480 836 plane 0
554 548 480 560 470 512 545 498 plane 0
471 569 391 583 383 529 461 516 plane 0
1090 466 1006 475 999 418 1082 406 plane 0
1064 297 1142 282 1150 332 1073 343 plane 0
1151 281 1233 264 1244 320 1160 335 plane 0
1089 636 1108 717 1052 730 1034 650 plane 0
1550 759 1573 757 1578 800 1555 802 large-vehicle 0
1598 735 1619 730 1629 778 1610 782 large-vehicle 0
1446 822 1439 801 1509 775 1517 795 large-vehicle 0
1426 738 1422 719 1476 705 1482 725 large-vehicle 0
1410 647 1407 627 1463 615 1466 635 large-vehicle 0
1396 581 1390 558 1455 545 1459 567 large-vehicle 0
1068 1020 1054 936 1112 926 1125 1011 plane 0
1125 853 1140 943 1081 952 1068 862 plane 0
1047 876 1030 794 1082 782 1100 865 plane 0
1025 784 1006 701 1063 688 1083 773 plane 0
1004 694 981 609 1040 595 1061 678 plane 0
1242 263 1325 255 1330 312 1249 319 plane 0
1176 938 1228 867 1277 901 1223 975 plane 0
1239 860 1214 779 1273 759 1296 840 plane 0
1296 725 1309 789 1262 800 1249 737 plane 0
1223 763 1205 686 1255 675 1272 751 plane 0
1203 669 1195 581 1255 575 1260 662 plane 0
1522 231 1604 252 1587 306 1507 282 plane 0
1621 354 1546 381 1531 338 1603 311 plane 0
1536 384 1464 403 1450 353 1520 333 plane 0
1356 415 1285 432 1272 377 1342 362 plane 0
1338 253 1408 239 1417 293 1350 304 plane 0
338 409 420 395 430 456 349 468 plane 0
