imagesource:GoogleEarth
gsd:null
881 973 870 992 817 966 833 950 small-vehicle 0
465 605 565 578 570 592 472 622 large-vehicle 0
466 265 567 232 573 246 475 282 large-vehicle 0
456 292 561 265 563 282 462 309 large-vehicle 0
456 319 562 296 566 313 465 339 large-vehicle 0
461 350 565 319 569 337 468 367 large-vehicle 0
459 372 559 346 568 367 471 393 large-vehicle 0
460 404 563 377 568 401 468 424 large-vehicle 0
456 429 562 406 566 421 467 449 large-vehicle 0
460 459 567 442 570 455 466 476 large-vehicle 0
463 488 566 466 571 483 469 506 large-vehicle 0
466 517 568 493 572 508 475 535 large-vehicle 0
459 575 561 546 568 566 467 592 large-vehicle 0
457 632 561 605 569 625 466 649 large-vehicle 0
461 137 555 100 566 118 475 159 large-vehicle 0
453 658 556 632 562 649 462 676 large-vehicle 0
464 686 567 659 573 677 472 705 large-vehicle 0
454 717 562 686 569 702 466 735 large-vehicle 0
461 742 563 712 570 728 472 759 large-vehicle 0
686 96 780 143 763 157 676 116 large-vehicle 0
687 178 760 217 752 234 679 199 large-vehicle 0
686 323 777 368 765 381 675 339 large-vehicle 0
693 415 788 453 776 471 685 432 large-vehicle 0
699 470 792 515 784 532 691 488 large-vehicle 0
691 498 781 537 767 554 677 513 large-vehicle 0
691 583 780 630 767 645 680 598 large-vehicle 0
466 237 572 195 579 212 476 251 large-vehicle 0
350 799 429 779 433 794 358 813 large-vehicle 0
1173 149 1144 147 1145 102 1173 101 small-vehicle 0
341 319 446 295 450 310 349 337 large-vehicle 0
115 266 207 223 220 241 126 284 large-vehicle 0
105 386 192 343 203 361 115 406 large-vehicle 0
106 440 193 397 206 414 119 455 large-vehicle 0
106 497 193 453 206 471 118 514 large-vehicle 0
109 525 194 479 207 499 119 539 large-vehicle 0
111 548 180 517 194 531 125 568 large-vehicle 0
111 576 201 538 214 554 124 595 large-vehicle 0
125 603 196 571 206 587 135 617 large-vehicle 0
328 191 425 152 435 172 343 210 large-vehicle 0
328 264 437 239 444 257 337 285 large-vehicle 0
329 292 435 268 442 286 338 309 large-vehicle 0
335 348 441 324 446 340 344 367 large-vehicle 0
336 772 433 746 441 762 343 790 large-vehicle 0
334 376 439 350 445 365 342 393 large-vehicle 0
329 406 432 380 439 394 337 423 large-vehicle 0
339 432 441 407 448 427 347 453 large-vehicle 0
333 460 435 436 444 452 341 479 large-vehicle 0
341 486 442 465 446 484 348 507 large-vehicle 0
343 518 449 493 450 511 351 532 large-vehicle 0
340 542 441 520 447 540 347 562 large-vehicle 0
332 600 442 580 443 602 340 619 large-vehicle 0
331 630 437 606 444 624 340 651 large-vehicle 0
334 660 439 633 446 654 343 679 large-vehicle 0
339 688 439 665 449 683 346 706 large-vehicle 0
685 640 779 679 770 697 677 658 large-vehicle 0
688 669 774 707 759 727 675 690 large-vehicle 0
691 698 782 738 770 752 674 712 large-vehicle 0
1 397 1 381 35 383 36 396 small-vehicle 0
479 559 473 545 553 522 559 539 large-vehicle 0
999 399 987 385 1079 341 1092 358 large-vehicle 0
1095 865 1084 848 1179 809 1190 823 large-vehicle 0
1 81 1 66 40 73 38 87 small-vehicle 0
1 100 3 86 39 92 37 107 small-vehicle 0
0 249 1 236 34 236 33 248 small-vehicle 0
1 174 1 159 29 160 30 173 small-vehicle 0
0 286 1 271 34 273 33 287 small-vehicle 0
1 303 1 289 34 290 33 305 small-vehicle 0
2 322 0 308 37 306 37 323 small-vehicle 0
1 340 0 325 32 324 32 339 small-vehicle 0
0 416 1 400 31 402 32 416 small-vehicle 0
695 781 785 827 772 843 686 798 large-vehicle 0
1 378 2 361 40 364 38 382 small-vehicle 0
1 504 1 489 35 488 36 503 small-vehicle 0
0 523 1 508 37 507 38 522 small-vehicle 0
36 527 36 543 1 542 1 527 small-vehicle 0
1 546 35 547 35 563 1 564 small-vehicle 0
0 581 34 582 33 597 1 597 small-vehicle 0
1 615 0 601 33 602 32 615 small-vehicle 0
2 649 1 636 28 635 27 650 small-vehicle 0
0 632 0 617 34 617 35 634 small-vehicle 0
1070 96 1089 95 1089 134 1069 135 small-vehicle 0
1128 136 1107 136 1108 99 1127 100 small-vehicle 0
992 867 1086 821 1098 832 1007 880 large-vehicle 0
985 838 1075 799 1082 813 997 855 large-vehicle 0
981 808 1072 766 1087 782 998 825 large-vehicle 0
1090 760 1183 718 1197 734 1108 779 large-vehicle 0
683 809 775 851 758 870 671 825 large-vehicle 0
772 192 861 234 848 247 763 207 large-vehicle 0
796 543 889 586 872 599 781 558 large-vehicle 0
793 601 889 646 874 661 783 622 large-vehicle 0
795 629 888 673 877 687 780 646 large-vehicle 0
794 659 892 698 879 712 786 672 large-vehicle 0
799 684 891 729 880 744 791 705 large-vehicle 0
797 715 890 759 879 776 786 730 large-vehicle 0
790 766 880 807 870 825 775 780 large-vehicle 0
796 797 888 841 877 858 787 813 large-vehicle 0
803 832 892 875 882 890 795 847 large-vehicle 0
976 469 1070 429 1079 446 991 487 large-vehicle 0
1093 333 1184 286 1194 307 1106 348 large-vehicle 0
1094 364 1186 319 1198 337 1108 377 large-vehicle 0
1101 386 1195 348 1203 364 1113 405 large-vehicle 0
1075 532 1168 494 1176 511 1085 549 large-vehicle 0
1090 587 1186 544 1197 567 1108 601 large-vehicle 0
1092 620 1183 579 1194 591 1105 637 large-vehicle 0
1094 646 1186 605 1194 625 1107 663 large-vehicle 0
987 690 1086 647 1095 666 1002 708 large-vehicle 0
982 726 1073 685 1085 696 996 742 large-vehicle 0
1091 701 1186 659 1196 679 1102 719 large-vehicle 0
984 775 1079 732 1092 752 998 797 large-vehicle 0
102 245 194 201 206 219 112 261 large-vehicle 0
