imagesource:GoogleEarth
gsd:0.278341210795
1198 132 1164 112 1178 90 1212 110 plane 0
193 913 146 904 154 866 200 878 plane 0
382 1118 346 1102 357 1076 393 1094 plane 0
390 1078 426 1100 412 1122 377 1101 plane 0
444 1103 481 1119 470 1143 434 1127 plane 0
492 1166 458 1152 468 1128 501 1143 plane 0
334 1057 372 1073 361 1097 324 1080 plane 0
327 1095 292 1079 303 1055 338 1070 plane 0
278 1031 317 1048 303 1071 267 1055 plane 0
270 1074 236 1058 246 1036 280 1050 plane 0
233 1003 272 1023 256 1052 217 1032 plane 0
215 1047 181 1030 193 1008 227 1026 plane 0
204 966 238 1005 213 1031 176 995 plane 0
152 1085 189 1101 178 1125 141 1111 plane 0
112 1068 146 1084 135 1110 101 1093 plane 0
71 1049 109 1065 95 1092 58 1077 plane 0
30 1034 67 1051 55 1076 20 1061 plane 0
68 853 27 832 38 808 79 827 plane 0
98 875 66 848 80 829 113 855 plane 0
133 851 98 866 88 842 121 829 plane 0
138 887 101 872 112 844 149 860 plane 0
271 1136 311 1154 299 1175 260 1157 plane 0
355 1169 391 1189 377 1211 342 1191 plane 0
479 1225 510 1242 498 1268 466 1250 plane 0
173 1564 206 1583 192 1606 159 1589 plane 0
476 432 517 449 495 500 452 481 helicopter 0
121 1654 154 1676 140 1698 106 1676 plane 0
159 1678 193 1701 178 1723 144 1701 plane 0
268 1745 302 1763 290 1788 255 1767 plane 0
287 1629 326 1649 313 1674 275 1653 plane 0
237 1663 201 1646 213 1622 248 1639 plane 0
198 1640 164 1621 177 1599 211 1618 plane 0
212 1582 249 1601 234 1627 198 1607 plane 0
254 1543 218 1521 232 1498 268 1519 plane 0
434 1203 469 1220 458 1246 422 1230 plane 0
342 1528 381 1549 369 1571 329 1549 plane 0
270 1488 302 1507 287 1531 256 1512 plane 0
232 1465 263 1484 249 1507 218 1488 plane 0
308 1444 279 1427 293 1404 322 1421 plane 0
343 1268 377 1292 361 1316 329 1292 plane 0
405 1370 368 1350 380 1328 418 1349 plane 0
421 1312 457 1334 442 1359 407 1337 plane 0
460 1335 492 1354 480 1378 446 1358 plane 0
174 876 139 888 129 863 164 852 plane 0
216 926 182 906 195 883 230 904 plane 0
1121 88 1091 70 1103 49 1133 66 plane 0
230 927 210 893 233 880 254 914 plane 0
798 749 830 766 818 788 786 770 plane 0
703 825 737 842 726 866 691 849 plane 0
725 898 696 883 709 860 737 875 plane 0
562 1153 599 1173 583 1204 546 1183 plane 0
550 1189 513 1170 522 1151 559 1168 plane 0
499 1128 537 1141 528 1166 490 1153 plane 0
778 608 812 627 800 648 765 629 plane 0
852 649 890 669 875 696 837 676 plane 0
894 606 864 590 875 566 906 582 plane 0
908 553 946 573 935 596 898 577 plane 0
872 531 905 553 890 575 857 553 plane 0
951 514 916 488 932 466 968 491 plane 0
892 416 918 433 906 451 881 434 plane 0
895 345 860 330 870 306 904 321 plane 0
912 288 945 309 930 333 896 311 plane 0
1082 260 1114 280 1100 300 1069 279 plane 0
1136 162 1172 182 1157 204 1123 183 plane 0
1023 94 1058 117 1042 140 1007 116 plane 0
1086 63 1052 46 1062 26 1096 43 plane 0
743 782 711 763 725 742 757 761 plane 0
665 804 697 823 685 847 651 828 plane 0
649 861 614 840 630 812 664 834 plane 0
493 966 530 984 518 1006 483 988 plane 0
262 935 227 918 239 894 273 912 plane 0
285 942 254 933 261 908 292 918 plane 0
210 925 189 972 154 956 175 908 plane 0
360 985 323 969 334 944 370 960 plane 0
395 1005 364 987 377 964 408 980 plane 0
438 1023 402 1006 414 982 450 999 plane 0
476 1038 445 1022 456 998 487 1015 plane 0
517 1057 483 1044 494 1014 527 1028 plane 0
533 986 568 1006 554 1030 520 1009 plane 0
688 884 653 863 666 840 700 861 plane 0
578 1013 606 1028 591 1056 563 1040 plane 0
591 961 555 940 570 915 605 935 plane 0
630 978 600 960 613 937 642 954 plane 0
670 1002 635 981 649 958 682 978 plane 0
571 875 602 894 587 920 556 901 plane 0
678 890 668 920 643 910 653 881 plane 0
645 921 680 942 667 966 633 945 plane 0
684 944 720 965 709 988 673 967 plane 0
572 572 538 559 559 508 594 523 helicopter 0
