imagesource:GoogleEarth
gsd:0.266200980098
1159 1007 1091 957 1142 891 1208 941 plane 0
624 1389 589 1355 614 1329 648 1358 plane 0
536 1388 570 1417 547 1446 510 1418 plane 0
569 1479 534 1455 550 1431 586 1457 plane 0
598 1439 637 1466 616 1498 576 1470 plane 0
546 1617 503 1585 534 1547 572 1577 plane 0
523 1525 554 1550 535 1572 502 1545 plane 0
498 1577 454 1547 476 1513 520 1544 plane 0
455 1685 421 1658 438 1635 473 1659 plane 0
499 1714 462 1685 479 1664 514 1690 plane 0
1604 333 1570 301 1592 279 1625 307 plane 0
1637 362 1606 334 1623 314 1654 340 plane 0
1487 464 1438 408 1502 353 1549 411 plane 0
1503 506 1456 463 1497 421 1542 462 plane 0
1567 523 1527 490 1549 466 1586 499 plane 0
1560 491 1511 449 1544 411 1592 450 plane 0
1613 536 1563 491 1597 451 1646 496 plane 0
1659 586 1609 543 1642 505 1690 546 plane 0
1481 680 1401 693 1391 615 1468 605 plane 0
1415 712 1384 684 1401 663 1432 690 plane 0
1393 739 1364 709 1383 692 1411 719 plane 0
1431 751 1386 748 1388 723 1435 727 plane 0
1462 790 1426 757 1446 734 1483 768 plane 0
588 1349 552 1320 575 1292 611 1320 plane 0
659 1408 636 1391 652 1369 676 1385 plane 0
1377 831 1402 857 1383 877 1358 850 plane 0
698 1348 695 1271 773 1265 779 1345 plane 0
245 150 285 176 264 208 225 183 plane 0
159 452 107 423 126 389 180 415 plane 0
103 488 138 513 120 537 85 513 plane 0
61 462 97 485 82 509 47 487 plane 0
94 561 36 529 48 506 107 537 plane 0
39 599 78 623 59 650 21 626 plane 0
1054 1158 1003 1116 1033 1076 1086 1114 plane 0
1001 1114 951 1065 991 1024 1039 1067 plane 0
907 1057 887 980 966 960 986 1032 plane 0
885 1195 847 1172 860 1149 900 1171 plane 0
997 1296 952 1259 984 1216 1031 1252 plane 0
1002 1423 1000 1362 1050 1359 1053 1421 plane 0
1068 1301 1116 1290 1124 1326 1079 1340 plane 0
1092 1299 1041 1303 1039 1278 1091 1276 plane 0
983 1400 961 1292 1074 1267 1101 1369 plane 0
963 1450 1022 1422 1039 1459 978 1486 plane 0
919 1463 991 1442 1011 1515 939 1535 plane 0
883 1458 945 1449 953 1500 890 1509 plane 0
883 1375 960 1357 977 1431 898 1449 plane 0
834 1473 835 1408 903 1407 903 1473 plane 0
789 1443 773 1353 880 1332 897 1422 plane 0
1441 760 1435 801 1407 798 1413 755 plane 0
1327 847 1316 797 1367 787 1379 835 plane 0
996 882 965 800 1072 768 1102 851 plane 0
1664 478 1692 506 1673 525 1645 497 plane 0
1887 78 1861 54 1881 35 1905 58 plane 0
1921 111 1894 83 1912 66 1940 90 plane 0
1867 149 1901 175 1883 197 1849 170 plane 0
1874 235 1844 205 1862 187 1892 216 plane 0
1843 202 1807 176 1824 154 1860 182 plane 0
1911 266 1880 237 1898 218 1929 246 plane 0
1942 290 1916 268 1933 249 1957 271 plane 0
1935 210 1966 237 1947 258 1916 230 plane 0
1970 241 2000 270 1983 289 1951 261 plane 0
2003 273 2035 300 2016 320 1985 294 plane 0
2013 360 1978 330 1997 307 2032 337 plane 0
2040 302 2068 329 2050 350 2020 322 plane 0
1833 118 1866 145 1847 165 1815 141 plane 0
1806 173 1777 145 1796 125 1826 152 plane 0
1773 145 1739 115 1757 93 1792 125 plane 0
2063 235 2028 207 2045 187 2078 213 plane 0
2128 298 2097 266 2116 247 2148 278 plane 0
329 1751 285 1712 317 1679 360 1716 plane 0
272 1723 234 1684 273 1645 310 1679 plane 0
261 1602 304 1638 273 1673 230 1636 plane 0
230 1683 195 1649 221 1623 255 1656 plane 0
1630 446 1662 475 1644 494 1612 466 plane 0
1699 510 1728 536 1711 556 1680 529 plane 0
1290 887 1246 843 1284 804 1328 847 plane 0
1735 544 1763 569 1745 588 1718 564 plane 0
1282 760 1342 765 1338 815 1280 810 plane 0
1217 842 1205 776 1271 764 1283 827 plane 0
1248 724 1315 732 1307 788 1242 779 plane 0
1202 784 1157 741 1196 701 1243 742 plane 0
1111 737 1087 647 1190 616 1218 700 plane 0
1382 684 1349 653 1366 632 1401 661 plane 0
1425 645 1344 637 1353 560 1432 566 plane 0
1343 458 1398 502 1364 543 1311 498 plane 0
1861 392 1827 360 1845 339 1880 369 plane 0
1826 359 1793 332 1811 312 1843 338 plane 0
1724 267 1689 242 1704 220 1739 246 plane 0
1717 181 1748 211 1727 233 1697 203 plane 0
1752 212 1783 242 1764 263 1733 235 plane 0
1785 245 1811 269 1796 287 1769 262 plane 0
1819 276 1844 300 1830 317 1804 295 plane 0
1851 308 1878 329 1863 346 1838 326 plane 0
1887 337 1913 361 1896 377 1872 353 plane 0
1922 368 1949 393 1932 413 1904 389 plane 0
1928 454 1894 422 1915 401 1949 430 plane 0
1974 450 2008 451 2006 471 1973 469 plane 0
1768 575 1797 601 1780 619 1751 595 plane 0
303 54 345 78 325 114 281 89 plane 0
