imagesource:GoogleEarth
gsd:0.27464029767
706 186 677 159 695 140 724 167 plane 0
597 395 564 371 583 351 612 375 plane 0
358 900 334 937 310 923 333 886 plane 0
341 944 320 981 294 967 315 928 plane 0
200 979 221 942 246 955 226 993 plane 0
445 734 412 704 428 686 461 714 plane 0
506 632 471 599 489 578 525 609 plane 0
374 590 401 614 383 637 355 612 plane 0
341 564 367 588 348 609 321 584 plane 0
259 515 290 545 270 565 240 536 plane 0
366 429 394 453 376 474 348 451 plane 0
434 407 405 382 422 363 452 388 plane 0
467 439 436 412 456 392 486 419 plane 0
528 339 497 310 516 291 545 318 plane 0
527 411 560 439 539 460 507 433 plane 0
647 128 616 103 631 84 664 109 plane 0
562 444 586 468 568 486 542 463 plane 0
536 487 511 467 525 451 549 472 plane 0
620 337 650 365 629 389 598 360 plane 0
586 310 616 337 598 356 567 329 plane 0
552 282 584 309 566 328 533 301 plane 0
523 254 549 280 532 296 506 272 plane 0
548 198 523 173 539 157 566 179 plane 0
645 286 620 266 634 250 659 273 plane 0
645 208 672 234 655 251 627 226 plane 0
612 176 641 203 620 223 592 196 plane 0
578 146 609 172 589 192 560 167 plane 0
545 120 579 141 564 165 529 142 plane 0
258 877 276 844 302 858 284 892 plane 0
