imagesource:GoogleEarth
gsd:0.123381700561
922 705 906 690 949 637 968 653 large-vehicle 0
888 672 871 658 916 600 933 616 large-vehicle 0
602 699 585 685 609 657 624 671 small-vehicle 0
493 610 479 595 503 566 519 579 small-vehicle 0
509 710 525 722 494 759 478 747 small-vehicle 0
231 334 244 344 226 369 213 360 small-vehicle 0
258 348 275 359 246 391 232 381 small-vehicle 0
612 586 623 569 675 611 660 631 large-vehicle 0
949 762 932 752 974 707 989 720 large-vehicle 0
976 667 987 680 950 723 935 712 large-vehicle 0
820 664 829 654 866 681 853 695 large-vehicle 0
688 492 673 480 714 428 728 441 large-vehicle 0
563 321 586 319 584 408 560 405 large-vehicle 0
534 299 561 298 555 377 534 377 large-vehicle 0
508 277 532 276 531 376 507 374 large-vehicle 0
481 257 503 256 501 350 484 347 large-vehicle 0
358 259 441 333 423 349 337 279 large-vehicle 0
347 292 417 352 401 368 330 308 large-vehicle 0
318 301 388 366 370 384 303 316 large-vehicle 0
434 368 495 419 482 434 419 386 large-vehicle 0
533 520 545 504 614 559 599 572 large-vehicle 0
564 467 580 450 647 506 628 523 large-vehicle 0
682 552 698 537 767 593 754 610 large-vehicle 0
1179 899 1163 880 1212 841 1227 860 large-vehicle 0
1234 855 1218 843 1269 788 1284 803 large-vehicle 0
1253 780 1234 766 1292 697 1312 713 large-vehicle 0
968 872 957 888 904 851 918 829 large-vehicle 0
828 773 841 758 920 820 904 837 large-vehicle 0
756 711 770 697 834 753 820 772 large-vehicle 0
638 731 625 722 649 688 664 698 small-vehicle 0
654 743 643 730 668 704 683 715 small-vehicle 0
710 791 695 778 720 748 734 761 small-vehicle 0
1240 597 1249 582 1282 604 1273 619 small-vehicle 0
868 647 851 633 888 581 908 597 large-vehicle 0
814 588 794 572 823 533 843 548 large-vehicle 0
836 602 820 591 842 551 863 566 large-vehicle 0
842 647 820 632 856 582 874 595 large-vehicle 0
770 588 752 572 796 519 816 537 large-vehicle 0
1074 850 1064 859 1035 832 1045 821 small-vehicle 0
1057 861 1044 873 1017 848 1030 836 small-vehicle 0
1151 702 1160 688 1190 711 1182 726 small-vehicle 0
1167 686 1178 674 1209 697 1196 711 small-vehicle 0
1177 670 1191 654 1218 677 1207 693 small-vehicle 0
1266 553 1277 538 1304 559 1294 575 small-vehicle 0
1252 580 1261 563 1295 588 1286 603 small-vehicle 0
817 165 800 164 799 127 815 126 small-vehicle 0
773 629 784 613 818 638 805 658 small-vehicle 0
839 177 820 176 818 136 839 136 small-vehicle 0
944 276 923 273 923 231 947 234 small-vehicle 0
1082 327 1070 342 1039 313 1054 298 small-vehicle 0
1225 417 1234 394 1281 412 1275 434 small-vehicle 0
1228 392 1236 370 1280 391 1274 409 small-vehicle 0
1113 753 1122 740 1153 761 1143 777 small-vehicle 0
1130 716 1144 699 1180 726 1169 743 small-vehicle 0
1101 769 1111 754 1140 778 1131 791 small-vehicle 0
1085 782 1094 768 1128 796 1116 813 small-vehicle 0
1065 793 1078 779 1108 810 1094 824 small-vehicle 0
1094 829 1075 847 1042 814 1061 796 small-vehicle 0
1035 728 1057 742 1023 785 1003 771 small-vehicle 0
688 654 702 636 768 692 755 712 large-vehicle 0
