imagesource:GoogleEarth
gsd:0.120937466316
1221 363 1204 357 1217 321 1235 328 small-vehicle 0
881 369 901 371 896 426 872 424 large-vehicle 0
757 358 780 362 776 419 750 417 large-vehicle 0
690 375 715 372 717 427 692 429 large-vehicle 0
939 324 919 320 929 265 950 270 large-vehicle 0
909 311 888 307 902 247 925 248 large-vehicle 0
878 307 856 305 867 246 890 251 large-vehicle 0
733 282 716 278 721 223 743 224 large-vehicle 0
657 271 637 266 643 218 664 217 large-vehicle 0
570 262 550 258 558 200 581 205 large-vehicle 0
542 266 522 260 531 200 555 203 large-vehicle 0
516 251 495 245 504 192 523 192 large-vehicle 0
487 245 468 245 467 197 488 193 large-vehicle 0
437 232 419 228 429 179 449 184 large-vehicle 0
413 233 395 226 404 178 425 182 large-vehicle 0
386 238 368 232 375 184 398 186 large-vehicle 0
401 187 380 184 388 131 409 131 large-vehicle 0
374 184 355 180 360 120 379 123 large-vehicle 0
349 183 329 184 334 125 353 124 large-vehicle 0
319 217 300 212 304 164 323 164 large-vehicle 0
296 212 270 210 274 162 299 160 large-vehicle 0
820 362 842 361 840 418 818 419 large-vehicle 0
259 146 233 139 243 79 270 84 large-vehicle 0
1145 319 1125 318 1129 274 1151 277 small-vehicle 0
461 239 442 238 446 192 466 193 large-vehicle 0
1153 268 1133 266 1135 221 1158 224 small-vehicle 0
1163 217 1143 213 1148 174 1169 177 small-vehicle 0
1167 159 1145 156 1150 109 1173 112 small-vehicle 0
904 374 925 378 918 427 898 424 small-vehicle 0
738 459 762 459 760 504 737 503 small-vehicle 0
715 452 735 454 729 494 708 494 small-vehicle 0
688 441 712 447 701 494 679 491 small-vehicle 0
655 449 680 455 666 498 644 492 small-vehicle 0
465 320 487 322 483 374 461 372 small-vehicle 0
553 334 574 335 568 384 549 383 small-vehicle 0
637 342 660 344 654 396 632 393 small-vehicle 0
666 347 689 350 682 399 660 397 small-vehicle 0
789 292 768 290 770 238 791 240 small-vehicle 0
765 292 745 292 742 244 764 244 small-vehicle 0
597 268 576 264 584 218 602 220 small-vehicle 0
852 360 874 363 867 421 847 419 large-vehicle 0
790 365 815 365 813 421 786 419 large-vehicle 0
339 299 359 302 347 346 331 341 large-vehicle 0
627 271 607 272 608 212 634 212 large-vehicle 0
260 213 237 211 241 163 263 163 large-vehicle 0
