imagesource:GoogleEarth
gsd:0.133638547094
158 639 178 639 173 686 154 685 small-vehicle 0
312 235 328 236 325 296 308 296 large-vehicle 0
533 316 516 310 543 233 561 240 large-vehicle 0
492 418 472 411 504 337 520 347 large-vehicle 0
405 609 390 600 420 536 437 546 large-vehicle 0
205 232 225 233 220 296 202 294 large-vehicle 0
231 236 249 237 248 297 228 298 large-vehicle 0
368 235 386 237 381 298 362 297 large-vehicle 0
252 379 270 379 265 439 247 438 large-vehicle 0
198 380 219 380 215 442 195 442 large-vehicle 0
148 373 169 375 161 437 143 435 large-vehicle 0
225 377 242 379 236 439 219 438 large-vehicle 0
359 387 378 387 370 451 352 450 large-vehicle 0
259 234 277 235 272 299 255 298 large-vehicle 0
401 235 416 235 415 295 398 295 large-vehicle 0
68 633 87 632 86 674 67 673 small-vehicle 0
286 236 303 236 298 297 281 297 large-vehicle 0
426 240 445 241 441 299 423 300 large-vehicle 0
347 31 347 8 435 11 437 34 large-vehicle 0
37 95 54 94 51 135 35 135 small-vehicle 0
67 86 84 88 81 128 64 126 small-vehicle 0
63 136 78 136 75 169 60 169 small-vehicle 0
35 137 52 136 50 172 31 172 small-vehicle 0
29 218 45 218 45 261 31 263 small-vehicle 0
55 219 71 218 69 259 54 258 small-vehicle 0
53 269 69 270 67 307 51 308 small-vehicle 0
84 268 99 271 91 311 78 306 small-vehicle 0
54 402 68 401 66 444 53 444 small-vehicle 0
574 215 554 206 583 132 601 140 large-vehicle 0
