imagesource:GoogleEarth
gsd:0.125805501868
1008 103 1000 82 1040 71 1046 91 small-vehicle 0
761 336 745 341 723 266 743 259 large-vehicle 0
975 429 994 421 1016 490 996 498 large-vehicle 0
948 431 970 423 990 499 970 505 large-vehicle 0
800 532 816 526 839 615 821 619 large-vehicle 0
770 531 790 527 810 617 790 622 large-vehicle 0
580 639 561 646 538 566 557 559 large-vehicle 0
549 630 530 636 503 566 523 560 large-vehicle 0
388 566 394 588 219 632 213 612 large-vehicle 0
813 392 792 398 752 257 774 249 large-vehicle 0
728 348 708 353 687 273 708 267 large-vehicle 0
1052 405 1071 397 1091 475 1071 479 large-vehicle 0
662 359 643 367 623 291 642 284 large-vehicle 0
627 368 607 374 589 297 610 292 large-vehicle 0
596 379 576 385 558 307 577 300 large-vehicle 0
492 393 472 399 456 331 476 325 large-vehicle 0
460 401 441 408 422 339 444 333 large-vehicle 0
396 428 378 435 356 359 376 352 large-vehicle 0
361 424 343 432 323 366 345 360 large-vehicle 0
330 445 310 451 290 374 310 370 large-vehicle 0
1003 423 1022 418 1041 486 1021 491 large-vehicle 0
1076 399 1097 392 1116 468 1096 473 large-vehicle 0
908 111 903 91 944 81 949 100 small-vehicle 0
904 305 899 289 940 278 944 294 small-vehicle 0
949 121 953 140 918 149 913 130 small-vehicle 0
1022 173 1018 153 1061 143 1064 165 small-vehicle 0
932 217 925 199 964 190 971 208 small-vehicle 0
936 240 930 221 970 211 977 229 small-vehicle 0
954 303 951 286 988 280 990 296 small-vehicle 0
951 281 945 265 986 258 989 275 small-vehicle 0
944 259 941 244 981 234 983 250 small-vehicle 0
894 275 891 259 931 250 935 266 small-vehicle 0
69 823 64 802 101 792 107 811 small-vehicle 0
698 359 679 363 656 280 677 276 large-vehicle 0
58 776 53 756 94 746 96 768 small-vehicle 0
51 750 48 733 94 724 97 742 small-vehicle 0
45 732 40 715 84 706 87 722 small-vehicle 0
141 448 160 444 168 484 149 488 small-vehicle 0
170 466 188 462 196 500 179 505 small-vehicle 0
826 524 844 519 870 601 851 606 large-vehicle 0
1104 399 1121 395 1141 450 1124 457 large-vehicle 0
1026 410 1047 404 1066 481 1045 487 large-vehicle 0
269 447 250 455 231 389 252 384 large-vehicle 0
