imagesource:GoogleEarth
gsd:0.131092791667
477 796 476 778 512 778 514 797 small-vehicle 0
261 310 299 308 303 408 267 411 ship 0
174 313 202 313 202 393 174 393 ship 0
90 328 116 328 116 415 90 415 ship 0
730 778 684 777 689 563 737 562 ship 0
43 312 65 311 65 399 44 400 ship 0
21 308 44 307 43 398 19 399 ship 0
221 322 240 321 243 397 223 399 ship 0
356 310 392 309 391 412 359 412 ship 0
129 550 109 544 126 494 145 500 small-vehicle 0
477 309 511 308 509 412 477 414 ship 0
66 321 89 321 93 425 68 425 harbor 0
154 320 176 321 181 428 156 429 harbor 0
241 324 261 324 264 427 246 427 harbor 0
334 325 354 324 356 427 335 428 harbor 0
511 326 532 325 534 428 513 428 harbor 0
441 333 469 333 469 398 441 398 ship 0
324 559 305 552 320 507 341 513 small-vehicle 0
477 775 476 753 515 755 514 775 small-vehicle 0
55 554 74 560 62 598 43 593 small-vehicle 0
372 675 352 688 321 642 342 630 small-vehicle 0
64 675 46 684 29 648 47 640 small-vehicle 0
51 643 68 635 86 667 68 675 small-vehicle 0
114 673 99 682 78 649 97 640 small-vehicle 0
10 555 27 559 16 597 1 592 small-vehicle 0
34 554 51 558 36 601 19 596 small-vehicle 0
82 553 98 558 85 598 68 593 small-vehicle 0
375 558 392 565 377 601 361 597 small-vehicle 0
108 552 125 556 116 596 97 591 small-vehicle 0
129 556 145 561 133 601 116 596 small-vehicle 0
159 547 177 552 162 601 142 594 small-vehicle 0
517 561 498 556 515 508 533 514 small-vehicle 0
278 558 294 563 280 604 263 598 small-vehicle 0
300 561 317 567 306 602 290 597 small-vehicle 0
420 323 441 322 444 428 424 428 harbor 0
