imagesource:GoogleEarth
gsd:0.123886837688
687 86 661 96 640 46 665 32 large-vehicle 0
3126 218 3088 214 3100 58 3137 60 harbor 0
1329 252 1427 243 1432 292 1332 304 swimming-pool 0
1113 215 1220 194 1231 251 1122 273 swimming-pool 0
864 332 954 299 981 356 889 391 swimming-pool 0
460 574 538 515 565 551 484 608 swimming-pool 0
259 711 333 666 357 702 280 746 swimming-pool 0
33 842 115 789 150 851 65 901 swimming-pool 0
1102 713 1036 737 978 562 1050 542 harbor 0
625 825 609 833 576 758 590 751 harbor 0
2910 321 2883 329 2841 128 2873 124 harbor 0
1885 222 1993 205 1998 255 1891 273 swimming-pool 0
2664 361 2601 391 2529 206 2594 182 harbor 0
2568 463 2503 497 2416 297 2477 265 harbor 0
2184 746 2120 758 2053 410 2109 393 harbor 0
1706 721 1579 727 1566 427 1695 422 harbor 0
1449 643 1405 660 1349 458 1399 443 harbor 0
1252 703 1208 712 1148 476 1198 462 harbor 0
871 706 813 728 760 610 813 584 harbor 0
507 968 447 1001 358 856 417 818 harbor 0
1682 248 1757 221 1768 261 1695 283 swimming-pool 0
122 104 142 90 162 125 142 136 small-vehicle 0
700 55 683 63 669 28 689 21 small-vehicle 0
1342 524 1366 515 1385 578 1362 585 ship 0
694 104 712 96 732 144 715 152 small-vehicle 0
663 106 682 95 699 133 682 141 small-vehicle 0
667 161 689 149 708 192 687 200 small-vehicle 0
648 181 669 171 684 208 665 218 small-vehicle 0
1967 10 1969 29 1921 31 1920 12 small-vehicle 0
2836 185 2860 179 2870 236 2847 241 ship 0
2595 321 2623 309 2648 365 2623 376 ship 0
2137 706 2162 701 2172 754 2146 758 ship 0
1219 538 1247 529 1260 592 1231 599 ship 0
182 552 164 562 147 530 164 520 small-vehicle 0
1057 557 1083 548 1106 633 1082 639 ship 0
567 795 590 785 610 828 587 839 ship 0
368 926 401 909 441 992 408 1008 ship 0
242 1110 270 1090 304 1138 281 1157 ship 0
151 1163 173 1147 206 1199 183 1214 ship 0
1 1232 19 1220 48 1263 28 1280 ship 0
461 375 475 363 497 395 485 406 small-vehicle 0
33 576 16 585 1 549 15 540 small-vehicle 0
305 1133 212 1205 103 1066 202 993 harbor 0
