imagesource:GoogleEarth
gsd:0.130107682292
1120 429 1102 414 1135 377 1152 393 ship 0
1077 372 1060 353 1102 317 1118 334 ship 0
1325 489 1372 553 868 1016 820 958 harbor 0
1532 735 1566 783 1051 1178 1014 1120 harbor 0
1682 952 1744 1038 1230 1436 1165 1336 harbor 0
2113 1748 2108 1867 1426 1849 1432 1731 harbor 0
351 674 432 740 385 794 302 732 swimming-pool 0
712 1066 750 1034 821 1111 781 1140 swimming-pool 0
828 1196 862 1167 919 1232 885 1259 swimming-pool 0
53 1311 122 1375 92 1405 23 1341 swimming-pool 0
226 1503 318 1545 295 1587 208 1542 swimming-pool 0
301 1631 340 1602 394 1678 354 1705 swimming-pool 0
269 1150 251 1173 209 1135 229 1115 small-vehicle 0
230 1228 245 1240 222 1267 207 1254 small-vehicle 0
254 1233 270 1247 241 1279 225 1265 small-vehicle 0
563 1216 586 1208 599 1255 579 1260 small-vehicle 0
633 1256 645 1269 621 1296 605 1283 small-vehicle 0
585 1606 592 1622 556 1638 548 1623 small-vehicle 0
617 1500 629 1486 663 1522 647 1535 small-vehicle 0
616 1459 628 1449 655 1480 646 1490 small-vehicle 0
817 175 796 160 828 105 851 124 ship 0
813 92 864 132 542 573 488 523 harbor 0
