imagesource:GoogleEarth
gsd:0.125235541358
909 503 881 498 894 421 922 426 ship 0
1169 549 1167 579 1107 570 1109 542 ship 0
552 201 675 232 601 548 460 510 harbor 0
934 343 982 348 935 677 883 669 harbor 0
1648 404 1684 426 1491 764 1451 737 harbor 0
2060 575 2105 620 2017 730 1970 683 harbor 0
2150 695 2180 705 2083 1040 2048 1028 harbor 0
2378 739 2426 750 2351 1133 2295 1121 harbor 0
1139 318 1250 324 1227 697 1107 688 harbor 0
248 757 348 823 301 878 210 811 swimming-pool 0
601 920 644 949 580 1031 537 997 swimming-pool 0
872 940 909 959 870 1036 831 1017 swimming-pool 0
1130 897 1218 927 1197 981 1112 949 swimming-pool 0
1694 1111 1776 1142 1752 1198 1671 1165 swimming-pool 0
559 1363 574 1349 598 1380 582 1394 small-vehicle 0
2132 752 2099 744 2119 674 2149 682 ship 0
2027 755 2009 736 2042 695 2064 714 ship 0
1189 301 1236 308 1209 422 1162 414 ship 0
1139 488 1099 484 1107 402 1151 406 ship 0
387 179 453 211 320 494 254 455 harbor 0
