imagesource:GoogleEarth
gsd:0.124494196868
884 279 892 303 843 318 836 293 ship 0
2321 807 2310 772 2410 742 2423 779 ship 0
2252 638 2366 605 2378 643 2261 672 ship 0
2231 515 2227 475 2315 452 2326 490 ship 0
2204 441 2191 401 2295 372 2304 413 ship 0
2424 425 2432 455 2350 475 2342 448 ship 0
2437 374 2447 412 2333 448 2320 414 ship 0
2477 542 2487 578 2383 600 2373 568 ship 0
2456 496 2464 533 2371 560 2364 525 ship 0
2651 675 2634 639 2762 598 2773 640 ship 0
2639 632 2628 594 2746 560 2758 594 ship 0
2618 538 2609 505 2721 477 2731 506 ship 0
2602 491 2591 459 2708 424 2718 459 ship 0
2590 456 2579 423 2699 389 2708 423 ship 0
2673 197 2667 178 2707 166 2712 186 small-vehicle 0
2664 123 2658 103 2700 92 2707 112 small-vehicle 0
2660 74 2654 56 2689 47 2695 65 small-vehicle 0
2510 95 2488 99 2479 58 2499 52 small-vehicle 0
2341 208 2359 202 2369 241 2351 247 small-vehicle 0
2306 753 2293 717 2384 692 2395 728 ship 0
2424 766 2416 738 2511 720 2516 753 ship 0
1923 215 1945 208 1956 249 1935 255 small-vehicle 0
2502 659 2515 692 2412 723 2404 689 ship 0
1899 650 1892 614 2002 590 2009 630 ship 0
1910 605 1903 576 1981 553 1993 582 ship 0
1900 568 1888 534 1971 509 1980 543 ship 0
1882 531 1868 489 1962 464 1975 506 ship 0
2076 393 2084 422 1988 448 1979 419 ship 0
2085 440 2094 470 1994 498 1986 471 ship 0
2108 514 2116 549 2014 572 2004 537 ship 0
2126 549 2139 585 2030 615 2019 578 ship 0
2131 599 2138 630 2049 652 2040 623 ship 0
2156 630 2166 663 2047 698 2038 662 ship 0
2184 754 2192 789 2082 817 2076 781 ship 0
1940 684 1933 656 1999 636 2008 667 ship 0
2273 531 2268 507 2323 497 2328 520 ship 0
2212 377 2205 354 2267 341 2272 362 ship 0
2380 354 2387 378 2326 396 2318 375 ship 0
2302 321 2320 314 2333 350 2313 359 ship 0
2506 609 2517 651 2407 680 2393 641 ship 0
2320 149 2298 156 2286 114 2309 108 small-vehicle 0
1883 230 1905 223 1918 261 1896 268 small-vehicle 0
1940 816 1931 781 2044 750 2050 782 ship 0
479 589 459 599 442 561 464 553 small-vehicle 0
505 486 488 494 473 455 492 449 small-vehicle 0
463 501 442 506 430 468 449 463 small-vehicle 0
355 355 330 361 319 314 345 309 small-vehicle 0
481 22 489 43 451 57 442 39 small-vehicle 0
656 17 662 43 604 62 598 37 ship 0
237 27 251 5 316 43 306 67 ship 0
161 49 172 26 244 62 234 84 ship 0
91 61 107 38 176 76 162 103 ship 0
849 478 1027 424 1054 519 874 565 swimming-pool 0
2804 647 2693 681 2566 319 2693 283 harbor 0
2530 715 2311 782 2184 351 2412 289 harbor 0
2191 811 1986 871 1857 446 2067 389 harbor 0
1860 923 1670 991 1531 538 1734 484 harbor 0
1517 1025 1334 1076 1220 630 1404 575 harbor 0
1193 1108 1011 1168 857 664 1051 608 harbor 0
852 1108 686 1168 540 674 726 621 harbor 0
528 1137 375 1186 253 755 394 711 harbor 0
513 439 536 430 549 477 526 482 small-vehicle 0
563 567 543 571 533 533 553 529 small-vehicle 0
1897 332 1915 327 1928 368 1911 374 small-vehicle 0
600 518 617 515 633 561 614 567 small-vehicle 0
1906 383 1888 387 1869 342 1888 336 small-vehicle 0
1727 391 1744 383 1756 426 1739 431 small-vehicle 0
1702 394 1719 388 1732 429 1716 435 small-vehicle 0
1682 402 1696 396 1709 432 1696 438 small-vehicle 0
1768 304 1749 311 1733 270 1754 264 small-vehicle 0
1612 309 1629 305 1641 343 1623 348 small-vehicle 0
1589 316 1608 310 1620 350 1601 355 small-vehicle 0
1691 443 1675 448 1664 410 1680 405 small-vehicle 0
1636 414 1657 408 1666 442 1647 447 small-vehicle 0
1576 436 1597 429 1608 470 1589 476 small-vehicle 0
1533 445 1551 439 1563 475 1547 482 small-vehicle 0
1513 456 1530 450 1542 485 1525 490 small-vehicle 0
682 196 703 193 708 239 688 243 small-vehicle 0
681 381 666 386 651 338 667 335 small-vehicle 0
723 374 741 369 753 410 733 416 small-vehicle 0
644 508 662 503 671 541 655 547 small-vehicle 0
650 548 635 553 625 519 640 512 small-vehicle 0
1929 732 1920 699 2015 677 2024 707 ship 0
1988 904 1976 867 2101 837 2111 872 ship 0
635 79 630 53 699 37 707 63 ship 0
562 795 551 758 644 735 653 769 ship 0
582 863 578 833 659 823 666 852 ship 0
601 910 594 874 672 861 676 891 ship 0
642 1017 637 987 712 970 720 998 ship 0
648 1063 641 1029 724 1008 732 1040 ship 0
639 1107 632 1076 731 1048 739 1079 ship 0
644 1155 632 1119 740 1082 752 1117 ship 0
844 1024 852 1052 764 1072 757 1043 ship 0
813 993 821 1022 756 1035 748 1011 ship 0
825 939 834 972 739 996 730 963 ship 0
810 901 817 930 734 951 726 921 ship 0
817 859 825 892 714 918 705 887 ship 0
771 834 779 859 710 876 704 851 ship 0
781 781 787 815 693 837 686 802 ship 0
756 746 767 777 683 797 677 766 ship 0
734 670 744 698 667 721 659 690 ship 0
865 711 853 671 939 648 949 685 ship 0
883 749 873 712 954 687 963 723 ship 0
587 826 578 797 650 776 658 806 ship 0
548 695 545 661 615 660 616 691 ship 0
918 869 909 834 989 809 999 843 ship 0
850 1118 859 1158 709 1195 697 1155 ship 0
262 1106 267 1148 144 1161 138 1123 ship 0
196 1066 206 1092 130 1119 121 1092 ship 0
142 962 150 985 97 1002 89 981 ship 0
166 825 173 858 61 883 54 847 ship 0
427 719 435 747 365 765 358 738 ship 0
369 811 361 787 421 770 429 794 ship 0
456 845 459 874 388 885 382 858 ship 0
465 875 479 903 399 927 389 897 ship 0
483 914 491 943 414 964 402 936 ship 0
501 958 511 989 425 1013 413 978 ship 0
332 1032 324 1004 391 989 397 1015 ship 0
324 1079 320 1041 405 1028 412 1062 ship 0
343 1159 333 1127 428 1106 434 1138 ship 0
527 1029 534 1067 449 1088 438 1056 ship 0
544 1080 551 1117 460 1136 452 1102 ship 0
106 1116 66 1130 24 984 64 970 ship 0
382 1221 372 1181 519 1135 535 1178 ship 0
912 819 909 788 976 776 981 809 ship 0
944 943 936 914 1013 891 1018 917 ship 0
1689 1020 1681 985 1812 943 1824 982 ship 0
1518 598 1509 559 1616 532 1627 570 ship 0
1763 537 1773 571 1664 602 1653 569 ship 0
1787 578 1793 615 1679 645 1668 607 ship 0
1556 676 1548 642 1661 612 1670 649 ship 0
1565 723 1554 689 1663 652 1672 688 ship 0
1776 622 1786 651 1695 687 1682 659 ship 0
1802 664 1810 699 1703 727 1693 692 ship 0
1568 769 1557 731 1678 698 1689 737 ship 0
1649 975 1639 939 1735 918 1742 949 ship 0
1641 928 1633 890 1731 866 1737 904 ship 0
1609 886 1602 849 1716 823 1722 859 ship 0
1597 844 1589 804 1697 783 1703 823 ship 0
1613 794 1604 761 1691 743 1699 776 ship 0
1801 710 1810 742 1713 767 1702 735 ship 0
1823 748 1832 782 1721 812 1710 779 ship 0
1839 790 1850 826 1737 851 1725 818 ship 0
1836 836 1843 866 1746 886 1740 857 ship 0
1862 876 1871 906 1760 937 1755 902 ship 0
1740 492 1753 526 1656 555 1648 522 ship 0
1548 636 1538 596 1636 573 1645 610 ship 0
971 1071 964 1041 1047 1015 1055 1045 ship 0
1454 770 1461 808 1388 826 1376 791 ship 0
976 1107 969 1078 1062 1055 1069 1081 ship 0
994 1146 986 1116 1068 1095 1076 1122 ship 0
1180 1019 1187 1051 1085 1073 1080 1040 ship 0
1147 987 1154 1013 1077 1033 1071 1008 ship 0
1145 940 1156 979 1067 1004 1056 967 ship 0
1127 904 1138 936 1061 957 1047 926 ship 0
1141 853 1151 893 1045 921 1033 884 ship 0
1105 823 1111 850 1021 877 1012 844 ship 0
1104 781 1112 818 1012 840 1003 806 ship 0
1091 747 1097 777 997 801 991 768 ship 0
1055 620 1067 653 974 680 964 644 ship 0
1273 842 1260 813 1338 784 1348 816 ship 0
1076 1184 1064 1151 1199 1111 1209 1146 ship 0
1203 1050 1213 1085 1098 1119 1087 1084 ship 0
1357 1113 1346 1075 1509 1028 1522 1068 ship 0
1527 920 1536 959 1428 986 1417 949 ship 0
1495 887 1505 919 1408 940 1400 907 ship 0
231 1168 124 1202 15 823 129 787 harbor 0
