imagesource:GoogleEarth
gsd:0.131154116014
781 260 788 243 826 260 819 276 small-vehicle 0
130 934 141 923 166 944 154 957 small-vehicle 0
441 487 510 537 402 683 331 633 tennis-court 0
500 678 648 785 598 855 450 746 tennis-court 0
567 587 714 695 664 765 516 657 tennis-court 0
634 497 778 606 730 675 583 565 tennis-court 0
144 37 152 21 195 41 189 56 small-vehicle 0
355 77 343 61 369 39 381 54 small-vehicle 0
271 139 261 125 293 101 305 114 small-vehicle 0
250 87 243 102 207 89 214 73 small-vehicle 0
253 135 236 122 263 85 283 101 small-vehicle 0
489 222 477 208 509 179 521 198 small-vehicle 0
567 242 552 229 577 202 589 213 small-vehicle 0
591 246 579 230 608 205 621 219 small-vehicle 0
103 793 113 777 146 800 134 814 small-vehicle 0
181 927 167 944 139 920 154 904 small-vehicle 0
110 953 121 936 152 963 142 976 small-vehicle 0
754 283 735 278 743 241 764 247 small-vehicle 0
363 974 370 961 399 980 391 993 small-vehicle 0
349 990 358 976 385 1000 377 1013 small-vehicle 0
58 1032 67 1019 96 1039 88 1054 small-vehicle 0
47 944 35 960 5 937 18 921 small-vehicle 0
1 955 5 941 29 962 23 975 small-vehicle 0
610 1088 625 1099 602 1132 589 1123 small-vehicle 0
807 1045 799 1062 767 1040 778 1025 small-vehicle 0
815 953 830 963 811 993 795 982 small-vehicle 0
695 94 688 114 648 100 654 82 small-vehicle 0
699 74 693 91 655 80 659 64 small-vehicle 0
826 133 821 153 784 140 790 121 small-vehicle 0
831 115 827 132 788 120 794 102 small-vehicle 0
655 143 659 126 692 137 685 154 small-vehicle 0
808 186 804 203 765 192 770 174 small-vehicle 0
353 421 422 472 314 620 246 568 tennis-court 0
