imagesource:GoogleEarth
gsd:0.130139432998
338 362 335 344 382 334 386 351 small-vehicle 0
406 403 411 421 357 435 351 419 small-vehicle 0
588 181 609 168 634 207 612 219 small-vehicle 0
461 706 456 687 537 664 543 684 large-vehicle 0
442 633 436 612 499 593 504 614 large-vehicle 0
434 606 429 588 493 569 498 589 large-vehicle 0
430 581 424 562 484 545 491 564 large-vehicle 0
408 483 411 503 356 512 352 491 large-vehicle 0
412 428 418 449 367 463 361 442 large-vehicle 0
345 413 341 396 400 379 405 398 large-vehicle 0
396 351 403 371 352 386 345 368 large-vehicle 0
335 341 327 324 384 302 392 322 large-vehicle 0
337 262 342 279 290 296 284 278 large-vehicle 0
306 139 311 158 259 173 253 154 large-vehicle 0
