imagesource:GoogleEarth
gsd:0.13646470014
245 1062 259 1077 233 1099 220 1086 small-vehicle 0
201 1007 217 996 238 1025 222 1035 small-vehicle 0
557 387 541 379 559 347 575 355 small-vehicle 0
537 380 521 372 539 340 554 346 small-vehicle 0
514 369 498 360 517 328 532 336 small-vehicle 0
395 309 377 299 397 264 413 274 small-vehicle 0
311 286 295 277 313 243 329 251 small-vehicle 0
274 264 258 256 275 221 292 228 small-vehicle 0
223 254 208 242 234 210 246 222 small-vehicle 0
166 682 323 765 283 839 126 754 tennis-court 0
216 589 371 672 332 747 177 663 tennis-court 0
265 496 421 579 382 653 225 569 tennis-court 0
314 404 470 488 431 561 276 477 tennis-court 0
363 311 518 395 479 468 323 385 tennis-court 0
