imagesource:GoogleEarth
gsd:0.117413871628
677 121 690 135 660 162 648 150 small-vehicle 0
615 54 627 69 596 96 585 83 small-vehicle 0
228 654 303 596 427 763 348 820 tennis-court 0
328 581 404 523 527 687 450 745 tennis-court 0
427 507 506 449 629 615 551 672 tennis-court 0
559 410 634 353 758 520 681 578 tennis-court 0
659 336 735 280 860 445 782 502 tennis-court 0
758 262 837 204 959 369 883 429 tennis-court 0
860 190 937 132 1059 297 981 354 tennis-court 0
1408 591 1559 927 1165 931 1078 741 baseball-diamond 1
145 230 157 243 130 273 115 260 small-vehicle 0
664 103 676 116 641 147 630 135 small-vehicle 0
629 71 644 85 611 115 600 101 small-vehicle 0
515 243 517 220 557 224 556 246 small-vehicle 0
640 259 624 271 601 235 618 225 small-vehicle 0
656 241 642 253 615 217 632 205 small-vehicle 0
615 275 600 285 578 252 594 243 small-vehicle 0
581 301 563 314 538 281 556 264 small-vehicle 0
524 340 509 353 481 316 498 305 small-vehicle 0
107 268 121 284 89 314 74 299 small-vehicle 0
130 730 203 671 326 836 250 892 tennis-court 0
