imagesource:GoogleEarth
gsd:0.121906117627
822 26 802 38 779 4 801 0 small-vehicle 0
779 48 760 61 739 26 757 13 small-vehicle 0
318 159 335 145 359 175 342 188 small-vehicle 0
302 171 318 158 342 191 327 203 small-vehicle 0
280 187 297 173 324 203 306 217 small-vehicle 0
265 202 281 189 305 221 291 231 small-vehicle 0
245 214 260 201 284 230 269 244 small-vehicle 0
230 230 246 217 272 247 257 261 small-vehicle 0
215 244 233 231 254 261 238 276 small-vehicle 0
200 257 215 245 239 279 224 290 small-vehicle 0
177 273 194 260 218 293 204 305 small-vehicle 0
160 291 179 277 201 308 183 322 small-vehicle 0
144 302 159 291 180 321 166 331 small-vehicle 0
40 425 24 439 1 404 15 394 small-vehicle 0
125 318 141 339 50 409 34 389 large-vehicle 0
764 148 841 97 949 258 873 311 tennis-court 0
663 215 740 162 849 325 773 379 tennis-court 0
519 313 596 260 705 422 628 475 tennis-court 0
425 375 502 323 611 486 535 538 tennis-court 0
331 439 408 386 517 548 442 601 tennis-court 0
237 500 313 449 423 611 347 664 tennis-court 0
335 145 349 132 377 163 362 176 small-vehicle 0
353 131 366 118 394 151 380 164 small-vehicle 0
591 135 609 121 629 152 613 164 small-vehicle 0
309 353 294 364 263 325 279 313 small-vehicle 0
761 63 746 75 721 41 738 28 small-vehicle 0
742 78 726 89 708 61 724 50 small-vehicle 0
723 89 707 99 685 65 701 54 small-vehicle 0
706 100 690 113 661 77 678 65 small-vehicle 0
220 420 203 432 178 401 195 388 small-vehicle 0
244 411 226 422 201 383 216 372 small-vehicle 0
263 391 247 402 218 363 236 353 small-vehicle 0
290 369 276 380 244 342 259 332 small-vehicle 0
388 296 374 310 340 273 352 261 small-vehicle 0
608 117 627 102 648 137 632 150 small-vehicle 0
410 277 395 289 360 255 376 241 small-vehicle 0
437 261 422 273 390 238 406 224 small-vehicle 0
459 242 444 255 413 221 429 206 small-vehicle 0
479 224 465 237 436 198 451 188 small-vehicle 0
501 210 487 223 453 184 467 171 small-vehicle 0
526 190 509 206 475 165 491 151 small-vehicle 0
548 173 530 185 508 151 526 139 small-vehicle 0
631 105 647 92 668 125 653 135 small-vehicle 0
15 661 91 608 201 772 126 823 tennis-court 0
