imagesource:GoogleEarth
gsd:0.511546078256
610 126 618 125 621 140 613 142 ship 0
228 649 226 659 209 658 209 648 ship 0
310 346 295 352 282 297 297 292 harbor 0
450 352 422 354 415 277 443 275 harbor 0
503 352 478 355 465 282 492 277 harbor 0
707 265 682 267 675 184 700 181 harbor 0
798 248 777 250 775 197 796 195 harbor 0
918 620 933 619 932 691 919 692 harbor 0
982 584 990 557 1051 577 1044 603 harbor 0
682 554 696 551 709 607 695 611 harbor 0
536 587 553 579 583 641 567 650 harbor 0
330 568 353 564 362 619 339 623 harbor 0
212 621 235 624 224 740 201 737 harbor 0
90 411 101 411 100 435 90 433 ship 0
332 337 331 347 309 347 310 338 ship 0
454 450 458 460 441 466 438 457 ship 0
237 611 236 623 213 621 213 609 ship 0
123 432 99 430 101 376 125 377 harbor 0
