imagesource:GoogleEarth
gsd:0.270116721748
532 126 536 140 517 145 512 131 ship 0
110 463 101 462 103 439 114 440 ship 0
11 525 13 513 47 517 45 529 ship 0
91 442 101 442 101 465 89 466 small-vehicle 0
77 509 78 495 111 500 110 512 small-vehicle 0
174 222 185 224 181 244 169 241 small-vehicle 0
262 981 240 1033 54 953 78 907 harbor 0
388 691 353 762 210 686 248 620 harbor 0
70 642 99 645 95 700 67 698 swimming-pool 0
471 491 456 528 350 488 365 450 harbor 0
230 398 252 399 250 442 226 440 swimming-pool 0
558 268 554 292 430 276 434 248 harbor 0
572 170 566 188 444 151 451 132 harbor 0
616 53 612 72 462 50 467 30 harbor 0
