imagesource:GoogleEarth
gsd:0.260370957476
1335 936 1324 936 1324 911 1335 911 small-vehicle 0
1461 894 1471 900 1458 918 1449 913 small-vehicle 0
471 882 470 919 232 906 235 866 harbor 0
641 735 627 849 456 830 472 715 harbor 0
676 335 664 351 558 275 572 258 harbor 0
1396 79 1400 49 1544 61 1543 90 harbor 0
1456 428 1473 417 1522 491 1503 503 harbor 0
1219 514 1242 505 1274 585 1251 594 harbor 0
1002 632 1033 597 1115 671 1088 703 harbor 0
1124 811 1150 818 1136 864 1111 857 swimming-pool 0
959 809 959 765 1085 763 1086 804 harbor 0
984 995 981 975 1080 963 1084 985 harbor 0
617 1057 638 1083 593 1118 573 1090 harbor 0
1236 1170 1231 1123 1330 1119 1333 1164 harbor 0
293 1141 293 1150 271 1150 271 1141 small-vehicle 0
1241 498 1252 492 1264 514 1252 521 ship 0
991 769 990 786 961 785 961 768 ship 0
1189 714 1200 722 1183 742 1173 734 ship 0
1263 1121 1263 1136 1233 1140 1231 1125 ship 0
1469 74 1468 90 1430 87 1430 70 ship 0
1551 641 1542 642 1538 625 1547 623 small-vehicle 0
1545 672 1535 674 1531 654 1542 652 small-vehicle 0
1541 648 1528 651 1523 627 1534 622 small-vehicle 0
1402 747 1392 753 1383 735 1392 731 small-vehicle 0
1392 726 1383 730 1375 709 1383 706 small-vehicle 0
1381 732 1373 736 1362 715 1372 711 small-vehicle 0
1371 870 1359 867 1364 842 1374 842 small-vehicle 0
189 604 208 606 203 656 182 654 swimming-pool 0
