imagesource:GoogleEarth
gsd:0.25179396565
738 289 731 285 740 267 749 270 ship 0
1177 351 1186 355 1178 376 1169 372 ship 0
1281 178 1290 184 1279 207 1269 202 ship 0
1134 183 1134 193 1113 195 1112 185 small-vehicle 0
1268 172 1277 178 1264 199 1255 193 small-vehicle 0
926 129 918 123 930 105 940 110 small-vehicle 0
941 135 930 130 939 108 949 113 small-vehicle 0
1274 762 1241 723 1305 673 1336 709 harbor 0
1209 530 1198 506 1248 481 1261 503 harbor 0
1113 495 1094 485 1151 364 1171 374 harbor 0
1024 441 993 440 995 390 1025 389 harbor 0
748 332 709 314 755 223 794 242 harbor 0
676 239 653 234 665 179 687 183 harbor 0
578 242 539 248 531 185 570 177 harbor 0
324 337 292 345 268 259 301 250 harbor 0
215 518 167 534 121 395 171 381 harbor 0
