imagesource:GoogleEarth
gsd:0.258479815725
1043 1030 1033 1022 1045 1005 1053 1010 small-vehicle 0
1050 1037 1043 1030 1053 1013 1062 1019 small-vehicle 0
1102 844 1102 836 1124 838 1123 848 small-vehicle 0
1295 1079 1288 1092 1262 1075 1270 1062 ship 0
71 544 82 537 94 559 83 566 ship 0
1224 702 1242 713 1174 811 1154 799 harbor 0
715 1052 741 1072 733 1084 707 1062 swimming-pool 0
1109 607 1138 629 1082 704 1055 686 harbor 0
535 418 559 413 571 468 549 474 swimming-pool 0
821 415 837 427 797 488 782 478 harbor 0
555 240 592 241 590 362 550 359 harbor 0
233 443 252 431 284 474 266 486 harbor 0
90 572 107 553 159 591 141 610 harbor 0
220 681 241 698 214 732 194 715 swimming-pool 0
