imagesource:GoogleEarth
gsd:0.126223134669
764 1138 756 1122 791 1103 800 1121 small-vehicle 0
653 1121 644 1107 677 1089 687 1105 small-vehicle 0
645 829 637 816 672 798 679 812 small-vehicle 0
655 851 646 834 683 815 691 831 small-vehicle 0
601 831 595 815 627 797 636 814 small-vehicle 0
610 849 602 835 636 817 646 833 small-vehicle 0
619 871 610 854 643 836 653 852 small-vehicle 0
665 868 656 853 693 835 703 851 small-vehicle 0
677 890 668 872 701 855 709 872 small-vehicle 0
649 927 640 911 678 893 687 911 small-vehicle 0
662 947 654 931 685 914 696 928 small-vehicle 0
671 964 664 950 695 934 702 950 small-vehicle 0
690 906 681 892 716 875 722 889 small-vehicle 0
492 816 483 800 516 781 525 796 small-vehicle 0
505 834 496 818 526 799 534 816 small-vehicle 0
527 870 518 855 550 836 558 851 small-vehicle 0
458 907 450 891 483 872 493 888 small-vehicle 0
470 922 462 910 495 892 504 907 small-vehicle 0
479 942 472 929 506 910 515 925 small-vehicle 0
489 961 481 947 515 928 524 944 small-vehicle 0
586 984 578 970 607 952 617 966 small-vehicle 0
602 999 594 985 625 968 634 983 large-vehicle 0
567 947 557 931 593 913 602 930 small-vehicle 0
504 1001 497 987 531 970 538 987 small-vehicle 0
527 1036 518 1022 554 1003 566 1020 small-vehicle 0
552 1075 543 1060 580 1040 590 1056 small-vehicle 0
565 1095 556 1078 589 1060 599 1077 small-vehicle 0
621 1062 610 1047 648 1026 659 1044 small-vehicle 0
629 1084 621 1069 656 1050 665 1066 small-vehicle 0
639 809 629 795 665 777 672 793 small-vehicle 0
581 791 573 776 604 759 614 773 small-vehicle 0
591 812 581 794 614 775 625 795 small-vehicle 0
457 573 467 559 503 581 491 595 small-vehicle 0
98 412 196 369 216 415 118 456 tennis-court 0
133 496 232 454 252 500 152 543 tennis-court 0
167 581 266 539 286 585 186 628 tennis-court 0
1006 699 1086 660 1166 835 1083 872 tennis-court 0
875 405 957 369 1035 545 952 579 tennis-court 0
984 357 1065 320 1144 496 1062 532 tennis-court 0
747 116 831 78 906 250 825 286 tennis-court 0
853 70 938 33 1014 205 933 243 tennis-court 0
488 99 569 63 646 237 565 273 tennis-court 0
314 175 396 138 471 313 392 350 tennis-court 0
275 662 287 645 322 667 311 688 small-vehicle 0
322 639 336 621 370 644 355 663 small-vehicle 0
478 557 487 542 518 563 511 579 small-vehicle 0
629 790 620 773 657 753 665 771 small-vehicle 0
499 548 509 532 546 557 536 575 small-vehicle 0
534 520 550 514 566 543 551 551 small-vehicle 0
555 508 572 502 591 535 571 545 small-vehicle 0
639 537 650 557 614 579 603 560 small-vehicle 0
162 720 176 702 207 728 196 743 small-vehicle 0
199 796 221 787 236 823 213 833 small-vehicle 0
513 654 504 636 544 615 554 632 small-vehicle 0
643 634 635 619 670 598 678 614 small-vehicle 0
547 735 538 719 572 701 581 718 small-vehicle 0
559 753 550 737 582 722 591 738 small-vehicle 0
610 754 599 736 635 715 646 735 small-vehicle 0
567 775 557 757 594 740 602 757 small-vehicle 0
643 1103 633 1088 673 1066 680 1082 small-vehicle 0
665 1143 655 1129 689 1107 698 1124 small-vehicle 0
776 1085 787 1102 749 1124 739 1107 large-vehicle 0
573 1115 563 1098 602 1078 611 1093 small-vehicle 0
764 776 773 794 738 811 730 794 small-vehicle 0
770 795 779 814 743 833 734 816 small-vehicle 0
783 812 791 828 759 849 749 833 small-vehicle 0
790 833 797 849 762 867 756 852 small-vehicle 0
802 848 812 865 779 886 768 868 small-vehicle 0
816 867 826 884 788 905 779 889 small-vehicle 0
824 888 830 907 795 920 790 901 small-vehicle 0
832 907 843 926 804 947 792 927 small-vehicle 0
724 891 734 910 699 929 689 912 small-vehicle 0
738 931 748 947 718 968 708 950 small-vehicle 0
749 952 757 970 726 986 716 972 large-vehicle 0
682 984 674 966 705 950 716 968 small-vehicle 0
813 964 806 946 845 926 854 945 small-vehicle 0
825 981 819 967 852 951 860 964 small-vehicle 0
838 1001 829 985 866 965 875 981 small-vehicle 0
872 1083 863 1065 899 1045 909 1063 small-vehicle 0
879 1101 871 1087 909 1064 918 1079 small-vehicle 0
801 1119 790 1102 830 1082 840 1102 small-vehicle 0
776 1082 768 1063 809 1046 816 1064 small-vehicle 0
769 1062 759 1047 795 1029 803 1045 small-vehicle 0
787 1007 795 1022 757 1043 747 1028 small-vehicle 0
776 989 784 1003 745 1025 738 1010 small-vehicle 0
767 969 775 984 734 1005 727 990 small-vehicle 0
724 990 733 1006 698 1025 689 1008 small-vehicle 0
742 1028 753 1046 719 1066 709 1047 small-vehicle 0
755 1048 764 1064 729 1084 720 1067 small-vehicle 0
765 1066 774 1083 739 1103 732 1087 small-vehicle 0
753 756 760 772 729 789 723 774 small-vehicle 0
745 733 754 752 719 771 710 755 small-vehicle 0
731 716 740 733 703 755 692 739 small-vehicle 0
379 1047 371 1032 404 1015 413 1032 small-vehicle 0
583 1134 575 1117 611 1094 623 1114 small-vehicle 0
619 1115 631 1132 591 1153 580 1137 small-vehicle 0
307 909 299 893 335 874 344 889 small-vehicle 0
313 934 303 916 341 895 350 914 small-vehicle 0
326 950 318 934 352 915 361 935 small-vehicle 0
402 915 410 931 373 951 364 936 small-vehicle 0
391 894 402 912 365 931 357 915 small-vehicle 0
355 984 347 969 380 951 388 965 small-vehicle 0
401 983 392 967 424 952 432 965 small-vehicle 0
363 1003 355 988 390 968 397 987 small-vehicle 0
371 1025 364 1009 395 992 403 1009 small-vehicle 0
407 1007 398 990 431 969 442 987 small-vehicle 0
435 995 445 1011 416 1028 407 1016 small-vehicle 0
721 699 729 714 692 736 682 720 small-vehicle 0
445 1014 455 1028 424 1047 414 1034 small-vehicle 0
459 1030 467 1048 431 1067 424 1051 small-vehicle 0
440 1083 432 1067 472 1046 479 1065 small-vehicle 0
483 1067 490 1084 455 1102 446 1085 small-vehicle 0
462 1123 452 1106 489 1086 498 1106 small-vehicle 0
472 1141 464 1125 501 1106 509 1124 small-vehicle 0
421 1147 413 1127 452 1108 462 1126 small-vehicle 0
417 1123 409 1105 444 1087 454 1103 small-vehicle 0
407 1106 397 1089 433 1067 444 1088 small-vehicle 0
396 1085 387 1070 421 1053 430 1067 small-vehicle 0
388 1066 380 1051 412 1035 419 1050 small-vehicle 0
712 672 724 693 685 713 677 694 small-vehicle 0
61 321 161 281 180 326 80 369 tennis-court 0
