imagesource:GoogleEarth
gsd:0.249409941543
1139 742 1133 748 1118 732 1125 726 small-vehicle 0
10 757 17 751 29 766 22 771 small-vehicle 0
204 394 269 476 189 535 125 461 baseball-diamond 0
580 374 647 453 570 513 503 435 baseball-diamond 0
528 707 592 792 510 847 446 772 baseball-diamond 0
1005 87 1084 192 995 271 903 172 baseball-diamond 0
105 792 111 802 94 815 87 807 small-vehicle 0
20 749 27 740 39 757 31 763 small-vehicle 0
2 764 9 757 19 770 12 776 small-vehicle 0
144 848 150 856 138 867 131 861 small-vehicle 0
6 835 14 828 28 843 19 850 small-vehicle 0
113 802 118 810 101 825 96 818 small-vehicle 0
118 812 124 821 109 832 104 825 small-vehicle 0
126 821 131 828 117 840 112 833 small-vehicle 0
131 831 135 838 122 848 116 842 small-vehicle 0
136 841 144 848 128 861 122 853 small-vehicle 0
364 111 447 212 346 290 263 196 baseball-diamond 0
