imagesource:GoogleEarth
gsd:0.125831814954
655 506 674 505 673 552 653 552 small-vehicle 0
139 312 139 335 77 336 75 313 large-vehicle 0
73 157 74 134 144 135 143 156 large-vehicle 0
134 216 133 236 86 235 86 215 small-vehicle 0
405 307 404 325 359 326 359 309 small-vehicle 0
376 279 376 258 433 259 432 283 small-vehicle 0
531 130 529 109 585 105 586 126 small-vehicle 0
552 184 551 164 616 164 615 187 small-vehicle 0
545 216 546 190 593 193 594 215 small-vehicle 0
536 243 534 221 596 224 594 246 small-vehicle 0
611 216 611 194 664 196 662 220 small-vehicle 0
611 245 611 223 656 224 656 247 small-vehicle 0
603 277 600 252 665 253 665 278 small-vehicle 0
523 362 522 338 585 339 586 363 small-vehicle 0
523 271 524 248 593 250 592 274 small-vehicle 0
124 239 123 258 75 257 74 238 small-vehicle 0
128 263 129 282 77 280 76 262 small-vehicle 0
632 184 632 165 685 169 684 188 small-vehicle 0
762 86 757 65 818 54 822 72 small-vehicle 0
806 162 800 140 893 118 898 142 large-vehicle 0
844 397 839 375 900 356 909 382 large-vehicle 0
836 493 827 468 971 432 977 458 large-vehicle 0
886 623 878 600 983 574 993 598 large-vehicle 0
912 713 885 729 854 678 883 663 large-vehicle 0
917 735 909 712 987 694 992 720 large-vehicle 0
323 417 323 394 413 392 410 416 large-vehicle 0
132 284 132 307 76 307 76 285 large-vehicle 0
631 506 651 506 649 553 632 554 small-vehicle 0
125 185 123 206 64 207 62 185 large-vehicle 0
780 112 774 90 868 65 875 86 large-vehicle 0
794 139 785 117 885 91 892 113 large-vehicle 0
829 253 818 232 909 206 915 228 large-vehicle 0
829 310 822 291 920 263 926 283 large-vehicle 0
844 424 838 404 917 381 923 404 large-vehicle 0
874 510 869 490 952 467 956 487 large-vehicle 0
883 537 875 518 963 495 967 514 large-vehicle 0
890 567 883 548 974 518 980 539 large-vehicle 0
894 590 892 570 986 549 990 572 large-vehicle 0
917 678 910 657 995 635 1001 655 large-vehicle 0
917 703 911 687 987 668 991 688 large-vehicle 0
526 450 527 427 628 435 627 456 large-vehicle 0
498 392 499 370 597 370 597 390 large-vehicle 0
597 394 599 372 694 368 692 390 large-vehicle 0
522 330 523 308 652 312 652 331 large-vehicle 0
502 300 501 279 600 275 598 297 large-vehicle 0
561 100 558 79 627 70 628 90 large-vehicle 0
572 71 569 52 644 39 647 59 large-vehicle 0
937 788 929 770 997 755 1001 773 large-vehicle 0
944 814 942 795 1005 780 1006 799 large-vehicle 0
953 842 949 821 1013 809 1015 830 large-vehicle 0
955 869 950 853 1015 841 1019 857 large-vehicle 0
959 895 959 874 1025 870 1025 891 large-vehicle 0
642 689 672 689 675 778 645 778 large-vehicle 0
732 709 763 706 765 768 734 769 large-vehicle 0
788 708 819 705 821 797 790 798 large-vehicle 0
819 715 852 712 855 795 820 797 large-vehicle 0
51 493 71 491 71 533 51 533 small-vehicle 0
71 493 90 492 90 532 74 535 small-vehicle 0
89 500 110 498 109 533 89 533 small-vehicle 0
115 495 133 493 133 531 115 534 small-vehicle 0
140 496 159 496 156 537 137 536 small-vehicle 0
161 496 179 494 180 540 161 540 small-vehicle 0
186 496 206 498 204 540 184 538 small-vehicle 0
223 495 242 493 244 536 224 538 small-vehicle 0
271 496 294 495 293 540 270 539 small-vehicle 0
293 503 313 503 314 544 296 545 small-vehicle 0
314 499 334 500 335 539 314 540 small-vehicle 0
335 501 354 502 354 545 336 543 small-vehicle 0
357 501 375 501 375 547 357 544 small-vehicle 0
378 501 399 500 396 552 378 553 small-vehicle 0
403 501 425 501 428 547 405 549 small-vehicle 0
428 501 448 502 447 545 429 543 small-vehicle 0
454 504 472 504 472 549 454 546 small-vehicle 0
479 503 497 503 499 544 480 545 small-vehicle 0
499 501 518 501 518 548 502 548 small-vehicle 0
522 505 540 504 540 551 522 553 small-vehicle 0
545 505 562 505 562 549 546 549 small-vehicle 0
586 552 567 553 568 508 587 508 small-vehicle 0
608 508 627 507 628 548 609 549 small-vehicle 0
823 372 816 349 902 327 908 349 small-vehicle 0
840 455 834 435 894 422 897 441 small-vehicle 0
905 645 902 621 961 616 965 638 small-vehicle 0
728 790 754 791 755 839 726 840 small-vehicle 0
669 750 700 750 708 837 677 840 large-vehicle 0
619 434 617 411 715 410 713 434 large-vehicle 0
602 306 600 283 704 282 703 305 large-vehicle 0
273 760 274 784 193 784 195 757 large-vehicle 0
151 792 150 817 56 818 55 790 large-vehicle 0
145 841 145 869 74 869 75 843 large-vehicle 0
119 708 120 730 61 732 58 709 large-vehicle 0
124 736 125 761 54 762 52 736 large-vehicle 0
678 523 696 510 714 543 698 555 small-vehicle 0
699 714 723 714 720 767 696 767 small-vehicle 0
640 786 669 785 669 833 643 833 small-vehicle 0
370 711 370 691 412 694 411 712 small-vehicle 0
534 724 535 746 479 747 479 727 small-vehicle 0
528 835 528 853 476 854 475 834 small-vehicle 0
534 865 532 888 483 889 483 865 small-vehicle 0
605 786 633 783 636 828 608 830 small-vehicle 0
279 674 280 693 234 692 234 673 small-vehicle 0
235 649 235 671 192 669 191 650 small-vehicle 0
286 849 285 872 231 868 230 849 small-vehicle 0
363 858 362 835 410 838 411 862 small-vehicle 0
360 827 361 807 410 810 409 832 small-vehicle 0
366 798 365 775 411 777 411 802 small-vehicle 0
548 157 547 138 650 134 651 159 large-vehicle 0
