imagesource:GoogleEarth
gsd:0.131988991509
897 413 888 428 861 409 870 393 small-vehicle 0
784 400 775 420 730 394 739 376 large-vehicle 0
94 46 95 28 142 36 139 55 small-vehicle 0
732 416 741 402 767 420 759 433 small-vehicle 0
845 425 854 411 882 430 876 444 small-vehicle 0
898 210 891 223 860 202 868 189 small-vehicle 0
634 126 721 138 693 318 608 306 tennis-court 0
525 111 609 123 585 303 499 291 tennis-court 0
280 548 365 562 338 739 255 729 tennis-court 0
171 533 256 545 229 725 144 713 tennis-court 0
326 228 411 242 384 420 299 409 tennis-court 0
217 213 301 225 276 404 191 392 tennis-court 0
