imagesource:GoogleEarth
gsd:0.132758067848
607 35 620 47 596 78 583 68 small-vehicle 0
191 815 180 802 203 776 214 788 small-vehicle 0
433 159 498 218 381 356 315 301 tennis-court 0
516 231 583 289 465 427 401 372 tennis-court 0
173 297 239 355 120 495 54 438 tennis-court 0
256 369 322 426 205 565 139 511 tennis-court 0
340 441 407 498 288 636 223 581 tennis-court 0
82 676 97 689 75 715 59 703 small-vehicle 0
99 692 111 703 89 730 77 721 small-vehicle 0
105 743 95 732 117 705 129 716 small-vehicle 0
152 729 165 743 139 771 126 759 small-vehicle 0
170 799 159 788 183 763 194 774 small-vehicle 0
156 785 145 775 167 750 178 761 small-vehicle 0
119 763 135 778 115 802 100 790 small-vehicle 0
135 719 147 731 123 757 112 747 small-vehicle 0
71 661 82 673 58 702 45 691 small-vehicle 0
41 700 51 709 28 738 17 727 small-vehicle 0
79 777 67 766 91 736 104 750 small-vehicle 0
26 631 38 643 15 670 2 657 small-vehicle 0
123 821 112 809 135 783 148 795 small-vehicle 0
145 831 133 821 153 796 166 807 small-vehicle 0
204 830 192 818 215 791 227 801 small-vehicle 0
58 709 71 722 52 747 39 736 small-vehicle 0
39 640 54 653 30 680 16 669 small-vehicle 0
349 87 415 145 296 283 230 228 tennis-court 0
