imagesource:GoogleEarth
gsd:0.135865946581
724 1425 705 1420 713 1389 731 1394 small-vehicle 1
795 412 873 435 827 604 749 582 tennis-court 0
138 1514 566 1637 492 1889 64 1770 soccer-ball-field 0
539 926 621 950 573 1119 490 1097 tennis-court 0
510 626 592 650 544 818 462 796 tennis-court 0
615 655 694 678 648 847 567 826 tennis-court 0
718 683 799 708 752 875 671 855 tennis-court 0
643 955 724 979 676 1147 594 1125 tennis-court 0
587 353 668 377 619 547 538 525 tennis-court 0
690 383 770 405 723 576 643 553 tennis-court 0
839 275 836 293 799 282 804 264 small-vehicle 0
804 1234 788 1228 795 1198 811 1203 small-vehicle 1
839 1112 821 1105 832 1068 849 1075 small-vehicle 0
784 1241 799 1246 790 1277 775 1272 small-vehicle 0
768 1302 783 1306 772 1342 758 1337 small-vehicle 0
771 1661 756 1654 766 1627 779 1633 small-vehicle 0
310 160 307 176 274 171 277 155 small-vehicle 1
542 223 538 240 504 230 508 215 small-vehicle 1
819 1114 835 1118 827 1149 812 1145 small-vehicle 1
814 1194 797 1190 806 1156 824 1161 small-vehicle 1
223 1211 651 1330 579 1582 152 1458 soccer-ball-field 0
