imagesource:GoogleEarth
gsd:0.257817477585
513 318 512 302 548 304 548 319 ship 0
1113 547 1138 536 1180 663 1156 672 harbor 0
1029 781 1039 781 1039 866 1028 866 harbor 0
955 706 977 707 973 832 950 831 harbor 0
857 712 878 714 859 836 839 833 harbor 0
781 718 802 719 791 830 772 830 harbor 0
457 882 467 884 461 930 451 930 harbor 0
326 888 335 890 321 946 313 945 harbor 0
221 839 243 851 219 903 197 893 harbor 0
175 806 191 813 164 878 150 871 harbor 0
293 635 255 634 264 555 299 557 harbor 0
645 380 559 365 582 259 667 274 harbor 0
1031 231 1019 250 969 219 983 198 harbor 0
