imagesource:GoogleEarth
gsd:0.124276608237
1885 249 1868 241 1884 207 1899 213 small-vehicle 0
1915 286 1901 300 1872 268 1886 254 small-vehicle 0
1961 309 1954 327 1918 313 1924 297 small-vehicle 0
1029 735 1054 742 1021 846 996 837 ship 0
1019 589 1043 598 1022 657 999 647 ship 0
1760 975 1696 922 1831 748 1896 805 harbor 0
1192 935 1136 898 1416 453 1469 490 harbor 0
990 849 933 820 1113 360 1175 389 harbor 0
649 739 609 716 816 288 860 311 harbor 0
443 644 401 635 495 214 538 224 harbor 0
328 503 284 500 302 199 346 201 harbor 0
