imagesource:GoogleEarth
gsd:0.12887837903
1482 1641 1463 1644 1454 1603 1474 1599 ship 0
1672 1515 1651 1518 1641 1470 1661 1464 ship 0
412 1199 393 1206 374 1165 395 1155 ship 0
1582 723 1611 723 1612 784 1589 786 ship 0
891 320 916 313 938 383 914 391 ship 0
1943 906 1958 909 1932 1033 1914 1028 harbor 0
1859 787 1901 788 1888 1046 1843 1044 harbor 0
1609 721 1650 719 1673 1044 1631 1050 harbor 0
1330 799 1389 785 1445 1041 1380 1052 harbor 0
824 316 956 279 1193 1015 1058 1052 harbor 0
878 765 919 752 1039 1114 995 1128 harbor 0
708 838 772 815 875 1185 804 1204 harbor 0
497 810 592 789 700 1250 610 1279 harbor 0
337 1177 374 1163 460 1396 417 1416 harbor 0
124 1162 230 1128 316 1412 206 1450 harbor 0
0 1300 2 1239 93 1517 67 1527 harbor 1
