imagesource:GoogleEarth
gsd:0.12909831515
598 434 612 421 641 450 627 464 small-vehicle 0
397 291 382 304 317 249 329 234 large-vehicle 0
459 212 446 225 391 171 404 157 large-vehicle 0
405 658 422 645 493 715 481 732 large-vehicle 0
413 623 428 610 498 685 480 697 large-vehicle 0
434 607 449 594 518 664 504 677 large-vehicle 0
450 590 467 575 537 643 524 658 large-vehicle 0
284 532 296 550 214 601 204 583 large-vehicle 0
262 507 272 524 196 578 187 560 large-vehicle 0
242 483 255 500 173 561 158 547 large-vehicle 0
217 460 229 474 151 544 136 527 large-vehicle 0
193 444 203 460 135 518 122 501 large-vehicle 0
574 536 557 552 482 484 496 466 large-vehicle 0
489 452 470 465 395 399 409 383 large-vehicle 0
502 426 489 440 421 379 436 364 large-vehicle 0
350 405 337 419 263 347 279 331 large-vehicle 0
413 343 395 356 324 286 339 274 large-vehicle 0
469 359 455 373 400 319 413 306 large-vehicle 0
627 352 614 340 655 299 668 310 large-vehicle 0
605 330 592 316 629 276 645 291 large-vehicle 0
477 297 465 312 412 262 425 246 large-vehicle 0
499 286 485 299 435 246 448 232 large-vehicle 0
416 244 404 252 351 205 364 192 large-vehicle 0
434 221 422 236 363 183 378 170 large-vehicle 0
476 191 462 204 409 152 419 138 large-vehicle 0
409 268 396 282 327 220 340 206 large-vehicle 0
387 363 371 377 300 302 314 288 large-vehicle 0
881 391 867 380 897 352 909 364 small-vehicle 0
328 422 313 437 238 363 254 349 large-vehicle 0
873 140 885 154 853 186 841 172 small-vehicle 0
834 176 817 164 846 125 864 135 small-vehicle 0
724 223 710 241 671 204 688 188 small-vehicle 0
897 311 883 323 859 294 873 281 small-vehicle 0
881 325 871 341 835 312 849 298 small-vehicle 0
864 343 852 355 822 324 834 311 small-vehicle 0
891 550 880 539 900 513 914 525 small-vehicle 0
907 564 895 554 921 525 931 536 small-vehicle 0
872 538 862 525 887 497 899 509 small-vehicle 0
843 509 833 497 858 470 869 482 small-vehicle 0
666 512 678 522 652 548 640 535 small-vehicle 0
754 672 743 662 769 634 780 645 small-vehicle 0
738 656 727 645 753 619 761 631 small-vehicle 0
663 587 677 578 699 610 687 620 small-vehicle 0
651 735 667 748 639 778 624 765 small-vehicle 0
683 767 696 779 668 809 655 796 small-vehicle 0
671 747 685 759 657 786 647 775 small-vehicle 0
600 827 589 842 553 818 563 803 small-vehicle 0
325 592 341 605 313 641 298 629 small-vehicle 0
323 524 305 538 269 498 283 484 small-vehicle 0
652 497 664 506 641 535 627 525 small-vehicle 0
457 100 474 84 529 137 512 152 large-vehicle 0
534 423 522 439 470 387 485 372 large-vehicle 0
491 173 476 186 422 130 436 115 large-vehicle 0
