imagesource:GoogleEarth
gsd:0.134995615333
787 819 798 802 835 825 826 843 small-vehicle 0
250 1082 226 1085 222 1036 246 1032 ship 0
332 1066 312 1075 293 1034 312 1025 ship 0
512 579 504 598 464 575 476 555 ship 0
658 271 668 285 626 322 615 307 ship 0
271 203 283 187 324 228 311 244 ship 0
741 148 807 60 850 95 847 227 harbor 1
636 319 658 287 733 348 707 377 harbor 0
534 460 578 412 634 454 633 538 harbor 1
443 609 465 576 588 642 567 677 harbor 0
314 822 350 752 524 830 487 902 harbor 0
304 1026 339 1006 385 1086 346 1086 harbor 1
120 791 137 808 73 872 55 855 harbor 1
218 520 190 577 36 499 70 442 harbor 0
331 213 304 235 242 152 268 133 harbor 0
