imagesource:GoogleEarth
gsd:0.133578630068
228 209 243 219 223 254 208 244 small-vehicle 1
291 1037 302 1022 331 1042 321 1057 small-vehicle 0
253 1009 261 995 294 1017 286 1030 small-vehicle 0
155 947 162 934 192 953 185 966 small-vehicle 0
5 881 14 866 44 887 34 900 small-vehicle 0
433 727 506 774 411 929 341 882 tennis-court 0
340 672 412 716 318 868 247 825 tennis-court 0
245 614 318 660 226 814 154 769 tennis-court 0
700 459 773 503 679 654 608 613 tennis-court 0
606 401 678 447 585 599 515 556 tennis-court 0
512 344 584 389 490 542 418 498 tennis-court 0
