imagesource:GoogleEarth
gsd:0.133258648858
1124 999 1123 983 1159 984 1158 1000 small-vehicle 0
511 901 507 916 464 904 468 889 large-vehicle 0
456 844 459 831 500 841 497 855 large-vehicle 0
407 831 410 818 444 828 440 841 small-vehicle 0
364 819 369 805 402 816 398 828 small-vehicle 0
42 812 57 817 46 848 32 843 small-vehicle 0
529 199 602 245 508 397 437 356 tennis-court 0
648 271 718 317 625 469 554 424 tennis-court 0
744 423 895 516 850 590 700 495 tennis-court 0
816 305 968 398 924 471 771 378 tennis-court 0
1004 524 1157 618 1111 691 960 598 tennis-court 0
1228 610 1366 694 1329 754 1195 666 tennis-court 0
1181 720 1253 766 1159 917 1088 874 tennis-court 0
1021 722 1093 767 998 920 926 874 tennis-court 0
884 676 957 721 863 876 790 829 tennis-court 0
756 623 827 669 733 823 661 777 tennis-court 0
638 552 710 597 618 752 544 706 tennis-court 0
504 506 575 551 482 704 410 659 tennis-court 0
386 434 459 479 364 631 292 589 tennis-court 0
386 868 383 881 351 872 355 860 small-vehicle 0
502 858 507 844 543 854 539 869 large-vehicle 0
737 925 741 910 777 919 772 934 small-vehicle 0
550 874 555 860 591 871 586 886 small-vehicle 0
899 969 901 954 935 960 932 977 small-vehicle 0
45 939 40 958 2 951 5 931 small-vehicle 0
649 900 652 884 689 894 685 911 small-vehicle 0
595 884 599 868 635 879 630 895 small-vehicle 0
548 911 544 929 508 917 514 901 small-vehicle 0
73 904 66 919 32 906 39 891 small-vehicle 0
1314 1010 1312 997 1344 992 1346 1004 small-vehicle 0
1282 1027 1283 1040 1251 1043 1249 1031 small-vehicle 0
1227 1001 1228 985 1262 983 1263 999 small-vehicle 0
1167 1024 1167 1009 1201 1008 1201 1023 small-vehicle 0
1080 997 1082 983 1117 985 1116 1000 small-vehicle 0
945 1002 947 986 983 994 981 1008 small-vehicle 0
943 979 945 965 979 972 977 985 small-vehicle 0
829 950 834 936 866 947 861 960 small-vehicle 0
792 940 796 928 826 937 823 949 small-vehicle 0
639 941 635 952 606 943 610 931 small-vehicle 0
676 950 673 964 640 954 644 941 small-vehicle 0
230 326 293 366 200 514 136 475 swimming-pool 0
