imagesource:GoogleEarth
gsd:0.123460569335
658 298 657 280 708 281 709 298 small-vehicle 0
915 288 930 302 865 375 849 362 large-vehicle 0
648 665 633 677 580 624 595 612 large-vehicle 0
608 667 592 680 551 632 565 620 large-vehicle 0
979 593 1043 648 1027 666 964 607 large-vehicle 0
1144 577 1206 635 1189 649 1129 592 large-vehicle 0
1096 572 1159 634 1144 648 1084 588 large-vehicle 0
1083 452 1066 437 1133 362 1150 376 large-vehicle 0
930 497 927 476 1028 467 1032 488 large-vehicle 0
909 464 894 450 962 378 979 395 large-vehicle 0
1213 360 1230 359 1234 417 1214 418 large-vehicle 0
1041 359 1029 347 1065 307 1079 318 large-vehicle 0
834 296 850 312 784 386 767 369 large-vehicle 0
661 278 659 258 707 258 706 276 small-vehicle 0
1330 409 1319 397 1364 342 1381 357 large-vehicle 0
1339 358 1322 345 1373 288 1387 304 large-vehicle 0
1316 207 1300 194 1361 126 1375 138 large-vehicle 0
1043 144 1029 159 961 100 976 82 large-vehicle 0
664 162 652 178 585 122 599 103 large-vehicle 0
635 175 619 191 554 132 567 114 large-vehicle 0
542 169 529 186 462 128 474 112 large-vehicle 0
472 190 459 203 384 137 396 121 large-vehicle 0
413 177 398 193 333 135 348 117 large-vehicle 0
300 192 286 207 218 150 232 136 large-vehicle 0
903 652 889 663 836 611 851 598 large-vehicle 0
939 644 927 656 870 602 884 586 large-vehicle 0
832 557 920 553 921 576 832 580 large-vehicle 0
352 684 340 695 302 654 314 642 large-vehicle 0
2 925 2 908 48 908 46 927 small-vehicle 0
369 551 374 571 328 572 328 552 small-vehicle 0
361 322 342 322 340 282 361 281 small-vehicle 0
475 322 457 322 456 281 473 280 small-vehicle 0
453 325 435 325 434 285 451 284 small-vehicle 0
409 325 388 327 388 289 408 288 small-vehicle 0
388 324 368 324 364 282 383 281 small-vehicle 0
1051 307 1038 297 1076 251 1091 263 large-vehicle 0
1030 304 1042 317 986 377 974 366 large-vehicle 0
971 157 957 172 890 115 904 99 large-vehicle 0
999 144 984 161 919 104 933 87 large-vehicle 0
1207 301 1225 299 1232 354 1213 354 large-vehicle 0
1083 314 1071 303 1107 262 1120 275 large-vehicle 0
868 464 854 451 921 376 936 392 large-vehicle 0
1161 569 1157 552 1215 541 1218 560 large-vehicle 0
1045 598 1060 583 1126 644 1110 658 large-vehicle 0
821 660 807 671 752 615 766 602 large-vehicle 0
483 673 470 686 428 641 443 630 large-vehicle 0
451 683 437 695 400 653 411 643 large-vehicle 0
425 689 412 701 372 660 384 647 large-vehicle 0
383 681 370 694 330 650 341 639 large-vehicle 0
256 194 239 212 173 152 188 135 large-vehicle 0
