imagesource:GoogleEarth
gsd:0.137687494749
62 1437 68 1458 30 1468 22 1449 small-vehicle 1
322 1538 301 1546 278 1489 301 1480 ship 0
333 1316 324 1296 382 1272 391 1294 ship 0
339 1346 331 1321 401 1303 408 1329 ship 0
352 1380 343 1357 412 1336 420 1362 ship 0
360 1409 352 1388 419 1364 427 1388 ship 0
373 1439 364 1415 427 1394 436 1418 ship 0
341 1476 322 1482 302 1426 322 1419 ship 0
291 1461 273 1466 260 1423 276 1417 ship 0
255 1484 274 1479 285 1520 267 1524 ship 0
211 1254 197 1258 188 1227 203 1223 ship 0
272 1532 287 1527 304 1566 288 1572 ship 0
368 1542 352 1549 334 1507 352 1499 ship 0
328 1545 348 1536 383 1604 360 1615 ship 0
329 1626 309 1634 285 1585 307 1575 ship 0
322 1643 336 1648 325 1683 313 1679 ship 0
343 1690 349 1709 300 1723 294 1706 ship 0
353 1710 359 1730 315 1745 308 1727 ship 0
311 1258 302 1236 372 1211 379 1237 ship 0
299 1226 293 1205 357 1184 363 1204 ship 0
358 1773 356 1786 320 1780 323 1768 ship 0
224 984 216 965 276 947 282 967 ship 0
160 803 154 781 211 763 218 785 ship 0
171 830 164 812 225 792 231 811 ship 0
179 850 174 832 226 816 231 833 ship 0
186 880 179 857 241 839 248 863 ship 0
194 906 187 885 249 863 256 885 ship 0
203 938 195 914 262 894 268 917 ship 0
212 956 206 939 267 919 274 939 ship 0
103 954 117 949 130 985 117 991 ship 0
294 1201 286 1182 351 1162 357 1183 ship 0
233 1011 225 991 281 972 289 991 ship 0
245 1062 239 1043 296 1023 303 1044 ship 0
256 1090 249 1071 309 1052 316 1072 ship 0
263 1116 256 1094 323 1073 331 1096 ship 0
282 1143 274 1122 335 1103 340 1124 ship 0
283 1176 274 1148 355 1121 364 1151 ship 0
206 1208 187 1215 171 1171 191 1163 ship 0
354 1742 358 1755 321 1769 315 1756 ship 0
438 1639 450 1637 459 1673 447 1676 ship 0
145 750 139 731 199 711 206 732 ship 0
834 1250 848 1244 863 1282 851 1286 ship 0
736 1265 717 1272 698 1215 718 1208 ship 0
755 1256 741 1261 722 1209 737 1203 ship 0
783 1248 762 1254 745 1202 766 1196 ship 0
804 1241 788 1246 771 1200 790 1194 ship 0
846 1224 829 1232 813 1192 831 1184 ship 0
867 1214 852 1220 838 1186 855 1179 ship 0
851 1238 868 1233 884 1275 867 1280 ship 0
814 1259 831 1250 851 1290 834 1299 ship 0
682 1276 662 1283 647 1240 668 1233 ship 0
794 1259 811 1253 828 1301 811 1306 ship 0
891 1543 884 1524 941 1504 948 1525 ship 0
802 1578 792 1555 856 1532 865 1555 ship 0
736 1594 729 1575 781 1556 789 1577 ship 0
655 1628 645 1600 716 1579 724 1605 ship 0
690 1570 664 1580 635 1501 663 1492 ship 0
718 1561 697 1568 671 1492 695 1484 ship 0
709 1273 691 1278 674 1224 693 1218 ship 0
776 1270 793 1265 810 1313 793 1318 ship 0
448 1618 471 1610 503 1688 477 1697 ship 0
557 1324 540 1333 517 1285 536 1277 ship 0
478 1613 490 1608 508 1652 496 1656 ship 0
495 1606 511 1598 536 1640 519 1650 ship 0
424 1609 416 1578 503 1551 513 1583 ship 0
414 1576 406 1548 493 1522 501 1550 ship 0
404 1540 394 1512 472 1485 481 1513 ship 0
395 1507 386 1480 470 1453 480 1481 ship 0
382 1473 372 1445 454 1417 463 1444 ship 0
580 1316 562 1323 545 1274 563 1267 ship 0
748 1276 770 1271 789 1329 768 1336 ship 0
658 1289 639 1295 622 1247 642 1240 ship 0
538 1348 559 1341 579 1396 559 1404 ship 0
589 1331 611 1324 632 1383 611 1391 ship 0
644 1313 665 1306 685 1366 665 1372 ship 0
672 1307 691 1301 710 1348 692 1355 ship 0
702 1304 720 1297 737 1346 718 1351 ship 0
723 1287 743 1282 764 1342 746 1348 ship 0
154 778 147 756 206 739 213 762 ship 0
141 728 136 711 188 695 193 711 ship 0
44 234 49 251 14 263 8 247 small-vehicle 1
400 260 414 255 430 291 415 297 ship 0
285 293 302 287 312 323 296 327 ship 0
319 286 333 280 349 314 333 321 ship 0
339 278 351 275 362 306 350 310 ship 0
354 274 366 271 379 303 367 307 ship 0
370 267 384 264 394 300 382 304 ship 0
384 265 396 260 409 295 398 299 ship 0
371 253 356 257 348 227 364 222 ship 0
415 255 430 248 447 284 431 291 ship 0
282 280 269 285 255 254 268 248 ship 0
437 248 449 246 457 278 445 279 ship 0
449 245 463 240 474 279 460 283 ship 0
464 240 480 235 490 265 476 270 ship 0
479 236 489 231 503 263 493 268 ship 0
509 225 525 221 533 258 517 262 ship 0
528 218 544 217 547 247 533 248 ship 0
463 225 449 230 440 199 453 195 ship 0
335 263 322 266 315 239 328 235 ship 0
267 302 282 296 294 330 278 335 ship 0
498 213 486 217 476 191 488 186 ship 0
774 1806 754 1723 1033 1633 1062 1711 harbor 0
233 524 206 436 573 306 603 400 harbor 0
278 680 256 594 619 466 645 557 harbor 0
333 844 307 750 674 624 705 716 harbor 0
487 1175 452 1066 785 951 819 1058 harbor 0
398 997 370 909 724 782 754 873 harbor 0
558 1410 520 1274 839 1162 883 1303 harbor 0
649 1605 622 1517 925 1407 953 1499 harbor 0
45 506 121 481 529 1640 430 1671 harbor 0
253 307 267 304 274 338 260 341 ship 0
83 343 77 324 137 305 143 325 ship 0
168 318 163 305 196 293 202 308 ship 0
166 335 179 329 196 364 184 370 ship 0
187 325 200 322 210 356 196 360 ship 0
201 323 215 319 229 356 215 361 ship 0
220 315 235 311 247 345 231 349 ship 0
236 314 247 309 257 338 246 342 ship 0
479 218 468 222 458 191 471 188 ship 0
563 352 547 356 533 317 549 311 ship 0
129 704 122 685 175 669 181 686 ship 0
94 493 82 497 70 464 83 459 ship 0
285 462 301 455 315 491 300 497 ship 0
267 469 279 465 290 497 277 501 ship 0
242 473 259 467 276 517 258 523 ship 0
223 485 238 479 252 517 236 523 ship 0
336 431 318 435 308 394 328 389 ship 0
125 481 111 486 98 450 113 445 ship 0
109 487 96 492 83 456 96 452 ship 0
77 499 66 502 58 476 70 472 ship 0
330 450 344 447 351 486 337 488 ship 0
64 503 53 506 43 478 54 474 ship 0
50 508 36 513 25 483 39 478 ship 0
76 536 70 522 114 502 121 519 ship 0
96 604 87 586 140 563 148 583 ship 0
114 653 107 633 164 616 170 636 ship 0
18 660 37 657 45 705 26 708 ship 0
124 680 116 659 164 643 171 664 ship 0
303 458 320 450 335 488 320 495 ship 0
349 441 363 436 375 468 362 473 ship 0
574 366 591 361 604 400 588 406 ship 0
432 418 444 413 457 446 445 451 ship 0
555 376 570 371 584 407 570 412 ship 0
540 360 527 365 516 335 531 329 ship 0
532 379 549 374 557 411 541 415 ship 0
520 368 506 372 497 339 512 335 ship 0
510 389 525 382 541 421 525 427 ship 0
491 396 506 389 519 425 505 431 ship 0
476 334 490 331 498 369 482 371 ship 0
478 384 465 387 456 353 471 349 ship 0
359 419 344 426 327 385 344 379 ship 0
459 390 444 394 434 355 451 352 ship 0
408 419 426 414 441 459 422 465 ship 0
389 429 404 423 417 460 401 465 ship 0
440 398 424 402 408 356 427 350 ship 0
421 402 403 407 391 367 408 361 ship 0
397 410 384 411 379 376 392 374 ship 0
369 437 380 434 388 464 376 467 ship 0
234 463 219 468 206 431 222 427 ship 0
253 457 237 461 226 422 244 417 ship 0
276 449 261 454 249 416 265 412 ship 0
649 1068 665 1064 674 1110 659 1113 ship 0
476 1118 492 1113 512 1167 495 1172 ship 0
500 1114 517 1108 536 1155 519 1161 ship 0
525 1107 544 1101 558 1144 539 1150 ship 0
551 1097 568 1092 582 1139 565 1144 ship 0
576 1090 590 1085 607 1132 590 1138 ship 0
597 1081 617 1076 637 1132 616 1138 ship 0
622 1075 636 1068 653 1108 637 1115 ship 0
663 1057 684 1050 705 1102 685 1110 ship 0
548 1082 533 1086 520 1047 535 1042 ship 0
695 1050 711 1045 724 1087 708 1092 ship 0
714 1041 733 1034 753 1088 732 1096 ship 0
588 1070 574 1073 562 1032 576 1028 ship 0
609 1062 591 1069 575 1020 595 1013 ship 0
629 1053 616 1059 601 1023 616 1017 ship 0
649 1049 634 1053 620 1012 638 1007 ship 0
673 1041 658 1046 642 1003 657 998 ship 0
567 1076 552 1081 537 1039 553 1032 ship 0
526 1089 513 1094 499 1054 513 1050 ship 0
711 1022 696 1027 684 993 698 988 ship 0
693 855 708 851 719 888 704 893 ship 0
552 903 566 897 582 941 569 945 ship 0
572 897 589 892 599 931 584 935 ship 0
590 888 606 882 622 928 606 933 ship 0
611 882 627 877 640 913 624 919 ship 0
632 878 650 873 660 910 644 914 ship 0
651 873 665 867 678 898 663 903 ship 0
669 866 685 860 699 896 683 902 ship 0
711 850 726 844 742 892 725 896 ship 0
508 1094 492 1099 475 1053 493 1046 ship 0
720 829 704 834 693 793 711 789 ship 0
684 840 668 847 655 812 672 805 ship 0
663 850 646 856 630 811 647 805 ship 0
642 855 628 861 611 821 627 814 ship 0
623 860 610 867 592 829 608 823 ship 0
73 873 87 867 103 914 86 920 ship 0
487 1103 471 1110 452 1063 469 1056 ship 0
689 1034 675 1037 662 997 677 991 ship 0
752 1007 736 1012 721 970 738 964 ship 0
294 443 281 448 268 412 281 407 ship 0
1129 103 1110 113 1095 78 1112 70 small-vehicle 0
2 881 8 864 42 880 34 895 small-vehicle 0
1 860 7 846 31 857 25 871 small-vehicle 0
96 1408 89 1390 124 1379 128 1395 small-vehicle 0
179 1355 185 1372 154 1384 147 1369 small-vehicle 0
186 1343 171 1350 161 1325 176 1319 small-vehicle 0
210 1435 195 1441 184 1410 198 1404 small-vehicle 0
118 1423 124 1441 95 1450 91 1434 small-vehicle 0
442 102 448 120 419 129 411 113 small-vehicle 1
272 179 264 163 299 149 305 164 small-vehicle 0
464 21 468 37 436 47 429 32 small-vehicle 1
399 62 394 45 422 35 428 48 small-vehicle 1
365 72 356 57 386 45 391 62 small-vehicle 1
328 84 322 68 352 57 358 74 small-vehicle 1
295 97 288 80 314 69 321 87 small-vehicle 1
401 87 404 105 372 111 368 93 small-vehicle 1
550 66 554 81 525 90 521 74 small-vehicle 1
90 217 95 234 62 248 55 232 small-vehicle 0
262 160 267 177 235 189 230 173 small-vehicle 0
779 1001 760 1009 741 961 759 955 ship 0
825 1526 805 1533 789 1480 809 1474 ship 0
742 1039 761 1033 775 1075 757 1081 ship 0
766 1030 781 1025 797 1066 780 1072 ship 0
792 1019 807 1015 820 1054 806 1059 ship 0
943 1487 924 1490 913 1444 933 1440 ship 0
891 1502 874 1505 864 1460 882 1456 ship 0
870 1511 855 1516 841 1475 859 1470 ship 0
849 1516 829 1520 815 1469 835 1464 ship 0
802 1532 783 1537 766 1485 786 1479 ship 0
227 172 233 188 202 199 198 184 small-vehicle 0
865 1725 858 1710 895 1698 901 1712 ship 0
920 1700 938 1693 951 1734 934 1740 ship 0
942 1688 960 1683 977 1733 959 1738 ship 0
1006 1661 1029 1656 1044 1711 1024 1717 ship 0
129 204 134 222 96 235 90 218 small-vehicle 0
161 195 166 211 136 222 131 206 small-vehicle 0
195 184 198 199 171 210 164 195 small-vehicle 0
601 869 587 871 578 835 591 832 ship 0
585 875 569 880 553 841 570 834 ship 0
561 883 545 886 538 851 554 848 ship 0
606 532 621 527 633 562 617 567 ship 0
492 554 473 560 457 514 475 508 ship 0
512 543 499 550 482 517 494 511 ship 0
531 540 516 544 505 510 522 505 ship 0
553 532 541 538 525 504 538 498 ship 0
569 526 553 526 552 491 566 490 ship 0
616 511 602 515 590 477 606 472 ship 0
633 503 619 506 609 470 623 466 ship 0
589 540 602 538 610 575 596 578 ship 0
459 578 476 572 493 616 475 622 ship 0
562 547 575 540 594 581 580 587 ship 0
545 550 559 548 567 584 552 587 ship 0
523 558 538 554 550 593 534 598 ship 0
354 774 340 779 327 741 343 736 ship 0
378 768 363 772 350 732 365 727 ship 0
398 761 384 766 369 725 384 720 ship 0
325 802 340 796 357 839 341 844 ship 0
482 574 495 569 509 607 495 611 ship 0
434 585 454 579 471 630 452 636 ship 0
545 889 528 895 512 851 530 845 ship 0
296 633 311 631 319 667 302 669 ship 0
316 435 301 439 291 404 307 400 ship 0
284 622 268 626 255 584 271 580 ship 0
303 616 288 621 276 580 293 576 ship 0
326 606 311 609 300 569 316 566 ship 0
347 605 332 609 319 564 335 560 ship 0
367 595 352 599 338 555 356 550 ship 0
271 639 289 633 305 679 287 685 ship 0
314 628 330 622 346 668 329 673 ship 0
419 594 434 590 445 624 429 628 ship 0
340 621 354 617 366 656 353 660 ship 0
358 614 373 609 386 650 371 654 ship 0
380 607 395 603 407 647 392 651 ship 0
399 600 412 596 425 628 410 634 ship 0
387 585 375 591 359 559 371 553 ship 0
408 581 393 585 380 545 397 540 ship 0
427 572 416 579 399 543 412 536 ship 0
349 792 368 789 377 829 357 833 ship 0
369 789 380 784 396 817 384 823 ship 0
389 780 405 777 413 813 398 816 ship 0
460 917 447 921 437 886 452 883 ship 0
615 707 627 699 644 729 632 737 ship 0
638 699 655 697 658 734 641 735 ship 0
657 695 673 690 686 723 669 727 ship 0
677 685 693 681 706 718 691 723 ship 0
402 937 385 942 370 898 388 893 ship 0
421 932 404 936 394 891 413 888 ship 0
445 924 430 929 415 889 432 883 ship 0
484 911 468 916 452 874 470 867 ship 0
408 774 422 769 438 808 423 813 ship 0
523 894 510 897 497 862 511 857 ship 0
505 903 489 908 476 875 494 870 ship 0
415 947 431 943 444 983 426 988 ship 0
433 946 448 939 465 979 448 986 ship 0
453 938 470 932 484 974 468 980 ship 0
492 924 506 918 523 959 508 966 ship 0
513 918 527 912 544 951 529 956 ship 0
687 662 673 667 659 635 674 628 ship 0
639 632 656 627 668 670 653 674 ship 0
645 676 631 681 618 646 632 641 ship 0
626 686 608 691 596 652 614 646 ship 0
430 767 445 763 455 803 440 806 ship 0
450 759 464 754 482 801 467 806 ship 0
439 747 426 752 409 710 423 704 ship 0
461 740 445 746 429 706 447 700 ship 0
480 733 467 739 452 703 465 698 ship 0
504 725 490 730 473 689 489 683 ship 0
525 717 510 723 495 682 509 677 ship 0
542 712 527 717 512 675 529 669 ship 0
494 747 508 743 521 784 506 789 ship 0
514 738 528 733 541 774 525 778 ship 0
533 733 548 728 561 769 547 774 ship 0
553 724 569 720 582 762 566 767 ship 0
572 717 587 710 607 754 591 760 ship 0
594 710 609 706 619 741 604 744 ship 0
584 697 567 702 554 660 571 656 ship 0
181 369 159 298 515 180 536 249 harbor 0
