imagesource:GoogleEarth
gsd:0.265482442737
1906 1446 1903 1454 1876 1444 1879 1436 ship 0
418 901 412 916 363 900 368 885 ship 0
191 416 194 409 208 414 205 421 ship 1
188 423 191 416 206 422 203 429 ship 0
185 430 188 423 204 429 202 436 ship 0
183 437 186 430 201 436 199 443 ship 0
450 163 439 159 447 134 458 139 ship 0
439 199 430 195 439 170 447 174 ship 0
431 229 422 228 422 210 433 210 ship 0
418 244 411 239 421 225 427 230 ship 0
414 263 406 257 416 239 424 244 ship 0
248 795 239 792 246 769 256 772 ship 0
224 954 231 942 267 961 259 974 ship 0
279 944 274 956 238 942 241 931 ship 0
239 924 244 911 280 924 276 937 ship 0
233 900 238 886 285 903 279 918 ship 0
242 882 247 865 294 884 289 900 ship 0
268 853 277 844 309 875 301 884 ship 0
277 836 281 827 313 839 309 850 ship 0
280 826 285 815 314 825 311 836 ship 0
285 812 288 800 319 807 316 819 ship 0
290 797 294 787 322 797 318 807 ship 0
343 775 339 792 289 782 292 766 ship 0
463 814 458 832 402 815 408 798 ship 0
452 831 457 820 480 829 475 840 ship 0
457 848 462 839 489 852 485 863 ship 0
438 833 432 849 390 835 396 820 ship 0
442 859 446 850 474 861 470 872 ship 0
431 857 425 873 378 855 383 840 ship 0
434 878 438 868 467 879 464 889 ship 0
427 879 421 896 373 881 378 865 ship 0
194 409 196 402 210 407 207 414 ship 1
204 371 207 364 222 370 219 377 ship 0
202 379 205 372 220 377 217 384 ship 0
393 371 397 363 415 374 411 381 ship 0
573 380 568 396 521 379 526 364 ship 0
556 422 551 437 506 420 511 405 ship 0
558 453 563 439 601 455 596 469 ship 0
552 470 556 459 594 473 590 486 ship 0
545 461 539 479 497 466 504 449 ship 0
538 482 533 498 488 486 493 470 ship 0
545 492 550 477 592 491 588 507 ship 0
475 501 480 486 527 505 522 520 ship 0
542 509 546 498 581 510 577 523 ship 0
524 526 519 540 475 524 480 510 ship 0
516 544 514 558 471 551 473 538 ship 0
522 566 526 553 568 567 564 580 ship 0
397 365 400 355 427 362 425 373 ship 0
390 389 390 380 412 381 411 390 ship 0
202 386 204 380 218 385 215 392 ship 1
396 400 396 389 425 391 424 402 ship 0
427 407 425 420 385 415 386 402 ship 0
367 396 375 399 370 415 361 412 ship 0
358 450 350 446 354 430 364 433 ship 0
377 430 383 417 422 435 416 448 ship 0
388 497 391 489 404 494 401 502 ship 1
364 488 368 481 383 489 378 496 ship 0
349 448 357 451 351 471 343 469 ship 0
373 456 377 443 420 455 416 468 ship 0
372 475 377 462 417 476 412 490 ship 0
358 514 361 506 384 513 381 522 ship 0
219 327 222 320 236 327 232 335 ship 0
197 402 199 395 213 400 210 407 ship 1
430 894 434 882 463 894 459 904 ship 0
425 908 428 898 458 909 455 918 ship 0
578 357 574 374 530 359 535 344 ship 0
420 923 424 912 454 923 450 933 ship 0
456 1167 451 1176 422 1166 426 1156 ship 0
461 1150 457 1161 422 1150 427 1137 ship 0
467 1133 462 1145 431 1135 436 1122 ship 0
474 1115 469 1128 435 1117 439 1105 ship 0
479 1100 474 1111 440 1100 445 1087 ship 0
486 1081 482 1095 446 1084 450 1071 ship 0
487 1066 484 1076 446 1066 450 1055 ship 0
492 1050 489 1060 453 1048 457 1038 ship 0
498 1037 494 1046 462 1034 465 1024 ship 0
503 1020 499 1030 469 1021 474 1010 ship 0
507 1005 503 1016 471 1005 475 993 ship 0
511 990 507 1000 478 990 482 980 ship 0
518 976 514 986 481 975 486 964 ship 0
522 960 518 971 487 960 490 950 ship 0
538 936 553 941 538 980 526 975 ship 0
552 942 568 947 555 984 540 979 ship 0
570 948 583 953 572 983 559 979 ship 0
586 953 599 957 586 993 574 989 ship 0
602 959 615 963 606 996 591 991 ship 0
527 946 523 957 492 945 496 934 ship 0
531 930 527 940 495 930 499 919 ship 0
535 913 533 923 500 917 503 906 ship 0
541 899 537 910 505 900 509 889 ship 0
546 885 543 895 511 884 514 875 ship 0
554 872 551 882 524 873 528 863 ship 0
561 929 545 923 562 873 579 880 ship 0
609 948 590 939 610 880 629 886 ship 0
634 954 617 946 639 886 657 892 ship 0
657 961 639 953 658 899 676 906 ship 0
452 1180 449 1193 416 1187 418 1173 ship 0
447 1200 442 1212 408 1200 413 1189 ship 0
441 1218 437 1230 398 1216 402 1203 ship 0
362 1059 367 1046 399 1055 396 1070 ship 0
410 923 404 938 359 922 364 907 ship 0
417 938 420 927 449 936 446 946 ship 0
404 948 398 964 348 946 353 931 ship 0
410 952 415 942 444 952 440 964 ship 0
407 969 410 959 439 967 437 976 ship 0
399 970 392 986 347 969 353 954 ship 0
389 990 385 1006 342 995 346 980 ship 0
400 981 403 970 435 982 431 992 ship 0
398 1001 400 991 429 994 428 1004 ship 0
392 1011 396 1001 423 1011 420 1021 ship 0
375 1027 378 1014 413 1022 411 1034 ship 0
348 1077 339 1074 347 1052 355 1056 ship 0
360 1042 351 1039 358 1014 367 1017 ship 0
358 1075 362 1063 394 1075 391 1086 ship 0
435 1235 431 1245 397 1234 401 1223 ship 0
354 1092 357 1082 388 1089 386 1100 ship 0
348 1107 353 1096 384 1109 379 1121 ship 0
342 1124 346 1113 378 1125 375 1136 ship 0
336 1143 341 1131 373 1142 369 1155 ship 0
303 1191 312 1194 305 1216 296 1214 ship 0
313 1191 305 1188 311 1169 320 1172 ship 0
370 1160 366 1171 331 1159 335 1148 ship 0
367 1175 363 1189 327 1176 331 1164 ship 0
320 1192 324 1181 355 1192 352 1203 ship 0
316 1209 321 1198 349 1209 346 1220 ship 0
311 1226 315 1214 348 1225 344 1238 ship 0
381 1256 378 1266 355 1259 357 1250 ship 0
430 1251 424 1262 393 1249 398 1239 ship 0
582 379 587 365 624 379 620 394 ship 0
530 359 523 358 523 340 532 340 ship 0
857 393 846 391 851 361 861 363 ship 0
848 528 859 532 849 558 838 554 ship 0
957 437 966 440 956 473 947 469 ship 0
942 431 954 434 945 470 932 467 ship 0
927 427 938 431 930 460 921 457 ship 0
913 422 925 426 918 458 905 454 ship 0
898 417 909 420 901 451 890 447 ship 0
869 409 881 413 871 447 858 442 ship 0
856 404 866 407 854 441 844 438 ship 0
840 400 851 404 840 436 829 433 ship 0
812 388 824 392 812 430 799 426 ship 0
797 383 808 387 798 419 786 416 ship 0
783 381 793 384 783 414 773 411 ship 0
772 374 782 379 767 409 757 403 ship 0
752 370 767 375 755 410 741 404 ship 0
949 550 939 546 948 516 959 519 ship 0
936 544 926 541 933 513 944 517 ship 0
922 541 909 536 918 505 931 510 ship 0
906 534 897 531 904 501 914 505 ship 0
890 531 880 526 889 496 900 500 ship 0
876 525 867 522 875 492 884 495 ship 0
833 511 822 507 831 478 842 482 ship 0
818 509 808 505 818 473 829 477 ship 0
804 502 792 498 802 469 813 474 ship 0
772 494 763 490 772 460 782 464 ship 0
745 484 733 479 744 446 756 451 ship 0
730 480 719 477 729 446 741 451 ship 0
732 491 744 494 734 524 721 519 ship 0
744 495 756 499 745 532 733 528 ship 0
790 508 803 512 792 545 779 539 ship 0
804 513 816 517 805 549 793 545 ship 0
969 443 979 445 972 477 962 474 ship 0
997 424 1015 431 998 481 981 474 ship 0
984 435 974 432 985 400 995 404 ship 0
935 304 946 309 937 339 926 335 ship 0
825 382 815 378 822 351 833 355 ship 0
810 378 799 373 809 345 819 350 ship 0
795 374 785 371 793 342 802 345 ship 0
780 370 771 367 779 336 790 339 ship 0
766 366 755 361 765 330 778 334 ship 0
1007 328 1018 332 1009 362 999 358 ship 0
994 325 1006 329 995 357 984 354 ship 0
964 315 974 318 963 351 953 347 ship 0
979 320 991 324 980 356 968 351 ship 0
1031 371 1015 365 1027 323 1042 329 ship 0
997 319 999 310 1023 314 1022 323 ship 0
969 311 969 302 994 304 995 314 ship 0
949 309 961 312 951 343 939 339 ship 0
920 300 930 304 922 334 911 330 ship 0
971 431 960 426 970 395 980 399 ship 0
905 296 918 300 910 329 896 325 ship 0
890 295 901 298 892 329 881 325 ship 0
876 288 888 292 879 320 867 315 ship 0
862 281 874 285 866 314 854 310 ship 0
887 273 884 283 859 273 862 264 ship 0
848 276 860 280 848 313 836 309 ship 0
831 271 842 275 832 308 822 304 ship 0
818 267 829 270 819 305 808 301 ship 0
803 267 813 270 805 295 794 291 ship 0
859 264 856 274 832 265 835 255 ship 0
790 257 801 262 789 299 776 293 ship 0
911 411 902 408 911 378 921 382 ship 0
956 426 947 422 957 394 966 398 ship 0
832 523 846 528 835 559 822 555 ship 0
862 532 874 536 864 568 851 564 ship 0
593 343 599 328 637 343 632 358 ship 0
877 539 889 544 877 573 866 569 ship 0
733 677 731 683 717 679 719 672 ship 1
688 672 690 665 704 672 701 678 ship 0
672 680 666 676 676 662 682 667 ship 0
708 609 726 616 708 671 692 665 ship 0
682 604 698 610 681 664 666 659 ship 0
658 603 674 608 658 655 642 648 ship 0
635 593 654 598 639 646 621 641 ship 0
676 578 671 590 637 578 641 567 ship 0
685 558 679 573 640 560 645 545 ship 0
691 541 686 553 647 541 651 528 ship 0
701 502 697 516 654 504 659 490 ship 0
708 484 702 500 669 488 675 473 ship 0
714 464 710 478 671 464 675 451 ship 0
717 444 713 458 677 446 682 433 ship 0
728 427 723 441 679 426 684 412 ship 0
730 408 725 420 688 406 693 394 ship 0
738 388 733 402 696 389 699 375 ship 0
742 368 738 383 698 369 703 357 ship 0
748 352 744 364 706 349 711 337 ship 0
755 330 751 345 710 331 716 318 ship 0
765 311 761 326 711 311 716 295 ship 0
768 293 764 308 721 294 727 278 ship 0
804 257 807 248 828 253 826 263 ship 0
785 234 780 248 727 230 733 215 ship 0
620 203 617 214 586 203 590 193 ship 0
638 205 642 195 672 206 668 217 ship 0
608 251 604 262 574 251 579 239 ship 0
598 296 593 312 551 301 555 286 ship 0
599 322 604 309 646 325 641 340 ship 0
731 615 749 621 732 676 714 669 ship 0
735 691 737 684 752 688 750 696 ship 0
753 623 771 630 752 689 734 682 ship 0
797 626 785 622 793 593 805 597 ship 0
893 538 906 543 895 576 882 571 ship 0
905 546 917 548 910 579 897 576 ship 0
920 550 932 553 924 585 912 582 ship 0
937 555 947 559 935 592 925 588 ship 0
962 530 964 520 982 525 979 535 ship 0
963 536 979 542 959 603 941 596 ship 0
694 595 682 590 693 560 704 563 ship 0
708 599 697 595 707 563 718 566 ship 0
722 605 712 601 720 569 732 572 ship 0
736 611 726 606 736 575 747 579 ship 0
751 614 740 610 751 578 763 583 ship 0
781 622 771 618 779 587 791 591 ship 0
898 660 887 656 898 624 908 628 ship 0
810 630 800 626 808 599 819 603 ship 0
777 632 796 640 777 690 760 682 ship 0
824 636 812 630 825 595 838 600 ship 0
839 641 828 637 839 605 850 610 ship 0
854 646 843 640 854 611 864 615 ship 0
868 651 856 646 868 612 879 616 ship 0
882 655 872 650 883 617 894 621 ship 0
913 627 923 631 912 663 902 659 ship 0
932 634 950 641 932 691 913 681 ship 0
912 694 927 699 915 741 900 736 ship 0
894 728 876 720 893 668 912 676 ship 0
871 660 891 669 870 725 851 717 ship 0
847 653 866 659 847 717 827 711 ship 0
824 646 844 654 824 711 804 702 ship 0
801 644 817 650 800 697 784 690 ship 0
617 963 630 967 619 1001 607 998 ship 0
634 968 646 972 635 1006 623 1002 ship 0
651 973 663 978 651 1016 638 1011 ship 0
882 1409 869 1404 880 1368 894 1372 ship 0
491 1191 503 1195 492 1220 481 1216 ship 0
476 1187 485 1190 476 1220 467 1217 ship 0
460 1180 472 1183 462 1214 451 1210 ship 0
445 1285 435 1282 446 1250 457 1253 ship 0
459 1289 450 1285 460 1257 470 1261 ship 0
475 1264 484 1267 475 1293 466 1289 ship 0
490 1300 480 1295 491 1266 501 1269 ship 0
506 1301 496 1297 504 1275 514 1278 ship 0
518 1306 509 1302 518 1277 527 1281 ship 0
532 1312 524 1308 535 1278 545 1282 ship 0
548 1318 539 1313 549 1288 558 1292 ship 0
562 1322 553 1319 563 1291 573 1295 ship 0
576 1321 568 1317 576 1297 586 1300 ship 0
594 1330 582 1325 593 1297 605 1302 ship 0
607 1335 597 1331 606 1307 617 1311 ship 0
620 1341 610 1336 621 1308 631 1311 ship 0
636 1343 626 1339 636 1311 647 1316 ship 0
649 1314 660 1317 653 1350 643 1348 ship 0
682 1346 685 1337 706 1343 703 1353 ship 0
674 1357 677 1348 701 1356 698 1365 ship 0
777 1341 774 1349 753 1342 757 1334 ship 0
774 1355 771 1364 748 1357 751 1348 ship 0
768 1367 766 1377 741 1371 743 1361 ship 0
739 1383 743 1374 768 1383 764 1393 ship 0
804 1387 791 1382 804 1343 818 1348 ship 0
798 1392 795 1401 774 1393 777 1385 ship 0
800 1404 804 1394 825 1401 822 1411 ship 0
827 1393 812 1387 824 1349 839 1354 ship 0
846 1399 830 1393 843 1352 859 1357 ship 0
506 1195 515 1198 508 1227 498 1225 ship 0
535 1207 545 1210 536 1239 526 1236 ship 0
565 1213 578 1217 570 1244 557 1241 ship 0
535 1195 523 1190 533 1160 545 1164 ship 0
545 1074 530 1068 542 1031 558 1038 ship 0
527 1067 516 1063 525 1035 536 1040 ship 0
602 1102 612 1105 603 1136 593 1133 ship 0
587 1097 599 1101 591 1129 579 1124 ship 0
571 1092 582 1096 573 1129 561 1124 ship 0
556 1088 567 1091 558 1123 548 1119 ship 0
542 1082 553 1086 543 1118 531 1114 ship 0
527 1078 537 1082 527 1111 517 1107 ship 0
498 1071 507 1075 497 1102 488 1098 ship 0
474 1175 463 1171 473 1141 484 1145 ship 0
489 1180 478 1176 488 1145 500 1149 ship 0
506 1183 496 1179 503 1150 514 1154 ship 0
520 1188 510 1185 516 1156 528 1160 ship 0
549 1198 540 1194 549 1165 558 1169 ship 0
581 1218 592 1223 583 1250 572 1247 ship 0
567 1201 555 1198 564 1168 575 1171 ship 0
581 1207 571 1204 579 1178 590 1181 ship 0
595 1213 585 1209 593 1182 604 1186 ship 0
608 1217 598 1212 610 1181 621 1185 ship 0
624 1221 615 1219 624 1189 634 1191 ship 0
641 1226 630 1222 639 1194 650 1198 ship 0
655 1232 645 1228 654 1197 664 1201 ship 0
670 1236 661 1232 670 1203 680 1207 ship 0
700 1247 690 1243 702 1211 714 1216 ship 0
688 1251 699 1256 688 1283 678 1280 ship 0
672 1246 684 1250 673 1281 662 1277 ship 0
657 1241 668 1245 658 1273 647 1269 ship 0
643 1237 653 1241 643 1271 633 1267 ship 0
865 1403 850 1398 859 1362 873 1365 ship 0
900 1415 887 1411 898 1369 911 1374 ship 0
667 977 680 981 669 1019 655 1014 ship 0
921 1420 905 1414 918 1374 933 1378 ship 0
1412 1365 1436 1295 1680 1374 1654 1448 harbor 0
1452 1239 1485 1152 1732 1240 1704 1323 harbor 0
740 1373 757 1327 1303 1501 1286 1548 harbor 0
785 1266 824 1160 1342 1337 1314 1434 harbor 0
844 1080 880 968 1408 1136 1370 1249 harbor 0
518 856 556 868 432 1267 389 1250 harbor 0
706 1338 694 1372 432 1288 442 1251 harbor 0
720 1223 696 1288 457 1208 476 1140 harbor 0
756 1102 734 1176 490 1094 511 1020 harbor 0
807 944 768 1051 526 978 558 866 harbor 0
394 813 480 840 352 1240 266 1212 harbor 0
2070 1122 2001 1093 2099 786 2105 1018 harbor 1
1560 948 1586 864 1816 937 1792 1022 harbor 0
1606 792 1632 719 1858 797 1835 867 harbor 0
1640 676 1660 614 1894 688 1874 750 harbor 0
1653 566 1666 529 1912 602 1901 640 harbor 0
1627 498 1612 544 1355 462 1368 418 harbor 0
1079 385 1096 343 1354 429 1336 470 harbor 0
1069 508 1094 440 1576 591 1552 668 harbor 0
1031 624 1053 556 1550 718 1527 786 harbor 0
972 754 1004 671 1506 834 1484 922 harbor 0
656 659 604 636 743 229 793 245 harbor 0
1028 325 1016 364 780 287 792 246 harbor 0
1008 410 984 476 744 402 766 330 harbor 0
969 522 944 595 708 516 731 444 harbor 0
932 638 901 736 656 660 691 562 harbor 0
550 609 455 580 591 177 680 208 harbor 0
327 788 264 961 175 934 228 757 harbor 0
162 435 224 254 284 274 225 459 harbor 0
1374 1479 1399 1409 1639 1494 1619 1562 harbor 0
1324 1558 1338 1520 1605 1607 1590 1644 harbor 0
1923 1305 1986 1329 1884 1645 1815 1644 harbor 1
1028 1474 1033 1465 1056 1475 1052 1484 ship 0
933 1432 932 1441 910 1439 911 1430 ship 0
938 1377 953 1383 938 1424 924 1418 ship 0
957 1434 943 1429 954 1391 969 1396 ship 0
976 1439 962 1435 973 1398 988 1402 ship 0
994 1440 981 1434 992 1402 1005 1407 ship 0
1013 1454 998 1449 1011 1410 1028 1415 ship 0
1036 1456 1023 1450 1033 1416 1047 1421 ship 0
1053 1465 1039 1459 1052 1419 1067 1425 ship 0
1071 1471 1058 1465 1071 1429 1085 1434 ship 0
1090 1476 1077 1471 1091 1431 1105 1436 ship 0
1111 1480 1098 1476 1107 1439 1120 1444 ship 0
1128 1488 1113 1483 1126 1445 1140 1450 ship 0
1149 1496 1132 1490 1145 1450 1161 1456 ship 0
1107 1489 1105 1499 1083 1493 1086 1483 ship 0
338 544 345 520 401 537 394 561 ship 0
1142 1512 1145 1501 1166 1507 1163 1519 ship 0
1165 1499 1153 1494 1166 1453 1180 1458 ship 0
1185 1506 1170 1501 1183 1459 1198 1464 ship 0
1204 1507 1190 1499 1204 1462 1220 1469 ship 0
1223 1520 1208 1513 1223 1469 1239 1475 ship 0
1197 1525 1200 1517 1216 1526 1211 1534 ship 0
1240 1525 1226 1518 1240 1482 1254 1486 ship 0
1260 1530 1244 1524 1258 1484 1274 1489 ship 0
1275 1507 1278 1497 1302 1505 1299 1514 ship 0
1269 1520 1272 1511 1299 1520 1295 1530 ship 0
1257 1546 1261 1537 1283 1547 1280 1555 ship 0
474 1387 458 1381 470 1342 487 1347 ship 0
126 1057 144 1053 194 1273 176 1276 ship 0
559 1076 549 1072 559 1038 570 1042 ship 0
592 1088 580 1084 591 1048 605 1053 ship 0
609 1094 597 1089 607 1054 620 1058 ship 0
624 1098 613 1094 623 1059 635 1064 ship 0
1231 1155 1246 1162 1230 1206 1216 1200 ship 0
1254 1158 1269 1162 1254 1209 1238 1205 ship 0
1280 1155 1261 1145 1280 1096 1299 1103 ship 0
1301 1159 1286 1151 1304 1104 1322 1112 ship 0
1273 1168 1289 1173 1271 1225 1255 1219 ship 0
1295 1170 1310 1175 1291 1230 1276 1225 ship 0
1312 1181 1326 1186 1311 1231 1297 1224 ship 0
1324 1167 1307 1162 1326 1107 1343 1113 ship 0
1346 1175 1328 1167 1347 1120 1364 1127 ship 0
1329 1182 1346 1186 1334 1235 1318 1231 ship 0
1350 1191 1368 1195 1356 1245 1338 1242 ship 0
1372 1192 1388 1195 1376 1245 1360 1241 ship 0
1370 1178 1352 1171 1368 1125 1387 1132 ship 0
1393 1190 1374 1182 1390 1136 1408 1143 ship 0
1148 1177 1135 1172 1147 1128 1161 1133 ship 0
1127 1118 1143 1122 1127 1180 1110 1175 ship 0
1102 1117 1118 1123 1103 1164 1088 1159 ship 0
1082 1104 1099 1111 1083 1158 1066 1151 ship 0
1061 1104 1074 1107 1061 1146 1049 1141 ship 0
1040 1089 1056 1095 1037 1151 1021 1145 ship 0
1020 1082 1035 1087 1019 1142 1004 1136 ship 0
998 1080 1015 1086 999 1134 982 1127 ship 0
976 1076 991 1081 975 1128 960 1122 ship 0
955 1068 970 1074 955 1119 940 1113 ship 0
937 1060 948 1063 939 1101 927 1097 ship 0
917 1056 929 1060 916 1103 904 1099 ship 0
899 1049 914 1054 896 1100 882 1094 ship 0
880 1039 895 1045 878 1093 862 1087 ship 0
858 1090 842 1084 858 1034 874 1039 ship 0
1210 1198 1196 1193 1208 1151 1224 1156 ship 0
1190 1139 1207 1144 1191 1192 1174 1186 ship 0
1257 1145 1241 1138 1257 1090 1273 1096 ship 0
901 1032 884 1026 901 976 917 981 ship 0
683 982 697 986 686 1022 673 1017 ship 0
701 988 712 992 702 1024 690 1020 ship 0
715 993 728 997 717 1031 703 1026 ship 0
731 997 744 1002 730 1045 716 1039 ship 0
708 975 690 967 706 917 723 921 ship 0
731 974 714 967 729 919 746 926 ship 0
758 923 776 929 756 989 739 983 ship 0
782 997 763 989 778 942 796 947 ship 0
812 1033 779 1022 802 953 832 962 ship 0
747 1002 760 1006 748 1042 735 1037 ship 0
764 1049 753 1046 762 1011 774 1015 ship 0
877 968 880 958 900 962 898 971 ship 0
875 1032 857 1024 876 974 895 981 ship 0
923 1043 904 1035 924 984 943 992 ship 0
1236 1134 1220 1128 1236 1082 1252 1088 ship 0
946 1047 929 1039 947 986 965 992 ship 0
969 1046 954 1041 968 998 983 1004 ship 0
991 1060 974 1052 990 1008 1007 1014 ship 0
1014 1065 999 1057 1015 1013 1031 1020 ship 0
1038 1074 1020 1067 1036 1014 1053 1020 ship 0
1056 1083 1041 1078 1057 1027 1072 1033 ship 0
1081 1088 1065 1083 1076 1040 1094 1045 ship 0
1101 1100 1085 1092 1103 1043 1118 1050 ship 0
1124 1098 1109 1092 1124 1050 1140 1056 ship 0
1149 1106 1132 1098 1148 1055 1164 1060 ship 0
1169 1117 1151 1110 1168 1062 1186 1069 ship 0
1192 1124 1177 1119 1191 1071 1207 1075 ship 0
1213 1133 1197 1127 1213 1076 1229 1082 ship 0
800 1231 812 1234 800 1272 788 1267 ship 0
819 1233 834 1238 820 1280 805 1276 ship 0
819 1224 803 1221 814 1168 829 1170 ship 0
1312 1384 1330 1390 1318 1433 1300 1427 ship 0
1212 1343 1197 1338 1208 1299 1224 1304 ship 0
1179 1350 1193 1354 1179 1394 1165 1389 ship 0
1200 1352 1212 1356 1199 1394 1185 1389 ship 0
1215 1359 1230 1363 1218 1403 1203 1399 ship 0
1233 1352 1217 1346 1232 1301 1250 1307 ship 0
1251 1360 1237 1354 1254 1304 1271 1310 ship 0
1270 1364 1255 1357 1269 1316 1284 1322 ship 0
1291 1366 1276 1361 1289 1316 1305 1321 ship 0
1331 1325 1347 1330 1332 1382 1316 1378 ship 0
1311 1375 1295 1369 1308 1325 1324 1332 ship 0
1255 1371 1267 1375 1253 1419 1239 1413 ship 0
1275 1377 1285 1382 1272 1417 1261 1412 ship 0
1292 1380 1305 1384 1292 1424 1279 1420 ship 0
673 1113 662 1109 673 1071 686 1075 ship 0
1172 1330 1155 1324 1171 1275 1186 1280 ship 0
690 1118 677 1112 689 1075 703 1080 ship 0
706 1124 694 1120 706 1083 718 1087 ship 0
721 1128 709 1122 723 1085 736 1090 ship 0
737 1133 725 1128 735 1095 748 1100 ship 0
722 1137 735 1142 726 1174 713 1169 ship 0
708 1134 718 1138 709 1167 698 1163 ship 0
676 1124 687 1127 679 1157 668 1154 ship 0
662 1120 674 1124 664 1152 653 1149 ship 0
647 1115 657 1119 648 1150 637 1146 ship 0
633 1111 644 1115 632 1146 622 1142 ship 0
616 1105 627 1109 617 1141 605 1136 ship 0
657 1107 646 1101 658 1066 669 1071 ship 0
641 1103 630 1098 640 1062 653 1066 ship 0
1192 1338 1176 1333 1189 1288 1206 1293 ship 0
1163 1340 1177 1345 1158 1394 1142 1388 ship 0
840 1222 824 1216 838 1174 854 1180 ship 0
998 1275 982 1268 997 1224 1012 1230 ship 0
856 1234 842 1227 858 1182 872 1187 ship 0
875 1238 860 1233 876 1185 891 1190 ship 0
895 1245 881 1241 892 1193 906 1196 ship 0
858 1247 868 1250 858 1289 848 1285 ship 0
894 1260 906 1262 898 1299 885 1297 ship 0
916 1254 899 1247 916 1196 933 1201 ship 0
938 1260 922 1255 936 1207 952 1213 ship 0
956 1267 940 1261 957 1214 973 1219 ship 0
913 1265 928 1269 912 1312 898 1306 ship 0
933 1269 947 1275 931 1318 916 1311 ship 0
951 1278 966 1283 952 1319 938 1314 ship 0
978 1273 960 1265 977 1221 994 1227 ship 0
971 1282 982 1286 969 1324 958 1320 ship 0
1019 1284 1004 1278 1018 1232 1033 1238 ship 0
1142 1334 1156 1338 1141 1383 1126 1378 ship 0
989 1286 1003 1291 989 1331 975 1326 ship 0
1009 1291 1021 1296 1007 1336 994 1332 ship 0
1026 1300 1040 1304 1026 1339 1014 1335 ship 0
1042 1295 1026 1290 1039 1239 1056 1243 ship 0
1062 1299 1045 1292 1063 1241 1080 1248 ship 0
1044 1343 1032 1339 1043 1308 1054 1312 ship 0
1088 1306 1070 1301 1087 1248 1105 1253 ship 0
1066 1311 1080 1315 1069 1352 1054 1349 ship 0
1106 1310 1091 1305 1106 1260 1122 1265 ship 0
1127 1322 1112 1315 1128 1269 1144 1274 ship 0
1148 1329 1133 1322 1150 1274 1166 1280 ship 0
1086 1317 1099 1320 1088 1362 1074 1358 ship 0
1124 1328 1137 1332 1122 1377 1108 1372 ship 0
839 389 829 384 838 355 849 359 ship 0
868 397 859 394 867 365 878 369 ship 0
1901 1459 1897 1469 1876 1461 1880 1451 ship 0
1880 605 1892 608 1886 635 1874 632 ship 0
1388 1569 1378 1565 1387 1534 1398 1538 ship 0
1387 1577 1385 1587 1359 1579 1362 1569 ship 0
1404 1576 1392 1570 1402 1538 1415 1544 ship 0
1421 1581 1406 1576 1418 1543 1431 1548 ship 0
1462 1592 1453 1588 1463 1558 1474 1562 ship 0
1448 1588 1437 1584 1448 1553 1459 1557 ship 0
1477 1597 1467 1593 1476 1561 1488 1565 ship 0
1443 1596 1440 1605 1413 1596 1417 1587 ship 0
1494 1601 1483 1597 1493 1566 1505 1571 ship 0
1507 1605 1499 1602 1508 1572 1518 1576 ship 0
1524 1611 1514 1607 1522 1575 1534 1578 ship 0
1537 1616 1527 1613 1538 1579 1548 1584 ship 0
1552 1621 1541 1617 1551 1585 1565 1590 ship 0
1568 1625 1558 1621 1567 1592 1578 1596 ship 0
1532 1619 1530 1631 1497 1625 1498 1614 ship 0
1633 1554 1642 1557 1635 1581 1626 1579 ship 0
1652 1525 1642 1521 1650 1496 1661 1500 ship 0
1675 1418 1683 1421 1677 1444 1668 1442 ship 0
1682 1390 1691 1392 1685 1418 1675 1415 ship 0
1692 1363 1700 1366 1693 1389 1684 1386 ship 0
1709 1305 1716 1307 1710 1334 1703 1332 ship 0
1717 1307 1710 1304 1718 1279 1725 1282 ship 0
2070 937 2087 943 2067 997 2050 990 ship 0
2073 1021 2076 1012 2103 1022 2100 1032 ship 0
2067 1037 2071 1026 2099 1038 2095 1048 ship 0
2062 1053 2065 1043 2094 1054 2091 1063 ship 0
2057 1068 2060 1057 2091 1070 2087 1080 ship 0
1930 608 1941 612 1932 642 1921 638 ship 0
1906 617 1914 618 1913 643 1904 643 ship 0
1375 1566 1363 1560 1373 1529 1385 1533 ship 0
1357 1550 1355 1559 1331 1552 1334 1543 ship 0
1621 1524 1632 1528 1623 1562 1609 1557 ship 0
1426 1452 1415 1448 1423 1418 1436 1423 ship 0
1606 1510 1595 1506 1603 1477 1614 1481 ship 0
1591 1502 1581 1497 1589 1471 1599 1474 ship 0
1576 1500 1565 1495 1575 1462 1587 1467 ship 0
1560 1496 1550 1490 1560 1462 1570 1466 ship 0
1545 1491 1534 1487 1544 1456 1556 1461 ship 0
1531 1487 1519 1482 1529 1452 1541 1456 ship 0
1517 1481 1504 1477 1513 1442 1526 1448 ship 0
1502 1473 1490 1469 1499 1440 1511 1443 ship 0
1487 1472 1473 1466 1485 1431 1500 1436 ship 0
1470 1467 1460 1463 1470 1431 1479 1435 ship 0
1457 1463 1444 1458 1454 1427 1467 1431 ship 0
1441 1459 1429 1454 1438 1423 1451 1428 ship 0
1411 1447 1399 1443 1409 1414 1420 1418 ship 0
1397 1452 1408 1456 1397 1490 1385 1487 ship 0
1605 1521 1617 1524 1609 1554 1596 1550 ship 0
1411 1458 1423 1462 1411 1496 1400 1492 ship 0
1427 1465 1437 1469 1427 1502 1416 1497 ship 0
1442 1468 1453 1473 1441 1506 1429 1502 ship 0
1457 1473 1469 1477 1458 1508 1446 1503 ship 0
1471 1476 1485 1481 1475 1513 1460 1508 ship 0
1487 1482 1496 1485 1487 1517 1477 1514 ship 0
1501 1486 1513 1491 1504 1521 1491 1517 ship 0
1518 1490 1529 1495 1518 1527 1506 1522 ship 0
1532 1496 1543 1500 1534 1529 1523 1525 ship 0
1548 1498 1559 1502 1549 1536 1537 1532 ship 0
1560 1505 1573 1509 1563 1543 1550 1539 ship 0
1576 1509 1589 1514 1578 1551 1565 1545 ship 0
1592 1515 1602 1519 1594 1549 1583 1545 ship 0
1895 610 1906 613 1901 639 1889 635 ship 0
1866 600 1877 603 1869 634 1858 631 ship 0
1636 1516 1626 1512 1634 1482 1645 1486 ship 0
1899 591 1896 601 1873 593 1875 583 ship 0
1804 700 1816 704 1809 729 1797 726 ship 0
1789 695 1799 698 1792 724 1781 721 ship 0
1776 691 1786 695 1778 720 1767 717 ship 0
1747 681 1757 684 1749 711 1738 707 ship 0
1732 679 1742 682 1734 710 1723 706 ship 0
1720 670 1730 673 1719 706 1708 702 ship 0
1746 669 1737 666 1744 640 1754 644 ship 0
1732 665 1722 661 1731 631 1743 635 ship 0
1717 662 1706 658 1716 626 1728 630 ship 0
1704 668 1714 671 1706 697 1696 693 ship 0
1691 663 1699 665 1690 696 1681 693 ship 0
1674 660 1686 664 1678 693 1665 688 ship 0
1661 654 1674 658 1666 685 1652 680 ship 0
1702 657 1692 652 1699 627 1711 631 ship 0
1674 647 1662 643 1670 617 1681 621 ship 0
1644 629 1659 634 1643 682 1628 675 ship 0
1622 756 1609 750 1618 717 1632 721 ship 0
1627 762 1640 767 1627 805 1613 800 ship 0
1646 765 1660 770 1648 804 1634 799 ship 0
1641 752 1630 748 1641 719 1650 722 ship 0
1657 759 1646 754 1655 728 1666 732 ship 0
1685 766 1675 763 1684 734 1693 738 ship 0
1664 769 1677 774 1665 812 1651 806 ship 0
1683 779 1694 784 1683 817 1670 812 ship 0
1698 770 1689 765 1697 742 1707 745 ship 0
1713 774 1704 771 1711 746 1721 750 ship 0
1728 779 1717 775 1726 749 1736 752 ship 0
1699 780 1712 784 1698 829 1684 825 ship 0
1716 788 1729 792 1717 832 1703 828 ship 0
1818 702 1830 707 1824 734 1810 730 ship 0
1832 707 1842 710 1834 741 1824 738 ship 0
1862 719 1872 723 1861 752 1850 748 ship 0
1694 548 1704 550 1697 577 1686 574 ship 0
1851 601 1861 604 1857 626 1846 622 ship 0
1837 592 1847 595 1840 621 1828 617 ship 0
1823 587 1832 591 1823 621 1812 617 ship 0
1809 583 1820 586 1811 614 1800 610 ship 0
1792 578 1803 581 1796 608 1786 605 ship 0
1780 573 1791 576 1784 604 1773 601 ship 0
1842 584 1845 575 1868 581 1866 591 ship 0
1840 574 1837 583 1816 576 1819 567 ship 0
1765 570 1774 573 1766 599 1757 597 ship 0
1751 564 1760 567 1752 599 1742 596 ship 0
1736 561 1747 563 1741 592 1729 589 ship 0
1723 556 1731 559 1724 590 1714 587 ship 0
1709 551 1719 554 1708 586 1698 583 ship 0
1685 542 1682 552 1659 544 1662 534 ship 0
1875 724 1884 728 1876 758 1865 755 ship 0
1734 552 1737 542 1761 549 1758 559 ship 0
1706 543 1709 533 1734 539 1731 550 ship 0
1704 532 1700 542 1673 533 1676 523 ship 0
1681 558 1679 565 1656 558 1659 549 ship 0
1789 683 1780 679 1788 649 1799 653 ship 0
1803 687 1793 684 1801 657 1812 660 ship 0
1819 693 1809 690 1816 664 1827 667 ship 0
1833 698 1822 695 1829 669 1839 672 ship 0
1846 699 1838 696 1846 670 1855 673 ship 0
1860 674 1870 677 1861 704 1852 701 ship 0
1874 709 1866 706 1874 679 1883 682 ship 0
1888 716 1878 711 1887 682 1898 687 ship 0
1894 751 1886 748 1894 722 1903 726 ship 0
1621 1515 1610 1512 1619 1481 1630 1485 ship 0
1658 1408 1670 1413 1658 1445 1647 1440 ship 0
883 402 872 398 881 372 892 375 ship 0
2023 1504 2027 1492 2056 1503 2053 1513 ship 0
1938 1377 1941 1368 1969 1377 1966 1387 ship 0
1938 1349 1935 1357 1910 1348 1913 1339 ship 0
1941 1334 1938 1343 1914 1335 1917 1326 ship 0
1944 1363 1947 1353 1975 1363 1972 1373 ship 0
1946 1348 1950 1337 1979 1348 1975 1358 ship 0
1954 1332 1958 1323 1984 1333 1981 1343 ship 0
1934 1308 1941 1291 1994 1312 1987 1329 ship 0
2055 1372 2051 1383 2021 1372 2024 1362 ship 0
2049 1388 2046 1398 2017 1389 2020 1379 ship 0
2044 1402 2041 1412 2009 1402 2012 1392 ship 0
2041 1419 2038 1429 2007 1418 2010 1408 ship 0
2035 1433 2031 1445 2000 1433 2004 1422 ship 0
2029 1450 2025 1460 1997 1448 2002 1438 ship 0
2024 1464 2021 1475 1993 1466 1996 1456 ship 0
2018 1481 2016 1491 1990 1483 1993 1473 ship 0
2013 1496 2011 1506 1985 1497 1988 1488 ship 0
2005 1524 2003 1534 1976 1529 1978 1518 ship 0
1997 1556 1993 1567 1966 1558 1969 1546 ship 0
1990 1572 1987 1582 1960 1573 1963 1562 ship 0
1985 1587 1981 1597 1952 1588 1956 1577 ship 0
1983 1602 1980 1612 1952 1605 1955 1595 ship 0
1975 1618 1972 1629 1946 1619 1949 1609 ship 0
1973 1634 1969 1643 1941 1634 1945 1624 ship 0
1991 1607 1995 1596 2023 1606 2019 1618 ship 0
1994 1592 1999 1581 2027 1592 2024 1603 ship 0
2000 1577 2004 1566 2033 1577 2029 1590 ship 0
2004 1562 2008 1551 2036 1562 2033 1573 ship 0
2010 1547 2014 1538 2041 1548 2038 1557 ship 0
2018 1534 2021 1522 2043 1531 2040 1542 ship 0
1933 1361 1930 1371 1907 1364 1910 1354 ship 0
1930 1375 1926 1386 1902 1377 1905 1367 ship 0
1935 1392 1937 1383 1967 1391 1964 1401 ship 0
1874 1587 1877 1577 1903 1585 1900 1596 ship 0
1900 1473 1897 1484 1871 1475 1874 1464 ship 0
1892 1485 1889 1495 1869 1489 1872 1479 ship 0
1889 1502 1887 1511 1862 1503 1865 1494 ship 0
1885 1516 1881 1526 1859 1519 1862 1509 ship 0
1880 1532 1877 1541 1851 1532 1854 1523 ship 0
1876 1544 1872 1555 1848 1546 1851 1536 ship 0
1871 1558 1868 1568 1843 1559 1847 1550 ship 0
1868 1572 1865 1581 1835 1573 1839 1563 ship 0
1857 1600 1855 1608 1830 1601 1833 1592 ship 0
1853 1613 1849 1623 1826 1615 1830 1606 ship 0
1859 1630 1862 1620 1890 1629 1887 1638 ship 0
1865 1615 1868 1605 1897 1615 1893 1625 ship 0
1868 1599 1872 1589 1897 1600 1894 1609 ship 0
1877 1569 1881 1558 1908 1570 1905 1581 ship 0
1965 1407 1961 1418 1929 1408 1932 1397 ship 0
1888 1541 1891 1531 1922 1543 1918 1553 ship 0
1895 1526 1899 1516 1923 1526 1920 1534 ship 0
1898 1512 1902 1503 1927 1511 1924 1521 ship 0
1903 1498 1907 1487 1936 1497 1934 1507 ship 0
1905 1482 1909 1472 1937 1481 1934 1493 ship 0
1910 1467 1914 1457 1947 1468 1943 1480 ship 0
1911 1430 1908 1440 1883 1432 1886 1423 ship 0
1914 1415 1911 1425 1888 1418 1891 1408 ship 0
1915 1454 1919 1441 1950 1452 1947 1464 ship 0
1920 1436 1923 1426 1954 1438 1950 1448 ship 0
1919 1402 1916 1412 1894 1404 1897 1394 ship 0
1923 1423 1927 1412 1958 1422 1955 1433 ship 0
1926 1388 1922 1399 1898 1390 1900 1380 ship 0
2020 1518 2023 1508 2049 1518 2046 1527 ship 0
2030 1489 2034 1477 2061 1488 2058 1499 ship 0
1642 1404 1654 1408 1645 1440 1632 1435 ship 0
2033 1474 2037 1464 2065 1474 2062 1485 ship 0
1545 1364 1533 1360 1542 1325 1556 1329 ship 0
1529 1358 1517 1353 1527 1318 1541 1322 ship 0
1512 1354 1501 1349 1510 1316 1522 1320 ship 0
1495 1348 1484 1343 1494 1311 1505 1315 ship 0
1481 1342 1469 1337 1478 1304 1491 1308 ship 0
1463 1338 1452 1333 1462 1301 1473 1304 ship 0
1447 1332 1435 1328 1446 1295 1457 1299 ship 0
1420 1293 1440 1301 1417 1363 1397 1354 ship 0
1433 1338 1446 1341 1437 1371 1424 1367 ship 0
1449 1342 1461 1346 1447 1383 1435 1378 ship 0
1465 1348 1476 1352 1464 1383 1453 1379 ship 0
1481 1352 1491 1355 1476 1393 1465 1388 ship 0
1493 1357 1505 1360 1496 1399 1482 1394 ship 0
1507 1363 1519 1366 1510 1396 1499 1393 ship 0
1523 1364 1535 1368 1524 1404 1511 1399 ship 0
1539 1370 1551 1374 1538 1413 1525 1409 ship 0
1553 1375 1564 1379 1553 1412 1543 1407 ship 0
1561 1365 1550 1360 1558 1335 1569 1339 ship 0
1576 1372 1564 1368 1574 1334 1586 1338 ship 0
1569 1380 1579 1384 1568 1414 1557 1409 ship 0
1584 1385 1595 1390 1584 1422 1572 1417 ship 0
1613 1427 1604 1424 1612 1396 1623 1401 ship 0
1591 1378 1579 1373 1591 1338 1605 1343 ship 0
1608 1380 1596 1375 1606 1345 1619 1350 ship 0
1623 1388 1611 1383 1621 1351 1634 1355 ship 0
1639 1392 1628 1388 1637 1355 1649 1359 ship 0
1628 1400 1638 1403 1628 1431 1618 1428 ship 0
1655 1397 1643 1392 1654 1359 1667 1364 ship 0
1669 1364 1681 1368 1670 1402 1659 1398 ship 0
1695 1282 1706 1286 1697 1320 1685 1316 ship 0
1707 1231 1721 1236 1708 1278 1695 1272 ship 0
1691 1272 1672 1263 1688 1216 1707 1223 ship 0
1520 1228 1533 1232 1522 1267 1508 1262 ship 0
2038 1460 2042 1448 2070 1459 2066 1470 ship 0
2043 1444 2046 1434 2074 1445 2071 1454 ship 0
2047 1429 2051 1418 2077 1428 2073 1438 ship 0
2051 1415 2054 1403 2084 1414 2082 1426 ship 0
2055 1401 2059 1388 2089 1399 2085 1411 ship 0
2062 1385 2065 1374 2094 1384 2091 1395 ship 0
2066 1370 2069 1358 2100 1369 2096 1381 ship 0
2031 1335 2101 1363 2012 1644 1938 1643 harbor 1
1616 1257 1629 1262 1619 1295 1606 1290 ship 0
1600 1254 1614 1259 1604 1288 1590 1283 ship 0
1583 1248 1599 1254 1588 1284 1573 1279 ship 0
1553 1237 1565 1242 1552 1280 1540 1274 ship 0
1537 1232 1550 1237 1537 1272 1525 1267 ship 0
1505 1223 1517 1228 1504 1261 1493 1257 ship 0
1680 1279 1692 1282 1679 1320 1667 1315 ship 0
1489 1218 1502 1222 1492 1255 1478 1250 ship 0
1464 1141 1492 1151 1456 1244 1431 1235 ship 0
1491 1208 1475 1201 1490 1162 1505 1168 ship 0
1512 1214 1497 1208 1514 1167 1530 1173 ship 0
1559 1229 1541 1222 1558 1175 1575 1181 ship 0
1581 1236 1564 1228 1578 1186 1595 1192 ship 0
1601 1242 1586 1235 1598 1195 1614 1201 ship 0
1623 1249 1607 1242 1621 1201 1636 1207 ship 0
1646 1257 1631 1251 1647 1207 1661 1211 ship 0
1667 1260 1652 1255 1664 1217 1679 1222 ship 0
1631 1263 1645 1268 1633 1303 1620 1298 ship 0
1647 1267 1661 1272 1653 1305 1638 1300 ship 0
1663 1273 1675 1277 1664 1311 1653 1306 ship 0
1733 795 1747 800 1734 839 1721 834 ship 0
1751 798 1764 802 1752 843 1738 838 ship 0
1757 789 1745 784 1754 759 1766 763 ship 0
1315 671 1305 667 1314 638 1324 642 ship 0
1173 636 1185 641 1176 675 1162 671 ship 0
1197 648 1213 649 1212 688 1197 688 ship 0
1219 651 1232 656 1224 687 1211 683 ship 0
1235 657 1247 661 1237 692 1225 688 ship 0
1250 661 1262 664 1253 695 1241 691 ship 0
1267 666 1279 670 1266 704 1255 699 ship 0
1287 671 1301 676 1289 713 1276 708 ship 0
1304 677 1316 681 1304 717 1291 712 ship 0
1318 683 1330 688 1319 721 1307 717 ship 0
1334 687 1347 692 1335 727 1323 722 ship 0
1349 691 1363 696 1351 728 1338 725 ship 0
1365 698 1377 702 1369 734 1355 729 ship 0
1413 711 1426 717 1415 750 1401 745 ship 0
1428 717 1440 723 1427 758 1414 752 ship 0
1443 723 1454 728 1444 759 1432 756 ship 0
1459 725 1472 730 1461 763 1449 759 ship 0
1475 732 1487 736 1476 769 1464 764 ship 0
1491 734 1503 739 1492 772 1480 768 ship 0
1505 740 1518 745 1506 782 1494 778 ship 0
1534 719 1552 726 1532 787 1514 779 ship 0
1506 731 1495 726 1505 696 1517 702 ship 0
1492 727 1482 722 1490 692 1501 696 ship 0
1476 679 1490 684 1481 720 1467 715 ship 0
1449 670 1460 675 1449 705 1438 700 ship 0
1434 708 1422 703 1430 673 1443 678 ship 0
1418 703 1407 698 1416 670 1428 674 ship 0
1407 698 1395 694 1403 667 1414 670 ship 0
1375 686 1365 682 1373 656 1383 660 ship 0
1360 684 1349 680 1359 648 1370 652 ship 0
1158 631 1170 636 1159 667 1147 662 ship 0
1140 627 1154 632 1146 662 1131 656 ship 0
1126 621 1139 626 1129 660 1114 655 ship 0
1113 756 1127 761 1115 802 1101 797 ship 0
1262 791 1250 786 1261 755 1272 759 ship 0
1241 784 1229 778 1240 749 1251 754 ship 0
1225 779 1215 775 1225 743 1236 746 ship 0
1211 776 1199 771 1208 739 1221 742 ship 0
1194 770 1184 765 1192 736 1204 740 ship 0
1193 783 1207 789 1194 828 1181 823 ship 0
1153 767 1169 774 1157 815 1140 809 ship 0
1131 764 1145 769 1133 812 1118 806 ship 0
1150 755 1137 750 1146 718 1159 722 ship 0
1134 750 1121 745 1130 715 1142 721 ship 0
1118 743 1106 739 1115 709 1127 714 ship 0
1102 740 1089 735 1100 702 1111 706 ship 0
1084 736 1073 731 1084 698 1098 704 ship 0
1093 749 1106 754 1091 798 1079 793 ship 0
1110 616 1123 621 1112 655 1099 651 ship 0
1072 741 1087 746 1072 791 1056 785 ship 0
1051 732 1067 739 1049 792 1031 785 ship 0
1030 727 1044 732 1026 787 1010 781 ship 0
987 718 1000 723 980 775 966 768 ship 0
1007 722 1024 728 1006 775 990 769 ship 0
1069 731 1057 726 1067 693 1079 698 ship 0
1054 723 1043 719 1053 691 1063 695 ship 0
1038 722 1027 716 1038 683 1050 688 ship 0
1023 715 1009 709 1022 675 1036 681 ship 0
1002 668 1017 673 1000 716 986 711 ship 0
1047 597 1061 601 1052 637 1037 633 ship 0
1064 602 1077 606 1065 640 1053 636 ship 0
1079 606 1092 612 1080 646 1065 640 ship 0
1346 678 1334 673 1344 642 1355 646 ship 0
1303 667 1291 662 1298 630 1312 633 ship 0
1771 790 1761 787 1768 762 1779 767 ship 0
1283 659 1271 654 1280 626 1292 630 ship 0
1113 480 1101 475 1111 446 1123 452 ship 0
1129 484 1117 478 1126 451 1138 455 ship 0
1142 487 1132 482 1141 455 1151 460 ship 0
1187 501 1175 498 1185 466 1197 470 ship 0
1215 512 1204 507 1214 478 1225 481 ship 0
1230 516 1218 512 1229 479 1240 482 ship 0
1244 522 1233 517 1242 487 1255 491 ship 0
1272 531 1262 526 1273 497 1284 502 ship 0
1289 536 1276 531 1287 502 1298 506 ship 0
1317 545 1306 540 1318 510 1329 515 ship 0
1326 430 1338 434 1329 467 1316 463 ship 0
1310 425 1322 429 1314 461 1300 455 ship 0
1296 421 1308 424 1298 457 1286 453 ship 0
1281 416 1292 420 1283 452 1271 448 ship 0
1267 413 1277 416 1268 447 1256 442 ship 0
1253 407 1264 411 1252 440 1242 436 ship 0
1237 403 1251 407 1239 444 1226 439 ship 0
1222 399 1235 403 1223 436 1211 431 ship 0
1207 396 1217 399 1209 426 1198 422 ship 0
1195 389 1205 392 1196 420 1185 416 ship 0
1179 385 1191 389 1180 420 1169 415 ship 0
1165 380 1177 384 1166 414 1154 410 ship 0
1149 374 1159 377 1150 413 1139 409 ship 0
1137 370 1148 375 1137 404 1124 400 ship 0
1120 365 1132 369 1121 396 1110 392 ship 0
1110 377 1106 385 1080 375 1084 367 ship 0
1115 362 1112 371 1086 362 1090 353 ship 0
1278 395 1276 406 1248 398 1251 387 ship 0
898 403 890 399 898 375 907 379 ship 0
1098 476 1088 471 1099 440 1109 443 ship 0
1084 481 1096 485 1086 518 1074 514 ship 0
1100 485 1112 490 1100 524 1087 519 ship 0
1064 594 1052 590 1062 554 1074 559 ship 0
1266 656 1256 651 1264 626 1274 629 ship 0
1239 647 1227 642 1237 611 1249 615 ship 0
1224 642 1213 637 1220 611 1232 615 ship 0
1209 637 1198 632 1207 602 1218 606 ship 0
1194 634 1183 630 1192 596 1203 600 ship 0
1180 628 1167 623 1178 593 1189 597 ship 0
1163 623 1153 620 1163 588 1173 591 ship 0
1149 621 1137 616 1149 583 1160 587 ship 0
1137 614 1126 613 1129 582 1140 583 ship 0
1121 610 1109 605 1118 573 1132 578 ship 0
1105 605 1094 600 1103 573 1113 577 ship 0
1090 601 1079 596 1090 564 1101 568 ship 0
1077 599 1066 594 1074 565 1085 570 ship 0
1031 563 1048 567 1036 615 1020 610 ship 0
1114 490 1124 494 1113 530 1102 526 ship 0
1304 591 1292 586 1302 553 1314 557 ship 0
1290 547 1300 551 1290 578 1280 574 ship 0
1275 542 1286 546 1275 578 1264 574 ship 0
1259 540 1269 543 1259 573 1249 570 ship 0
1246 535 1258 540 1243 569 1232 564 ship 0
1231 527 1241 531 1231 562 1221 558 ship 0
1216 523 1227 527 1217 560 1205 555 ship 0
1202 517 1213 521 1202 552 1191 548 ship 0
1187 515 1198 519 1187 547 1176 544 ship 0
1159 505 1169 509 1157 540 1146 536 ship 0
1141 500 1153 501 1148 532 1136 531 ship 0
1068 439 1087 444 1067 512 1049 507 ship 0
1128 495 1139 499 1130 533 1117 528 ship 0
1215 786 1232 791 1219 835 1203 830 ship 0
1235 794 1252 801 1235 849 1220 843 ship 0
1258 800 1273 806 1260 849 1243 843 ship 0
1277 808 1292 814 1278 859 1262 852 ship 0
1649 925 1635 919 1646 884 1661 889 ship 0
1632 919 1618 913 1629 875 1644 880 ship 0
1613 914 1599 909 1613 870 1627 875 ship 0
1576 896 1565 891 1578 855 1591 860 ship 0
1595 908 1583 903 1593 877 1606 882 ship 0
1646 934 1660 939 1648 973 1634 967 ship 0
1628 931 1641 936 1631 967 1619 962 ship 0
1613 925 1624 929 1614 963 1602 959 ship 0
1596 921 1610 926 1600 958 1585 953 ship 0
1580 913 1593 919 1584 953 1568 948 ship 0
1560 897 1578 904 1561 954 1542 945 ship 0
1459 716 1450 713 1462 682 1473 686 ship 0
1393 692 1378 686 1386 659 1402 665 ship 0
1381 700 1394 706 1382 743 1368 738 ship 0
1324 556 1336 560 1328 591 1314 587 ship 0
1339 560 1350 563 1338 597 1328 592 ship 0
1353 566 1364 571 1355 600 1342 596 ship 0
1340 513 1351 517 1338 550 1326 545 ship 0
1373 562 1360 556 1371 520 1384 526 ship 0
1389 566 1377 562 1389 526 1402 531 ship 0
1367 572 1379 576 1370 604 1358 600 ship 0
1382 575 1394 580 1383 613 1371 608 ship 0
1397 579 1409 584 1398 617 1386 612 ship 0
1410 585 1423 589 1416 618 1402 614 ship 0
1426 590 1438 594 1430 624 1419 620 ship 0
1442 596 1452 601 1441 629 1431 625 ship 0
1470 602 1483 606 1474 637 1460 633 ship 0
1485 643 1475 638 1483 610 1494 613 ship 0
1423 575 1410 571 1422 536 1435 541 ship 0
1668 931 1654 925 1663 889 1678 895 ship 0
1685 934 1672 930 1682 896 1694 900 ship 0
1703 941 1690 935 1701 902 1714 907 ship 0
1843 885 1851 888 1843 913 1835 910 ship 0
1784 797 1774 794 1783 767 1792 771 ship 0
1770 805 1781 809 1769 846 1758 843 ship 0
1785 809 1801 813 1792 851 1776 847 ship 0
1798 802 1788 798 1795 776 1806 780 ship 0
1814 805 1803 802 1809 778 1820 780 ship 0
1827 809 1818 805 1824 786 1834 789 ship 0
1844 816 1832 811 1840 783 1852 787 ship 0
1856 820 1847 817 1855 788 1865 793 ship 0
1880 802 1871 798 1877 776 1885 778 ship 0
1804 816 1818 820 1805 858 1794 853 ship 0
1824 820 1835 825 1824 858 1812 853 ship 0
1839 828 1854 833 1841 871 1828 866 ship 0
1858 837 1865 840 1859 858 1852 855 ship 0
1834 914 1842 917 1833 941 1825 938 ship 0
1662 939 1677 945 1666 979 1650 973 ship 0
1814 974 1822 975 1819 996 1810 994 ship 0
1794 977 1807 982 1795 1019 1782 1014 ship 0
1776 977 1788 981 1780 1013 1768 1010 ship 0
1759 973 1773 977 1762 1015 1747 1010 ship 0
1727 962 1739 966 1728 1001 1715 996 ship 0
1807 974 1796 969 1807 929 1818 934 ship 0
1791 971 1778 966 1789 930 1802 935 ship 0
1776 965 1760 958 1771 921 1789 927 ship 0
1756 958 1743 953 1753 918 1768 923 ship 0
1738 956 1723 950 1736 911 1750 917 ship 0
1712 957 1723 961 1713 996 1700 992 ship 0
1693 951 1708 955 1699 992 1684 987 ship 0
1677 949 1691 954 1680 987 1665 981 ship 0
1438 581 1426 577 1436 541 1449 546 ship 0
1452 587 1442 583 1454 549 1465 552 ship 0
1472 592 1458 588 1468 555 1481 559 ship 0
1419 840 1408 836 1417 804 1429 808 ship 0
848 517 836 513 845 483 856 487 ship 0
927 414 917 411 926 383 935 387 ship 0
942 420 931 417 939 388 950 392 ship 0
884 412 896 415 886 446 875 443 ship 0
198 394 200 386 216 393 213 400 ship 0
1487 874 1501 879 1489 924 1472 917 ship 0
1463 865 1479 871 1465 914 1448 909 ship 0
1439 862 1455 868 1443 903 1429 897 ship 0
1420 853 1434 857 1421 900 1408 896 ship 0
1498 827 1514 832 1503 873 1487 868 ship 0
1483 863 1470 856 1482 819 1496 824 ship 0
1463 816 1476 820 1465 854 1453 849 ship 0
1450 852 1439 847 1449 812 1462 816 ship 0
1403 835 1390 831 1400 793 1412 797 ship 0
759 490 749 486 758 455 770 460 ship 0
1385 831 1376 827 1386 793 1397 797 ship 0
1371 827 1359 822 1371 787 1383 792 ship 0
1400 847 1417 852 1406 895 1387 888 ship 0
1379 840 1396 846 1384 886 1368 880 ship 0
1350 840 1366 840 1366 882 1348 882 ship 0
1357 820 1346 817 1352 792 1363 796 ship 0
1341 815 1330 811 1337 783 1350 788 ship 0
1325 812 1312 807 1323 775 1336 780 ship 0
1309 806 1298 801 1307 770 1319 774 ship 0
1294 800 1282 796 1290 766 1303 770 ship 0
1280 798 1267 793 1276 761 1288 764 ship 0
1336 832 1348 834 1345 873 1332 872 ship 0
1317 820 1334 825 1323 869 1304 862 ship 0
863 521 852 517 860 487 871 490 ship 0
789 499 778 494 788 462 799 466 ship 0
1487 593 1476 588 1483 560 1495 563 ship 0
1569 490 1580 492 1572 527 1561 524 ship 0
1501 599 1488 593 1499 559 1512 564 ship 0
1516 602 1505 598 1515 569 1527 574 ship 0
1498 612 1510 615 1501 647 1489 644 ship 0
1513 617 1525 622 1513 655 1500 650 ship 0
1531 606 1521 602 1528 577 1538 580 ship 0
1544 616 1532 611 1541 583 1552 587 ship 0
1528 624 1540 628 1530 654 1519 650 ship 0
1544 625 1555 630 1544 662 1532 658 ship 0
1556 620 1546 616 1557 586 1566 590 ship 0
1563 663 1551 658 1561 630 1572 635 ship 0
1606 508 1608 500 1625 505 1623 514 ship 0
1597 521 1600 513 1622 522 1620 530 ship 0
1593 535 1596 526 1621 535 1618 544 ship 0
1556 486 1567 489 1559 520 1546 516 ship 0
761 500 772 504 760 538 749 534 ship 0
1540 486 1553 489 1544 521 1530 517 ship 0
1512 473 1523 476 1514 509 1504 506 ship 0
1498 468 1510 473 1500 504 1488 501 ship 0
1483 463 1496 467 1485 500 1471 495 ship 0
1466 457 1482 462 1471 496 1456 491 ship 0
1452 453 1466 458 1455 492 1441 487 ship 0
1437 448 1452 452 1441 487 1426 482 ship 0
1422 443 1435 447 1425 485 1411 480 ship 0
1405 438 1418 442 1408 479 1394 474 ship 0
1388 433 1400 437 1390 472 1378 468 ship 0
1372 429 1384 433 1374 469 1362 465 ship 0
1298 814 1314 820 1300 868 1281 861 ship 0
1174 773 1191 778 1174 828 1159 822 ship 0
458 137 516 157 397 536 336 517 harbor 0
