imagesource:GoogleEarth
gsd:0.131071848895
1600 218 1605 202 1653 216 1648 233 small-vehicle 1
323 314 341 321 320 383 305 376 ship 0
254 277 278 287 251 356 228 347 ship 0
210 349 179 338 207 247 239 256 ship 0
162 310 147 304 162 259 178 265 ship 0
65 298 46 289 63 244 82 250 ship 0
146 157 166 161 157 207 136 202 ship 0
1656 870 1550 831 1630 564 1658 572 harbor 1
1524 811 1466 791 1547 545 1606 566 harbor 0
1455 794 1420 785 1490 536 1528 545 harbor 0
1369 757 1268 728 1338 478 1436 510 harbor 0
1231 684 1173 666 1245 458 1307 478 harbor 0
1184 663 1117 643 1183 424 1244 438 harbor 0
1093 617 1058 601 1118 414 1156 428 harbor 0
1039 606 981 586 1051 381 1106 396 harbor 0
960 601 909 584 973 350 1028 367 harbor 0
885 574 834 554 904 332 952 346 harbor 0
816 543 762 528 835 305 893 323 harbor 0
748 519 690 503 758 281 820 300 harbor 0
676 468 630 452 685 253 738 268 harbor 0
606 495 563 480 631 235 673 248 harbor 0
519 442 450 422 516 216 584 233 harbor 0
408 415 331 393 395 178 474 202 harbor 0
303 376 247 356 312 161 373 182 harbor 0
181 334 154 320 230 98 263 112 harbor 0
297 358 272 348 296 282 322 293 ship 0
386 399 360 388 383 310 410 322 ship 0
1596 198 1591 218 1544 203 1550 183 small-vehicle 1
459 342 479 349 465 397 447 393 ship 0
1126 75 1132 58 1168 70 1162 86 small-vehicle 1
1173 89 1179 73 1215 86 1210 101 small-vehicle 0
1354 143 1359 128 1394 139 1389 155 small-vehicle 0
1294 126 1298 111 1335 121 1331 138 small-vehicle 0
1533 757 1552 764 1536 812 1519 805 ship 0
1555 683 1574 690 1556 750 1535 742 ship 0
1456 793 1438 786 1450 738 1470 744 ship 0
1494 846 1454 831 1506 675 1541 688 ship 0
1317 631 1336 636 1327 687 1308 683 ship 0
1257 603 1284 610 1262 690 1235 683 ship 0
1234 554 1246 564 1227 595 1215 585 ship 0
1091 509 1109 513 1098 563 1081 560 ship 0
1024 566 1009 560 1019 514 1038 520 ship 0
948 511 964 517 952 561 934 553 ship 0
868 529 850 525 860 481 878 485 ship 0
808 435 825 442 809 490 791 484 ship 0
758 451 741 443 756 397 773 403 ship 0
712 453 691 445 709 381 731 388 ship 0
678 372 698 378 682 428 662 419 ship 0
606 493 584 484 605 414 626 422 ship 0
588 406 571 401 583 354 602 359 ship 0
570 474 548 466 565 412 586 418 ship 0
430 333 447 338 435 383 416 375 ship 0
49 293 0 276 72 60 127 78 harbor 0
