imagesource:GoogleEarth
gsd:0.13267327595
701 532 701 546 667 546 667 532 small-vehicle 0
568 495 569 481 607 482 605 496 small-vehicle 0
73 512 70 529 33 528 36 509 small-vehicle 0
116 516 110 534 77 526 81 508 small-vehicle 0
158 520 156 538 120 534 123 516 small-vehicle 0
30 460 30 444 66 447 64 463 small-vehicle 0
215 465 216 449 244 451 243 467 small-vehicle 0
362 471 363 455 398 457 396 474 small-vehicle 0
306 469 307 454 341 456 340 472 small-vehicle 0
268 497 267 515 232 513 234 494 small-vehicle 0
496 218 583 220 577 398 491 396 tennis-court 0
364 216 451 216 445 394 359 393 tennis-court 0
233 210 322 214 313 392 224 390 tennis-court 0
101 204 188 207 179 388 92 386 tennis-court 0
360 58 542 62 537 150 356 144 tennis-court 0
90 42 271 47 267 133 86 125 tennis-court 0
