imagesource:GoogleEarth
gsd:0.131070505953
702 766 708 754 735 769 729 781 small-vehicle 1
139 591 124 584 138 552 152 556 small-vehicle 1
579 174 611 197 544 300 514 276 ship 0
514 198 530 208 507 253 490 244 ship 0
463 243 439 223 492 148 517 165 ship 0
432 209 412 197 435 153 457 164 ship 0
380 231 345 208 401 104 439 126 ship 0
357 139 339 128 364 81 384 94 ship 0
236 1 279 2 223 92 190 73 ship 1
295 118 277 110 294 69 313 77 ship 0
1381 688 1448 730 1356 884 1290 838 harbor 0
1476 742 1561 793 1464 955 1376 895 harbor 0
1256 614 1346 670 1259 820 1176 770 harbor 0
1087 510 1243 615 1148 760 1002 666 harbor 0
935 416 998 459 912 611 848 568 harbor 0
851 368 915 408 830 566 763 522 harbor 0
773 317 841 360 741 523 675 482 harbor 0
612 227 755 312 662 464 523 379 harbor 0
526 175 558 194 475 348 444 328 harbor 0
456 131 518 174 419 326 360 284 harbor 0
378 88 436 122 341 274 286 240 harbor 0
324 54 342 65 267 210 243 197 harbor 0
211 0 295 3 195 168 130 126 harbor 1
682 259 710 278 647 373 620 354 ship 0
692 394 660 373 720 272 757 296 ship 0
791 282 830 307 748 428 713 402 ship 0
109 466 100 481 67 464 75 448 small-vehicle 0
997 1080 982 1089 962 1060 978 1050 small-vehicle 1
872 953 884 944 910 971 897 981 small-vehicle 1
52 781 33 772 53 728 72 736 small-vehicle 1
110 746 92 739 108 701 126 708 small-vehicle 1
128 705 107 694 127 658 146 667 small-vehicle 1
298 578 288 596 257 579 266 562 small-vehicle 1
189 562 170 563 171 524 191 523 small-vehicle 1
869 868 879 852 912 875 903 890 small-vehicle 0
785 819 794 804 830 826 821 840 small-vehicle 0
662 724 656 739 629 724 636 708 small-vehicle 0
806 406 791 396 815 354 832 364 ship 0
489 701 479 716 445 691 457 675 small-vehicle 0
372 573 382 556 419 579 409 596 small-vehicle 0
1491 866 1472 856 1496 807 1516 818 ship 0
1260 781 1225 760 1293 629 1332 649 ship 0
1219 704 1202 689 1232 648 1250 663 ship 0
951 576 932 562 960 515 978 529 ship 0
984 514 968 503 992 460 1010 469 ship 0
918 522 899 509 927 462 946 475 ship 0
890 384 922 400 862 508 830 489 ship 0
104 0 182 2 108 125 44 89 harbor 1
