imagesource:GoogleEarth
gsd:0.266741543568
233 1018 217 1017 221 968 237 969 ship 0
1340 487 1345 476 1381 498 1375 509 ship 0
1376 474 1370 484 1336 463 1341 451 ship 0
1338 442 1345 434 1369 453 1364 462 ship 0
1279 546 1266 540 1281 504 1294 509 ship 0
1269 523 1257 518 1271 482 1283 486 ship 0
1259 503 1247 499 1257 463 1270 468 ship 0
1252 495 1248 505 1216 493 1220 483 ship 0
1257 515 1254 526 1223 515 1227 504 ship 0
1267 542 1263 551 1229 535 1233 525 ship 0
1350 548 1353 557 1332 564 1329 555 ship 0
1181 613 1177 630 1130 617 1134 600 ship 0
1168 591 1165 606 1123 593 1127 577 ship 0
1175 586 1156 581 1167 534 1185 538 ship 0
1142 519 1158 518 1160 560 1145 561 ship 0
1109 538 1120 532 1145 570 1135 577 ship 0
1102 686 1090 684 1091 659 1103 661 ship 0
1072 662 1071 677 1027 675 1028 660 ship 0
1085 660 1070 659 1072 624 1087 625 ship 0
1388 481 1375 473 1397 437 1409 444 ship 0
1394 503 1382 495 1400 467 1412 473 ship 0
245 956 261 957 256 1009 239 1009 ship 0
1386 520 1380 534 1342 512 1349 498 ship 0
756 967 791 924 877 988 844 1033 harbor 0
819 877 845 845 931 907 905 943 harbor 0
866 815 895 776 978 836 947 880 harbor 0
928 733 964 689 1042 752 1004 801 harbor 0
1010 638 1058 601 1120 678 1073 721 harbor 0
1104 556 1168 519 1215 614 1155 649 harbor 0
1219 493 1277 474 1316 566 1257 590 harbor 0
1336 445 1400 435 1417 537 1359 548 harbor 0
1450 425 1507 422 1509 523 1456 524 harbor 0
1551 417 1566 415 1574 520 1560 520 harbor 0
233 1021 236 971 439 990 436 1036 harbor 0
522 1050 527 997 710 1009 706 1062 harbor 0
1585 460 1567 462 1561 406 1577 404 ship 0
1558 469 1540 470 1536 416 1554 415 ship 0
1489 502 1479 514 1447 488 1457 476 ship 0
1478 461 1463 461 1461 418 1476 417 ship 0
1425 537 1425 527 1447 525 1448 535 ship 0
1067 641 1054 640 1056 607 1069 608 ship 0
1012 651 1014 639 1051 645 1049 656 ship 0
1024 766 1012 768 1007 735 1020 732 ship 0
1021 782 1022 795 982 799 980 786 ship 0
656 1048 642 1047 645 1001 659 1001 ship 0
633 1048 616 1047 618 998 636 1000 ship 0
613 1043 599 1042 600 1008 614 1008 ship 0
586 1046 572 1044 575 1004 589 1005 ship 0
568 1044 551 1043 554 987 573 988 ship 0
540 1027 530 1025 533 999 543 1000 ship 0
561 1050 560 1062 527 1060 528 1048 ship 0
524 1055 506 1054 508 990 528 991 ship 0
447 1041 430 1038 440 990 457 993 ship 0
420 980 434 981 431 1022 416 1021 ship 0
395 1043 397 1033 423 1035 422 1046 ship 0
384 975 401 975 399 1019 383 1019 ship 0
348 1011 337 1009 338 985 349 986 ship 0
332 1009 322 1008 324 985 335 986 ship 0
317 1017 302 1016 305 978 320 979 ship 0
296 1022 296 1037 256 1035 257 1019 ship 0
273 950 293 952 289 1010 269 1009 ship 0
701 1048 687 1048 688 1009 702 1010 ship 0
721 1059 705 1057 708 1010 724 1012 ship 0
777 983 766 975 792 938 805 947 ship 0
883 872 893 872 896 897 887 898 ship 0
951 771 951 757 1000 759 999 775 ship 0
940 754 939 740 978 740 978 755 ship 0
977 697 990 697 993 737 979 738 ship 0
897 813 899 825 872 830 871 819 ship 0
830 837 844 844 826 877 811 872 ship 0
880 887 870 888 865 864 876 863 ship 0
859 873 849 873 847 853 857 852 ship 0
919 913 909 918 900 895 910 890 ship 0
798 998 788 991 815 954 827 962 ship 0
851 874 852 884 826 888 824 879 ship 0
868 892 869 902 847 903 845 894 ship 0
887 903 888 913 860 916 860 906 ship 0
905 915 906 926 880 928 879 919 ship 0
848 945 837 961 794 927 803 913 ship 0
849 984 860 991 838 1023 827 1015 ship 0
834 976 844 984 822 1016 810 1009 ship 0
89 1237 113 1189 196 1227 172 1282 harbor 0
