imagesource:GoogleEarth
gsd:0.128749636193
659 607 639 605 641 560 660 561 small-vehicle 1
1144 209 1197 209 1190 426 1142 427 harbor 0
1 185 27 189 18 279 1 277 ship 1
997 624 1030 625 1029 695 994 695 swimming-pool 0
1652 199 1699 201 1693 418 1644 416 harbor 0
1508 211 1597 215 1592 427 1500 420 harbor 0
1376 197 1421 197 1416 414 1370 410 harbor 0
1223 198 1274 200 1266 416 1217 414 harbor 0
1044 201 1126 203 1118 439 1032 433 harbor 0
636 704 652 705 649 743 634 742 small-vehicle 1
865 181 994 187 990 411 852 401 harbor 0
711 170 807 172 807 402 704 397 harbor 0
566 186 641 189 636 422 553 415 harbor 0
440 195 519 199 517 399 431 399 harbor 0
349 190 424 191 414 399 340 396 harbor 0
280 186 314 189 304 452 271 454 harbor 0
215 240 193 238 197 195 218 198 ship 0
284 258 266 258 268 213 287 214 ship 0
328 200 353 201 349 278 324 278 ship 0
361 162 404 160 406 298 362 299 ship 0
467 184 500 184 497 284 462 282 ship 0
512 255 532 256 531 307 510 306 ship 0
566 253 540 250 542 190 570 193 ship 0
607 300 574 299 576 188 610 191 ship 0
780 245 758 244 760 198 781 199 ship 0
874 184 898 185 895 244 872 243 ship 0
976 274 950 274 949 191 977 191 ship 0
1180 256 1158 256 1156 215 1177 214 ship 0
1261 271 1231 270 1233 192 1262 192 ship 0
1590 191 1591 212 1538 214 1536 191 ship 0
1663 256 1683 257 1678 310 1658 310 ship 0
617 704 632 703 634 741 618 742 small-vehicle 0
668 652 685 653 684 689 668 688 small-vehicle 0
212 187 240 187 230 467 198 466 harbor 0
