imagesource:GoogleEarth
gsd:0.13467583795
615 36 621 20 656 34 649 48 small-vehicle 0
1071 243 1058 251 1038 221 1054 213 small-vehicle 0
712 626 695 601 744 569 762 595 harbor 0
787 746 764 712 815 678 840 712 harbor 0
826 798 798 761 854 727 877 763 harbor 0
852 838 835 814 887 776 905 804 harbor 0
892 896 867 863 927 821 953 854 harbor 0
930 962 909 933 969 889 991 914 harbor 0
973 1009 947 976 996 938 1021 971 harbor 0
1004 1059 987 1033 1039 997 1057 1023 harbor 0
195 2 215 28 136 83 119 56 ship 0
170 138 156 117 218 71 234 95 ship 0
334 36 346 51 310 78 298 62 ship 0
200 161 191 148 234 119 242 136 ship 0
316 101 331 91 358 134 342 145 ship 0
350 101 364 91 391 128 375 139 ship 0
440 252 424 269 371 214 389 197 ship 0
419 347 396 364 354 303 376 286 ship 0
326 342 318 328 355 305 363 320 ship 0
479 304 466 315 437 282 451 270 ship 0
521 361 506 376 472 337 488 324 ship 0
452 492 438 480 469 450 480 462 ship 0
559 417 546 427 513 392 528 380 ship 0
672 583 641 544 698 509 727 547 harbor 0
635 518 610 488 663 454 684 483 harbor 0
587 465 564 435 622 398 645 426 harbor 0
599 636 626 677 567 724 539 686 harbor 0
183 45 196 65 142 104 129 85 harbor 0
222 101 235 118 183 160 168 140 harbor 0
242 153 269 189 228 221 198 185 harbor 0
319 261 343 298 298 330 269 294 harbor 0
366 318 384 344 335 384 312 355 harbor 0
403 373 423 403 376 432 354 404 harbor 0
448 428 462 450 404 493 388 472 harbor 0
492 481 510 506 457 547 436 521 harbor 0
525 532 548 568 496 606 471 576 harbor 0
641 696 660 727 600 770 579 738 harbor 0
549 406 531 384 595 340 612 361 harbor 0
676 752 700 790 633 834 606 797 harbor 0
715 804 734 833 684 868 662 842 harbor 0
748 860 768 886 723 918 703 892 harbor 0
789 915 806 940 738 996 714 969 harbor 0
823 965 842 992 770 1048 748 1019 harbor 0
365 146 314 72 366 35 416 107 harbor 0
424 237 385 185 438 144 480 194 harbor 0
474 298 453 269 505 230 527 258 harbor 0
507 347 497 331 555 288 567 305 harbor 0
252 223 242 211 266 190 276 201 ship 0
417 160 427 176 394 199 383 184 ship 0
404 374 415 366 434 398 424 405 ship 0
178 892 186 911 151 935 139 917 small-vehicle 0
99 541 82 553 52 513 68 499 small-vehicle 0
133 541 147 530 170 561 156 571 small-vehicle 0
157 572 170 560 189 590 174 599 small-vehicle 0
128 587 113 596 92 565 107 554 small-vehicle 0
198 686 183 699 166 672 181 661 small-vehicle 0
258 765 242 778 219 746 233 736 small-vehicle 0
274 759 289 759 294 796 278 796 small-vehicle 0
360 728 370 742 345 763 334 750 small-vehicle 0
373 750 382 765 356 786 345 773 small-vehicle 0
218 863 227 881 198 899 187 882 small-vehicle 0
948 442 959 434 978 461 967 470 small-vehicle 0
365 870 379 859 402 892 388 901 small-vehicle 0
366 923 352 934 328 904 342 894 small-vehicle 0
399 972 385 984 363 953 378 941 small-vehicle 0
425 1008 413 1019 392 994 404 981 small-vehicle 0
1079 436 1091 452 1057 479 1044 462 large-vehicle 0
959 426 946 436 923 408 937 398 small-vehicle 0
823 110 828 91 869 105 864 122 small-vehicle 0
1083 197 1086 181 1125 192 1122 209 small-vehicle 0
975 221 962 230 942 201 956 190 small-vehicle 0
61 487 43 499 25 469 42 458 small-vehicle 0
931 563 921 548 951 527 959 542 small-vehicle 0
398 437 389 424 420 401 430 415 ship 0
859 844 845 854 818 819 832 810 ship 0
486 468 502 459 530 505 513 515 ship 0
514 635 506 622 532 603 541 615 ship 0
528 648 524 631 564 616 570 634 ship 0
678 722 669 731 640 694 651 687 ship 0
710 795 723 787 750 828 736 839 ship 0
790 904 802 897 826 932 816 940 ship 0
964 1031 978 1021 1008 1064 994 1074 ship 0
974 1015 960 1024 933 986 948 976 ship 0
855 875 867 866 891 897 880 906 ship 0
794 667 805 685 769 708 756 690 ship 0
1112 412 1123 429 1094 449 1084 434 small-vehicle 0
773 651 776 665 746 672 742 659 ship 0
751 639 759 651 735 666 727 654 ship 0
673 601 686 592 714 632 702 643 ship 0
745 80 751 63 787 76 782 91 small-vehicle 0
790 169 805 159 827 200 814 210 small-vehicle 0
988 164 993 150 1024 161 1020 176 small-vehicle 0
829 246 818 255 792 220 805 211 small-vehicle 0
844 295 859 284 881 319 866 328 small-vehicle 0
909 355 896 367 868 329 882 317 small-vehicle 0
138 1 148 15 101 51 66 1 harbor 1
