imagesource:GoogleEarth
gsd:0.119553251171
1252 759 1248 736 1310 722 1316 744 large-vehicle 0
971 1255 949 1259 939 1214 959 1209 small-vehicle 0
229 956 255 949 276 1013 247 1019 large-vehicle 0
199 964 227 957 244 1024 216 1029 large-vehicle 0
69 353 92 346 108 413 85 418 small-vehicle 0
112 280 106 261 165 248 169 268 small-vehicle 0
956 956 983 949 1000 1010 971 1019 large-vehicle 0
893 960 924 954 944 1023 914 1032 large-vehicle 0
921 755 948 748 976 840 947 849 large-vehicle 0
730 807 759 800 779 880 747 886 large-vehicle 0
1355 842 1350 820 1419 807 1424 829 large-vehicle 0
1273 818 1269 796 1364 776 1370 799 large-vehicle 0
1267 788 1260 765 1353 743 1361 767 large-vehicle 0
1270 728 1264 705 1364 683 1369 705 large-vehicle 0
1090 643 1061 650 1042 558 1069 551 large-vehicle 0
1150 626 1119 630 1104 538 1135 532 large-vehicle 0
1346 440 1352 458 1305 473 1299 455 large-vehicle 0
1286 447 1292 466 1234 486 1227 466 large-vehicle 0
1168 472 1173 494 1084 513 1080 491 large-vehicle 0
390 1029 398 1060 305 1081 296 1048 large-vehicle 0
864 987 890 980 905 1029 879 1039 small-vehicle 0
1166 890 1191 885 1213 954 1188 962 large-vehicle 0
773 100 791 109 773 145 757 138 small-vehicle 0
1129 885 1153 880 1185 971 1161 978 large-vehicle 0
1096 894 1124 887 1147 961 1122 966 large-vehicle 0
1064 896 1091 888 1123 983 1099 989 large-vehicle 0
1037 903 1065 896 1095 991 1068 996 large-vehicle 0
1008 932 1041 923 1064 997 1033 1004 large-vehicle 0
759 803 783 797 808 865 782 874 large-vehicle 0
787 791 813 784 838 858 813 862 large-vehicle 0
847 773 874 767 899 845 868 851 large-vehicle 0
952 754 980 744 1009 842 981 851 large-vehicle 0
880 767 910 758 933 856 900 865 large-vehicle 0
1059 652 1030 659 1004 561 1039 553 large-vehicle 0
938 569 970 561 1000 653 970 661 large-vehicle 0
700 626 728 618 748 707 722 714 large-vehicle 0
759 606 787 598 812 692 784 697 large-vehicle 0
976 54 997 59 981 96 962 89 small-vehicle 0
675 120 697 125 683 164 662 159 small-vehicle 0
738 108 757 115 744 152 725 147 small-vehicle 0
1070 402 1075 424 1018 439 1012 416 large-vehicle 0
