imagesource:GoogleEarth
gsd:0.133461376059
219 399 223 416 166 432 160 416 small-vehicle 0
309 378 316 399 256 414 250 395 small-vehicle 0
94 337 90 319 144 304 148 324 large-vehicle 0
308 324 311 342 258 354 254 335 large-vehicle 0
223 340 228 360 181 374 177 353 large-vehicle 0
90 395 86 376 164 355 168 375 large-vehicle 0
410 326 414 347 332 365 327 345 large-vehicle 0
416 352 421 372 341 389 336 370 large-vehicle 0
245 416 251 436 170 457 165 438 large-vehicle 0
156 411 160 431 113 442 109 423 large-vehicle 0
209 506 214 525 139 544 135 524 large-vehicle 0
331 519 337 537 266 560 260 540 large-vehicle 0
171 273 175 292 97 311 92 290 large-vehicle 0
343 260 349 281 288 296 282 276 large-vehicle 0
397 407 402 425 323 449 319 429 large-vehicle 0
316 109 295 112 289 67 309 62 small-vehicle 0
337 105 317 106 314 71 333 69 small-vehicle 0
168 174 146 179 135 136 157 131 small-vehicle 0
521 293 527 312 490 319 485 303 small-vehicle 0
346 492 349 514 306 522 301 504 small-vehicle 0
407 456 415 478 358 492 353 473 small-vehicle 0
237 286 241 305 161 323 157 302 large-vehicle 0
