imagesource:GoogleEarth
gsd:0.27126131558
1494 1051 1482 1054 1473 1022 1485 1019 ship 0
578 133 581 147 546 156 544 142 ship 0
461 237 457 224 494 214 497 226 ship 0
495 193 499 207 457 219 454 206 ship 0
450 202 446 189 491 174 495 188 ship 0
447 182 443 168 483 157 486 170 ship 0
442 163 439 149 476 139 480 152 ship 0
566 99 569 112 535 119 531 107 ship 0
570 116 574 129 539 137 535 124 ship 0
586 124 583 111 615 103 618 116 ship 0
590 143 587 130 620 123 623 135 ship 0
581 152 584 165 547 175 544 161 ship 0
495 412 498 425 457 435 453 422 ship 0
587 166 591 182 555 191 552 176 ship 0
594 162 590 149 624 141 626 154 ship 0
599 180 595 167 634 157 637 171 ship 0
604 199 601 186 635 178 638 190 ship 0
589 188 592 200 558 208 555 196 ship 0
560 229 557 216 595 206 599 220 ship 0
602 223 605 238 566 248 563 234 ship 0
611 261 614 274 576 283 573 271 ship 0
658 442 661 458 623 465 620 450 ship 0
466 255 463 241 501 231 504 245 ship 0
471 274 468 259 507 249 511 264 ship 0
474 293 470 280 513 271 516 282 ship 0
478 312 475 298 515 288 519 301 ship 0
505 447 508 462 468 472 464 458 ship 0
509 465 512 480 469 492 465 477 ship 0
514 485 518 500 478 510 474 495 ship 0
462 523 481 517 496 577 479 582 ship 0
490 518 507 513 523 573 507 579 ship 0
517 513 534 508 549 564 533 569 ship 0
574 575 558 580 545 531 560 528 ship 0
595 568 580 573 565 523 580 519 ship 0
544 524 541 514 570 507 572 517 ship 0
542 510 539 499 567 492 570 503 ship 0
527 496 524 483 562 474 565 487 ship 0
523 479 519 465 558 455 562 469 ship 0
516 460 513 446 552 437 556 451 ship 0
511 442 508 429 546 420 550 433 ship 0
508 424 503 409 544 400 548 415 ship 0
503 404 499 390 539 380 542 394 ship 0
498 386 494 373 530 364 532 377 ship 0
491 348 488 334 524 326 527 339 ship 0
485 330 481 317 522 306 525 320 ship 0
652 424 654 434 622 442 620 432 ship 0
649 406 652 419 616 427 612 415 ship 0
646 387 649 401 611 409 608 397 ship 0
663 487 680 482 694 540 677 545 ship 0
668 726 683 722 694 767 680 770 ship 0
675 670 701 661 726 755 703 761 ship 0
744 712 726 717 709 658 728 653 ship 0
787 606 793 626 733 644 726 624 ship 0
799 631 804 651 744 667 741 647 ship 0
751 689 747 672 801 658 804 675 ship 0
754 714 750 695 808 680 813 699 ship 0
814 704 819 722 763 737 758 719 ship 0
820 729 825 746 771 759 767 742 ship 0
773 783 770 766 824 752 827 769 ship 0
781 807 777 788 830 774 835 793 ship 0
831 799 835 814 788 827 785 811 ship 0
842 817 846 835 792 851 787 832 ship 0
936 813 931 794 982 783 988 800 ship 0
931 790 927 774 976 763 980 779 ship 0
972 740 976 758 919 769 915 752 ship 0
969 714 974 734 921 746 916 728 ship 0
964 691 969 708 924 719 919 702 ship 0
953 670 957 685 906 697 902 681 ship 0
688 484 706 478 718 532 702 537 ship 0
641 490 658 485 673 542 656 547 ship 0
636 352 639 365 601 373 598 361 ship 0
617 488 634 482 648 545 630 549 ship 0
630 332 634 346 597 356 593 342 ship 0
625 315 628 329 592 336 589 324 ship 0
619 298 621 311 587 318 584 306 ship 0
613 280 616 292 584 300 581 288 ship 0
608 217 606 205 638 196 641 209 ship 0
612 236 608 221 647 212 650 226 ship 0
617 255 613 240 650 229 654 244 ship 0
622 272 619 259 651 250 654 262 ship 0
629 290 625 276 661 265 665 279 ship 0
632 309 629 294 666 285 670 298 ship 0
639 325 636 313 670 304 672 316 ship 0
643 343 641 331 672 322 676 334 ship 0
646 362 643 349 680 339 683 352 ship 0
650 381 646 367 681 358 684 371 ship 0
655 398 652 385 684 376 687 388 ship 0
660 416 658 405 692 395 695 406 ship 0
664 437 660 422 698 412 703 426 ship 0
671 453 668 440 700 430 703 443 ship 0
675 472 672 457 709 448 712 463 ship 0
500 430 503 444 459 453 456 440 ship 0
489 393 493 406 454 416 451 403 ship 0
945 620 950 638 891 651 887 634 ship 0
795 428 792 418 822 410 825 421 ship 0
937 433 953 428 963 468 948 472 ship 0
773 474 788 470 799 511 784 516 ship 0
792 469 807 465 816 503 801 507 ship 0
810 464 826 461 834 498 819 502 ship 0
828 456 845 451 859 495 841 500 ship 0
801 457 799 447 828 439 831 450 ship 0
792 447 795 458 763 467 759 456 ship 0
787 433 791 445 758 454 754 442 ship 0
800 442 798 432 823 427 825 437 ship 0
782 418 785 429 754 437 752 426 ship 0
487 374 491 388 447 398 444 385 ship 0
775 403 778 414 754 420 752 410 ship 0
791 412 788 402 813 395 816 406 ship 0
788 396 785 387 812 379 814 389 ship 0
776 387 779 399 745 407 743 395 ship 0
732 219 735 232 704 240 700 226 ship 0
736 236 738 247 710 253 708 243 ship 0
740 251 743 262 712 269 710 259 ship 0
742 266 745 278 715 285 712 274 ship 0
749 282 751 293 718 302 715 289 ship 0
918 438 933 433 944 472 928 476 ship 0
897 442 914 436 924 477 908 482 ship 0
882 449 896 445 905 488 892 491 ship 0
909 431 906 421 932 414 935 425 ship 0
835 141 833 131 859 124 862 134 ship 0
840 156 838 145 866 138 868 149 ship 0
843 172 840 161 869 153 873 164 ship 0
847 186 845 177 875 169 878 178 ship 0
851 202 848 191 879 184 881 195 ship 0
855 217 852 207 882 199 885 209 ship 0
859 232 856 222 887 215 889 225 ship 0
863 248 860 236 890 228 894 241 ship 0
868 262 865 251 890 244 893 256 ship 0
871 278 868 267 900 259 902 271 ship 0
873 293 872 282 902 275 904 286 ship 0
878 309 875 299 906 292 908 302 ship 0
909 306 912 316 884 324 882 313 ship 0
888 338 885 328 913 321 917 331 ship 0
888 356 885 344 914 337 917 348 ship 0
892 371 889 358 921 350 925 363 ship 0
897 387 893 375 926 366 929 379 ship 0
901 401 898 391 926 382 929 393 ship 0
903 416 901 406 930 398 933 409 ship 0
750 296 753 306 724 314 721 304 ship 0
754 311 757 322 727 330 724 320 ship 0
759 327 761 339 730 347 727 335 ship 0
724 152 722 141 751 134 753 145 ship 0
709 128 712 139 680 147 678 137 ship 0
717 122 714 112 743 105 745 115 ship 0
707 114 709 125 679 131 676 121 ship 0
699 98 702 108 678 114 675 104 ship 0
714 107 710 95 739 87 742 99 ship 0
710 90 707 81 734 74 737 83 ship 0
696 84 699 95 674 101 671 91 ship 0
416 137 419 150 389 158 385 145 ship 0
427 151 431 166 390 177 386 163 ship 0
433 169 437 184 398 195 393 181 ship 0
443 206 446 221 407 231 403 216 ship 0
448 224 451 239 411 250 408 235 ship 0
453 243 456 257 413 269 409 255 ship 0
457 262 460 277 419 288 414 273 ship 0
463 281 466 296 424 305 421 292 ship 0
467 300 470 314 428 324 425 310 ship 0
465 322 467 334 438 341 434 330 ship 0
475 338 478 351 442 361 439 348 ship 0
480 355 484 370 444 379 441 365 ship 0
720 137 718 128 745 120 748 129 ship 0
715 143 717 154 689 161 686 150 ship 0
763 342 765 353 735 361 733 349 ship 0
729 167 725 156 755 149 758 161 ship 0
768 357 770 369 739 376 736 365 ship 0
772 371 776 384 740 393 737 379 ship 0
783 382 780 371 808 363 811 374 ship 0
780 367 777 356 804 349 807 360 ship 0
774 351 771 341 802 333 805 345 ship 0
772 336 769 325 798 318 801 328 ship 0
767 321 763 311 791 304 794 313 ship 0
762 306 759 294 789 287 792 299 ship 0
759 291 756 280 786 272 789 283 ship 0
755 275 752 263 781 257 783 267 ship 0
779 240 782 252 753 259 750 247 ship 0
747 245 744 233 772 226 774 238 ship 0
745 229 741 219 767 212 770 221 ship 0
728 204 731 216 701 222 698 211 ship 0
724 190 727 200 699 207 697 196 ship 0
737 198 733 188 763 181 765 191 ship 0
722 172 725 185 692 193 689 180 ship 0
733 183 729 172 759 165 761 176 ship 0
713 160 716 170 696 175 693 165 ship 0
953 645 958 661 898 677 894 660 ship 0
941 598 944 612 898 624 893 610 ship 0
819 80 816 69 846 61 849 73 ship 0
965 1442 983 1438 996 1500 979 1504 ship 0
1066 1484 1047 1489 1033 1434 1052 1429 ship 0
1039 1365 1054 1361 1065 1401 1051 1405 ship 0
1047 1414 1031 1417 1020 1374 1036 1369 ship 0
1025 1421 1007 1424 996 1379 1014 1375 ship 0
999 1427 983 1431 971 1384 988 1381 ship 0
975 1432 961 1435 951 1385 967 1382 ship 0
953 1436 936 1440 927 1399 943 1394 ship 0
1009 1431 1027 1427 1041 1489 1022 1493 ship 0
987 1439 1005 1435 1017 1488 1000 1492 ship 0
976 1508 957 1512 946 1461 964 1457 ship 0
1010 1247 1028 1241 1040 1293 1023 1297 ship 0
355 730 348 743 316 723 323 711 ship 0
371 712 364 725 328 704 336 691 ship 0
338 684 345 673 373 691 367 702 ship 0
347 668 352 658 378 674 373 684 ship 0
356 656 363 643 388 658 380 670 ship 0
358 609 363 598 398 612 393 624 ship 0
371 590 373 572 424 581 422 598 ship 0
365 568 367 549 422 555 421 573 ship 0
358 541 360 524 415 532 412 551 ship 0
1057 1425 1072 1421 1086 1475 1069 1480 ship 0
1108 1467 1093 1471 1078 1418 1095 1414 ship 0
1131 1466 1114 1470 1101 1414 1119 1410 ship 0
1123 1404 1142 1399 1155 1458 1137 1462 ship 0
1060 1239 1077 1235 1086 1280 1069 1283 ship 0
1044 1233 1031 1237 1019 1197 1032 1193 ship 0
1038 1195 1050 1192 1060 1229 1048 1233 ship 0
1082 1224 1069 1228 1057 1186 1071 1182 ship 0
1103 1220 1086 1224 1074 1177 1093 1173 ship 0
1121 1215 1106 1220 1094 1176 1111 1172 ship 0
1136 1208 1124 1212 1114 1176 1128 1173 ship 0
1105 1227 1119 1224 1128 1267 1115 1270 ship 0
1125 1224 1143 1219 1153 1263 1135 1267 ship 0
1135 1160 1147 1158 1152 1184 1141 1186 ship 0
1142 1187 1165 1182 1180 1259 1160 1264 ship 0
1092 1403 1077 1407 1064 1360 1081 1355 ship 0
1112 1397 1097 1402 1088 1361 1103 1358 ship 0
1136 1393 1120 1396 1110 1353 1126 1349 ship 0
1159 1387 1144 1392 1131 1346 1148 1341 ship 0
1209 1378 1190 1384 1178 1330 1195 1326 ship 0
1224 1440 1206 1444 1193 1390 1212 1385 ship 0
1166 1393 1186 1387 1200 1440 1180 1444 ship 0
1147 1403 1162 1398 1175 1449 1161 1453 ship 0
357 519 352 505 391 493 396 508 ship 0
349 500 345 483 392 471 396 488 ship 0
343 479 339 462 383 452 388 468 ship 0
1138 1163 1160 1263 889 1336 865 1238 harbor 0
1279 1518 1295 1589 971 1670 957 1599 harbor 0
1311 1585 1299 1532 1597 1457 1610 1506 harbor 0
1323 1447 1297 1357 1552 1290 1576 1381 harbor 0
1281 1292 1261 1215 1517 1146 1537 1225 harbor 0
1240 1159 1227 1082 1484 1018 1506 1090 harbor 0
1214 1026 1196 956 1450 888 1470 963 harbor 0
1182 899 1163 827 1426 759 1440 833 harbor 0
1149 770 1131 697 1385 634 1402 703 harbor 0
1122 656 1104 593 1356 527 1375 591 harbor 0
1089 547 1073 485 1337 418 1350 481 harbor 0
1065 436 1048 375 1293 309 1310 373 harbor 0
1083 323 1064 259 1275 203 1291 268 harbor 0
1088 209 1075 168 1260 121 1269 162 harbor 0
1079 209 1038 218 984 9 1020 1 harbor 0
1038 384 978 402 881 32 937 16 harbor 0
949 470 886 488 772 57 837 40 harbor 0
843 495 779 514 665 81 733 64 harbor 0
724 525 645 551 536 116 613 93 harbor 0
580 560 497 588 386 153 475 127 harbor 0
1182 1331 1206 1437 934 1510 909 1407 harbor 0
1102 1013 1122 1101 849 1172 824 1086 harbor 0
338 457 334 442 378 430 382 445 ship 0
1067 884 1083 965 826 1028 811 950 harbor 0
332 436 329 423 371 410 375 423 ship 0
327 417 323 401 367 388 372 404 ship 0
321 397 316 380 368 367 372 382 ship 0
318 375 314 360 359 349 363 363 ship 0
313 354 309 339 352 326 357 343 ship 0
308 333 303 318 346 307 350 322 ship 0
301 313 297 296 340 285 345 302 ship 0
295 293 291 276 339 263 344 279 ship 0
290 271 285 255 337 240 341 258 ship 0
285 250 281 233 321 223 325 239 ship 0
282 229 279 213 319 203 323 219 ship 0
277 209 273 192 316 181 320 197 ship 0
277 188 273 174 309 166 312 179 ship 0
517 809 543 776 599 815 578 851 harbor 0
651 725 669 720 686 791 668 797 harbor 0
598 738 615 734 631 802 615 808 harbor 0
363 624 400 647 338 760 299 737 harbor 0
727 643 795 626 845 832 775 854 harbor 0
881 601 993 574 1043 787 934 813 harbor 0
1035 1247 1051 1242 1062 1287 1047 1291 ship 0
989 1257 1005 1253 1014 1293 998 1298 ship 0
944 589 940 571 985 560 988 578 ship 0
856 984 868 981 877 1016 864 1019 ship 0
794 861 807 856 817 891 803 895 ship 0
934 955 920 958 911 922 924 918 ship 0
916 958 904 961 896 930 908 926 ship 0
900 964 887 968 879 933 892 930 ship 0
882 969 870 972 862 938 874 935 ship 0
844 939 858 935 865 971 853 974 ship 0
851 977 836 981 828 944 842 940 ship 0
832 978 821 981 814 951 826 949 ship 0
840 989 853 985 860 1020 847 1022 ship 0
873 983 885 979 893 1011 880 1014 ship 0
967 1263 982 1258 993 1299 979 1303 ship 0
889 976 901 972 909 1005 898 1009 ship 0
904 972 917 968 925 1003 914 1007 ship 0
938 966 949 962 958 994 946 997 ship 0
947 945 935 949 927 917 940 914 ship 0
965 948 952 951 944 916 957 913 ship 0
983 943 972 946 963 913 975 909 ship 0
998 936 985 939 977 908 991 904 ship 0
994 903 1007 900 1014 933 1002 936 ship 0
955 960 969 955 977 989 963 992 ship 0
841 884 830 888 822 857 834 853 ship 0
852 842 866 837 879 881 864 886 ship 0
891 875 879 878 868 841 881 837 ship 0
885 841 898 837 904 870 893 873 ship 0
953 611 949 594 991 583 996 599 ship 0
959 633 955 615 1000 604 1004 621 ship 0
967 653 964 639 1005 628 1009 641 ship 0
970 674 965 657 1013 646 1017 662 ship 0
976 696 972 682 1021 668 1025 683 ship 0
985 710 983 697 1020 688 1023 701 ship 0
983 733 979 716 1022 706 1026 723 ship 0
992 753 989 739 1026 731 1029 744 ship 0
994 775 991 761 1034 749 1038 764 ship 0
1001 797 996 779 1039 768 1043 787 ship 0
1066 827 1051 831 1041 790 1056 785 ship 0
1024 800 1037 797 1044 830 1031 834 ship 0
1009 803 1023 799 1033 841 1018 845 ship 0
995 811 1006 808 1014 839 1004 842 ship 0
979 818 990 815 997 845 986 848 ship 0
960 816 975 812 984 850 971 853 ship 0
930 825 943 822 953 857 941 861 ship 0
915 830 928 827 937 860 924 864 ship 0
901 834 913 830 921 864 909 868 ship 0
972 953 985 950 993 984 980 987 ship 0
989 950 1001 947 1008 978 996 981 ship 0
1006 948 1019 944 1028 979 1014 982 ship 0
859 1071 872 1068 881 1103 868 1107 ship 0
1011 1086 1026 1082 1035 1124 1022 1127 ship 0
1019 1134 1003 1139 992 1096 1006 1092 ship 0
973 1097 986 1094 994 1130 982 1133 ship 0
978 1136 964 1140 953 1101 967 1096 ship 0
933 1101 949 1098 959 1141 943 1145 ship 0
916 1111 930 1107 939 1145 924 1148 ship 0
897 1112 911 1108 921 1149 907 1153 ship 0
880 1118 893 1114 903 1155 890 1158 ship 0
857 1128 872 1123 882 1163 868 1166 ship 0
1023 1234 1010 1238 999 1199 1011 1195 ship 0
1007 1242 992 1246 982 1207 997 1204 ship 0
988 1247 974 1251 964 1213 979 1209 ship 0
909 1264 894 1268 883 1229 898 1224 ship 0
929 1262 915 1266 904 1224 918 1220 ship 0
947 1254 932 1258 922 1216 937 1212 ship 0
967 1252 955 1256 943 1217 957 1214 ship 0
901 1285 914 1280 924 1322 911 1327 ship 0
919 1270 937 1265 948 1314 931 1319 ship 0
944 1269 960 1265 970 1311 954 1314 ship 0
848 1104 837 1108 831 1085 841 1083 ship 0
898 1105 887 1108 878 1076 890 1073 ship 0
1022 940 1035 936 1044 974 1030 977 ship 0
916 1099 904 1103 897 1072 908 1069 ship 0
1032 930 1019 934 1010 897 1022 894 ship 0
1048 925 1037 928 1029 897 1041 894 ship 0
1064 920 1052 923 1044 891 1056 888 ship 0
1040 937 1053 934 1061 976 1049 979 ship 0
1108 961 1083 966 1068 901 1091 896 ship 0
1030 1080 1045 1076 1054 1116 1039 1120 ship 0
1090 1068 1103 1064 1112 1104 1100 1107 ship 0
1068 1073 1083 1069 1092 1108 1078 1112 ship 0
1113 1074 1125 1071 1132 1102 1120 1105 ship 0
1098 1011 1117 1007 1128 1059 1110 1062 ship 0
1083 1058 1070 1061 1062 1025 1075 1023 ship 0
1066 1063 1055 1066 1045 1030 1057 1026 ship 0
1050 1066 1037 1069 1028 1033 1041 1030 ship 0
1034 1069 1020 1073 1011 1037 1025 1034 ship 0
998 1076 987 1079 977 1047 990 1043 ship 0
982 1078 970 1081 961 1051 975 1048 ship 0
967 1084 956 1087 948 1057 959 1054 ship 0
951 1090 937 1094 928 1061 942 1058 ship 0
933 1094 920 1098 911 1065 924 1061 ship 0
827 111 824 100 854 93 856 103 ship 0
816 64 813 54 839 46 841 57 ship 0
1477 1053 1466 1057 1455 1022 1468 1019 ship 0
1328 957 1315 961 1304 925 1320 920 ship 0
1103 1558 1120 1554 1136 1616 1119 1620 ship 0
1112 1627 1094 1632 1078 1572 1096 1567 ship 0
1088 1632 1070 1637 1056 1584 1072 1579 ship 0
1065 1639 1045 1645 1027 1579 1048 1574 ship 0
961 1595 971 1592 977 1618 967 1620 ship 0
1039 1647 1020 1652 1003 1589 1022 1585 ship 0
1011 1644 992 1648 977 1595 996 1590 ship 0
1377 945 1366 949 1357 918 1369 915 ship 0
1359 949 1349 952 1340 919 1352 915 ship 0
1344 951 1331 954 1325 923 1336 920 ship 0
1510 1354 1526 1350 1538 1396 1523 1400 ship 0
1372 995 1361 998 1351 961 1364 958 ship 0
1333 965 1345 962 1356 997 1344 1001 ship 0
1316 969 1328 965 1337 1000 1325 1003 ship 0
1298 972 1312 968 1321 1005 1308 1009 ship 0
1283 977 1293 974 1303 1007 1292 1011 ship 0
1264 982 1277 978 1286 1012 1273 1016 ship 0
1248 986 1259 982 1270 1017 1258 1021 ship 0
1230 989 1243 985 1253 1021 1241 1024 ship 0
1213 993 1225 990 1236 1026 1224 1030 ship 0
1163 1613 1146 1619 1128 1553 1146 1548 ship 0
1152 1542 1172 1538 1187 1601 1169 1605 ship 0
1177 1534 1196 1530 1210 1595 1194 1599 ship 0
1237 1592 1218 1598 1205 1543 1224 1538 ship 0
1554 1347 1569 1343 1579 1386 1565 1390 ship 0
1609 1501 1594 1505 1583 1462 1598 1458 ship 0
1589 1506 1576 1510 1564 1469 1579 1465 ship 0
1550 1517 1535 1521 1524 1477 1540 1472 ship 0
1530 1522 1514 1526 1504 1482 1520 1478 ship 0
1509 1527 1493 1532 1480 1484 1496 1480 ship 0
1487 1532 1473 1536 1460 1490 1474 1487 ship 0
1440 1493 1455 1490 1465 1536 1452 1539 ship 0
1446 1541 1431 1546 1420 1503 1436 1499 ship 0
1425 1548 1410 1551 1399 1507 1415 1503 ship 0
1405 1553 1392 1556 1379 1513 1394 1509 ship 0
1384 1559 1369 1563 1358 1518 1373 1514 ship 0
1380 1574 1378 1568 1394 1564 1396 1570 ship 0
1360 1572 1361 1579 1350 1582 1348 1575 ship 1
1363 1580 1361 1572 1377 1567 1379 1575 ship 0
1343 1568 1327 1573 1313 1522 1330 1517 ship 0
1322 1572 1307 1577 1297 1535 1311 1531 ship 0
1290 1582 1273 1587 1254 1522 1273 1516 ship 0
1228 1528 1247 1523 1262 1584 1244 1588 ship 0
1183 980 1203 972 1220 1027 1202 1032 ship 0
1294 965 1282 969 1272 936 1285 933 ship 0
1277 969 1264 972 1253 937 1266 933 ship 0
1311 822 1298 825 1290 789 1304 785 ship 0
1345 814 1331 817 1322 782 1336 778 ship 0
1361 810 1349 813 1340 778 1353 775 ship 0
1378 806 1367 809 1357 778 1370 774 ship 0
1395 800 1383 803 1373 768 1386 765 ship 0
1384 812 1396 809 1407 845 1394 848 ship 0
1401 810 1413 806 1424 842 1411 844 ship 0
1416 797 1401 801 1392 766 1407 763 ship 0
1445 840 1431 844 1419 806 1433 802 ship 0
1434 791 1420 796 1409 758 1424 754 ship 0
1389 673 1400 670 1408 704 1397 707 ship 0
1372 675 1384 672 1392 709 1380 712 ship 0
1378 666 1369 668 1362 641 1373 640 ship 0
1363 669 1352 671 1343 641 1355 638 ship 0
1348 674 1337 677 1329 648 1340 646 ship 0
1332 678 1322 680 1313 650 1323 647 ship 0
1317 683 1305 686 1297 654 1308 652 ship 0
1300 686 1289 689 1281 661 1293 658 ship 0
1284 690 1274 693 1265 661 1276 659 ship 0
1268 692 1258 695 1250 668 1260 666 ship 0
1327 817 1316 820 1307 787 1320 784 ship 0
1296 828 1281 832 1271 792 1286 788 ship 0
1260 974 1247 978 1234 941 1247 937 ship 0
1367 818 1380 813 1388 847 1376 850 ship 0
1241 978 1228 982 1218 946 1231 942 ship 0
1224 982 1211 987 1201 953 1214 949 ship 0
1227 846 1214 850 1203 813 1217 809 ship 0
1205 849 1195 852 1186 821 1196 818 ship 0
1167 821 1180 817 1190 853 1177 856 ship 0
1181 888 1164 894 1151 845 1169 840 ship 0
1181 864 1192 860 1202 894 1190 898 ship 0
1197 859 1211 855 1220 892 1206 896 ship 0
1216 857 1230 853 1237 888 1223 891 ship 0
1232 852 1244 848 1254 886 1241 889 ship 0
1244 840 1230 844 1220 808 1234 804 ship 0
1256 799 1268 796 1276 830 1264 833 ship 0
1248 847 1261 844 1270 877 1256 880 ship 0
1267 845 1279 841 1287 872 1276 875 ship 0
1283 841 1296 836 1304 868 1292 872 ship 0
1299 835 1311 830 1320 863 1308 867 ship 0
1316 830 1329 825 1338 863 1325 866 ship 0
1334 826 1344 823 1353 856 1342 859 ship 0
1370 851 1359 854 1350 821 1362 818 ship 0
1531 1348 1548 1343 1559 1392 1543 1396 ship 0
1489 1360 1504 1356 1516 1402 1501 1406 ship 0
1220 706 1209 710 1201 680 1213 677 ship 0
1393 1077 1382 1080 1371 1043 1382 1040 ship 0
1274 1106 1261 1110 1254 1076 1267 1074 ship 0
1292 1103 1278 1106 1270 1073 1284 1070 ship 0
1309 1098 1297 1102 1288 1068 1300 1065 ship 0
1325 1095 1314 1097 1305 1064 1316 1061 ship 0
1342 1090 1331 1092 1322 1060 1334 1057 ship 0
1358 1085 1348 1088 1339 1055 1351 1052 ship 0
1376 1081 1365 1084 1355 1051 1367 1048 ship 0
1425 1068 1414 1070 1406 1041 1418 1038 ship 0
1411 1071 1399 1074 1391 1043 1402 1040 ship 0
1367 1093 1379 1089 1387 1125 1375 1128 ship 0
1467 1364 1484 1360 1496 1409 1479 1414 ship 0
1384 1088 1396 1085 1403 1117 1391 1120 ship 0
1401 1083 1412 1080 1421 1116 1409 1119 ship 0
1417 1080 1428 1077 1438 1112 1427 1114 ship 0
1434 1074 1446 1071 1455 1107 1443 1110 ship 0
1451 1071 1464 1067 1471 1099 1459 1102 ship 0
1468 1067 1481 1063 1490 1100 1478 1103 ship 0
1486 1061 1499 1057 1509 1097 1495 1100 ship 0
1438 1212 1452 1208 1462 1250 1448 1253 ship 0
1457 1209 1469 1205 1481 1244 1468 1248 ship 0
1256 1111 1244 1114 1236 1081 1249 1078 ship 0
1219 1083 1232 1080 1239 1116 1226 1118 ship 0
1228 1124 1241 1121 1249 1160 1235 1163 ship 0
1246 1123 1259 1120 1266 1153 1253 1156 ship 0
1461 1060 1449 1063 1439 1030 1451 1027 ship 0
1444 1063 1433 1066 1422 1032 1433 1028 ship 0
1461 919 1450 922 1440 889 1453 886 ship 0
1453 936 1464 933 1472 966 1462 969 ship 0
1436 937 1449 934 1457 972 1444 975 ship 0
1418 941 1431 938 1438 972 1425 974 ship 0
1401 946 1414 944 1420 978 1408 982 ship 0
1384 947 1397 943 1405 979 1393 982 ship 0
1447 923 1436 927 1424 894 1435 891 ship 0
1430 931 1416 934 1408 900 1422 897 ship 0
1412 935 1398 938 1391 905 1404 902 ship 0
1393 939 1381 942 1373 906 1386 903 ship 0
1366 955 1379 950 1390 987 1376 991 ship 0
1349 1096 1361 1093 1371 1128 1359 1131 ship 0
1334 1101 1346 1098 1354 1135 1341 1137 ship 0
1316 1104 1328 1102 1337 1140 1325 1143 ship 0
1300 1109 1313 1106 1320 1143 1307 1145 ship 0
1281 1114 1294 1110 1302 1143 1290 1147 ship 0
1265 1118 1278 1115 1285 1152 1273 1154 ship 0
1477 1204 1490 1201 1500 1238 1489 1241 ship 0
1497 1198 1510 1194 1520 1234 1508 1237 ship 0
1517 1194 1532 1191 1540 1229 1526 1232 ship 0
1281 1252 1295 1247 1305 1286 1291 1290 ship 0
1407 1369 1396 1372 1388 1334 1400 1332 ship 0
1389 1373 1376 1377 1364 1336 1379 1332 ship 0
1343 1340 1359 1335 1368 1376 1354 1380 ship 0
1350 1383 1337 1387 1325 1345 1338 1341 ship 0
1330 1390 1316 1393 1305 1356 1320 1352 ship 0
1283 1366 1303 1361 1318 1424 1297 1429 ship 0
1339 1399 1355 1396 1365 1436 1351 1440 ship 0
1361 1392 1377 1389 1387 1434 1373 1438 ship 0
1383 1389 1399 1386 1411 1431 1395 1435 ship 0
1428 1365 1415 1369 1406 1331 1419 1327 ship 0
1449 1361 1436 1364 1426 1326 1440 1322 ship 0
1468 1354 1453 1357 1442 1316 1457 1313 ship 0
1475 1334 1467 1336 1463 1320 1471 1318 ship 0
1507 1346 1494 1349 1484 1310 1497 1306 ship 0
1528 1340 1515 1343 1504 1304 1518 1300 ship 0
1546 1334 1533 1338 1522 1299 1536 1295 ship 0
1404 1383 1420 1378 1432 1423 1415 1428 ship 0
1426 1376 1441 1373 1451 1418 1437 1422 ship 0
1447 1370 1461 1366 1473 1413 1458 1416 ship 0
1283 1284 1264 1290 1247 1221 1266 1216 ship 0
1299 1246 1313 1242 1324 1285 1310 1289 ship 0
1508 1145 1522 1141 1531 1179 1519 1182 ship 0
1320 1241 1334 1237 1345 1275 1330 1280 ship 0
1514 1183 1502 1186 1493 1154 1507 1151 ship 0
1496 1187 1486 1190 1476 1158 1488 1155 ship 0
1478 1191 1468 1194 1460 1167 1471 1165 ship 0
1462 1195 1450 1198 1442 1167 1455 1164 ship 0
1447 1201 1435 1204 1423 1168 1438 1165 ship 0
1429 1203 1419 1206 1409 1173 1420 1170 ship 0
1413 1207 1402 1210 1392 1175 1403 1172 ship 0
1394 1210 1381 1212 1374 1181 1386 1179 ship 0
1377 1213 1367 1216 1358 1188 1369 1185 ship 0
1363 1223 1351 1226 1339 1189 1352 1185 ship 0
1343 1226 1331 1229 1321 1195 1333 1192 ship 0
1326 1231 1314 1235 1304 1199 1316 1196 ship 0
1306 1235 1294 1238 1284 1204 1296 1201 ship 0
1268 1210 1279 1207 1286 1237 1277 1239 ship 0
1418 1216 1433 1213 1441 1251 1427 1254 ship 0
1398 1223 1409 1220 1418 1257 1407 1260 ship 0
1379 1227 1392 1224 1400 1261 1388 1264 ship 0
1360 1231 1374 1228 1382 1270 1370 1273 ship 0
1339 1238 1352 1234 1363 1275 1351 1278 ship 0
1237 702 1226 705 1218 676 1229 673 ship 0
1202 708 1191 711 1185 686 1196 683 ship 0
802 56 805 67 779 74 776 64 ship 0
1060 142 1053 144 1049 128 1056 126 ship 0
1285 227 1275 230 1268 203 1278 201 ship 0
1222 146 1232 144 1237 168 1228 170 ship 0
1205 146 1216 143 1224 172 1213 176 ship 0
1175 154 1186 152 1192 180 1183 183 ship 0
1160 158 1169 156 1178 186 1168 189 ship 0
1129 166 1140 163 1147 194 1136 196 ship 0
1099 175 1110 171 1117 201 1107 204 ship 0
1083 174 1093 172 1101 204 1092 206 ship 0
1044 125 1046 137 1016 144 1014 133 ship 0
1055 124 1049 127 1044 111 1051 109 ship 0
1073 398 1062 402 1054 374 1067 371 ship 0
1050 107 1043 110 1039 94 1045 92 ship 0
1037 111 1040 121 1012 129 1010 118 ship 0
1035 94 1037 106 1009 114 1005 102 ship 0
1024 48 1026 58 997 66 994 56 ship 0
1018 34 1020 46 993 53 990 42 ship 0
954 164 952 155 978 148 980 156 ship 0
946 137 943 126 971 119 973 130 ship 0
944 123 940 112 966 104 970 116 ship 0
934 93 932 83 960 77 961 86 ship 0
1279 245 1290 241 1296 269 1285 272 ship 0
1262 245 1273 242 1281 271 1270 274 ship 0
1248 249 1259 247 1265 275 1255 277 ship 0
1218 257 1228 254 1235 281 1225 284 ship 0
1142 278 1152 274 1159 299 1150 302 ship 0
1127 281 1137 278 1145 307 1135 310 ship 0
1112 285 1122 282 1129 310 1119 313 ship 0
1053 263 1068 259 1080 309 1066 313 ship 0
1090 281 1079 284 1071 256 1082 252 ship 0
1104 277 1093 280 1085 250 1097 247 ship 0
1119 273 1108 276 1100 246 1111 243 ship 0
1150 266 1139 269 1131 238 1142 235 ship 0
1164 263 1153 266 1145 234 1157 231 ship 0
1180 259 1168 261 1162 230 1173 228 ship 0
1156 272 1168 268 1174 299 1163 302 ship 0
1172 269 1184 265 1190 293 1179 296 ship 0
1188 264 1199 260 1205 289 1195 292 ship 0
1201 262 1211 258 1217 286 1208 289 ship 0
1195 254 1184 257 1178 227 1189 224 ship 0
1210 251 1200 254 1192 225 1204 223 ship 0
1226 246 1215 249 1209 221 1220 218 ship 0
1241 242 1230 246 1223 214 1234 211 ship 0
1255 238 1244 240 1236 210 1249 207 ship 0
927 65 925 55 948 50 951 60 ship 0
924 52 920 42 942 36 945 46 ship 0
940 153 942 164 914 171 912 159 ship 0
968 351 986 345 1001 396 983 401 ship 0
894 408 897 419 867 426 865 415 ship 0
887 393 889 404 863 410 860 400 ship 0
881 360 884 372 854 379 852 369 ship 0
877 346 880 358 851 364 848 353 ship 0
874 330 877 341 849 348 847 338 ship 0
870 315 873 327 844 335 841 324 ship 0
866 300 869 311 839 319 836 308 ship 0
821 259 817 247 846 239 849 251 ship 0
840 208 844 221 816 227 813 216 ship 0
848 223 850 234 821 242 818 231 ship 0
841 192 844 204 812 213 809 202 ship 0
835 177 838 189 809 196 807 185 ship 0
831 162 834 174 803 183 800 171 ship 0
822 133 824 143 799 151 796 142 ship 0
820 116 824 128 794 136 791 125 ship 0
815 100 819 112 790 120 787 110 ship 0
811 87 813 98 782 106 780 96 ship 0
807 71 810 83 784 91 781 80 ship 0
798 42 800 53 769 61 767 50 ship 0
897 423 900 434 869 442 866 431 ship 0
982 286 999 281 1013 331 996 335 ship 0
938 138 940 148 912 155 909 144 ship 0
985 318 988 330 956 339 954 327 ship 0
932 121 936 133 907 140 904 129 ship 0
927 90 930 102 899 110 895 98 ship 0
918 60 921 71 890 78 887 68 ship 0
920 78 923 89 898 94 895 84 ship 0
911 30 914 42 888 48 885 37 ship 0
959 179 956 169 981 163 983 172 ship 0
946 167 949 179 919 186 916 175 ship 0
950 182 953 193 925 200 922 188 ship 0
958 193 956 183 986 176 988 187 ship 0
963 207 961 197 983 192 985 202 ship 0
959 212 962 223 931 230 929 220 ship 0
967 221 965 211 986 205 988 215 ship 0
971 236 968 225 991 219 993 230 ship 0
975 249 972 240 1000 232 1002 243 ship 0
964 244 967 256 937 263 934 251 ship 0
977 264 975 254 999 248 1001 258 ship 0
974 274 977 285 945 294 942 282 ship 0
977 288 981 301 950 308 947 297 ship 0
979 304 983 314 955 323 951 313 ship 0
1041 397 1055 392 1066 435 1050 440 ship 0
1090 394 1079 397 1072 369 1084 366 ship 0
1187 709 1175 712 1169 690 1180 687 ship 0
1211 597 1201 600 1192 570 1204 568 ship 0
1352 559 1341 562 1333 535 1345 532 ship 0
1346 521 1357 517 1366 548 1356 551 ship 0
1359 570 1370 567 1378 594 1366 598 ship 0
1326 574 1338 571 1347 601 1335 605 ship 0
1295 585 1307 581 1313 608 1302 610 ship 0
1280 586 1290 583 1297 612 1286 614 ship 0
1263 589 1275 586 1281 616 1271 618 ship 0
1248 595 1258 591 1265 621 1254 625 ship 0
1233 598 1245 595 1251 623 1241 626 ship 0
1194 601 1183 603 1174 572 1185 569 ship 0
1107 389 1096 392 1088 361 1099 358 ship 0
1177 604 1166 607 1159 577 1169 574 ship 0
1162 608 1152 611 1144 580 1155 577 ship 0
1146 612 1133 616 1125 583 1138 580 ship 0
1129 616 1118 620 1110 588 1122 585 ship 0
1202 608 1212 605 1219 635 1209 638 ship 0
1184 613 1194 610 1200 634 1189 637 ship 0
1168 614 1178 612 1186 642 1175 645 ship 0
1151 620 1164 616 1170 647 1159 650 ship 0
1136 623 1147 620 1154 648 1143 651 ship 0
1337 564 1325 567 1316 535 1327 532 ship 0
1320 568 1309 572 1301 542 1312 540 ship 0
1304 572 1293 575 1285 542 1296 539 ship 0
1289 575 1278 579 1269 548 1281 544 ship 0
1170 719 1159 722 1152 691 1163 688 ship 0
1156 723 1143 726 1137 696 1150 693 ship 0
1117 707 1135 702 1146 756 1127 760 ship 0
1145 734 1160 730 1168 766 1154 769 ship 0
1166 727 1179 723 1187 758 1175 761 ship 0
1183 723 1195 719 1206 755 1192 758 ship 0
1200 717 1215 713 1225 754 1210 758 ship 0
1219 716 1233 712 1241 745 1227 748 ship 0
1236 711 1248 708 1257 741 1245 745 ship 0
1251 704 1264 700 1275 737 1262 741 ship 0
1354 682 1366 678 1374 710 1362 714 ship 0
1338 684 1350 681 1357 713 1346 716 ship 0
1320 687 1334 684 1343 723 1329 726 ship 0
1302 693 1316 688 1325 724 1313 727 ship 0
1287 696 1300 693 1308 728 1295 732 ship 0
1270 703 1282 700 1290 732 1278 736 ship 0
1241 588 1231 591 1224 561 1234 558 ship 0
1256 585 1245 588 1239 560 1250 557 ship 0
1272 581 1262 583 1254 556 1265 552 ship 0
1122 628 1132 625 1139 652 1128 654 ship 0
1091 603 1109 598 1121 651 1103 656 ship 0
1182 490 1171 492 1163 460 1174 457 ship 0
1309 346 1317 343 1325 371 1317 374 ship 0
1313 337 1302 341 1294 310 1305 307 ship 0
1298 341 1287 344 1279 316 1291 313 ship 0
1266 350 1254 353 1246 323 1259 319 ship 0
1240 363 1251 359 1260 391 1248 394 ship 0
1211 374 1222 371 1228 397 1218 400 ship 0
1233 356 1223 359 1217 334 1227 332 ship 0
1218 363 1208 366 1198 336 1210 332 ship 0
1193 376 1203 374 1212 404 1201 407 ship 0
1196 406 1186 409 1178 384 1189 381 ship 0
1162 384 1173 382 1177 409 1166 410 ship 0
1147 387 1156 384 1162 412 1153 414 ship 0
1131 391 1142 389 1148 418 1138 421 ship 0
1113 396 1125 392 1132 424 1120 427 ship 0
1081 404 1091 400 1100 430 1089 433 ship 0
1202 366 1192 369 1183 340 1194 337 ship 0
1187 370 1176 373 1167 344 1179 340 ship 0
1171 372 1161 375 1151 348 1162 345 ship 0
1139 382 1128 385 1119 354 1131 350 ship 0
1123 386 1111 389 1103 357 1113 353 ship 0
1290 351 1300 348 1308 377 1297 380 ship 0
1272 355 1283 351 1292 384 1281 387 ship 0
1166 489 1158 492 1150 468 1159 465 ship 0
1275 389 1266 392 1258 364 1267 361 ship 0
1152 497 1140 500 1131 469 1144 465 ship 0
1135 500 1123 503 1116 475 1128 472 ship 0
1117 504 1106 507 1099 479 1109 477 ship 0
1055 492 1077 482 1102 550 1078 559 ship 0
1110 516 1123 512 1129 542 1117 545 ship 0
1126 511 1138 507 1145 539 1133 542 ship 0
1162 535 1151 539 1143 510 1155 506 ship 0
1157 501 1168 497 1177 530 1166 534 ship 0
1173 498 1185 494 1193 527 1181 531 ship 0
1190 495 1200 492 1208 522 1198 525 ship 0
1206 492 1216 489 1223 517 1213 520 ship 0
1230 477 1219 480 1210 447 1222 444 ship 0
1245 472 1234 475 1227 447 1239 444 ship 0
1266 474 1277 471 1288 503 1276 506 ship 0
1262 469 1251 472 1243 440 1254 438 ship 0
1310 453 1300 456 1293 431 1304 428 ship 0
1327 449 1317 452 1310 426 1321 424 ship 0
1351 487 1339 490 1330 458 1342 454 ship 0
1344 443 1334 446 1327 422 1338 419 ship 0
427 602 367 624 254 190 312 175 harbor 0
