imagesource:GoogleEarth
gsd:0.13726084993
146 720 130 724 124 683 140 680 small-vehicle 1
377 232 374 216 406 211 409 225 small-vehicle 0
228 116 309 100 341 270 261 287 tennis-court 0
159 400 240 384 271 555 191 571 tennis-court 0
275 378 357 362 389 533 308 550 tennis-court 0
415 358 495 342 528 512 450 530 tennis-court 0
546 335 625 319 656 488 579 504 tennis-court 0
83 4 86 20 45 27 43 11 small-vehicle 0
244 50 228 52 221 17 235 14 small-vehicle 0
219 53 206 54 202 20 215 19 small-vehicle 0
165 27 179 24 184 61 169 63 small-vehicle 0
122 34 138 32 142 69 128 71 small-vehicle 0
52 47 48 33 81 22 85 36 small-vehicle 0
103 36 116 34 121 71 109 74 small-vehicle 0
381 253 379 238 412 231 415 247 small-vehicle 0
590 118 574 119 567 81 584 81 small-vehicle 1
515 131 530 128 536 166 523 169 small-vehicle 0
565 115 549 118 544 81 558 78 small-vehicle 0
641 161 627 164 620 128 633 126 small-vehicle 0
488 128 475 131 469 97 481 94 small-vehicle 0
476 173 463 176 457 141 470 139 small-vehicle 0
496 168 482 170 475 136 490 133 small-vehicle 0
553 124 567 121 572 153 559 156 small-vehicle 0
165 65 148 70 143 33 160 28 small-vehicle 1
364 178 358 158 403 147 407 168 small-vehicle 1
356 133 351 118 387 108 391 124 small-vehicle 1
374 207 370 192 409 184 413 200 small-vehicle 1
534 129 549 127 552 159 537 161 small-vehicle 1
110 138 192 121 223 293 144 309 tennis-court 0
