imagesource:GoogleEarth
gsd:0.137225653684
444 1020 443 1002 485 1001 487 1018 small-vehicle 0
599 913 618 912 616 955 598 955 large-vehicle 0
449 997 451 976 495 977 495 998 large-vehicle 0
776 549 878 552 878 747 771 746 basketball-court 1
263 587 346 591 338 763 256 761 tennis-court 0
387 592 470 596 462 768 379 765 tennis-court 0
516 574 599 577 592 751 510 749 tennis-court 0
652 579 735 582 728 756 645 753 tennis-court 0
688 280 770 283 764 457 682 454 tennis-court 0
529 273 611 276 604 450 523 446 tennis-court 0
394 267 477 271 472 445 387 442 tennis-court 0
