imagesource:GoogleEarth
gsd:0.128880029046
1279 374 1261 366 1275 324 1293 332 large-vehicle 0
1324 334 1341 341 1326 376 1311 370 small-vehicle 1
1345 346 1362 351 1349 386 1335 381 small-vehicle 1
815 340 895 374 828 547 747 513 tennis-court 0
946 392 1027 427 959 598 878 566 tennis-court 0
1076 443 1160 479 1092 651 1008 619 tennis-court 0
1212 497 1292 530 1223 702 1141 670 tennis-court 0
743 580 914 650 883 731 710 660 tennis-court 0
1007 686 1178 756 1146 835 974 767 tennis-court 0
364 689 159 606 247 404 448 481 baseball-diamond 0
