imagesource:GoogleEarth
gsd:0.131763590532
146 108 151 117 122 135 116 124 small-vehicle 0
76 187 83 202 50 220 43 206 small-vehicle 0
102 24 109 40 77 58 69 42 small-vehicle 0
1199 657 1281 686 1222 857 1142 828 tennis-court 0
1050 606 1132 634 1075 807 992 780 tennis-court 0
903 559 984 587 926 757 844 732 tennis-court 0
756 507 837 536 778 709 696 682 tennis-court 0
605 459 688 488 630 657 548 631 tennis-court 0
457 410 540 439 482 612 401 584 tennis-court 0
310 360 391 388 333 560 253 534 tennis-court 0
161 312 243 342 185 512 105 485 tennis-court 0
267 64 289 1 553 0 507 150 baseball-diamond 1
1249 334 943 236 1019 0 1369 3 baseball-diamond 1
