imagesource:GoogleEarth
gsd:0.273548524564
667 1836 653 1829 675 1784 688 1790 ship 0
856 1072 849 1086 807 1063 815 1047 ship 0
721 1314 714 1329 674 1308 683 1293 ship 0
694 1268 699 1256 737 1275 731 1288 ship 0
747 1257 740 1272 702 1250 709 1237 ship 0
718 1236 725 1222 760 1240 753 1255 ship 0
787 1183 780 1198 738 1177 745 1162 ship 0
744 1151 753 1137 802 1166 794 1180 ship 0
748 1128 757 1113 812 1145 804 1160 ship 0
821 1126 815 1141 769 1114 777 1100 ship 0
833 1106 826 1122 784 1098 791 1081 ship 0
793 1076 800 1062 843 1089 837 1103 ship 0
861 1052 855 1065 819 1044 825 1032 ship 0
703 1732 713 1738 696 1773 684 1767 ship 0
826 1020 833 1005 877 1028 869 1044 ship 0
883 1011 878 1024 838 1003 845 991 ship 0
901 991 894 1007 846 984 853 968 ship 0
858 964 865 949 908 972 900 988 ship 0
916 1003 904 995 923 966 933 973 ship 0
916 946 910 958 883 942 889 932 ship 0
888 924 896 910 939 935 930 950 ship 0
890 1050 896 1039 922 1055 916 1065 ship 0
858 1091 866 1076 907 1099 899 1114 ship 0
847 1107 854 1094 888 1114 882 1127 ship 0
714 1334 706 1348 663 1326 671 1312 ship 0
693 1352 688 1363 656 1347 662 1336 ship 0
686 1368 679 1383 641 1361 648 1348 ship 0
633 1379 641 1363 684 1388 676 1403 ship 0
779 1575 774 1587 744 1570 750 1559 ship 0
786 1562 782 1571 756 1556 760 1547 ship 0
797 1579 787 1572 802 1546 812 1552 ship 0
794 1545 789 1556 756 1538 762 1527 ship 0
800 1531 796 1542 769 1527 774 1518 ship 0
807 1519 803 1529 775 1515 781 1503 ship 0
815 1503 810 1515 780 1499 785 1488 ship 0
822 1490 817 1502 785 1486 791 1475 ship 0
819 1537 810 1530 826 1505 835 1512 ship 0
674 1430 682 1416 727 1439 719 1454 ship 0
662 1445 668 1429 711 1453 704 1467 ship 0
654 1466 662 1450 698 1468 692 1485 ship 0
645 1485 651 1473 684 1489 680 1501 ship 0
635 1503 640 1486 680 1506 674 1521 ship 0
627 1523 632 1510 668 1526 663 1540 ship 0
623 1502 616 1517 567 1491 575 1476 ship 0
631 1482 626 1496 580 1474 586 1461 ship 0
642 1465 635 1479 592 1456 599 1442 ship 0
653 1446 646 1461 606 1439 613 1425 ship 0
664 1429 657 1445 618 1421 624 1407 ship 0
619 1397 627 1381 672 1406 664 1422 ship 0
838 1125 845 1113 878 1131 872 1144 ship 0
877 1154 869 1170 826 1146 835 1130 ship 0
815 1163 821 1150 858 1169 851 1182 ship 0
977 1358 973 1372 934 1351 941 1339 ship 0
931 1336 926 1349 886 1327 893 1314 ship 0
942 1311 938 1324 900 1307 906 1294 ship 0
909 1288 915 1276 952 1295 945 1307 ship 0
1001 1323 996 1335 957 1313 962 1301 ship 0
947 1329 951 1318 981 1332 976 1343 ship 0
975 1292 980 1283 1017 1303 1011 1312 ship 0
964 1276 958 1288 924 1268 931 1257 ship 0
1018 1280 1012 1295 974 1274 981 1260 ship 0
929 1250 936 1236 974 1256 966 1271 ship 0
982 1237 974 1251 936 1228 944 1214 ship 0
987 1254 992 1242 1029 1261 1022 1275 ship 0
992 1219 985 1232 948 1212 956 1198 ship 0
1005 1198 999 1211 964 1194 972 1181 ship 0
1010 1218 1016 1205 1053 1224 1047 1237 ship 0
1020 1199 1026 1188 1062 1208 1055 1219 ship 0
1012 1181 1007 1193 970 1174 977 1162 ship 0
974 1154 982 1139 1025 1163 1017 1177 ship 0
1030 1179 1036 1168 1068 1184 1062 1197 ship 0
1002 1126 1008 1114 1042 1133 1035 1145 ship 0
1033 1147 1027 1159 991 1139 996 1128 ship 0
1093 1145 1103 1146 1106 1181 1095 1181 ship 0
881 1344 886 1334 920 1350 913 1362 ship 0
959 1396 953 1409 914 1388 922 1375 ship 0
802 1182 809 1169 852 1191 845 1205 ship 0
906 1407 914 1393 952 1415 946 1429 ship 0
799 1205 805 1191 844 1208 838 1223 ship 0
785 1222 792 1210 825 1229 817 1241 ship 0
774 1240 781 1227 819 1248 811 1262 ship 0
763 1258 770 1245 814 1268 805 1281 ship 0
754 1276 761 1262 800 1283 793 1299 ship 0
743 1296 750 1283 782 1302 775 1315 ship 0
780 1322 775 1335 738 1315 745 1302 ship 0
730 1335 736 1325 769 1342 764 1354 ship 0
716 1355 723 1339 766 1362 760 1377 ship 0
708 1373 714 1361 750 1379 744 1392 ship 0
689 1409 697 1395 742 1417 735 1435 ship 0
852 1483 846 1497 805 1474 812 1460 ship 0
863 1464 857 1477 817 1456 825 1443 ship 0
822 1434 830 1419 874 1443 865 1458 ship 0
876 1458 880 1449 904 1461 898 1470 ship 0
896 1443 901 1434 922 1445 917 1454 ship 0
884 1424 878 1438 837 1416 844 1404 ship 0
847 1400 852 1388 892 1406 886 1419 ship 0
892 1426 900 1410 939 1432 931 1446 ship 0
898 1385 892 1398 859 1380 866 1369 ship 0
907 1369 901 1382 870 1365 875 1354 ship 0
772 1588 768 1598 742 1583 746 1574 ship 0
767 1602 761 1614 727 1595 733 1584 ship 0
776 1675 765 1697 697 1656 710 1633 ship 0
729 465 718 463 721 427 733 429 ship 0
764 466 763 479 730 477 731 463 ship 0
742 559 759 567 737 620 721 612 ship 0
656 608 662 589 720 611 715 630 ship 0
706 596 697 592 705 568 715 572 ship 0
499 1290 476 1278 509 1209 531 1219 ship 0
309 1454 315 1438 357 1454 349 1471 ship 0
356 1470 360 1457 393 1470 388 1482 ship 0
295 1490 305 1462 380 1491 368 1521 ship 0
264 1549 254 1544 265 1520 274 1525 ship 0
283 1526 293 1499 348 1520 338 1546 ship 0
136 1804 139 1787 179 1793 177 1810 ship 0
106 1868 114 1853 151 1875 144 1888 ship 0
152 1890 157 1879 197 1898 192 1910 ship 0
134 1924 141 1906 197 1931 189 1949 ship 0
135 1942 141 1928 177 1945 171 1958 ship 0
123 1958 128 1944 170 1961 163 1975 ship 0
113 1975 120 1960 161 1977 155 1993 ship 0
115 1952 104 1945 119 1914 130 1920 ship 0
65 2024 76 2004 133 2031 124 2054 ship 0
61 1993 66 1982 95 1996 90 2006 ship 0
384 2226 378 2241 338 2223 344 2209 ship 0
701 439 713 441 708 474 696 472 ship 0
713 442 701 438 710 410 721 415 ship 0
340 2204 333 2220 291 2201 299 2186 ship 0
654 435 654 422 691 423 691 436 ship 0
227 1578 250 1586 173 1796 148 1788 harbor 0
309 1426 403 1462 353 1593 260 1555 harbor 0
525 1575 617 1622 336 2162 239 2117 harbor 0
687 1674 725 1694 448 2216 409 2193 harbor 0
256 2188 280 2143 408 2209 384 2253 harbor 0
819 32 811 201 733 200 734 30 harbor 0
740 568 721 613 651 587 667 540 harbor 0
997 284 1110 293 1083 649 967 636 harbor 0
990 694 1099 680 1155 1125 1041 1134 harbor 0
887 921 977 972 663 1545 570 1501 harbor 0
993 1131 1084 1179 895 1520 803 1472 harbor 0
1107 1253 1195 1286 1080 1579 984 1541 harbor 0
1228 1622 1231 1722 1083 1728 1079 1635 harbor 0
1283 1796 1288 1871 1094 1881 1090 1806 harbor 0
1296 1932 1297 2008 1101 2016 1095 1941 harbor 0
1303 2069 1305 2142 1103 2152 1095 2079 harbor 0
458 135 472 136 469 190 456 188 ship 0
775 201 774 188 806 187 805 200 ship 0
821 105 808 103 811 78 823 80 ship 0
790 375 769 371 777 322 797 326 ship 0
663 371 668 358 698 370 692 384 ship 0
344 2194 351 2179 392 2198 385 2213 ship 0
295 2185 288 2198 255 2180 263 2167 ship 0
583 1605 589 1594 615 1606 609 1617 ship 0
425 1896 431 1884 469 1904 463 1916 ship 0
440 1858 447 1845 482 1862 475 1876 ship 0
383 1832 392 1815 439 1840 430 1858 ship 0
451 1821 443 1839 400 1815 409 1799 ship 0
454 1840 460 1827 490 1843 485 1855 ship 0
463 1824 469 1811 500 1828 494 1840 ship 0
462 1803 455 1817 413 1794 420 1780 ship 0
465 1783 458 1796 428 1779 435 1767 ship 0
472 1806 479 1792 516 1814 510 1827 ship 0
478 1788 485 1773 527 1794 519 1810 ship 0
528 1777 524 1790 487 1772 494 1759 ship 0
543 1761 536 1778 495 1757 503 1742 ship 0
490 1746 484 1760 442 1735 449 1722 ship 0
514 1701 506 1718 457 1692 467 1676 ship 0
467 1671 475 1654 524 1682 516 1697 ship 0
531 1693 537 1681 570 1699 565 1711 ship 0
535 1664 528 1679 487 1656 495 1642 ship 0
539 1639 533 1651 501 1635 507 1623 ship 0
551 1623 544 1637 507 1618 513 1605 ship 0
594 1665 587 1679 546 1657 553 1643 ship 0
504 1592 514 1574 565 1602 556 1620 ship 0
537 1582 542 1570 575 1585 568 1598 ship 0
432 1875 438 1862 474 1881 467 1895 ship 0
422 1862 416 1874 375 1851 382 1839 ship 0
319 2168 314 2179 280 2162 286 2151 ship 0
417 1879 410 1895 369 1871 378 1856 ship 0
291 2139 299 2123 349 2148 340 2163 ship 0
304 2117 310 2104 347 2123 341 2137 ship 0
448 2192 444 2203 418 2189 422 2179 ship 0
456 2178 451 2188 418 2171 423 2159 ship 0
464 2166 458 2179 427 2162 434 2149 ship 0
324 2083 331 2070 369 2090 363 2103 ship 0
258 2070 268 2055 311 2083 303 2097 ship 0
334 2040 326 2056 285 2035 293 2020 ship 0
346 2031 353 2017 397 2040 389 2054 ship 0
287 2009 295 1992 343 2019 335 2035 ship 0
355 1999 349 2014 314 1995 321 1982 ship 0
363 1984 356 1997 319 1975 326 1962 ship 0
366 1995 371 1983 410 2003 403 2016 ship 0
377 1978 383 1965 422 1985 416 1998 ship 0
375 1961 369 1973 337 1955 343 1944 ship 0
387 1938 379 1955 327 1927 338 1909 ship 0
393 1943 400 1929 443 1954 436 1968 ship 0
389 1962 395 1948 430 1967 422 1981 ship 0
404 1926 410 1916 440 1933 435 1943 ship 0
415 1913 422 1900 459 1921 453 1934 ship 0
404 1904 398 1916 359 1894 366 1882 ship 0
1093 1128 1093 1141 1057 1143 1056 1131 ship 0
1095 1103 1096 1117 1049 1121 1048 1106 ship 0
1095 1077 1096 1094 1037 1098 1036 1081 ship 0
1239 1841 1250 1841 1251 1871 1240 1871 ship 0
1211 1844 1222 1843 1223 1878 1212 1878 ship 0
1199 1843 1208 1843 1208 1874 1198 1874 ship 0
1184 1846 1194 1846 1195 1875 1184 1876 ship 0
1168 1845 1179 1844 1182 1876 1170 1878 ship 0
1152 1846 1165 1845 1167 1877 1155 1877 ship 0
1140 1847 1151 1846 1153 1882 1141 1883 ship 0
1124 1847 1136 1845 1137 1880 1125 1880 ship 0
1110 1847 1124 1846 1125 1884 1112 1884 ship 0
1208 1836 1196 1837 1196 1807 1206 1806 ship 0
1194 1836 1182 1837 1181 1805 1193 1805 ship 0
1179 1836 1168 1836 1167 1805 1178 1805 ship 0
1164 1837 1154 1837 1153 1807 1163 1806 ship 0
1153 1839 1139 1839 1138 1802 1152 1801 ship 0
1136 1837 1124 1838 1123 1808 1134 1808 ship 0
1121 1836 1109 1836 1109 1807 1120 1807 ship 0
1106 1839 1093 1839 1092 1808 1105 1808 ship 0
1193 2013 1180 2013 1179 1979 1191 1978 ship 0
1192 1978 1204 1977 1205 2010 1194 2010 ship 0
1207 1978 1219 1977 1223 2010 1210 2012 ship 0
1235 2011 1224 2011 1223 1978 1234 1977 ship 0
1238 1976 1250 1977 1250 2014 1238 2014 ship 0
1227 1842 1239 1841 1240 1878 1228 1878 ship 0
1256 1840 1267 1840 1267 1871 1257 1870 ship 0
1265 1974 1275 1974 1278 2012 1267 2013 ship 0
1269 1841 1280 1840 1282 1873 1272 1872 ship 0
1085 1685 1099 1685 1098 1718 1086 1717 ship 0
1101 1691 1114 1690 1115 1725 1102 1725 ship 0
1115 1684 1130 1683 1130 1722 1116 1722 ship 0
1131 1680 1147 1679 1150 1732 1134 1732 ship 0
1148 1680 1160 1680 1161 1722 1149 1721 ship 0
1166 1679 1177 1679 1178 1729 1167 1728 ship 0
1177 1684 1191 1683 1194 1721 1179 1722 ship 0
1195 1680 1209 1679 1208 1718 1197 1719 ship 0
1192 1670 1177 1672 1174 1628 1188 1627 ship 0
1207 1667 1194 1666 1192 1630 1205 1629 ship 0
1213 1684 1224 1685 1224 1714 1212 1714 ship 0
1243 1716 1229 1716 1226 1676 1242 1675 ship 0
1224 1632 1237 1631 1240 1674 1226 1675 ship 0
1223 1665 1209 1666 1205 1627 1220 1625 ship 0
1210 1801 1221 1801 1222 1836 1211 1835 ship 0
1237 1834 1226 1834 1224 1797 1236 1797 ship 0
1251 1833 1237 1833 1236 1795 1249 1795 ship 0
1267 1833 1255 1833 1253 1801 1265 1800 ship 0
1280 1833 1268 1833 1264 1795 1277 1794 ship 0
1296 1827 1283 1827 1281 1798 1293 1797 ship 0
1285 1836 1297 1836 1299 1874 1287 1874 ship 0
1252 1980 1263 1980 1264 2008 1252 2008 ship 0
1278 1975 1291 1975 1291 2012 1279 2012 ship 0
1158 1674 1144 1674 1142 1626 1156 1625 ship 0
1211 2100 1200 2101 1199 2072 1209 2072 ship 0
1239 2100 1228 2099 1227 2069 1239 2069 ship 0
1259 2103 1243 2103 1242 2063 1256 2063 ship 0
1268 2100 1259 2100 1257 2068 1266 2068 ship 0
1284 2102 1272 2102 1272 2070 1283 2070 ship 0
1297 2099 1287 2098 1287 2070 1297 2070 ship 0
1315 2099 1301 2100 1301 2066 1313 2067 ship 0
1302 2104 1315 2104 1317 2145 1304 2145 ship 0
1285 2109 1298 2109 1299 2142 1287 2142 ship 0
1285 2144 1274 2144 1273 2110 1283 2110 ship 0
1269 2151 1256 2151 1256 2110 1268 2110 ship 0
1245 2115 1255 2114 1255 2142 1245 2142 ship 0
1227 2110 1241 2110 1242 2146 1229 2145 ship 0
1215 2111 1226 2111 1227 2147 1216 2146 ship 0
1186 2117 1197 2116 1198 2144 1187 2145 ship 0
1184 2153 1171 2154 1170 2117 1182 2117 ship 0
1128 2115 1141 2114 1143 2153 1129 2154 ship 0
1113 2119 1124 2118 1125 2146 1114 2146 ship 0
275 1369 294 1328 436 1385 417 1428 ship 0
159 728 168 732 157 761 148 757 ship 0
141 739 151 743 142 767 132 763 ship 0
723 1691 737 1699 718 1735 706 1728 ship 0
1226 2103 1214 2103 1213 2072 1225 2071 ship 0
1198 2106 1185 2106 1185 2067 1198 2066 ship 0
1295 1975 1307 1975 1308 2009 1297 2010 ship 0
1182 2104 1168 2105 1168 2070 1181 2070 ship 0
1293 1928 1308 1928 1309 1967 1294 1968 ship 0
1278 1934 1290 1933 1290 1965 1278 1965 ship 0
1275 1968 1265 1968 1264 1936 1275 1936 ship 0
1249 1934 1260 1934 1261 1967 1250 1967 ship 0
1248 1968 1235 1968 1233 1938 1246 1937 ship 0
1233 1969 1221 1969 1219 1936 1232 1935 ship 0
1221 1970 1208 1971 1206 1934 1218 1933 ship 0
1204 1968 1193 1968 1192 1939 1202 1939 ship 0
1176 1971 1164 1971 1162 1935 1173 1934 ship 0
1163 1979 1176 1978 1176 2017 1164 2017 ship 0
1163 2015 1151 2016 1150 1979 1161 1979 ship 0
1134 1980 1147 1980 1146 2014 1134 2014 ship 0
1121 1984 1132 1983 1132 2013 1121 2013 ship 0
1102 1982 1117 1981 1118 2017 1104 2018 ship 0
1132 1973 1119 1973 1118 1940 1130 1939 ship 0
1146 1971 1135 1972 1134 1943 1145 1942 ship 0
1116 1970 1105 1970 1105 1941 1115 1941 ship 0
1125 2106 1112 2107 1111 2076 1122 2075 ship 0
1139 2107 1127 2108 1127 2078 1138 2078 ship 0
1153 2106 1143 2107 1141 2079 1151 2079 ship 0
1167 2101 1156 2101 1156 2074 1166 2074 ship 0
1176 1668 1161 1668 1160 1630 1174 1629 ship 0
1131 1643 1141 1643 1142 1672 1132 1671 ship 0
1088 1055 1089 1071 1042 1075 1041 1059 ship 0
975 309 977 287 1051 294 1050 315 ship 0
1067 327 1069 315 1102 323 1099 335 ship 0
1064 340 1064 329 1095 331 1095 342 ship 0
1104 349 1103 364 1062 360 1063 346 ship 0
1055 387 1055 374 1100 376 1099 389 ship 0
1055 410 1056 394 1106 398 1105 413 ship 0
1065 420 1065 410 1092 412 1093 422 ship 0
1097 427 1096 442 1055 439 1056 424 ship 0
971 457 973 439 1039 444 1038 462 ship 0
962 485 963 464 1039 468 1038 489 ship 0
1096 465 1095 481 1055 478 1056 462 ship 0
1059 488 1061 474 1091 477 1090 491 ship 0
1057 503 1058 492 1090 494 1089 506 ship 0
1055 537 1055 526 1086 527 1085 538 ship 0
1050 553 1050 541 1091 544 1090 557 ship 0
1046 585 1047 570 1091 574 1091 587 ship 0
973 573 975 556 1034 559 1033 578 ship 0
1034 583 1033 601 970 595 972 579 ship 0
1083 593 1083 607 1044 603 1045 589 ship 0
1045 634 1046 622 1082 625 1081 638 ship 0
1038 651 1039 638 1081 641 1080 654 ship 0
955 630 957 614 1029 623 1027 638 ship 0
1071 310 1071 296 1108 299 1108 313 ship 0
1091 263 1091 288 1006 286 1008 260 ship 0
1057 686 1055 672 1096 666 1097 681 ship 0
1074 863 1077 882 1024 888 1022 872 ship 0
1090 1030 1091 1044 1032 1048 1032 1034 ship 0
1141 1020 1143 1034 1103 1038 1101 1025 ship 0
1140 1064 1141 1077 1102 1080 1100 1068 ship 0
1105 1101 1102 1086 1150 1082 1152 1100 ship 0
1113 1121 1112 1110 1148 1106 1148 1118 ship 0
1164 1123 1166 1138 1112 1142 1110 1128 ship 0
1118 1172 1111 1158 1152 1139 1159 1153 ship 0
1123 1180 1123 1167 1155 1166 1155 1179 ship 0
1097 1015 1095 1002 1135 997 1136 1010 ship 0
1096 995 1095 984 1130 980 1131 991 ship 0
1093 980 1093 970 1123 967 1124 977 ship 0
1086 982 1088 998 1028 1003 1027 988 ship 0
1081 964 1083 978 1031 982 1030 969 ship 0
1092 965 1091 953 1127 950 1128 962 ship 0
1091 951 1091 938 1128 935 1128 948 ship 0
1080 936 1081 953 1026 956 1025 939 ship 0
1022 934 1022 916 1079 912 1080 931 ship 0
1089 933 1089 922 1124 919 1125 931 ship 0
1119 888 1120 901 1085 904 1085 891 ship 0
1120 874 1120 886 1084 889 1083 877 ship 0
1010 912 1008 894 1074 886 1075 904 ship 0
967 655 966 638 1026 640 1026 658 ship 0
1049 668 1051 687 969 695 968 674 ship 0
1130 1673 1115 1673 1113 1636 1126 1635 ship 0
1116 1369 1122 1356 1161 1377 1155 1388 ship 0
1098 1413 1104 1398 1141 1416 1136 1429 ship 0
1090 1433 1095 1419 1137 1437 1132 1449 ship 0
1079 1450 1084 1435 1126 1449 1120 1465 ship 0
1071 1470 1077 1455 1117 1473 1112 1488 ship 0
1064 1487 1068 1474 1106 1490 1103 1503 ship 0
1055 1509 1061 1494 1104 1511 1098 1526 ship 0
1051 1528 1056 1516 1095 1531 1089 1543 ship 0
1039 1524 1035 1537 1005 1523 1009 1512 ship 0
1000 1508 1005 1494 1040 1507 1034 1521 ship 0
1008 1489 1013 1475 1053 1493 1046 1506 ship 0
1061 1471 1055 1487 1011 1466 1017 1452 ship 0
1069 1454 1063 1467 1025 1450 1031 1437 ship 0
1077 1432 1071 1446 1030 1427 1035 1414 ship 0
1085 1414 1079 1429 1037 1409 1043 1396 ship 0
1093 1394 1089 1405 1052 1388 1056 1377 ship 0
1057 1369 1063 1356 1104 1375 1097 1389 ship 0
1061 1350 1068 1334 1113 1355 1107 1370 ship 0
1120 1338 1115 1351 1077 1333 1083 1320 ship 0
1124 1314 1118 1328 1079 1310 1084 1297 ship 0
1096 1296 1101 1282 1134 1299 1131 1311 ship 0
1099 1669 1082 1669 1080 1636 1096 1635 ship 0
1107 1393 1114 1380 1149 1396 1143 1409 ship 0
1122 1353 1127 1342 1163 1358 1158 1369 ship 0
1049 693 1052 716 980 723 978 700 ship 0
1128 1339 1133 1328 1164 1340 1160 1351 ship 0
989 746 986 724 1057 713 1060 736 ship 0
1066 701 1065 690 1096 686 1097 697 ship 0
1070 732 1068 721 1101 718 1102 729 ship 0
1069 749 1067 737 1101 733 1102 744 ship 0
1073 764 1072 753 1108 747 1110 759 ship 0
1075 779 1073 767 1111 761 1113 773 ship 0
1075 795 1073 784 1106 780 1108 791 ship 0
1077 810 1075 798 1110 793 1112 805 ship 0
1078 828 1076 815 1112 810 1115 822 ship 0
1080 842 1078 832 1106 828 1108 837 ship 0
1001 764 998 749 1058 742 1060 757 ship 0
1005 791 1003 776 1063 770 1065 784 ship 0
1059 792 1062 807 1005 810 1004 795 ship 0
1069 812 1071 832 996 839 993 818 ship 0
1070 837 1073 857 1000 864 997 844 ship 0
1087 857 1086 845 1115 842 1116 853 ship 0
1152 1260 1146 1274 1110 1257 1117 1244 ship 0
1145 1279 1139 1292 1099 1273 1107 1259 ship 0
1146 1291 1150 1279 1185 1294 1180 1306 ship 0
1143 1308 1148 1297 1176 1309 1171 1320 ship 0
1133 1323 1139 1310 1172 1325 1166 1337 ship 0
133 1857 202 1891 136 2034 68 2001 harbor 0
