imagesource:GoogleEarth
gsd:0.123097353752
1046 230 1041 211 1084 201 1088 219 small-vehicle 1
1035 184 1030 167 1063 157 1068 175 small-vehicle 1
1118 373 1123 389 1084 399 1079 382 small-vehicle 0
1096 290 1101 305 1067 315 1063 299 small-vehicle 0
1114 63 1110 45 1146 38 1151 55 small-vehicle 0
1033 160 1029 139 1065 134 1069 153 small-vehicle 0
881 124 970 103 1011 294 924 314 tennis-court 0
762 150 851 130 894 320 804 340 tennis-court 0
645 177 736 157 775 347 685 368 tennis-court 0
514 206 603 185 648 376 558 395 tennis-court 0
394 232 484 210 528 402 437 423 tennis-court 0
276 260 365 238 408 427 319 448 tennis-court 0
159 286 248 264 290 454 200 474 tennis-court 0
