imagesource:GoogleEarth
gsd:0.13458597926
659 498 648 482 678 459 689 473 small-vehicle 1
736 475 722 483 704 459 720 448 small-vehicle 1
572 180 581 192 552 218 542 207 small-vehicle 0
608 228 620 241 594 264 583 250 small-vehicle 0
378 134 388 125 412 152 401 162 small-vehicle 0
452 186 454 202 418 207 417 191 small-vehicle 0
345 162 357 151 380 176 370 187 small-vehicle 0
300 200 311 191 336 222 325 231 small-vehicle 0
138 452 151 442 170 469 160 478 small-vehicle 0
105 525 93 534 71 504 84 495 small-vehicle 0
62 561 50 571 30 544 40 534 small-vehicle 0
74 551 63 559 42 531 53 522 small-vehicle 0
35 629 45 642 17 664 7 651 small-vehicle 0
188 817 198 829 171 852 161 841 small-vehicle 0
176 800 185 812 156 835 147 824 small-vehicle 0
161 785 171 798 143 820 135 808 small-vehicle 0
150 769 160 780 133 802 124 791 small-vehicle 0
100 709 109 721 82 744 72 732 small-vehicle 0
70 676 80 689 50 712 40 698 small-vehicle 0
58 661 67 674 40 694 32 682 small-vehicle 0
647 818 735 746 858 892 770 966 basketball-court 0
549 900 636 827 759 974 669 1048 basketball-court 0
558 570 624 514 737 654 672 706 tennis-court 0
475 637 539 585 653 723 587 777 tennis-court 0
371 725 435 671 547 809 484 861 tennis-court 0
287 793 351 739 464 877 401 930 tennis-court 0
386 359 449 305 563 443 500 497 tennis-court 0
302 429 366 374 481 513 415 567 tennis-court 0
197 515 261 461 376 599 311 654 tennis-court 0
490 293 481 280 506 259 517 272 small-vehicle 0
530 340 520 328 544 308 554 320 small-vehicle 0
624 452 614 438 642 416 651 429 small-vehicle 0
93 405 79 417 59 389 73 379 small-vehicle 1
672 516 659 500 689 475 702 489 small-vehicle 1
837 566 823 552 857 525 869 540 small-vehicle 1
844 506 856 518 828 546 815 533 small-vehicle 1
211 847 224 865 196 888 182 872 small-vehicle 1
198 834 209 849 182 871 167 855 small-vehicle 1
86 689 99 705 69 731 55 715 small-vehicle 1
48 642 58 658 26 683 15 668 small-vehicle 1
362 146 375 137 396 163 383 172 small-vehicle 1
269 391 255 401 232 374 245 361 small-vehicle 1
205 445 193 454 170 428 184 416 small-vehicle 1
140 493 125 502 106 479 122 466 small-vehicle 1
122 510 106 521 87 494 102 482 small-vehicle 1
124 339 139 329 158 360 143 369 small-vehicle 1
690 527 681 515 707 496 715 507 small-vehicle 0
168 304 183 292 207 319 192 331 small-vehicle 1
313 188 325 178 346 204 332 213 small-vehicle 1
272 264 259 276 234 249 248 236 small-vehicle 1
810 775 799 761 827 737 837 750 small-vehicle 0
794 759 782 745 808 723 819 735 small-vehicle 0
609 432 599 418 626 396 637 410 small-vehicle 0
636 466 625 453 651 430 662 444 small-vehicle 0
221 435 208 445 184 416 198 404 small-vehicle 0
236 423 223 435 198 404 212 392 small-vehicle 0
107 354 119 341 142 367 129 379 small-vehicle 0
654 476 644 462 671 441 681 454 small-vehicle 0
700 545 692 533 718 512 728 524 small-vehicle 0
113 584 177 530 291 668 227 720 tennis-court 0
