imagesource:GoogleEarth
gsd:0.12739558034
728 38 743 32 754 70 737 76 small-vehicle 0
1 77 54 63 104 259 0 285 basketball-court 1
171 526 257 504 304 685 222 709 tennis-court 0
289 496 375 472 424 654 337 678 tennis-court 0
481 445 567 421 614 603 529 626 tennis-court 0
597 413 683 391 733 571 647 595 tennis-court 0
715 383 802 360 850 541 765 563 tennis-court 0
833 350 921 327 968 509 882 532 tennis-court 0
953 320 1038 296 1086 479 999 502 tennis-court 0
77 58 192 27 243 221 127 252 basketball-court 0
552 141 670 110 718 306 605 334 basketball-court 0
214 21 334 1 382 184 265 215 basketball-court 1
357 2 483 1 522 148 404 180 basketball-court 1
515 2 640 1 669 109 552 141 basketball-court 1
2 285 105 258 157 452 39 482 basketball-court 1
126 253 243 222 295 415 178 447 basketball-court 0
266 215 382 185 434 382 318 411 basketball-court 0
405 181 521 148 573 342 456 371 basketball-court 0
52 558 138 535 185 717 101 740 tennis-court 0
