imagesource:GoogleEarth
gsd:0.136758325097
658 341 690 327 694 341 663 356 large-vehicle 0
496 1070 474 1084 433 1017 458 1002 ship 0
381 697 412 680 449 753 421 769 ship 0
526 714 501 728 462 655 488 641 ship 0
532 733 561 714 601 788 575 803 ship 0
460 768 486 753 531 829 503 844 ship 0
394 806 418 793 456 860 429 875 ship 0
389 906 360 923 322 853 351 838 ship 0
638 904 666 889 699 951 673 967 ship 0
637 996 613 1009 575 942 603 927 ship 0
508 981 535 965 571 1028 542 1042 ship 0
536 1053 513 1064 482 1002 506 993 ship 0
731 958 757 949 782 1004 755 1015 ship 0
232 785 263 767 321 883 291 898 ship 0
720 990 738 984 753 1018 736 1026 ship 0
671 997 695 986 725 1041 700 1055 ship 0
634 1017 655 1006 687 1063 667 1074 ship 0
579 1046 600 1034 631 1089 611 1102 ship 0
545 1066 565 1054 595 1110 577 1120 ship 0
574 1140 555 1152 520 1090 542 1080 ship 0
486 1097 507 1088 536 1143 515 1154 ship 0
842 1194 815 1206 786 1143 811 1131 ship 0
811 1216 784 1230 744 1158 773 1143 ship 0
743 1248 723 1259 692 1201 713 1191 ship 0
308 736 338 721 376 796 347 812 ship 0
174 650 142 668 58 511 96 494 ship 0
668 363 700 344 708 358 676 377 large-vehicle 0
323 444 301 456 275 402 294 393 ship 0
343 920 259 768 590 583 683 738 harbor 0
496 1168 418 1033 720 856 801 999 harbor 0
658 1425 570 1267 868 1094 960 1252 harbor 0
873 1767 757 1564 1042 1403 1151 1615 harbor 0
93 311 86 287 154 262 161 286 ship 0
113 483 133 475 162 535 148 544 ship 0
143 471 167 460 200 516 173 530 ship 0
176 454 199 442 235 500 211 513 ship 0
269 481 241 497 206 432 235 419 ship 0
297 465 272 477 241 411 268 398 ship 0
365 428 336 441 305 381 331 367 ship 0
454 394 482 382 524 471 499 484 ship 0
396 409 369 421 340 363 366 350 ship 0
418 384 402 392 382 358 397 349 ship 0
453 381 431 392 401 333 425 323 ship 0
417 296 443 283 480 360 457 371 ship 0
147 565 174 549 218 624 187 642 ship 0
189 544 218 527 257 603 228 619 ship 0
231 523 257 508 302 589 274 602 ship 0
303 479 337 460 381 540 348 559 ship 0
383 441 410 425 452 498 423 513 ship 0
421 419 445 405 487 478 464 491 ship 0
654 1228 669 1220 694 1260 678 1269 ship 0
620 1355 591 1370 543 1281 576 1265 ship 0
969 1265 939 1281 890 1188 918 1173 ship 0
785 486 797 496 768 530 754 518 large-vehicle 0
829 532 846 540 828 576 811 569 small-vehicle 0
978 538 965 548 942 520 954 509 small-vehicle 0
756 332 749 316 776 303 784 316 small-vehicle 0
687 156 714 179 706 189 679 169 large-vehicle 0
697 149 711 138 731 168 717 177 large-vehicle 0
887 119 902 126 886 160 874 155 large-vehicle 0
642 249 675 253 672 269 640 264 large-vehicle 0
638 275 668 272 669 287 640 291 large-vehicle 0
714 442 750 426 756 445 721 459 large-vehicle 0
795 504 810 517 780 554 764 540 large-vehicle 0
849 535 866 538 861 571 846 568 large-vehicle 0
738 1269 770 1254 817 1344 788 1360 ship 0
887 538 906 534 912 566 894 569 large-vehicle 0
975 495 998 518 986 532 963 508 large-vehicle 0
985 475 1016 494 1007 510 978 490 large-vehicle 0
1000 438 1033 447 1029 467 996 457 large-vehicle 0
995 365 1039 360 1043 378 998 384 large-vehicle 0
814 432 851 405 861 419 826 446 large-vehicle 0
798 412 834 393 841 409 806 427 large-vehicle 0
875 280 902 259 914 275 886 294 large-vehicle 0
892 308 925 295 932 309 898 322 large-vehicle 0
910 381 958 386 954 406 907 397 large-vehicle 0
769 475 779 488 754 514 742 501 small-vehicle 0
814 370 821 384 794 401 784 388 small-vehicle 0
1021 303 1025 321 994 329 988 312 small-vehicle 0
1023 473 1017 487 988 474 995 460 small-vehicle 0
662 1307 695 1292 742 1387 710 1405 ship 0
706 1417 674 1434 625 1336 658 1320 ship 0
851 1627 817 1644 775 1555 808 1538 ship 0
925 1581 896 1596 853 1517 883 1501 ship 0
1011 1536 980 1553 939 1471 971 1455 ship 0
835 1658 863 1644 910 1737 881 1751 ship 0
920 1617 951 1600 1004 1696 970 1715 ship 0
993 1573 1018 1561 1059 1634 1035 1647 ship 0
1030 1552 1047 1544 1072 1591 1055 1600 ship 0
1057 1527 1083 1519 1103 1583 1077 1592 ship 0
858 1748 815 1767 742 1635 782 1617 ship 0
709 200 700 215 668 192 676 178 small-vehicle 0
643 241 648 224 688 233 684 250 small-vehicle 0
647 315 642 301 676 289 680 306 small-vehicle 0
655 338 648 322 683 308 688 324 small-vehicle 0
744 365 727 369 720 334 737 330 small-vehicle 0
791 336 799 350 770 368 762 356 small-vehicle 0
904 418 908 403 942 415 936 431 small-vehicle 0
898 436 912 424 935 453 922 464 small-vehicle 0
807 524 824 535 804 564 789 554 small-vehicle 0
958 554 944 564 924 535 938 525 small-vehicle 0
174 647 99 499 450 305 518 460 harbor 0
