imagesource:GoogleEarth
gsd:0.134242719916
129 918 142 930 117 961 104 949 small-vehicle 1
91 827 74 815 99 782 115 793 small-vehicle 1
284 1093 269 1083 289 1052 304 1062 small-vehicle 0
201 1024 186 1014 205 983 221 991 small-vehicle 0
245 1063 231 1054 253 1019 269 1028 small-vehicle 0
332 957 344 969 324 993 312 982 small-vehicle 0
52 750 66 761 44 791 31 780 small-vehicle 0
118 795 132 805 109 833 95 822 small-vehicle 0
355 102 488 198 411 302 280 203 basketball-court 0
483 691 547 744 443 884 375 832 tennis-court 0
398 628 466 681 358 820 291 769 tennis-court 0
316 565 384 616 275 757 207 706 tennis-court 0
407 436 548 545 499 610 357 504 tennis-court 0
471 351 614 459 564 526 421 418 tennis-court 0
537 264 680 371 629 438 487 331 tennis-court 0
