imagesource:GoogleEarth
gsd:0.251418927779
324 1224 327 1210 372 1219 369 1234 ship 0
738 1141 730 1155 686 1129 695 1115 ship 0
928 922 937 930 918 952 910 944 ship 0
910 863 926 866 917 908 902 905 ship 0
768 1018 761 1032 721 1009 730 995 ship 0
779 1002 771 1014 727 987 735 973 ship 0
753 1078 745 1092 706 1069 715 1055 ship 0
714 1043 723 1029 761 1050 753 1064 ship 0
727 1154 722 1163 696 1147 702 1138 ship 0
951 936 960 943 940 968 929 961 ship 0
562 1221 574 1223 567 1271 556 1269 ship 0
572 1321 556 1317 568 1270 582 1273 ship 0
542 1298 552 1293 565 1317 556 1322 ship 0
534 1296 545 1295 548 1328 536 1328 ship 0
537 1343 525 1344 517 1303 528 1301 ship 0
551 1291 536 1289 543 1242 558 1246 ship 0
942 925 952 932 931 959 921 951 ship 0
988 958 1002 965 981 1001 969 993 ship 0
1216 590 1211 604 1169 584 1176 570 ship 0
1020 952 1028 944 1057 968 1050 977 ship 0
1028 589 1018 587 1025 565 1035 567 ship 0
1006 616 1016 618 1008 653 996 650 ship 0
1179 649 1191 658 1168 689 1156 679 ship 0
1121 738 1115 749 1088 730 1096 720 ship 0
1108 744 1102 752 1082 739 1088 730 ship 0
1105 754 1099 763 1076 749 1083 740 ship 0
1038 950 1044 943 1070 963 1064 971 ship 0
1042 995 1048 986 1067 1002 1060 1010 ship 0
1013 964 1022 956 1045 976 1039 986 ship 0
1007 976 1014 967 1038 988 1031 996 ship 0
996 984 1003 975 1028 995 1021 1004 ship 0
989 995 996 986 1020 1005 1014 1013 ship 0
982 1004 988 995 1013 1014 1005 1023 ship 0
1049 1033 1041 1041 1015 1019 1023 1010 ship 0
532 1289 517 1287 524 1251 538 1254 ship 0
516 1285 502 1284 506 1242 520 1243 ship 0
499 1303 510 1300 518 1330 508 1334 ship 0
227 1382 225 1370 264 1361 266 1373 ship 0
322 1312 336 1309 348 1350 332 1355 ship 0
306 1320 318 1316 330 1350 319 1355 ship 0
289 1318 302 1313 314 1348 301 1353 ship 0
267 1318 281 1313 298 1359 284 1364 ship 0
293 1311 279 1302 297 1264 313 1271 ship 0
229 1363 228 1351 267 1345 269 1356 ship 0
299 1376 302 1389 262 1397 260 1385 ship 0
483 1305 495 1301 504 1336 492 1339 ship 0
216 1402 214 1391 258 1383 260 1396 ship 0
209 1426 207 1410 268 1400 271 1416 ship 0
205 1443 202 1429 256 1420 258 1435 ship 0
244 1461 242 1443 296 1433 299 1451 ship 0
191 1470 189 1451 237 1444 240 1462 ship 0
209 1515 193 1520 181 1478 196 1474 ship 0
341 1314 352 1311 361 1342 350 1346 ship 0
356 1312 366 1310 376 1345 365 1348 ship 0
340 1305 325 1304 330 1269 343 1270 ship 0
354 1305 342 1304 345 1269 357 1269 ship 0
314 1245 318 1232 358 1241 354 1255 ship 0
371 1302 359 1302 360 1267 372 1267 ship 0
386 1301 373 1299 377 1263 389 1265 ship 0
400 1300 388 1297 396 1265 408 1268 ship 0
417 1301 404 1298 410 1261 423 1263 ship 0
434 1300 420 1298 425 1252 439 1254 ship 0
449 1296 437 1296 440 1262 453 1264 ship 0
372 1313 384 1310 393 1343 381 1347 ship 0
389 1312 399 1308 411 1337 401 1341 ship 0
422 1308 432 1304 444 1342 433 1345 ship 0
436 1306 447 1302 460 1336 449 1341 ship 0
454 1308 466 1305 475 1340 465 1343 ship 0
471 1309 481 1306 491 1340 481 1343 ship 0
1048 594 1037 592 1041 562 1053 564 ship 0
1082 596 1070 595 1075 570 1086 571 ship 0
192 1566 203 1561 212 1593 201 1598 ship 0
1519 666 1447 604 1482 568 1553 624 harbor 0
1729 821 1720 813 1767 772 1775 781 harbor 0
1671 786 1664 780 1707 742 1713 749 harbor 0
1658 763 1653 757 1688 723 1694 730 harbor 0
1624 752 1587 712 1635 665 1672 704 harbor 0
1501 780 1530 803 1509 831 1478 810 harbor 0
1401 685 1483 751 1451 789 1372 725 harbor 0
1300 622 1389 692 1367 722 1275 654 harbor 0
2259 1283 2220 1264 2243 1209 2285 1226 harbor 0
894 528 974 546 964 592 884 575 harbor 0
1626 1406 1661 1434 1647 1452 1613 1425 swimming-pool 0
1813 1557 1848 1584 1836 1602 1801 1574 swimming-pool 0
2011 1692 2046 1718 2031 1737 1996 1709 swimming-pool 0
575 325 526 308 555 209 604 227 harbor 0
501 319 322 272 362 142 534 194 harbor 0
1802 917 1736 832 1798 783 1871 859 harbor 0
2197 1225 2171 1206 2195 1170 2223 1189 harbor 0
1031 660 1018 657 1027 618 1039 621 ship 0
2301 902 2349 864 2563 1069 2513 1116 harbor 0
730 775 710 884 544 857 562 740 harbor 0
790 702 838 707 828 874 779 870 harbor 0
757 899 813 919 696 1308 639 1293 harbor 0
581 1248 585 1333 311 1355 306 1274 harbor 0
232 1336 298 1359 245 1500 176 1477 harbor 0
390 1411 417 1451 235 1584 206 1552 harbor 0
2585 1336 2506 1329 2506 1114 2585 1116 harbor 0
2117 1220 2080 1193 2120 1141 2160 1170 harbor 0
2425 764 2423 705 2550 704 2551 766 harbor 0
2014 1137 1988 1115 2034 1061 2062 1083 harbor 0
1848 976 1809 931 1865 879 1906 919 harbor 0
1916 1045 1868 998 1923 945 1966 994 harbor 0
1963 1109 1908 1060 1954 1010 2006 1059 harbor 0
2066 1182 2052 1183 2049 1125 2062 1123 harbor 0
383 275 364 268 395 195 414 204 ship 0
192 336 205 339 196 374 184 370 ship 0
211 396 194 390 207 346 224 352 ship 0
1207 409 1219 413 1208 450 1195 446 ship 0
661 278 675 282 657 339 642 333 ship 0
683 288 696 292 685 332 671 327 ship 0
706 290 723 295 706 355 688 350 ship 0
733 300 748 302 743 343 728 341 ship 0
759 301 777 305 764 371 744 367 ship 0
793 389 770 384 788 308 809 312 ship 0
1253 413 1272 418 1255 469 1237 462 ship 0
241 379 258 384 244 434 227 430 ship 0
1275 419 1292 425 1275 476 1258 470 ship 0
1296 428 1312 434 1294 483 1277 476 ship 0
1344 470 1356 475 1343 506 1332 501 ship 0
1359 482 1369 487 1357 518 1345 512 ship 0
1370 500 1382 504 1370 531 1359 526 ship 0
1346 643 1337 655 1297 622 1307 611 ship 0
476 254 488 259 474 293 462 287 ship 0
496 241 513 246 497 298 480 292 ship 0
594 251 605 255 598 285 586 282 ship 0
557 231 570 235 560 268 548 264 ship 0
547 269 558 272 547 313 535 309 ship 0
321 228 334 231 325 264 312 259 ship 0
354 228 340 222 350 185 365 189 ship 0
340 228 353 230 342 271 328 266 ship 0
362 252 371 260 352 283 342 275 ship 0
367 187 386 191 367 256 350 251 ship 0
436 206 449 210 437 252 423 248 ship 0
418 202 430 206 418 242 406 236 ship 0
406 236 420 242 401 286 387 279 ship 0
322 452 306 448 322 394 337 399 ship 0
288 420 274 416 286 369 300 374 ship 0
269 356 280 360 272 386 261 382 ship 0
263 450 245 445 260 385 277 389 ship 0
173 1516 187 1511 198 1550 185 1555 ship 0
220 1606 213 1596 242 1574 250 1585 ship 0
368 1213 370 1204 402 1209 400 1218 ship 0
2428 1274 2440 1275 2439 1311 2426 1310 ship 0
2127 1173 2138 1181 2112 1217 2099 1208 ship 0
2120 1165 2128 1154 2159 1177 2151 1187 ship 0
2223 1223 2236 1230 2217 1265 2205 1258 ship 0
2239 1239 2249 1245 2234 1280 2223 1273 ship 0
2252 1248 2261 1252 2249 1281 2239 1276 ship 0
2273 1244 2287 1250 2273 1290 2257 1283 ship 0
2580 1334 2579 1354 2510 1349 2511 1327 ship 0
2159 1405 2147 1399 2158 1371 2169 1375 ship 0
2523 1322 2525 1305 2589 1308 2588 1326 ship 0
2527 1299 2528 1283 2577 1287 2575 1302 ship 0
2523 1277 2524 1265 2561 1267 2561 1278 ship 0
2524 1261 2525 1248 2564 1250 2564 1263 ship 0
2526 1229 2527 1217 2560 1219 2560 1231 ship 0
2526 1213 2526 1201 2563 1201 2563 1214 ship 0
2141 1184 2153 1192 2127 1228 2115 1219 ship 0
2105 1348 2114 1355 2095 1381 2087 1374 ship 0
642 1033 666 1040 645 1100 623 1091 ship 0
1786 872 1778 861 1806 837 1814 849 ship 0
834 756 824 772 774 742 784 725 ship 0
832 780 823 796 777 768 788 753 ship 0
781 969 774 980 741 959 748 950 ship 0
777 987 772 995 745 977 751 969 ship 0
1782 906 1769 888 1813 854 1825 869 ship 0
1844 874 1854 887 1816 918 1806 906 ship 0
1744 772 1754 783 1721 811 1712 800 ship 0
2065 1358 2053 1350 2070 1324 2082 1331 ship 0
1727 1094 1719 1086 1743 1061 1752 1070 ship 0
1739 1101 1734 1092 1757 1080 1761 1089 ship 0
1858 1222 1855 1208 1892 1202 1894 1217 ship 0
1888 1235 1887 1225 1913 1223 1914 1234 ship 0
2031 1126 2049 1126 2051 1179 2034 1179 ship 0
2048 1348 2037 1339 2057 1311 2069 1320 ship 0
2528 1196 2528 1185 2555 1187 2555 1197 ship 0
2526 1180 2527 1168 2560 1170 2559 1181 ship 0
2526 1164 2527 1152 2563 1153 2562 1165 ship 0
2347 732 2364 720 2404 768 2389 780 ship 0
2519 711 2538 712 2535 788 2516 788 ship 0
2495 714 2512 714 2512 781 2494 780 ship 0
2472 717 2487 717 2488 761 2472 761 ship 0
2450 713 2466 713 2466 760 2450 760 ship 0
2430 714 2446 714 2446 764 2429 764 ship 0
2371 719 2383 708 2423 754 2411 765 ship 0
2330 748 2344 737 2380 780 2367 792 ship 0
2526 1148 2527 1136 2561 1136 2560 1148 ship 0
2309 813 2313 794 2365 802 2363 820 ship 0
2309 837 2311 818 2369 824 2366 842 ship 0
357 1152 360 1138 408 1146 405 1160 ship 0
347 1170 349 1156 400 1164 398 1178 ship 0
334 1191 336 1176 393 1183 392 1197 ship 0
330 1206 332 1194 367 1197 365 1210 ship 0
2309 899 2302 888 2330 865 2339 874 ship 0
2328 915 2316 902 2345 874 2357 884 ship 0
2345 928 2334 917 2363 886 2376 896 ship 0
2359 943 2350 933 2378 902 2389 911 ship 0
2374 960 2363 950 2397 916 2408 926 ship 0
2389 971 2380 962 2405 937 2414 945 ship 0
2400 988 2388 976 2419 942 2431 954 ship 0
2414 998 2407 989 2431 964 2439 973 ship 0
2426 1013 2418 1003 2443 979 2451 987 ship 0
2442 1023 2432 1012 2456 989 2466 999 ship 0
2454 1037 2444 1026 2470 1003 2479 1013 ship 0
2468 1050 2458 1040 2482 1014 2494 1023 ship 0
2480 1066 2468 1055 2496 1028 2507 1037 ship 0
2510 1086 2501 1077 2521 1054 2530 1061 ship 0
2520 1098 2511 1091 2534 1066 2543 1074 ship 0
2529 1106 2524 1093 2556 1081 2562 1094 ship 0
2526 1131 2526 1121 2561 1121 2561 1130 ship 0
835 733 829 748 786 720 794 708 ship 0
520 813 522 803 554 806 553 817 ship 0
198 1526 215 1521 228 1575 213 1581 ship 0
565 577 578 585 559 616 547 609 ship 0
373 649 378 639 405 648 401 659 ship 0
390 696 377 692 387 655 400 658 ship 0
404 698 393 695 402 659 412 663 ship 0
416 662 421 648 461 662 456 675 ship 0
535 600 549 608 521 659 507 650 ship 0
587 576 599 583 572 624 560 617 ship 0
473 619 467 632 433 618 440 606 ship 0
365 685 352 681 362 647 375 651 ship 0
609 651 620 652 619 681 608 680 ship 0
624 654 637 655 635 687 622 686 ship 0
640 659 652 659 652 688 640 687 ship 0
655 662 666 663 668 694 658 696 ship 0
620 644 609 637 625 612 635 619 ship 0
739 716 729 715 730 685 742 686 ship 0
313 677 316 666 344 674 340 685 ship 0
351 682 339 678 350 645 361 649 ship 0
549 809 564 807 568 856 553 857 ship 0
338 1500 324 1502 317 1463 330 1460 ship 0
244 1562 232 1566 221 1533 234 1528 ship 0
258 1555 245 1558 239 1526 251 1524 ship 0
275 1548 262 1550 252 1506 266 1503 ship 0
290 1530 275 1532 265 1481 281 1479 ship 0
306 1522 293 1524 286 1480 298 1478 ship 0
295 1551 288 1539 319 1519 327 1530 ship 0
347 1433 362 1430 371 1479 357 1480 ship 0
308 633 312 622 346 629 342 643 ship 0
375 1472 365 1457 405 1431 414 1445 ship 0
264 627 261 638 224 627 228 616 ship 0
333 584 337 570 383 584 379 598 ship 0
380 607 384 593 425 607 421 621 ship 0
334 598 338 586 375 598 371 611 ship 0
300 583 304 572 338 583 333 594 ship 0
716 677 727 677 728 709 716 709 ship 0
700 675 713 673 714 709 702 709 ship 0
687 671 697 671 698 702 687 702 ship 0
610 899 612 914 566 921 564 907 ship 0
665 829 678 828 682 867 668 868 ship 0
704 882 689 883 685 834 699 833 ship 0
719 868 703 864 713 806 728 809 ship 0
607 817 622 816 624 866 610 866 ship 0
590 813 603 812 605 856 592 856 ship 0
569 905 567 894 598 888 601 899 ship 0
510 912 510 899 556 894 557 907 ship 0
742 688 727 680 748 646 761 654 ship 0
512 926 511 912 562 906 563 922 ship 0
620 922 622 936 585 939 584 925 ship 0
629 940 629 955 586 957 586 943 ship 0
625 961 626 986 549 988 548 965 ship 0
524 948 518 958 488 940 494 931 ship 0
552 980 546 987 526 967 534 960 ship 0
646 824 661 823 663 866 648 866 ship 0
626 821 639 820 643 866 628 866 ship 0
567 790 554 783 568 752 581 757 ship 0
616 749 630 758 605 798 592 790 ship 0
623 810 609 801 634 756 647 763 ship 0
642 815 624 807 647 763 663 771 ship 0
681 823 664 814 686 765 704 773 ship 0
706 775 721 783 700 823 686 816 ship 0
591 730 600 718 644 743 637 756 ship 0
786 565 770 559 781 519 798 525 ship 0
634 650 623 642 642 611 653 618 ship 0
648 652 639 648 655 622 663 626 ship 0
674 614 686 622 669 653 656 647 ship 0
682 661 671 654 688 626 698 632 ship 0
698 665 688 659 703 634 712 638 ship 0
712 670 700 663 719 632 730 638 ship 0
729 674 718 667 737 636 747 642 ship 0
760 649 743 715 592 674 605 608 harbor 0
