imagesource:GoogleEarth
gsd:0.268437342159
2100 2874 2093 2863 2124 2841 2131 2852 ship 0
604 593 596 599 578 572 587 565 ship 0
458 820 453 810 482 792 488 802 ship 0
470 831 466 821 493 807 497 815 ship 0
482 854 477 844 503 828 509 838 ship 0
492 870 486 860 512 841 519 851 ship 0
464 880 479 871 505 915 491 925 ship 0
547 884 554 895 520 916 514 906 ship 0
504 899 499 889 524 875 529 883 ship 0
545 947 539 937 565 919 571 929 ship 0
556 957 550 947 572 934 577 944 ship 0
569 992 564 983 592 965 598 974 ship 0
588 1044 577 1052 544 1007 558 998 ship 0
581 1009 574 999 602 983 607 993 ship 0
596 1040 591 1029 622 1012 627 1022 ship 0
605 1053 600 1044 629 1026 634 1037 ship 0
621 1070 616 1061 640 1046 644 1054 ship 0
624 1101 609 1111 583 1066 597 1056 ship 0
638 1100 632 1089 668 1065 675 1075 ship 0
691 1009 702 1001 725 1037 715 1044 ship 0
748 1031 736 1038 710 995 722 987 ship 0
423 763 417 751 450 730 456 739 ship 0
402 753 385 764 361 724 377 712 ship 0
398 670 405 679 380 695 375 684 ship 0
577 306 570 293 608 270 615 281 ship 0
585 617 594 611 613 635 603 642 ship 0
585 664 573 671 557 641 568 635 ship 0
589 600 580 606 564 581 573 575 ship 0
554 621 545 627 533 603 542 597 ship 0
632 274 625 260 662 237 670 249 ship 0
719 184 709 191 693 166 703 159 ship 0
654 232 645 238 628 211 638 205 ship 0
622 247 612 253 594 224 605 217 ship 0
514 346 507 334 544 311 551 322 ship 0
352 671 335 681 307 633 322 622 ship 0
499 280 510 273 529 305 518 313 ship 0
486 339 475 347 452 309 463 302 ship 0
407 425 394 434 350 368 364 358 ship 0
470 344 459 350 438 319 448 312 ship 0
464 362 470 372 441 390 435 380 ship 0
199 463 216 454 244 504 228 514 ship 0
280 453 287 466 246 488 239 475 ship 0
282 562 270 570 244 529 257 520 ship 0
765 1010 751 1021 728 981 742 974 ship 0
789 1004 778 1011 755 976 767 968 ship 0
803 992 794 1000 770 965 782 957 ship 0
1361 1695 1355 1684 1386 1664 1393 1676 ship 0
770 813 778 826 713 865 704 849 ship 0
308 263 292 274 253 215 268 205 ship 0
228 456 221 443 255 422 262 434 ship 0
1446 1472 1440 1460 1475 1437 1483 1448 ship 0
1431 1431 1440 1447 1382 1481 1373 1465 ship 0
1490 1547 1483 1534 1521 1510 1529 1521 ship 0
1554 1636 1548 1626 1579 1606 1586 1617 ship 0
1368 1720 1360 1706 1402 1679 1412 1692 ship 0
1650 1695 1657 1706 1622 1728 1615 1716 ship 0
840 787 829 769 882 735 893 754 ship 0
1639 1741 1633 1731 1660 1714 1666 1725 ship 0
1600 1728 1607 1738 1574 1760 1568 1748 ship 0
1631 1763 1639 1776 1602 1801 1593 1788 ship 0
1661 1780 1654 1769 1681 1751 1689 1761 ship 0
1647 1788 1652 1797 1626 1814 1620 1804 ship 0
1673 1790 1668 1781 1692 1768 1697 1777 ship 0
1682 1811 1677 1802 1699 1788 1705 1796 ship 0
1651 1807 1658 1817 1624 1838 1618 1828 ship 0
750 894 734 866 782 837 797 862 ship 0
860 808 851 792 893 766 902 782 ship 0
816 980 809 986 790 958 800 953 ship 0
1042 842 1033 848 1015 817 1025 811 ship 0
837 975 826 983 800 941 812 935 ship 0
850 963 840 971 817 937 828 930 ship 0
881 945 870 952 845 915 858 907 ship 0
952 895 942 902 923 870 934 864 ship 0
972 888 961 896 940 861 952 854 ship 0
988 877 977 884 955 850 966 843 ship 0
1004 868 992 875 975 843 986 837 ship 0
1000 825 1011 818 1030 852 1019 858 ship 0
1055 834 1046 840 1030 813 1039 806 ship 0
920 738 910 745 889 711 900 705 ship 0
1066 822 1058 827 1042 802 1051 796 ship 0
1109 796 1101 802 1085 778 1094 772 ship 0
1135 779 1126 784 1113 763 1123 758 ship 0
977 713 987 707 1004 738 995 744 ship 0
962 721 974 714 991 747 980 753 ship 0
969 710 960 715 946 692 955 687 ship 0
936 727 925 734 906 704 918 697 ship 0
943 778 934 783 917 755 926 750 ship 0
600 606 610 599 626 627 616 634 ship 0
633 576 624 582 605 555 614 548 ship 0
1702 1850 1696 1839 1725 1820 1732 1830 ship 0
655 573 664 567 679 591 671 597 ship 0
1364 1025 1374 1037 1339 1063 1328 1049 ship 0
1377 1045 1386 1060 1344 1085 1335 1069 ship 0
1383 1072 1391 1082 1360 1103 1354 1093 ship 0
1398 1086 1405 1097 1375 1117 1368 1107 ship 0
1412 1102 1419 1115 1383 1137 1375 1125 ship 0
1392 1159 1385 1146 1424 1122 1431 1135 ship 0
1434 1146 1440 1157 1408 1175 1402 1164 ship 0
1446 1159 1453 1170 1418 1191 1411 1180 ship 0
1454 1179 1462 1192 1431 1211 1423 1199 ship 0
1474 1197 1481 1211 1445 1231 1438 1217 ship 0
1484 1213 1492 1226 1452 1252 1444 1238 ship 0
1496 1232 1504 1247 1466 1268 1458 1255 ship 0
1508 1253 1514 1262 1485 1278 1479 1268 ship 0
1518 1270 1526 1284 1488 1309 1479 1294 ship 0
1526 1292 1532 1303 1498 1324 1491 1313 ship 0
1541 1309 1550 1323 1512 1346 1503 1332 ship 0
1556 1327 1565 1340 1526 1364 1518 1351 ship 0
1586 1362 1602 1388 1566 1414 1548 1388 ship 0
1376 1353 1369 1339 1399 1320 1407 1333 ship 0
1154 1120 1146 1104 1186 1080 1195 1096 ship 0
1585 2427 1556 2372 1718 2272 1756 2325 harbor 0
1560 2519 1609 2488 1925 2990 1865 3029 harbor 0
1268 1434 1173 1492 905 1052 994 997 harbor 0
411 430 369 365 736 133 780 198 harbor 0
691 107 682 95 787 29 798 42 harbor 0
488 556 456 503 831 266 859 314 harbor 0
563 676 523 611 886 375 929 438 harbor 0
640 791 599 727 954 500 994 563 harbor 0
716 920 669 853 1016 632 1061 702 harbor 0
1123 745 1168 813 702 1105 652 1025 harbor 0
1107 1534 998 1607 722 1161 829 1100 harbor 0
1416 1338 1330 1394 1065 967 1138 922 harbor 0
1822 2427 1866 2404 2145 2854 2103 2883 harbor 0
1592 1366 1540 1394 1323 1043 1368 1013 harbor 0
1377 1480 1472 1424 1623 1673 1536 1729 harbor 0
1214 1587 1312 1525 1460 1772 1366 1834 harbor 0
1042 1696 1143 1631 1297 1878 1200 1943 harbor 0
1765 1883 1676 1933 1551 1731 1636 1676 harbor 0
1621 1996 1519 2062 1382 1834 1477 1775 harbor 0
1457 2125 1360 2192 1205 1945 1305 1884 harbor 0
1709 2516 1770 2476 2047 2913 1978 2954 harbor 0
918 1488 910 1472 968 1435 978 1450 ship 0
991 1489 997 1500 956 1524 949 1512 ship 0
1057 1550 1048 1538 1082 1516 1090 1527 ship 0
857 446 867 441 883 467 874 473 ship 0
637 389 649 408 578 453 566 435 ship 0
682 370 688 382 647 410 639 397 ship 0
702 403 695 392 729 371 736 382 ship 0
745 324 756 341 710 367 700 351 ship 0
784 350 778 339 809 318 816 329 ship 0
902 408 894 413 875 384 883 378 ship 0
886 416 878 422 860 397 869 391 ship 0
907 451 898 456 883 429 891 424 ship 0
854 484 846 489 830 462 839 456 ship 0
557 453 562 462 538 478 532 468 ship 0
847 440 837 447 822 422 833 416 ship 0
860 434 851 439 832 408 840 403 ship 0
820 459 810 465 794 437 804 431 ship 0
825 502 817 506 804 484 813 479 ship 0
793 476 782 482 768 456 778 449 ship 0
766 492 756 498 741 471 751 465 ship 0
736 523 745 516 761 543 752 548 ship 0
680 556 692 548 709 576 698 584 ship 0
608 468 599 453 653 417 664 432 ship 0
511 524 504 512 537 490 544 503 ship 0
962 1393 954 1378 991 1354 1000 1368 ship 0
756 679 765 674 779 699 771 704 ship 0
908 1316 899 1301 941 1275 950 1290 ship 0
894 1332 900 1344 858 1371 851 1358 ship 0
874 1394 867 1381 915 1352 922 1366 ship 0
832 1330 824 1315 871 1285 880 1301 ship 0
919 887 935 913 894 938 879 912 ship 0
922 930 931 923 946 947 938 953 ship 0
691 707 681 691 728 663 737 678 ship 0
741 685 749 679 768 705 760 712 ship 0
785 670 792 665 809 685 802 692 ship 0
476 516 467 500 513 471 523 487 ship 0
822 670 815 676 794 652 802 647 ship 0
824 634 832 629 850 655 841 661 ship 0
729 692 740 711 701 734 691 716 ship 0
645 778 631 755 672 728 686 751 ship 0
655 729 645 737 629 712 639 706 ship 0
634 743 625 749 608 722 617 715 ship 0
636 778 613 795 587 755 610 739 ship 0
627 591 637 584 652 609 643 615 ship 0
1715 1803 1722 1815 1691 1833 1684 1822 ship 0
1693 1862 1702 1876 1662 1900 1653 1887 ship 0
2089 2859 2083 2848 2117 2825 2124 2836 ship 0
1745 2802 1738 2789 1778 2765 1786 2777 ship 0
1950 2823 1944 2813 1973 2797 1978 2806 ship 0
1939 2818 1945 2828 1914 2846 1908 2836 ship 0
1928 2806 1934 2817 1906 2832 1901 2823 ship 0
1942 2810 1936 2800 1962 2784 1968 2794 ship 0
1934 2796 1929 2786 1954 2770 1960 2780 ship 0
1922 2790 1929 2801 1898 2819 1892 2808 ship 0
1905 2762 1913 2774 1883 2792 1876 2779 ship 0
1898 2750 1903 2760 1877 2775 1871 2766 ship 0
1892 2734 1898 2745 1868 2763 1861 2752 ship 0
1934 2729 1939 2738 1911 2755 1906 2745 ship 0
1918 2769 1912 2758 1941 2741 1948 2751 ship 0
1924 2784 1918 2774 1948 2755 1954 2764 ship 0
1903 2742 1898 2732 1927 2713 1933 2723 ship 0
1896 2726 1891 2717 1912 2704 1918 2712 ship 0
1881 2722 1887 2732 1858 2750 1852 2740 ship 0
1884 2714 1879 2705 1907 2687 1913 2697 ship 0
1877 2698 1871 2689 1900 2671 1907 2681 ship 0
1866 2686 1861 2677 1889 2659 1895 2668 ship 0
1858 2671 1852 2662 1873 2648 1879 2657 ship 0
1946 2833 1951 2842 1924 2858 1918 2848 ship 0
1952 2849 1957 2858 1932 2873 1928 2864 ship 0
1958 2838 1951 2828 1981 2810 1988 2820 ship 0
1884 3015 1877 3001 1914 2979 1923 2993 ship 0
1773 2840 1766 2827 1803 2802 1810 2815 ship 0
1820 2818 1829 2830 1790 2852 1784 2840 ship 0
1827 2841 1835 2854 1791 2881 1783 2868 ship 0
1800 2900 1792 2886 1837 2858 1845 2873 ship 0
1814 2917 1807 2904 1846 2880 1855 2893 ship 0
1828 2939 1821 2927 1864 2900 1873 2912 ship 0
1845 2958 1837 2944 1876 2921 1884 2934 ship 0
1853 2981 1846 2968 1889 2939 1898 2953 ship 0
2002 2927 2009 2939 1972 2959 1966 2949 ship 0
1968 2851 1962 2840 1987 2824 1993 2834 ship 0
1992 2915 1998 2923 1966 2943 1961 2934 ship 0
2007 2921 2001 2910 2030 2892 2036 2904 ship 0
2003 2902 1999 2894 2021 2881 2026 2889 ship 0
1992 2893 1985 2882 2014 2864 2022 2874 ship 0
1979 2889 1984 2898 1957 2914 1952 2905 ship 0
1970 2873 1976 2884 1946 2902 1940 2891 ship 0
1962 2860 1967 2870 1940 2886 1935 2877 ship 0
1973 2864 1968 2855 1997 2838 2003 2848 ship 0
1850 2659 1843 2649 1871 2630 1877 2640 ship 0
1864 2696 1870 2706 1843 2721 1838 2713 ship 0
1857 2679 1864 2691 1833 2710 1826 2700 ship 0
2015 2664 2022 2676 1983 2699 1977 2686 ship 0
1933 2532 1940 2542 1907 2564 1900 2552 ship 0
1916 2584 1908 2573 1941 2550 1949 2561 ship 0
1955 2567 1962 2580 1926 2602 1920 2591 ship 0
1964 2585 1971 2596 1935 2618 1929 2606 ship 0
1974 2599 1982 2612 1945 2633 1938 2621 ship 0
1987 2618 1993 2629 1959 2649 1953 2639 ship 0
1996 2632 2003 2644 1965 2666 1958 2655 ship 0
2007 2648 2013 2660 1972 2681 1966 2669 ship 0
2024 2679 2030 2692 1994 2712 1988 2701 ship 0
1882 2532 1875 2519 1907 2498 1916 2510 ship 0
2042 2711 2049 2720 2017 2741 2010 2730 ship 0
2053 2723 2061 2734 2027 2755 2020 2744 ship 0
2062 2737 2069 2749 2035 2772 2028 2760 ship 0
2071 2753 2078 2764 2043 2785 2036 2774 ship 0
2079 2769 2085 2778 2053 2797 2047 2787 ship 0
2088 2782 2096 2793 2059 2816 2052 2804 ship 0
2096 2799 2102 2808 2075 2826 2069 2816 ship 0
2108 2811 2114 2822 2081 2842 2074 2831 ship 0
1897 2548 1890 2537 1921 2517 1929 2528 ship 0
1875 2512 1868 2500 1896 2481 1905 2492 ship 0
1835 2656 1842 2667 1814 2684 1806 2673 ship 0
1800 2585 1794 2574 1824 2556 1831 2565 ship 0
1829 2639 1835 2650 1806 2668 1799 2658 ship 0
1817 2624 1824 2635 1796 2654 1789 2643 ship 0
1840 2645 1834 2635 1862 2615 1868 2625 ship 0
1830 2631 1823 2620 1851 2600 1859 2610 ship 0
1819 2617 1812 2607 1841 2585 1849 2596 ship 0
1807 2609 1812 2618 1787 2634 1782 2625 ship 0
1799 2596 1805 2606 1777 2624 1771 2615 ship 0
1810 2602 1802 2591 1832 2571 1838 2580 ship 0
1790 2572 1783 2561 1814 2541 1820 2552 ship 0
1860 2493 1853 2481 1887 2461 1895 2473 ship 0
1781 2567 1786 2577 1758 2595 1752 2585 ship 0
1781 2557 1775 2547 1803 2528 1809 2539 ship 0
1771 2543 1765 2534 1794 2514 1800 2524 ship 0
1762 2543 1768 2552 1741 2567 1736 2558 ship 0
1752 2527 1759 2537 1730 2555 1724 2545 ship 0
1862 2408 1869 2422 1827 2446 1818 2434 ship 0
1873 2427 1879 2438 1839 2461 1832 2449 ship 0
1880 2444 1886 2457 1850 2477 1843 2464 ship 0
1762 2821 1753 2806 1787 2785 1795 2800 ship 0
1734 2783 1728 2771 1767 2748 1774 2759 ship 0
1714 1871 1707 1858 1738 1839 1745 1851 ship 0
1727 2762 1721 2751 1756 2729 1763 2740 ship 0
1126 1739 1132 1749 1099 1773 1092 1761 ship 0
1147 1755 1157 1770 1111 1800 1102 1786 ship 0
1161 1803 1168 1814 1139 1831 1132 1820 ship 0
1158 1852 1151 1841 1185 1819 1192 1831 ship 0
1172 1869 1166 1858 1197 1839 1203 1849 ship 0
1230 1862 1222 1849 1263 1825 1270 1838 ship 0
1208 1859 1217 1872 1173 1901 1164 1886 ship 0
1218 1883 1225 1896 1190 1916 1183 1904 ship 0
1257 1898 1250 1887 1281 1866 1289 1876 ship 0
1204 1936 1196 1923 1230 1903 1237 1917 ship 0
1211 1965 1202 1951 1246 1924 1254 1939 ship 0
1268 1926 1260 1913 1292 1895 1300 1907 ship 0
1259 1946 1267 1960 1229 1983 1220 1969 ship 0
1242 2000 1237 1992 1269 1972 1273 1981 ship 0
1291 1970 1284 1956 1327 1927 1335 1942 ship 0
1306 1983 1300 1973 1334 1951 1340 1962 ship 0
1322 2006 1317 1996 1347 1975 1353 1986 ship 0
1332 2023 1326 2011 1359 1992 1366 2003 ship 0
1295 2008 1302 2019 1267 2041 1259 2029 ship 0
1096 1675 1103 1686 1057 1715 1050 1703 ship 0
1413 1863 1407 1850 1440 1829 1447 1843 ship 0
1452 1813 1446 1802 1481 1781 1486 1790 ship 0
1540 1945 1534 1935 1564 1914 1570 1925 ship 0
1690 1941 1682 1925 1723 1901 1732 1915 ship 0
1557 2056 1547 2040 1598 2006 1608 2023 ship 0
1578 2010 1571 1998 1602 1980 1609 1992 ship 0
1556 1992 1548 1979 1590 1953 1599 1967 ship 0
1541 2022 1547 2030 1520 2048 1513 2038 ship 0
1546 1974 1538 1959 1577 1934 1586 1947 ship 0
1506 2027 1499 2015 1537 1990 1544 2003 ship 0
1509 1953 1516 1966 1484 1985 1477 1972 ship 0
1527 1926 1521 1916 1551 1897 1557 1907 ship 0
1465 1831 1458 1818 1490 1796 1498 1810 ship 0
1468 1968 1461 1955 1495 1933 1501 1946 ship 0
1513 1909 1506 1897 1540 1876 1547 1887 ship 0
1489 1910 1497 1923 1453 1951 1446 1936 ship 0
1479 1893 1486 1903 1460 1919 1454 1908 ship 0
1496 1894 1488 1880 1528 1855 1537 1869 ship 0
1484 1875 1477 1862 1515 1836 1524 1850 ship 0
1414 1892 1406 1878 1449 1851 1457 1864 ship 0
1470 1855 1463 1841 1506 1815 1514 1828 ship 0
1344 2045 1337 2032 1375 2008 1382 2021 ship 0
1293 2079 1287 2066 1321 2045 1327 2057 ship 0
1357 2065 1349 2051 1386 2028 1393 2042 ship 0
1616 2583 1609 2569 1648 2546 1656 2560 ship 0
1668 2321 1681 2311 1704 2348 1692 2358 ship 0
1684 2307 1697 2298 1722 2334 1709 2344 ship 0
1709 2305 1721 2297 1741 2329 1729 2337 ship 0
1575 2539 1566 2546 1552 2525 1561 2519 ship 0
1582 2527 1575 2515 1611 2494 1617 2507 ship 0
1592 2547 1585 2534 1623 2509 1632 2523 ship 0
1607 2561 1601 2550 1635 2529 1642 2540 ship 0
1578 2561 1585 2556 1598 2576 1591 2582 ship 0
1628 2601 1622 2590 1661 2565 1668 2576 ship 0
1629 2340 1643 2330 1668 2368 1654 2377 ship 0
1633 2632 1625 2638 1608 2616 1618 2610 ship 0
1649 2640 1641 2626 1678 2603 1688 2617 ship 0
1660 2658 1653 2645 1687 2623 1696 2636 ship 0
1625 2645 1637 2638 1657 2674 1646 2680 ship 0
1672 2677 1664 2663 1706 2638 1715 2651 ship 0
1684 2695 1676 2682 1718 2657 1727 2670 ship 0
1731 2675 1739 2687 1693 2714 1686 2702 ship 0
1712 2750 1704 2736 1748 2708 1757 2722 ship 0
1649 2330 1660 2321 1689 2362 1676 2370 ship 0
1612 2350 1624 2343 1646 2379 1634 2387 ship 0
1373 2079 1366 2067 1400 2046 1407 2057 ship 0
1693 2210 1704 2214 1694 2243 1684 2239 ship 0
1332 2066 1339 2079 1300 2103 1292 2091 ship 0
1352 2105 1359 2117 1325 2137 1318 2124 ship 0
1378 2108 1371 2096 1410 2070 1418 2082 ship 0
1388 2128 1381 2115 1426 2087 1434 2099 ship 0
1402 2148 1394 2135 1432 2112 1441 2125 ship 0
1382 2141 1390 2152 1354 2177 1347 2165 ship 0
1374 2197 1364 2180 1422 2144 1432 2162 ship 0
1707 2207 1717 2209 1711 2237 1701 2235 ship 0
1677 2257 1667 2253 1674 2220 1684 2223 ship 0
1593 2362 1606 2353 1629 2389 1616 2398 ship 0
1679 2299 1673 2289 1701 2271 1708 2281 ship 0
1660 2226 1669 2233 1652 2262 1642 2256 ship 0
1638 2239 1648 2243 1640 2265 1630 2261 ship 0
1624 2232 1636 2239 1622 2267 1610 2260 ship 0
1645 2199 1643 2209 1618 2202 1621 2192 ship 0
1666 2194 1657 2199 1641 2177 1649 2172 ship 0
1555 2385 1569 2377 1590 2419 1575 2425 ship 0
1575 2375 1589 2367 1612 2405 1597 2414 ship 0
154 360 201 331 667 1076 623 1109 harbor 0
