imagesource:GoogleEarth
gsd:0.140950512088
964 1470 980 1462 996 1498 981 1504 small-vehicle 1
279 754 250 761 226 669 255 662 ship 0
246 524 233 432 390 405 404 500 harbor 0
274 743 257 669 437 620 457 700 harbor 0
376 991 354 920 502 876 521 952 harbor 0
440 1194 417 1120 565 1083 585 1158 harbor 0
480 1392 456 1323 628 1269 648 1343 harbor 0
568 1630 525 1564 690 1462 734 1533 harbor 0
693 1860 655 1800 732 1757 768 1820 harbor 0
774 2005 716 1913 789 1871 844 1962 harbor 0
251 536 220 543 199 446 230 439 ship 0
258 493 276 488 291 537 274 543 ship 0
335 932 355 926 377 991 356 998 ship 0
705 488 719 490 717 524 703 524 small-vehicle 0
444 1215 417 1221 393 1136 423 1130 ship 0
746 1926 768 1910 812 1981 792 1994 ship 0
717 1954 736 1943 768 1997 749 2010 ship 0
891 1277 904 1273 916 1302 903 1306 small-vehicle 0
847 1609 834 1604 845 1574 858 1580 small-vehicle 0
1003 1638 992 1642 979 1617 991 1612 small-vehicle 0
766 806 780 803 786 831 772 834 small-vehicle 0
793 378 792 392 758 392 758 377 small-vehicle 0
792 400 791 412 753 412 753 397 small-vehicle 0
782 334 788 347 757 360 752 346 small-vehicle 0
203 304 197 232 373 206 381 282 harbor 0
