imagesource:GoogleEarth
gsd:0.140213714075
127 4613 99 4619 92 4571 121 4567 small-vehicle 1
1157 3879 1192 3874 1205 3980 1170 3982 ship 0
1144 3787 1168 3780 1186 3853 1159 3859 ship 0
1225 3849 1203 3850 1195 3780 1220 3778 ship 0
1193 3877 1233 3871 1244 3977 1207 3981 ship 0
1243 3868 1272 3865 1284 3966 1253 3969 ship 0
1273 3860 1313 3854 1324 3960 1286 3964 ship 0
1225 3770 1252 3765 1263 3839 1235 3844 ship 0
1308 3832 1282 3835 1272 3765 1301 3761 ship 0
1345 3831 1319 3832 1310 3758 1335 3754 ship 0
1318 3851 1364 3845 1374 3965 1327 3971 ship 0
1350 4088 1382 4085 1395 4187 1361 4192 ship 0
1315 4102 1342 4099 1354 4192 1328 4194 ship 0
1270 4110 1301 4104 1310 4193 1280 4196 ship 0
1364 4209 1393 4206 1403 4296 1374 4298 ship 0
1370 4319 1336 4323 1325 4223 1358 4218 ship 0
1288 4228 1316 4224 1324 4314 1298 4316 ship 0
1245 4234 1278 4227 1288 4313 1255 4315 ship 0
1274 4210 1234 4215 1222 4111 1260 4107 ship 0
1234 4218 1204 4223 1188 4116 1221 4111 ship 0
1208 4238 1234 4233 1245 4321 1218 4326 ship 0
1167 4245 1198 4240 1207 4328 1175 4331 ship 0
1124 4244 1155 4239 1166 4334 1136 4340 ship 0
1107 3868 1076 3872 1068 3782 1098 3779 ship 0
1078 3896 1114 3893 1123 3996 1088 4000 ship 0
1079 4329 1056 4333 1046 4263 1072 4259 ship 0
1085 3991 1054 3995 1039 3899 1071 3893 ship 0
1140 2585 1121 2589 1110 2538 1131 2534 ship 0
1011 2624 1034 2622 1040 2681 1016 2683 ship 0
1038 2619 1056 2617 1065 2672 1046 2675 ship 0
1064 2619 1088 2617 1095 2670 1073 2672 ship 0
1095 2615 1115 2612 1119 2671 1101 2671 ship 0
1123 2610 1146 2609 1151 2668 1130 2671 ship 0
1150 2608 1170 2604 1178 2668 1155 2671 ship 0
1167 2587 1147 2588 1139 2529 1161 2527 ship 0
1172 2532 1210 2529 1224 2656 1186 2658 ship 0
992 3610 976 3613 970 3572 986 3569 ship 0
862 3580 879 3577 883 3608 866 3610 ship 0
905 3651 926 3648 936 3712 913 3715 ship 0
932 3655 951 3652 960 3704 941 3708 ship 0
944 3881 918 3884 911 3814 938 3811 ship 0
989 3876 962 3878 954 3806 983 3803 ship 0
1025 3873 999 3876 990 3800 1018 3797 ship 0
1070 3868 1039 3871 1032 3797 1060 3792 ship 0
1148 3854 1125 3858 1112 3786 1137 3780 ship 0
922 3906 955 3901 968 4020 932 4024 ship 0
963 3914 992 3910 1006 4001 973 4005 ship 0
1044 3990 1010 3995 1000 3903 1034 3900 ship 0
1081 4251 1117 4244 1129 4341 1093 4346 ship 0
967 4268 999 4264 1007 4344 975 4351 ship 0
1057 2599 1036 2601 1026 2544 1048 2541 ship 0
703 1234 684 1241 658 1182 679 1173 ship 0
764 1208 749 1215 718 1157 737 1149 ship 0
802 1197 778 1208 743 1137 767 1126 ship 0
825 1184 807 1192 779 1135 799 1126 ship 0
820 1152 856 1141 911 1271 879 1284 ship 0
808 1210 833 1198 866 1275 845 1286 ship 0
771 1227 800 1214 837 1289 806 1302 ship 0
738 1238 762 1227 793 1297 767 1308 ship 0
707 1261 732 1251 760 1324 735 1333 ship 0
667 1272 691 1260 725 1335 701 1346 ship 0
621 1387 599 1396 565 1313 591 1305 ship 0
527 1328 556 1313 599 1407 567 1423 ship 0
552 1417 527 1427 495 1348 520 1337 ship 0
467 1359 487 1351 510 1408 488 1417 ship 0
444 1369 462 1362 487 1424 466 1432 ship 0
462 1457 451 1463 438 1431 448 1425 ship 0
533 1618 515 1626 499 1589 515 1581 ship 0
577 1616 556 1627 521 1552 541 1543 ship 0
623 1597 595 1610 556 1522 585 1511 ship 0
656 1583 635 1594 594 1512 619 1500 ship 0
697 1569 671 1581 630 1490 662 1478 ship 0
728 1552 704 1561 670 1484 695 1474 ship 0
736 1221 716 1231 688 1173 708 1164 ship 0
676 1247 655 1256 624 1192 648 1180 ship 0
954 4147 986 4145 994 4234 960 4237 ship 0
644 1263 624 1272 595 1204 615 1195 ship 0
1033 4236 995 4240 988 4134 1021 4129 ship 0
1072 4232 1042 4236 1027 4121 1060 4116 ship 0
1070 4121 1098 4117 1111 4220 1080 4222 ship 0
1152 4223 1117 4228 1107 4126 1142 4123 ship 0
1195 4219 1160 4223 1147 4122 1181 4117 ship 0
1031 4537 1003 4542 990 4442 1023 4439 ship 0
1071 4533 1038 4538 1026 4448 1060 4442 ship 0
1099 4430 1139 4425 1150 4517 1112 4522 ship 0
1184 4519 1163 4524 1149 4447 1174 4443 ship 0
1231 4515 1205 4519 1193 4442 1223 4439 ship 0
1006 4559 1028 4556 1039 4634 1015 4638 ship 0
1063 4552 1091 4548 1102 4628 1071 4632 ship 0
1102 4554 1125 4551 1133 4616 1110 4618 ship 0
1172 4537 1201 4534 1209 4612 1183 4614 ship 0
1251 4609 1229 4611 1219 4534 1241 4530 ship 0
1262 4508 1240 4512 1231 4431 1252 4428 ship 0
1305 4496 1274 4497 1273 4422 1303 4421 ship 0
1350 4483 1321 4487 1309 4416 1339 4412 ship 0
1291 4523 1318 4518 1329 4594 1301 4596 ship 0
1367 4514 1392 4508 1403 4581 1378 4585 ship 0
613 1273 591 1283 565 1220 587 1210 ship 0
1086 2600 1066 2602 1058 2539 1082 2537 ship 0
1000 2607 982 2610 967 2543 990 2541 ship 0
618 4051 638 4049 644 4093 625 4094 small-vehicle 1
332 455 362 442 401 529 369 541 ship 0
417 434 442 424 472 490 448 504 ship 0
453 406 480 394 518 488 490 502 ship 0
569 470 538 485 490 374 520 361 ship 0
694 706 657 732 582 592 619 575 ship 0
592 664 573 672 544 604 564 596 ship 0
558 682 536 690 509 622 531 611 ship 0
544 708 562 700 593 764 574 773 ship 0
518 726 537 718 564 778 546 787 ship 0
479 737 497 729 520 782 501 791 ship 0
446 746 467 734 496 797 472 806 ship 0
419 761 441 751 462 812 438 820 ship 0
383 772 405 761 431 829 407 840 ship 0
396 846 375 853 351 790 374 779 ship 0
320 802 340 791 366 855 344 863 ship 0
285 820 305 812 329 870 309 880 ship 0
255 832 274 821 299 882 277 893 ship 0
218 843 239 832 268 896 245 906 ship 0
465 719 442 730 409 660 434 649 ship 0
434 732 408 745 377 671 403 658 ship 0
344 677 366 668 394 737 368 746 ship 0
369 765 342 776 306 695 335 681 ship 0
371 444 404 429 444 518 406 535 ship 0
258 498 283 486 316 558 290 572 ship 0
299 790 277 800 247 731 273 719 ship 0
238 602 210 613 175 524 204 510 ship 0
489 368 534 471 139 643 98 538 harbor 0
577 584 644 736 256 906 192 749 harbor 0
677 807 754 989 357 1159 283 976 harbor 0
811 1116 876 1274 482 1446 416 1287 harbor 0
921 1374 1000 1563 603 1729 519 1549 harbor 0
1077 1749 1097 1923 669 1974 648 1806 harbor 0
1177 2524 1189 2664 802 2706 787 2569 harbor 0
1197 2739 1209 2874 832 2917 817 2782 harbor 0
1312 3754 1334 3961 961 4012 936 3801 harbor 0
1354 4092 1381 4299 1002 4349 980 4138 harbor 0
1393 4405 1415 4587 1047 4634 1024 4454 harbor 0
1389 4683 1414 4856 1077 4893 1061 4725 harbor 0
97 360 87 335 162 303 171 328 ship 0
197 454 212 492 87 543 73 508 ship 0
108 618 90 626 68 580 85 570 ship 0
131 672 115 680 97 640 114 632 ship 0
120 698 137 691 156 736 138 745 ship 0
147 766 165 758 183 801 164 811 ship 0
199 883 216 875 232 910 214 920 ship 0
168 646 139 660 97 565 126 551 ship 0
141 544 168 530 205 614 173 626 ship 0
284 718 305 709 330 775 309 784 ship 0
265 805 244 814 213 742 237 732 ship 0
975 2611 955 2615 946 2552 966 2549 ship 0
550 1299 527 1309 505 1254 526 1243 ship 0
734 2146 715 2146 713 2076 732 2076 ship 0
709 2150 685 2153 675 2074 703 2070 ship 0
717 2243 694 2245 686 2185 712 2182 ship 0
720 2177 744 2174 751 2239 726 2240 ship 0
668 2305 686 2301 692 2341 674 2343 ship 0
704 2326 719 2325 724 2368 707 2371 ship 0
711 2373 729 2370 734 2418 715 2419 ship 0
739 2340 768 2340 772 2412 742 2413 ship 0
729 2440 751 2436 760 2503 737 2505 ship 0
829 2627 804 2630 794 2569 823 2566 ship 0
861 2626 839 2628 833 2568 856 2566 ship 0
885 2621 865 2622 858 2563 881 2561 ship 0
917 2617 897 2620 889 2560 910 2558 ship 0
944 2615 927 2616 919 2560 937 2558 ship 0
767 2643 799 2638 809 2710 774 2714 ship 0
808 2643 833 2641 839 2702 815 2705 ship 0
844 2644 862 2643 865 2697 847 2698 ship 0
868 2639 889 2636 895 2697 873 2699 ship 0
923 2631 945 2628 951 2690 928 2693 ship 0
953 2632 971 2631 979 2687 961 2689 ship 0
979 2627 1001 2624 1007 2684 986 2687 ship 0
582 1288 562 1296 537 1238 557 1228 ship 0
520 1313 500 1321 475 1263 496 1254 ship 0
177 749 206 734 236 811 208 827 ship 0
486 1322 467 1331 443 1276 464 1267 ship 0
356 1019 333 1028 308 964 330 954 ship 0
386 1006 364 1014 337 952 363 942 ship 0
418 994 394 1003 366 934 390 923 ship 0
450 980 428 989 400 928 422 918 ship 0
313 1064 348 1049 393 1156 358 1171 ship 0
353 1058 375 1047 402 1109 376 1119 ship 0
383 1033 411 1021 450 1120 420 1132 ship 0
498 1118 471 1133 421 1017 449 1003 ship 0
459 996 487 982 536 1092 503 1105 ship 0
574 1067 546 1078 498 984 529 969 ship 0
482 966 460 978 430 917 456 907 ship 0
506 954 488 962 459 900 480 891 ship 0
544 937 520 949 490 888 516 877 ship 0
570 926 550 936 520 875 544 864 ship 0
601 912 580 921 545 850 567 839 ship 0
540 960 568 946 612 1045 582 1057 ship 0
580 949 610 934 646 1023 617 1036 ship 0
631 901 608 912 581 849 602 839 ship 0
612 835 635 825 661 887 639 896 ship 0
622 926 655 911 695 1016 660 1029 ship 0
456 1337 432 1348 404 1280 431 1267 ship 0
799 1515 773 1526 742 1457 767 1445 ship 0
839 1501 818 1517 775 1444 797 1431 ship 0
877 1493 853 1507 803 1409 832 1395 ship 0
481 2451 483 2470 450 2474 447 2456 small-vehicle 0
488 2488 485 2470 528 2467 527 2482 small-vehicle 0
492 2505 490 2490 530 2485 530 2501 small-vehicle 0
359 2525 354 2509 387 2499 391 2517 small-vehicle 0
350 2463 350 2445 384 2444 383 2462 small-vehicle 0
350 2423 348 2407 388 2403 386 2419 small-vehicle 0
347 2388 344 2369 391 2364 393 2382 small-vehicle 0
341 2348 341 2333 383 2329 385 2345 small-vehicle 0
400 2623 402 2641 366 2644 364 2626 small-vehicle 0
416 2700 420 2716 390 2721 385 2708 small-vehicle 0
398 2740 395 2726 431 2719 432 2734 small-vehicle 0
396 2762 392 2746 429 2738 433 2756 small-vehicle 0
405 2796 401 2780 443 2772 445 2789 small-vehicle 0
405 2818 401 2803 435 2796 438 2813 small-vehicle 0
447 2915 449 2932 413 2935 411 2919 small-vehicle 0
607 2933 609 2951 575 2954 572 2938 small-vehicle 0
606 2914 608 2930 576 2935 572 2918 small-vehicle 0
545 2798 542 2784 576 2776 579 2793 small-vehicle 0
545 2722 540 2708 573 2702 575 2716 small-vehicle 0
611 2964 615 2981 582 2988 577 2971 small-vehicle 0
632 3144 635 3162 598 3169 594 3152 small-vehicle 0
629 3492 630 3511 592 3515 589 3499 small-vehicle 0
483 2472 485 2487 448 2493 447 2475 small-vehicle 0
477 2432 478 2449 444 2452 442 2436 small-vehicle 0
641 3556 643 3570 612 3576 609 3560 small-vehicle 0
478 2409 476 2394 518 2388 519 2403 small-vehicle 0
162 1089 178 1082 193 1118 176 1125 small-vehicle 0
166 1244 181 1237 197 1278 182 1286 small-vehicle 0
341 1699 329 1708 304 1675 317 1664 small-vehicle 0
215 1781 207 1764 236 1752 242 1770 small-vehicle 0
226 1816 218 1801 246 1786 254 1802 small-vehicle 0
456 1767 470 1761 483 1792 469 1799 small-vehicle 0
490 1850 506 1842 524 1873 508 1881 small-vehicle 0
506 1892 525 1889 528 1921 512 1924 small-vehicle 0
358 1897 361 1913 331 1921 327 1906 small-vehicle 0
190 1988 172 1992 163 1961 179 1956 small-vehicle 0
341 2330 338 2309 378 2304 380 2324 small-vehicle 0
429 2317 426 2301 468 2297 470 2313 small-vehicle 0
339 2279 341 2265 374 2272 372 2287 small-vehicle 0
511 2294 514 2307 477 2313 474 2296 small-vehicle 0
549 2229 571 2224 574 2257 553 2259 small-vehicle 0
520 2023 536 2021 541 2057 527 2058 small-vehicle 0
475 2414 477 2429 445 2434 444 2419 small-vehicle 0
473 2372 475 2392 437 2395 435 2377 small-vehicle 0
479 2353 482 2369 438 2375 436 2359 small-vehicle 0
469 2334 471 2351 441 2355 438 2339 small-vehicle 0
474 2352 472 2337 511 2331 512 2345 small-vehicle 0
418 3465 435 3462 439 3495 423 3496 small-vehicle 0
627 3518 629 3533 602 3536 600 3522 small-vehicle 0
911 1474 886 1489 848 1409 877 1396 ship 0
648 4512 651 4528 622 4533 620 4518 small-vehicle 0
662 4582 662 4596 632 4600 630 4586 small-vehicle 0
709 4595 705 4580 736 4573 738 4587 small-vehicle 0
742 4627 742 4641 708 4644 707 4632 small-vehicle 0
855 4637 855 4652 819 4655 816 4639 small-vehicle 0
674 4638 676 4654 636 4661 634 4644 small-vehicle 0
641 4690 637 4674 668 4669 670 4686 small-vehicle 0
745 4645 746 4661 713 4666 711 4650 small-vehicle 0
715 4685 712 4671 746 4666 748 4681 small-vehicle 0
856 4657 856 4673 822 4675 821 4661 small-vehicle 0
828 4698 825 4682 856 4677 859 4693 small-vehicle 0
748 4835 731 4836 726 4801 742 4798 small-vehicle 0
771 4832 754 4835 750 4799 766 4798 small-vehicle 0
788 4831 775 4831 769 4801 784 4800 small-vehicle 0
788 4794 805 4794 808 4826 793 4826 small-vehicle 0
806 4792 824 4792 826 4826 810 4826 small-vehicle 0
828 4793 844 4793 848 4828 832 4829 small-vehicle 0
798 4935 783 4936 775 4906 790 4902 small-vehicle 0
860 4894 877 4891 881 4922 865 4922 small-vehicle 0
741 4951 724 4951 723 4914 739 4914 small-vehicle 0
742 4906 759 4906 760 4942 744 4943 small-vehicle 1
779 4938 765 4939 760 4910 774 4909 small-vehicle 1
618 4494 615 4482 650 4475 649 4488 small-vehicle 0
688 4541 685 4524 731 4518 732 4535 small-vehicle 0
651 3569 650 3554 684 3550 683 3566 small-vehicle 0
691 3991 692 4008 654 4012 651 3996 small-vehicle 0
649 3593 651 3610 617 3614 613 3598 small-vehicle 0
451 3659 471 3657 475 3705 456 3705 small-vehicle 0
662 3644 658 3625 702 3620 704 3637 small-vehicle 0
698 3664 701 3682 658 3690 655 3671 small-vehicle 0
668 3730 670 3745 625 3752 624 3735 small-vehicle 0
672 3747 669 3731 702 3726 705 3741 small-vehicle 0
670 3768 671 3788 629 3793 626 3774 small-vehicle 0
671 3791 673 3808 639 3813 637 3796 small-vehicle 0
711 3823 713 3841 675 3847 671 3830 small-vehicle 0
678 3867 674 3851 712 3844 714 3860 small-vehicle 0
674 3849 675 3866 640 3871 638 3853 small-vehicle 0
676 3870 678 3885 642 3891 642 3875 small-vehicle 0
683 3890 685 3907 647 3912 645 3897 small-vehicle 0
691 3907 688 3893 716 3884 718 3898 small-vehicle 0
691 3923 687 3909 724 3904 724 3919 small-vehicle 0
726 3922 727 3938 691 3942 688 3927 small-vehicle 0
684 3926 688 3944 651 3948 649 3933 small-vehicle 0
683 3909 684 3926 649 3931 648 3915 small-vehicle 0
546 3969 544 3953 586 3949 587 3966 small-vehicle 0
540 3876 539 3860 577 3853 576 3868 small-vehicle 0
689 3968 691 3985 655 3990 651 3975 small-vehicle 0
96 931 112 925 126 954 109 963 small-vehicle 0
82 895 98 888 111 917 94 925 small-vehicle 0
63 856 79 848 94 884 79 891 small-vehicle 0
967 1761 995 1761 998 1834 970 1833 ship 0
1045 1761 1066 1760 1071 1827 1051 1829 ship 0
1009 1857 1038 1853 1044 1923 1019 1927 ship 0
1049 1854 1075 1851 1084 1926 1058 1929 ship 0
1010 1933 984 1936 974 1860 1001 1857 ship 0
936 1867 961 1863 968 1930 945 1932 ship 0
936 1948 915 1953 902 1869 924 1864 ship 0
860 1875 886 1871 895 1945 868 1946 ship 0
824 1888 849 1885 856 1948 831 1952 ship 0
783 1883 812 1878 820 1957 791 1958 ship 0
747 1886 774 1881 780 1962 753 1964 ship 0
710 1894 736 1891 742 1954 719 1959 ship 0
679 1899 699 1896 704 1955 683 1957 ship 0
682 1967 659 1969 652 1903 676 1900 ship 0
644 1960 630 1961 626 1928 640 1926 ship 0
1079 1759 1117 1755 1126 1887 1089 1889 ship 0
1192 2804 1170 2805 1163 2740 1184 2738 ship 0
1203 2881 1182 2883 1173 2824 1193 2820 ship 0
1177 2882 1161 2883 1155 2826 1172 2824 ship 0
1126 2828 1144 2825 1150 2880 1129 2882 ship 0
1138 2745 1156 2743 1162 2800 1145 2802 ship 0
1136 2805 1114 2806 1109 2750 1129 2747 ship 0
1031 1824 1007 1827 999 1753 1024 1752 ship 0
924 1772 945 1769 953 1841 932 1844 ship 0
44 813 62 806 74 841 58 846 small-vehicle 0
922 1848 901 1851 889 1775 911 1771 ship 0
946 1459 924 1468 892 1402 915 1389 ship 0
925 1490 954 1477 998 1571 967 1584 ship 0
888 1504 918 1491 957 1582 929 1593 ship 0
854 1520 881 1509 917 1599 890 1609 ship 0
823 1544 849 1534 880 1613 855 1624 ship 0
852 1635 824 1648 788 1561 817 1551 ship 0
744 1564 773 1554 808 1643 782 1655 ship 0
776 1666 751 1676 713 1582 737 1572 ship 0
741 1681 714 1693 676 1603 702 1591 ship 0
639 1607 661 1596 697 1686 673 1696 ship 0
662 1695 637 1708 600 1627 631 1614 ship 0
634 1728 603 1745 559 1646 589 1632 ship 0
644 1812 669 1809 674 1871 649 1873 ship 0
696 1874 677 1875 671 1817 691 1816 ship 0
724 1867 705 1869 699 1818 719 1817 ship 0
747 1868 728 1871 720 1815 741 1813 ship 0
776 1866 758 1868 749 1811 768 1808 ship 0
797 1859 780 1862 771 1806 789 1802 ship 0
827 1856 806 1859 800 1800 821 1799 ship 0
848 1843 830 1846 820 1789 838 1785 ship 0
889 1851 858 1855 848 1771 882 1768 ship 0
1106 2813 1088 2814 1084 2755 1101 2753 ship 0
1104 2831 1125 2830 1127 2887 1109 2887 ship 0
1077 2833 1096 2831 1101 2882 1083 2884 ship 0
1078 2812 1059 2814 1053 2756 1073 2754 ship 0
1155 4790 1129 4792 1120 4719 1147 4715 ship 0
1196 4783 1170 4785 1163 4718 1189 4716 ship 0
1231 4780 1202 4785 1196 4710 1225 4709 ship 0
1270 4773 1246 4775 1233 4703 1260 4699 ship 0
1307 4769 1280 4774 1270 4700 1298 4697 ship 0
1007 4836 1027 4835 1033 4883 1012 4886 ship 0
1037 4825 1069 4821 1080 4918 1047 4923 ship 0
1097 4817 1125 4814 1131 4891 1103 4895 ship 0
1135 4816 1163 4813 1173 4906 1142 4910 ship 0
1174 4804 1198 4799 1208 4874 1185 4876 ship 0
1242 4798 1271 4793 1283 4871 1254 4875 ship 0
1285 4797 1310 4793 1317 4871 1293 4875 ship 0
1318 4792 1345 4788 1356 4864 1327 4866 ship 0
1355 4782 1388 4779 1399 4867 1364 4870 ship 0
1345 4763 1325 4765 1315 4705 1337 4702 ship 0
1383 4765 1356 4767 1347 4690 1374 4687 ship 0
1383 4700 1426 4694 1444 4834 1399 4841 ship 0
1449 4580 1410 4585 1399 4507 1436 4502 ship 0
1385 4408 1420 4400 1429 4482 1393 4488 ship 0
1392 4492 1360 4498 1344 4402 1377 4397 ship 0
8 734 27 726 41 765 22 772 small-vehicle 0
1120 4790 1097 4793 1091 4722 1114 4721 ship 0
1059 4796 1034 4798 1028 4732 1053 4730 ship 0
1003 4783 1022 4782 1025 4825 1006 4826 ship 0
907 2854 924 2853 927 2910 912 2911 ship 0
1052 2815 1030 2816 1026 2763 1047 2761 ship 0
1023 2820 1002 2821 996 2762 1018 2761 ship 0
1001 2827 976 2829 971 2766 994 2763 ship 0
1054 2832 1075 2830 1080 2889 1059 2889 ship 0
1026 2836 1045 2835 1050 2889 1032 2892 ship 0
1007 2843 1026 2841 1031 2892 1012 2894 ship 0
979 2847 997 2846 1002 2892 982 2893 ship 0
956 2846 976 2844 981 2904 963 2905 ship 0
928 2853 947 2851 954 2909 934 2911 ship 0
940 2833 922 2835 915 2774 935 2772 ship 0
1219 2940 1269 2930 1290 3096 1243 3100 ship 0
912 2836 893 2838 886 2780 905 2777 ship 0
903 2918 881 2921 874 2858 896 2855 ship 0
855 2861 872 2859 878 2916 860 2919 ship 0
816 2860 843 2857 847 2919 820 2920 ship 0
812 2839 792 2840 788 2781 808 2779 ship 0
808 2990 830 2986 839 3045 815 3049 ship 0
847 3078 845 3063 889 3058 890 3074 ship 0
820 3066 837 3065 841 3122 822 3122 ship 0
898 3058 926 3056 930 3135 903 3136 ship 0
408 166 421 197 53 354 39 324 harbor 0
