imagesource:GoogleEarth
gsd:0.229386909767
1765 1784 1742 1780 1753 1712 1778 1717 ship 0
536 463 552 455 574 504 556 512 ship 0
586 443 603 434 624 480 607 488 ship 0
631 418 648 410 668 452 652 461 ship 0
694 457 677 465 651 407 668 399 ship 0
678 390 697 382 722 443 703 452 ship 0
815 397 798 405 772 353 789 345 ship 0
837 384 820 393 796 344 815 335 ship 0
818 332 795 342 765 275 788 265 ship 0
783 334 766 341 744 291 762 283 ship 0
694 302 711 293 739 353 720 360 ship 0
648 330 665 322 690 377 672 384 ship 0
708 363 692 369 672 324 688 315 ship 0
625 345 642 338 664 389 647 396 ship 0
617 411 600 419 578 370 595 362 ship 0
596 422 579 430 550 375 568 364 ship 0
569 434 551 442 526 391 543 384 ship 0
545 446 530 453 505 402 521 396 ship 0
518 457 502 464 479 414 496 406 ship 0
500 468 483 475 456 426 476 415 ship 0
453 492 435 500 409 448 426 439 ship 0
425 504 408 511 383 455 399 446 ship 0
403 513 386 521 360 470 379 461 ship 0
377 524 361 534 337 483 353 475 ship 0
357 536 340 545 315 498 332 489 ship 0
307 561 289 569 266 519 284 510 ship 0
281 574 263 582 240 531 257 523 ship 0
258 584 240 591 217 540 236 531 ship 0
230 597 213 604 190 555 207 548 ship 0
209 639 221 632 234 662 222 668 ship 0
222 617 236 610 256 653 239 660 ship 0
557 451 576 444 596 493 580 501 ship 0
631 632 646 624 669 662 651 673 ship 0
306 632 290 639 269 589 285 583 ship 0
649 680 635 687 610 640 626 632 ship 0
649 553 664 546 682 586 666 593 ship 0
665 600 649 608 626 564 643 555 ship 0
640 609 624 617 604 572 620 564 ship 0
622 623 607 629 584 583 600 574 ship 0
541 598 554 591 577 640 562 647 ship 0
555 655 541 662 519 614 533 607 ship 0
533 661 519 668 497 624 511 616 ship 0
511 675 495 682 476 635 489 628 ship 0
457 643 470 636 490 678 475 685 ship 0
469 695 453 701 432 654 449 646 ship 0
450 705 434 712 412 666 428 657 ship 0
424 715 409 722 390 679 404 672 ship 0
370 686 386 679 403 722 388 728 ship 0
310 752 298 758 286 729 296 723 ship 0
337 757 320 765 302 718 318 710 ship 0
360 746 345 752 325 707 341 699 ship 0
372 750 385 743 406 789 390 796 ship 0
430 779 416 786 395 743 408 735 ship 0
477 763 462 771 440 725 454 716 ship 0
671 794 658 801 639 761 653 755 ship 0
460 713 475 706 496 750 480 758 ship 0
483 700 496 693 516 739 501 746 ship 0
503 691 516 684 534 726 519 733 ship 0
562 720 545 729 525 681 539 672 ship 0
545 667 561 660 580 706 563 714 ship 0
568 657 584 650 604 695 586 702 ship 0
587 646 602 639 622 684 607 691 ship 0
709 643 696 651 674 609 688 603 ship 0
691 652 677 660 654 619 668 611 ship 0
245 598 262 589 288 646 268 655 ship 0
295 579 312 570 334 623 317 630 ship 0
1731 1783 1708 1777 1720 1712 1744 1717 ship 0
250 376 266 369 284 413 269 422 ship 0
219 409 231 403 248 440 233 447 ship 0
182 431 195 424 208 459 194 464 ship 0
1681 1513 1655 1534 1577 1446 1599 1424 harbor 0
1139 680 1133 641 1256 622 1264 661 harbor 0
1158 741 1159 728 1270 749 1268 763 harbor 0
1123 790 1132 780 1211 836 1205 846 harbor 0
1182 339 1324 291 1340 353 1202 400 harbor 0
1542 309 1602 331 1569 415 1511 391 harbor 0
1946 560 1970 422 2150 454 2151 597 harbor 1
1752 465 1771 538 1678 566 1656 487 harbor 0
1824 648 1831 662 1736 703 1728 689 harbor 0
1919 772 1936 658 2147 697 2125 809 harbor 0
1876 1015 1895 903 2109 937 2093 1051 harbor 0
1767 1019 1757 1030 1680 966 1689 954 harbor 0
1712 1066 1706 1087 1595 1066 1601 1046 harbor 0
1741 1130 1745 1144 1641 1175 1638 1161 harbor 0
1834 1257 1851 1144 2070 1182 2047 1294 harbor 0
1794 1502 1815 1393 2031 1428 2005 1542 harbor 0
1623 1557 1615 1573 1533 1543 1540 1523 harbor 0
1581 1679 1586 1693 1505 1727 1501 1713 harbor 0
1637 1739 1648 1749 1584 1829 1568 1817 harbor 0
1708 1710 1790 1724 1767 1839 1684 1823 harbor 0
1082 1215 1084 1199 1203 1218 1201 1235 harbor 0
1038 1356 1102 1334 1141 1446 1076 1467 harbor 0
884 1077 896 1087 790 1201 776 1189 harbor 0
1000 773 1042 854 632 1049 588 964 harbor 0
950 611 994 696 486 938 446 847 harbor 0
871 444 917 535 309 831 262 736 harbor 0
767 276 822 386 204 680 152 570 harbor 0
267 432 252 438 238 403 251 396 ship 0
312 409 295 418 264 355 281 346 ship 0
361 615 343 624 316 569 334 560 ship 0
358 382 341 391 315 338 332 328 ship 0
381 596 368 602 345 557 358 549 ship 0
366 544 381 536 404 585 387 593 ship 0
391 532 408 523 432 573 414 580 ship 0
458 572 440 581 413 521 432 512 ship 0
548 517 532 524 509 478 525 469 ship 0
528 526 513 533 489 487 503 478 ship 0
439 508 455 500 483 557 464 567 ship 0
371 292 354 299 330 246 347 238 ship 0
352 231 370 222 398 278 378 288 ship 0
414 263 398 270 380 230 394 222 ship 0
432 347 412 356 385 299 402 289 ship 0
408 285 425 277 450 328 432 336 ship 0
480 327 463 336 432 276 450 266 ship 0
493 235 479 242 459 198 475 192 ship 0
515 225 499 234 475 180 491 172 ship 0
504 167 520 160 539 209 524 215 ship 0
566 200 548 208 522 155 540 145 ship 0
544 139 562 130 587 183 570 192 ship 0
570 131 590 123 617 185 598 193 ship 0
601 267 582 278 552 221 571 211 ship 0
577 280 559 291 531 232 547 223 ship 0
547 283 529 291 508 250 527 240 ship 0
522 295 505 303 482 257 500 246 ship 0
507 314 488 324 457 265 474 255 ship 0
446 256 429 264 406 219 422 212 ship 0
408 359 389 370 358 311 378 301 ship 0
376 359 362 366 341 323 355 315 ship 0
348 300 333 307 311 264 324 255 ship 0
301 321 289 326 275 297 286 292 ship 0
705 580 690 587 665 538 682 530 ship 0
717 589 729 583 743 612 731 618 ship 0
749 560 734 567 714 521 729 515 ship 0
2042 499 2021 495 2031 440 2052 444 ship 0
2026 580 2006 576 2019 510 2038 513 ship 0
2055 586 2033 581 2045 514 2067 518 ship 0
2081 598 2058 591 2072 520 2092 525 ship 0
1918 762 1893 758 1903 689 1928 691 ship 0
1954 713 1934 711 1942 660 1961 663 ship 0
1933 721 1952 724 1942 783 1921 778 ship 0
1962 727 1980 730 1971 782 1952 778 ship 0
1993 798 1971 794 1984 732 2003 736 ship 0
2021 797 2001 792 2010 745 2031 748 ship 0
2034 748 2051 751 2044 794 2026 791 ship 0
2004 725 1986 720 1995 669 2013 673 ship 0
2033 727 2013 723 2024 669 2044 673 ship 0
2047 673 2066 676 2055 728 2036 723 ship 0
2090 733 2070 729 2079 679 2098 683 ship 0
2075 813 2053 807 2065 750 2085 754 ship 0
2016 972 1997 969 2007 921 2025 924 ship 0
2049 980 2030 976 2038 919 2059 922 ship 0
2067 976 2054 973 2060 944 2072 948 ship 0
2035 1055 2014 1050 2025 998 2044 1002 ship 0
1973 985 1989 987 1982 1036 1965 1033 ship 0
1948 1037 1932 1033 1941 983 1958 986 ship 0
1927 1036 1907 1032 1918 972 1937 976 ship 0
1891 964 1911 968 1900 1034 1878 1029 ship 0
1873 1028 1852 1025 1864 965 1884 970 ship 0
1940 962 1923 958 1929 910 1949 913 ship 0
1911 957 1893 954 1902 900 1920 903 ship 0
1884 966 1863 961 1877 896 1896 900 ship 0
1831 1267 1803 1262 1822 1166 1848 1171 ship 0
1665 1057 1668 1041 1719 1051 1716 1067 ship 0
2001 576 1979 572 1992 506 2013 509 ship 0
2008 420 2029 424 2016 495 1994 490 ship 0
820 595 806 601 783 556 797 548 ship 0
1976 416 1998 419 1986 490 1966 485 ship 0
1627 1816 1606 1800 1647 1748 1664 1762 ship 0
1611 1775 1598 1763 1629 1728 1642 1740 ship 0
1561 1566 1569 1548 1617 1569 1609 1587 ship 0
1597 1475 1617 1459 1673 1518 1653 1537 ship 0
1672 1487 1664 1496 1640 1471 1650 1463 ship 0
1817 1512 1798 1507 1808 1455 1827 1458 ship 0
1784 1439 1806 1444 1795 1497 1774 1491 ship 0
1809 1424 1795 1422 1801 1389 1815 1392 ship 0
1827 1447 1809 1443 1821 1388 1838 1392 ship 0
1881 1455 1863 1452 1870 1402 1888 1405 ship 0
1857 1452 1839 1449 1848 1400 1866 1402 ship 0
1909 1462 1890 1458 1900 1402 1920 1405 ship 0
1838 1465 1855 1467 1848 1512 1830 1509 ship 0
1894 1537 1872 1532 1887 1473 1907 1477 ship 0
1942 1478 1963 1481 1953 1538 1932 1535 ship 0
1933 1457 1916 1452 1926 1405 1944 1409 ship 0
1965 1469 1945 1464 1956 1409 1976 1413 ship 0
1854 1268 1836 1264 1847 1212 1865 1215 ship 0
1885 1272 1866 1269 1878 1215 1895 1219 ship 0
1901 1215 1918 1218 1908 1274 1889 1271 ship 0
1940 1276 1922 1272 1930 1222 1948 1224 ship 0
1963 1289 1944 1287 1952 1228 1971 1231 ship 0
1992 1301 1971 1297 1981 1232 2002 1235 ship 0
1866 1201 1849 1198 1858 1146 1876 1149 ship 0
1951 1208 1934 1204 1941 1156 1961 1159 ship 0
1965 1153 1984 1157 1976 1215 1957 1211 ship 0
1996 1159 2016 1162 2006 1221 1986 1217 ship 0
2025 119 2022 99 2082 90 2086 110 ship 0
1957 484 1938 480 1949 420 1970 423 ship 0
1776 675 1766 656 1819 632 1827 650 ship 0
1719 576 1714 556 1772 538 1778 558 ship 0
1618 313 1610 337 1541 310 1549 287 ship 0
1255 315 1248 294 1313 272 1321 292 ship 0
515 869 500 876 485 839 499 831 ship 0
538 859 523 863 509 827 522 820 ship 0
555 851 541 857 526 818 539 812 ship 0
506 884 519 878 534 910 521 917 ship 0
549 868 563 861 578 895 564 901 ship 0
572 859 584 853 596 881 584 887 ship 0
547 807 560 800 574 834 562 839 ship 0
592 833 580 839 564 803 577 796 ship 0
615 818 604 824 588 791 600 785 ship 0
623 826 638 819 659 861 643 869 ship 0
665 817 675 812 690 837 679 844 ship 0
762 769 774 763 788 790 775 796 ship 0
744 755 732 761 718 728 730 724 ship 0
786 738 773 745 755 710 769 703 ship 0
776 755 789 748 808 783 794 790 ship 0
801 749 812 744 828 775 816 782 ship 0
836 728 848 721 865 757 852 763 ship 0
845 712 829 719 811 677 827 671 ship 0
864 702 849 709 829 669 845 661 ship 0
854 719 866 712 885 749 873 754 ship 0
868 655 879 650 893 680 883 687 ship 0
932 684 945 678 962 712 950 718 ship 0
1009 680 988 692 956 629 975 620 ship 0
821 472 834 466 852 505 837 512 ship 0
883 493 872 499 854 468 865 460 ship 0
942 528 919 542 876 450 898 440 ship 0
907 540 895 546 878 515 889 508 ship 0
846 523 861 515 882 560 865 568 ship 0
802 543 819 535 839 581 824 589 ship 0
756 953 771 946 788 986 772 993 ship 0
720 951 708 956 693 923 706 917 ship 0
663 973 654 978 644 956 652 951 ship 0
1176 798 1169 809 1140 788 1147 778 ship 0
1178 339 1171 317 1238 294 1246 318 ship 0
1145 647 1122 659 1079 568 1103 556 ship 0
1170 669 1173 656 1213 664 1210 678 ship 0
1222 719 1218 740 1160 730 1164 710 ship 0
1214 751 1210 772 1149 757 1154 737 ship 0
1092 1397 1069 1404 1048 1344 1069 1335 ship 0
1111 1390 1095 1396 1073 1338 1090 1331 ship 0
1132 1371 1116 1378 1100 1337 1113 1331 ship 0
989 1320 970 1308 1006 1252 1024 1264 ship 0
993 1247 1005 1256 943 1351 929 1340 harbor 0
935 1222 944 1214 986 1264 977 1271 harbor 0
1129 1220 1127 1233 1094 1228 1096 1215 ship 0
1088 1161 1082 1145 1130 1130 1135 1148 ship 0
1174 823 1163 841 1111 805 1125 787 ship 0
760 933 747 939 731 905 744 899 ship 0
1054 832 1034 842 1007 789 1025 780 ship 0
1001 832 1016 823 1036 861 1020 869 ship 0
986 846 997 840 1011 868 1000 873 ship 0
915 860 900 866 885 829 897 822 ship 0
937 849 925 856 908 823 920 816 ship 0
947 862 961 856 978 890 964 896 ship 0
886 884 903 876 923 921 904 928 ship 0
868 958 855 965 831 917 845 910 ship 0
845 955 834 962 813 925 824 919 ship 0
791 933 804 926 825 963 811 970 ship 0
774 941 786 935 806 974 794 980 ship 0
840 897 826 904 808 867 824 860 ship 0
799 914 787 920 769 885 782 880 ship 0
574 134 624 246 295 402 239 288 harbor 0
