imagesource:GoogleEarth
gsd:0.239489605204
1220 1097 1231 1085 1276 1128 1265 1141 ship 0
600 568 612 556 655 599 643 612 ship 0
565 604 578 592 617 632 604 648 ship 0
605 654 593 669 546 624 559 610 ship 0
529 639 542 626 587 672 575 687 ship 0
569 692 558 704 515 661 527 650 ship 0
554 710 541 723 496 677 508 664 ship 0
478 691 490 680 532 723 519 737 ship 0
459 711 472 698 513 738 499 752 ship 0
544 841 531 856 480 804 493 791 ship 0
499 762 488 773 442 732 454 720 ship 0
416 740 428 728 479 777 466 791 ship 0
67 303 70 315 27 328 24 314 ship 0
67 320 77 332 33 376 22 362 ship 0
48 382 57 372 88 400 78 410 ship 0
106 386 97 396 64 365 74 354 ship 0
79 352 90 340 123 369 112 383 ship 0
97 336 108 323 140 357 129 368 ship 0
171 325 159 336 126 303 137 292 ship 0
577 582 588 569 635 615 624 628 ship 0
616 553 630 538 674 581 662 595 ship 0
167 273 176 265 197 291 189 300 ship 0
695 566 684 580 636 533 646 521 ship 0
574 802 562 816 514 769 528 755 ship 0
531 749 544 734 587 778 574 793 ship 0
551 729 564 717 605 760 592 774 ship 0
565 709 578 698 623 746 611 760 ship 0
647 733 633 746 586 697 600 683 ship 0
603 678 616 665 657 706 644 719 ship 0
616 655 629 644 670 685 658 698 ship 0
703 681 691 694 641 645 653 631 ship 0
716 660 701 675 656 625 671 611 ship 0
668 603 680 590 728 635 714 650 ship 0
690 589 702 576 749 620 739 634 ship 0
706 569 717 556 768 602 756 616 ship 0
792 589 778 604 727 554 740 538 ship 0
744 527 757 515 801 560 791 572 ship 0
750 506 738 521 694 479 707 465 ship 0
663 491 675 478 725 525 712 540 ship 0
643 512 656 497 707 546 696 560 ship 0
143 287 153 276 185 310 174 321 ship 0
178 264 186 255 211 277 203 287 ship 0
1241 1163 1229 1177 1192 1137 1204 1126 ship 0
424 244 433 234 469 269 458 281 ship 0
566 390 579 376 620 416 607 429 ship 0
548 408 561 394 603 433 591 446 ship 0
520 446 531 433 568 469 557 480 ship 0
501 462 511 449 552 485 540 498 ship 0
487 483 497 471 534 505 522 516 ship 0
466 496 477 482 516 520 504 533 ship 0
409 437 421 426 464 469 451 482 ship 0
482 454 471 467 427 424 438 411 ship 0
515 417 506 430 465 392 477 381 ship 0
537 403 526 418 480 374 493 361 ship 0
1137 1348 1059 1266 1242 1079 1329 1159 harbor 0
933 1269 866 1196 1109 948 1182 1016 harbor 0
821 1148 734 1069 1034 767 1120 853 harbor 0
676 1006 583 918 871 624 965 714 harbor 0
519 852 416 754 701 465 802 561 harbor 0
375 668 279 574 526 326 620 415 harbor 0
198 545 117 457 390 189 469 269 harbor 0
501 356 514 345 550 382 538 396 ship 0
424 223 411 235 376 198 387 187 ship 0
187 238 197 226 230 260 221 272 ship 0
407 265 418 253 453 286 440 300 ship 0
204 224 213 214 244 243 233 253 ship 0
233 192 243 180 277 216 266 227 ship 0
248 174 257 164 292 196 281 209 ship 0
265 160 275 150 306 180 296 192 ship 0
279 144 289 132 322 164 311 176 ship 0
362 218 372 207 402 236 392 247 ship 0
378 252 371 261 344 234 353 225 ship 0
342 299 332 310 299 279 311 268 ship 0
272 311 283 302 310 330 300 341 ship 0
298 349 288 362 257 330 268 318 ship 0
284 366 272 379 241 345 253 334 ship 0
364 388 353 404 309 362 321 349 ship 0
377 372 365 385 325 343 338 330 ship 0
389 352 377 364 341 328 353 315 ship 0
354 308 367 295 405 335 392 348 ship 0
369 292 381 279 420 320 407 333 ship 0
385 277 398 265 436 301 422 314 ship 0
496 785 509 772 554 817 540 831 ship 0
589 913 602 900 637 936 625 948 ship 0
606 894 619 882 660 921 647 935 ship 0
1059 1092 1067 1082 1095 1109 1086 1119 ship 0
1006 1119 995 1129 963 1093 975 1080 ship 0
997 1154 1007 1145 1033 1172 1025 1182 ship 0
974 1165 985 1156 1018 1188 1008 1199 ship 0
964 1183 973 1174 1004 1204 994 1214 ship 0
945 1107 958 1096 990 1131 977 1143 ship 0
958 1161 948 1169 922 1143 931 1132 ship 0
945 1179 935 1190 900 1156 912 1144 ship 0
945 1196 958 1185 994 1223 981 1236 ship 0
976 1237 966 1249 933 1218 942 1206 ship 0
917 1211 906 1223 872 1191 883 1179 ship 0
857 1210 870 1198 906 1234 893 1247 ship 0
1062 815 1052 829 1005 787 1020 772 ship 0
986 802 999 788 1045 833 1031 846 ship 0
1029 853 1016 865 980 827 990 815 ship 0
1009 864 997 876 957 838 969 825 ship 0
991 880 981 895 948 864 960 849 ship 0
1008 891 1019 880 1049 908 1038 922 ship 0
1025 1123 1035 1112 1066 1142 1056 1154 ship 0
1012 1044 1021 1035 1051 1066 1041 1077 ship 0
626 881 638 870 671 901 659 913 ship 0
1067 1053 1058 1065 1024 1030 1033 1020 ship 0
1224 1182 1212 1195 1174 1157 1188 1144 ship 0
1195 1233 1202 1225 1228 1247 1221 1257 ship 0
1224 1268 1215 1278 1182 1247 1191 1237 ship 0
1169 1258 1179 1248 1205 1275 1196 1286 ship 0
1152 1271 1162 1260 1191 1287 1183 1299 ship 0
1176 1303 1169 1312 1147 1288 1155 1281 ship 0
1098 1219 1111 1206 1153 1247 1139 1261 ship 0
1168 1318 1159 1329 1130 1301 1139 1291 ship 0
1050 1278 1062 1266 1102 1304 1090 1317 ship 0
1099 1041 1108 1031 1144 1066 1133 1077 ship 0
1113 1025 1122 1013 1156 1048 1147 1058 ship 0
1170 1036 1162 1047 1132 1014 1142 1005 ship 0
1086 965 1097 952 1131 985 1121 998 ship 0
1076 984 1084 975 1110 1000 1102 1010 ship 0
1040 1012 1050 1002 1082 1034 1072 1045 ship 0
1083 1053 1093 1043 1126 1080 1117 1091 ship 0
1070 1076 1079 1066 1109 1095 1101 1105 ship 0
992 909 1003 897 1038 931 1028 943 ship 0
924 873 936 861 976 899 965 913 ship 0
977 922 987 912 1021 945 1011 955 ship 0
962 938 972 927 1006 961 996 973 ship 0
857 720 846 730 812 692 825 682 ship 0
788 704 800 692 844 733 832 747 ship 0
777 726 789 715 826 753 814 765 ship 0
858 742 871 728 906 764 893 778 ship 0
825 774 837 761 875 802 864 815 ship 0
811 794 825 781 859 815 847 829 ship 0
791 811 805 798 843 835 830 848 ship 0
832 856 820 870 774 826 785 813 ship 0
740 857 753 846 789 881 777 897 ship 0
659 944 670 932 705 969 693 981 ship 0
644 963 652 953 688 989 680 999 ship 0
734 757 748 743 790 784 779 799 ship 0
776 804 765 816 726 779 738 766 ship 0
702 790 715 775 756 816 742 831 ship 0
666 821 679 808 725 853 712 866 ship 0
703 871 693 881 657 843 668 831 ship 0
695 890 684 903 639 862 652 849 ship 0
824 674 836 660 875 700 862 713 ship 0
838 653 849 641 885 675 873 688 ship 0
856 636 866 624 906 662 894 675 ship 0
857 1019 846 1031 811 995 825 983 ship 0
910 891 924 879 960 915 947 929 ship 0
941 933 930 944 898 911 910 899 ship 0
944 954 954 943 987 974 978 985 ship 0
934 972 944 961 974 989 966 1001 ship 0
910 967 898 980 860 946 874 931 ship 0
899 1001 910 990 942 1021 933 1033 ship 0
880 1006 870 1017 833 981 843 969 ship 0
914 1055 903 1067 867 1034 878 1021 ship 0
874 721 886 709 929 753 916 765 ship 0
843 1039 832 1051 793 1011 805 999 ship 0
839 1063 849 1052 884 1087 873 1098 ship 0
854 1118 843 1128 812 1099 821 1088 ship 0
756 1113 768 1099 814 1145 802 1159 ship 0
798 1094 787 1105 742 1062 755 1048 ship 0
907 690 918 678 950 707 941 720 ship 0
890 706 904 692 940 729 928 744 ship 0
76 421 32 376 306 96 353 138 harbor 0
