imagesource:GoogleEarth
gsd:0.231821600377
1744 1709 1779 1689 1790 1705 1756 1728 swimming-pool 0
494 1159 497 1146 535 1157 531 1171 ship 0
645 1286 640 1300 592 1288 595 1274 ship 0
596 1272 599 1258 645 1270 641 1284 ship 0
591 1257 587 1269 546 1257 551 1243 ship 0
595 1238 591 1252 556 1243 562 1229 ship 0
605 1231 610 1215 663 1231 656 1248 ship 0
599 1223 593 1236 549 1221 557 1205 ship 0
603 1201 601 1216 561 1209 564 1193 ship 0
616 1196 619 1180 672 1192 669 1208 ship 0
615 1164 612 1178 565 1172 567 1155 ship 0
489 1174 493 1162 530 1173 525 1186 ship 0
499 1140 503 1127 541 1138 536 1153 ship 0
413 1639 402 1644 392 1616 403 1612 ship 0
620 1151 615 1163 574 1151 579 1137 ship 0
631 1157 636 1141 687 1158 682 1172 ship 0
624 1133 620 1148 577 1136 582 1121 ship 0
503 1125 509 1110 547 1122 541 1137 ship 0
632 1134 636 1120 688 1136 684 1150 ship 0
582 1116 587 1100 629 1113 624 1128 ship 0
509 1107 513 1093 550 1102 544 1116 ship 0
588 1095 595 1082 634 1096 627 1111 ship 0
596 1080 599 1068 639 1078 635 1090 ship 0
559 1074 554 1085 517 1072 522 1061 ship 0
586 1273 580 1288 540 1277 546 1261 ship 0
539 1292 543 1278 580 1288 576 1301 ship 0
587 1307 592 1291 639 1308 633 1322 ship 0
714 1250 736 1252 736 1342 713 1341 ship 0
854 547 852 535 876 529 878 540 ship 0
774 565 790 560 808 608 791 614 ship 0
946 424 949 438 919 448 915 436 small-vehicle 0
629 1797 614 1792 628 1747 643 1752 ship 0
675 1743 669 1737 680 1726 686 1732 ship 1
778 1632 782 1637 771 1647 765 1642 ship 1
737 1634 732 1617 784 1603 788 1617 ship 0
692 1570 683 1548 757 1524 763 1543 ship 0
756 1491 757 1482 772 1484 770 1493 ship 1
804 1451 790 1457 773 1406 790 1402 ship 0
733 1423 752 1419 767 1465 751 1471 ship 0
679 1491 673 1470 732 1450 738 1472 ship 0
719 1429 724 1446 676 1462 671 1445 ship 0
521 1440 523 1420 589 1429 587 1448 ship 0
558 1417 560 1401 608 1405 607 1421 ship 0
626 1367 620 1382 569 1366 574 1350 ship 0
575 1347 580 1332 630 1351 623 1365 ship 0
793 1322 779 1328 764 1284 780 1278 ship 0
741 1288 759 1288 762 1349 743 1349 ship 0
771 1227 785 1223 796 1260 782 1263 ship 0
777 1267 765 1272 753 1237 766 1232 ship 0
651 1085 655 1067 707 1080 703 1097 ship 0
642 1053 640 1070 595 1062 598 1045 ship 0
565 1052 562 1067 522 1060 523 1044 ship 0
540 842 537 833 558 829 559 838 small-vehicle 0
549 809 549 817 531 820 529 811 small-vehicle 0
545 771 555 770 558 791 548 792 small-vehicle 0
546 794 536 794 534 773 543 772 small-vehicle 0
535 797 525 798 523 777 532 775 small-vehicle 0
523 798 513 798 512 776 521 775 small-vehicle 0
569 745 563 733 594 717 599 728 ship 0
570 729 562 717 590 700 598 711 ship 0
570 710 563 698 593 682 598 693 ship 0
570 694 563 684 590 665 596 675 ship 0
572 673 566 664 593 644 600 654 ship 0
530 706 539 706 540 726 531 726 small-vehicle 0
519 714 528 714 529 735 519 735 small-vehicle 0
530 680 541 681 538 701 528 700 small-vehicle 0
517 690 527 689 527 709 517 710 small-vehicle 0
573 655 567 644 594 627 600 637 ship 0
584 618 578 611 591 598 597 605 ship 0
568 631 558 625 577 594 586 600 ship 0
557 633 547 632 551 601 562 602 ship 0
529 596 532 604 516 612 512 604 small-vehicle 0
558 563 561 573 540 583 536 573 small-vehicle 0
515 1044 506 1045 504 1023 513 1023 ship 0
555 819 556 828 537 832 535 822 small-vehicle 0
540 880 539 870 557 868 558 877 small-vehicle 0
654 1019 651 1035 605 1027 608 1010 ship 0
664 652 651 652 654 618 668 617 ship 0
515 1035 520 1021 564 1033 558 1047 ship 0
609 1007 613 993 655 1002 651 1017 ship 0
609 987 614 971 660 986 654 1000 ship 0
615 915 621 923 604 939 597 931 ship 0
624 890 623 879 648 877 647 888 ship 1
717 846 721 830 781 847 778 863 ship 0
747 804 752 792 780 802 776 813 ship 0
763 772 769 759 804 772 800 785 ship 0
658 726 669 732 658 762 647 757 ship 0
637 717 641 704 671 713 669 725 ship 0
721 713 707 708 719 667 733 672 ship 0
695 711 682 707 695 667 708 673 ship 0
678 665 691 672 677 708 663 703 ship 0
664 702 648 702 648 657 665 657 ship 0
728 614 736 609 744 620 738 625 ship 1
756 570 770 565 781 602 770 607 ship 0
767 611 754 615 739 574 751 571 ship 0
745 613 733 616 720 582 732 577 ship 0
729 622 716 625 704 586 717 582 ship 0
685 595 698 590 710 622 697 625 ship 0
695 631 685 634 677 612 687 608 ship 0
795 557 812 551 831 603 813 608 ship 0
876 589 859 597 835 544 852 538 ship 0
930 533 923 511 991 490 998 509 ship 0
917 1060 908 1066 890 1032 902 1027 ship 0
884 1075 873 1079 860 1048 871 1044 ship 0
864 1081 853 1085 842 1052 853 1049 ship 0
848 1087 838 1091 826 1058 838 1054 ship 0
791 1088 783 1091 777 1077 783 1073 ship 1
811 1102 801 1104 792 1067 803 1065 ship 0
826 1105 837 1099 859 1136 847 1143 ship 0
809 1110 826 1104 839 1146 823 1152 ship 0
800 1124 811 1125 812 1153 800 1154 ship 0
793 1157 776 1157 774 1090 793 1090 ship 0
1039 931 1028 934 1017 901 1026 897 ship 0
1023 937 1012 941 998 907 1010 903 ship 0
1004 942 993 945 982 911 994 909 ship 0
991 952 979 955 966 921 978 917 ship 0
1015 888 1004 893 993 865 1005 861 ship 0
1001 894 990 899 977 869 989 865 ship 0
985 899 974 904 962 874 974 870 ship 0
970 905 958 909 946 881 958 876 ship 0
930 882 942 878 955 910 942 916 ship 0
949 926 959 922 970 952 960 957 ship 0
936 927 946 926 954 958 941 960 ship 0
915 937 928 932 940 962 926 967 ship 0
896 1071 886 1073 877 1038 886 1036 ship 0
931 1057 920 1060 909 1028 920 1025 ship 0
880 947 890 943 905 973 893 977 ship 0
884 1085 896 1081 909 1120 897 1125 ship 0
787 1275 804 1273 814 1322 795 1325 ship 0
905 1225 893 1231 878 1195 891 1191 ship 0
883 1233 873 1235 861 1194 874 1190 ship 0
868 1237 857 1242 842 1203 855 1199 ship 0
846 1244 834 1245 827 1210 839 1209 ship 0
804 1216 822 1211 831 1251 816 1257 ship 0
814 1256 801 1260 789 1223 802 1217 ship 0
1052 1071 1040 1075 1027 1037 1039 1032 ship 0
1026 984 1039 982 1049 1014 1036 1019 ship 0
1030 1026 1021 1028 1009 994 1020 991 ship 0
1017 1029 1008 1034 993 998 1004 995 ship 0
998 1037 988 1040 977 1007 989 1004 ship 0
1007 1042 1020 1039 1033 1076 1020 1082 ship 0
993 1048 1004 1046 1014 1085 1002 1087 ship 0
986 1038 977 1043 960 1013 970 1008 ship 0
963 1049 953 1052 945 1014 957 1013 ship 0
951 1048 941 1054 925 1022 934 1016 ship 0
973 1057 986 1054 994 1086 982 1089 ship 0
958 1063 972 1060 981 1094 965 1098 ship 0
936 1067 948 1064 959 1097 947 1099 ship 0
920 1074 933 1070 945 1110 930 1112 ship 0
902 939 913 938 920 969 910 972 ship 0
866 955 878 950 888 978 876 982 ship 0
999 487 1010 485 1020 508 1008 513 ship 0
940 738 954 735 970 781 953 785 ship 0
928 796 917 800 901 758 916 754 ship 0
911 800 898 805 880 761 894 755 ship 0
868 767 881 762 896 806 882 812 ship 0
1047 632 1035 637 1020 596 1032 592 ship 0
1054 572 1045 575 1035 547 1045 544 ship 0
1042 577 1031 581 1022 551 1033 548 ship 0
1016 584 1006 589 997 563 1007 559 ship 1
981 561 992 557 1002 588 990 592 ship 0
988 593 977 597 970 570 982 568 ship 0
976 599 964 602 957 576 967 573 ship 0
1009 649 996 654 980 609 995 604 ship 0
919 590 929 587 936 610 925 614 ship 1
951 605 941 612 929 584 940 579 ship 0
942 622 955 617 975 663 960 668 ship 0
925 628 937 624 949 664 934 669 ship 0
830 699 828 711 783 703 787 689 ship 0
784 682 789 664 837 679 832 695 ship 0
893 582 917 581 923 670 899 671 ship 0
1039 474 1050 471 1058 499 1047 502 ship 0
1047 504 1035 509 1026 482 1036 479 ship 0
1014 483 1023 479 1032 506 1022 509 ship 1
951 786 936 792 919 749 934 744 ship 0
812 751 805 767 765 755 769 739 ship 0
842 991 841 1000 825 1000 824 990 ship 1
818 735 812 750 771 738 776 721 ship 0
848 953 862 954 865 997 849 997 ship 0
908 923 898 928 885 901 896 897 ship 0
870 902 882 898 893 931 881 935 ship 0
852 910 866 904 877 938 863 941 ship 0
858 942 848 945 841 918 851 916 ship 0
818 925 841 926 843 991 820 990 ship 0
1038 767 1049 765 1058 793 1046 796 ship 0
1022 773 1034 770 1044 802 1033 804 ship 0
1007 778 1019 775 1028 806 1018 810 ship 0
990 784 1000 780 1013 808 1002 812 ship 0
996 812 985 816 976 790 987 786 ship 0
967 827 955 830 944 799 956 796 ship 0
927 807 937 803 949 830 940 835 ship 0
848 768 872 768 869 853 846 851 ship 0
914 814 926 811 935 837 922 841 ship 0
883 822 893 817 904 848 892 852 ship 0
887 859 875 858 877 830 887 830 ship 0
1044 748 1030 753 1017 713 1032 710 ship 0
998 717 1011 712 1027 760 1014 764 ship 0
1008 768 994 772 979 732 993 727 ship 0
959 735 975 730 989 774 972 778 ship 0
506 1053 510 1065 478 1075 474 1062 ship 0
523 651 512 650 513 623 523 622 ship 0
483 601 488 609 468 622 462 613 small-vehicle 0
21 1179 17 1170 32 1163 36 1172 ship 0
102 1129 109 1148 58 1175 49 1160 ship 0
223 1133 232 1147 184 1171 177 1157 ship 0
280 1116 286 1127 245 1150 239 1139 ship 0
241 1138 233 1127 269 1106 275 1117 ship 0
207 1100 212 1112 168 1134 162 1122 ship 0
157 1118 148 1101 196 1080 202 1095 ship 0
285 1075 286 1063 310 1065 309 1076 ship 0
249 1070 251 1062 264 1066 262 1074 ship 1
306 1044 314 1045 313 1063 305 1063 ship 0
298 1042 307 1043 306 1061 298 1061 ship 0
291 1042 299 1043 298 1061 290 1060 ship 0
275 1043 283 1043 282 1062 274 1062 ship 0
259 1042 268 1042 266 1061 257 1060 ship 0
206 1040 212 1038 216 1049 209 1051 ship 1
201 1038 207 1039 207 1051 201 1051 ship 1
195 1039 201 1039 202 1051 197 1051 ship 1
7 1064 21 1059 32 1095 17 1099 ship 0
24 1044 38 1043 42 1086 27 1088 ship 0
64 1080 50 1079 52 1037 66 1038 ship 0
80 1072 67 1070 68 1029 83 1029 ship 0
95 1067 81 1065 84 1023 98 1024 ship 0
69 1193 62 1178 107 1155 114 1170 ship 0
49 1180 56 1198 8 1224 1 1203 ship 0
123 1064 110 1060 122 1010 137 1013 ship 0
78 1214 71 1198 116 1174 124 1189 ship 0
109 1348 116 1345 120 1355 114 1359 ship 1
64 1376 72 1372 79 1386 71 1391 ship 0
94 1359 101 1355 111 1372 102 1377 ship 0
193 1303 198 1313 166 1334 160 1322 ship 0
116 1309 127 1329 74 1361 62 1342 ship 0
179 1283 186 1301 137 1325 129 1309 ship 0
171 1257 181 1276 126 1304 117 1288 ship 0
105 1288 113 1305 56 1337 45 1319 ship 0
156 1247 162 1262 119 1287 109 1273 ship 0
148 1227 157 1243 107 1268 97 1250 ship 0
32 1291 27 1273 83 1245 91 1262 ship 0
271 1221 277 1235 232 1257 224 1242 ship 0
261 1203 269 1217 220 1243 212 1229 ship 0
294 1184 297 1193 280 1200 276 1190 ship 0
250 1186 258 1199 209 1227 202 1211 ship 0
269 1191 263 1179 302 1160 307 1171 ship 0
262 1177 254 1167 284 1151 289 1161 ship 0
244 1172 251 1185 207 1208 200 1192 ship 0
26 1268 17 1247 66 1226 74 1244 ship 0
10 1250 2 1232 63 1202 71 1222 ship 0
87 1232 80 1216 126 1193 133 1207 ship 0
108 1063 95 1060 106 1014 119 1018 ship 0
152 1060 137 1059 138 1010 154 1011 ship 0
121 1356 128 1353 132 1362 126 1365 ship 1
290 768 295 758 313 768 308 777 small-vehicle 0
189 762 183 755 202 742 206 749 small-vehicle 0
77 744 88 740 95 757 85 761 small-vehicle 0
153 793 143 782 169 760 178 770 large-vehicle 0
624 1807 665 1706 771 1751 729 1854 harbor 0
836 1840 852 1837 858 1875 842 1879 swimming-pool 0
439 1760 458 1839 392 1854 372 1771 harbor 0
398 1591 434 1701 350 1736 304 1625 harbor 0
1 1530 98 1526 101 1638 3 1645 harbor 0
868 521 889 586 698 653 672 587 harbor 0
451 1440 362 1407 469 1059 554 1083 harbor 0
391 1239 328 1223 375 1078 432 1096 harbor 0
391 1334 232 1416 84 1130 242 1049 harbor 0
191 1306 71 1369 1 1229 116 1166 harbor 0
597 1447 494 1412 606 1041 711 1073 harbor 0
774 1526 737 1422 1358 1211 1398 1324 harbor 0
773 1528 696 1556 659 1449 733 1423 harbor 0
736 1347 704 1250 1678 921 1711 1024 harbor 0
792 1159 764 1081 1677 770 1709 847 harbor 0
843 997 818 923 1641 647 1661 719 harbor 0
870 859 838 780 1596 520 1622 603 harbor 0
949 665 924 587 1542 379 1568 456 harbor 0
162 814 155 803 189 776 197 785 large-vehicle 0
222 809 227 800 246 811 241 818 small-vehicle 0
106 1009 99 1017 82 1005 91 996 small-vehicle 0
256 803 251 811 232 802 236 793 small-vehicle 0
69 1021 63 1030 46 1019 51 1010 small-vehicle 0
2 987 8 980 23 991 18 998 small-vehicle 0
8 978 11 969 30 977 26 985 small-vehicle 0
18 966 24 957 40 967 33 977 small-vehicle 1
247 878 255 881 249 900 240 897 ship 0
198 912 209 911 212 933 201 935 small-vehicle 0
180 930 191 930 192 952 181 953 small-vehicle 0
168 935 178 935 179 955 169 955 small-vehicle 0
137 955 147 955 148 976 138 976 small-vehicle 0
157 942 167 941 169 962 158 964 small-vehicle 0
142 952 134 952 132 932 142 932 small-vehicle 0
132 960 124 960 123 940 132 941 small-vehicle 0
112 947 122 947 122 970 113 970 small-vehicle 0
78 915 82 905 101 912 96 922 small-vehicle 0
110 877 115 867 140 883 135 892 small-vehicle 0
124 871 128 861 148 874 143 882 small-vehicle 0
133 863 139 854 161 866 156 875 small-vehicle 0
169 859 164 868 145 858 150 848 small-vehicle 0
185 844 182 852 165 843 170 835 small-vehicle 0
42 870 35 859 64 836 72 845 large-vehicle 0
82 832 76 823 96 808 101 816 small-vehicle 0
150 1339 156 1334 162 1343 156 1347 ship 1
279 1363 284 1378 231 1404 223 1387 ship 0
498 664 488 663 490 638 500 638 ship 0
328 870 323 875 309 862 314 856 ship 0
447 915 437 917 432 899 441 898 small-vehicle 0
432 934 424 936 422 916 430 916 small-vehicle 0
421 939 412 942 409 920 418 918 small-vehicle 0
398 946 390 944 395 922 403 925 small-vehicle 1
386 946 376 944 380 925 390 927 small-vehicle 0
503 1094 503 1104 472 1104 471 1092 ship 0
497 1108 496 1120 463 1116 465 1104 ship 0
494 1126 492 1137 462 1132 464 1119 ship 0
421 1083 420 1069 455 1071 454 1083 ship 0
318 1045 325 1043 331 1062 322 1065 ship 0
351 1056 352 1048 369 1052 367 1061 ship 1
329 1073 332 1059 375 1069 371 1084 ship 0
403 1085 403 1097 370 1093 370 1081 ship 0
417 1084 432 1088 421 1138 404 1132 ship 0
397 1103 394 1115 363 1110 365 1096 ship 0
394 1116 392 1128 353 1122 356 1108 ship 0
454 1144 456 1131 489 1139 486 1152 ship 0
485 1155 482 1164 458 1158 460 1148 ship 0
482 1166 479 1179 449 1172 452 1159 ship 0
416 1149 415 1139 427 1138 428 1147 ship 1
407 1185 388 1180 400 1136 419 1143 ship 0
331 869 323 871 318 852 326 851 ship 0
315 844 321 850 310 866 302 860 ship 0
485 1192 489 1177 525 1190 521 1203 ship 0
419 876 414 885 397 874 402 867 small-vehicle 0
454 661 463 662 463 682 453 682 small-vehicle 0
515 713 507 713 505 692 514 693 small-vehicle 0
503 720 494 719 494 698 502 699 small-vehicle 0
482 704 492 705 492 726 482 725 small-vehicle 0
507 718 518 719 519 742 509 741 small-vehicle 0
487 730 496 731 495 749 486 750 small-vehicle 0
471 712 480 713 480 734 471 734 small-vehicle 0
436 764 446 764 449 785 439 786 small-vehicle 1
355 724 362 717 373 728 368 734 small-vehicle 1
371 666 375 674 359 685 354 677 small-vehicle 1
305 687 301 678 318 669 321 678 small-vehicle 1
333 740 339 732 355 742 350 750 small-vehicle 1
324 748 328 740 343 748 339 756 small-vehicle 1
309 752 315 743 332 755 325 763 small-vehicle 1
385 768 396 768 397 787 387 788 small-vehicle 1
434 798 424 797 423 775 433 776 small-vehicle 0
431 843 427 849 411 839 415 832 small-vehicle 0
421 847 417 855 400 846 404 837 small-vehicle 0
453 857 448 864 431 852 435 844 small-vehicle 0
442 863 438 871 421 861 425 853 small-vehicle 0
430 872 425 879 409 868 414 860 small-vehicle 0
385 1147 382 1160 351 1152 354 1139 ship 0
474 1196 470 1208 441 1200 443 1187 ship 0
217 1392 225 1389 230 1403 222 1406 ship 1
568 1335 567 1348 527 1339 529 1325 ship 0
442 1304 440 1288 490 1291 490 1306 ship 0
559 1362 559 1375 515 1373 515 1357 ship 0
517 1386 517 1373 555 1377 555 1390 ship 0
510 1398 514 1384 553 1396 548 1410 ship 0
305 1327 299 1316 327 1301 333 1312 ship 0
425 1299 425 1312 389 1308 389 1295 ship 0
302 1348 297 1333 329 1319 335 1331 ship 0
437 1317 442 1301 482 1312 479 1327 ship 0
432 1333 436 1318 482 1332 477 1349 ship 0
419 1327 418 1340 380 1338 381 1323 ship 0
300 1368 294 1356 326 1340 330 1351 ship 0
548 1407 548 1418 512 1415 513 1402 ship 0
430 1357 437 1341 472 1354 465 1371 ship 0
418 1378 423 1360 467 1372 463 1390 ship 0
408 1374 408 1388 370 1387 370 1373 ship 0
400 1389 400 1403 361 1404 361 1389 ship 0
328 1363 333 1373 305 1392 298 1381 ship 0
411 1425 413 1408 459 1414 457 1431 ship 0
365 1421 367 1408 406 1410 406 1422 ship 0
39 1546 38 1558 3 1561 2 1547 ship 0
235 1443 221 1424 293 1383 303 1402 ship 0
523 1352 526 1339 565 1350 562 1362 ship 0
306 1313 299 1302 332 1282 338 1292 ship 0
377 1162 374 1173 344 1164 347 1152 ship 0
527 1322 529 1307 571 1314 569 1330 ship 0
373 1177 370 1188 344 1181 347 1169 ship 0
482 1214 482 1200 521 1203 520 1218 ship 0
469 1211 467 1223 439 1214 443 1203 ship 0
462 1225 460 1237 432 1229 435 1216 ship 0
475 1227 478 1213 516 1225 513 1238 ship 0
472 1244 474 1231 512 1239 511 1252 ship 0
462 1240 460 1253 430 1248 432 1234 ship 0
405 1224 391 1228 381 1189 396 1186 ship 0
364 1192 382 1191 385 1237 366 1239 ship 0
318 1191 322 1203 283 1220 277 1207 ship 0
319 1203 326 1214 292 1232 284 1220 ship 0
298 1248 291 1234 324 1220 329 1232 ship 0
332 1229 338 1240 306 1259 299 1249 ship 0
313 1273 306 1262 335 1247 341 1258 ship 0
280 1237 287 1253 239 1279 231 1263 ship 0
254 1291 246 1277 289 1253 297 1267 ship 0
466 1261 469 1247 505 1255 503 1269 ship 0
308 1292 302 1280 329 1265 335 1276 ship 0
461 1283 461 1271 496 1272 496 1285 ship 0
451 1266 450 1280 404 1277 404 1261 ship 0
535 1308 538 1295 574 1305 572 1317 ship 0
842 1257 857 1252 872 1291 857 1296 ship 0
864 1250 882 1245 894 1296 877 1301 ship 0
916 1287 901 1292 883 1242 899 1237 ship 0
1520 547 1532 542 1548 583 1534 590 ship 0
1422 573 1439 569 1452 616 1437 621 ship 0
1432 624 1418 629 1406 592 1419 587 ship 0
1413 632 1401 636 1384 590 1397 584 ship 0
1362 595 1376 590 1394 632 1376 638 ship 0
1376 642 1362 648 1347 605 1360 601 ship 0
1353 650 1340 654 1328 606 1343 603 ship 0
1488 617 1496 613 1509 639 1499 644 ship 0
1477 619 1488 618 1494 647 1482 648 ship 0
1459 632 1469 628 1479 651 1467 655 ship 0
1443 633 1455 629 1465 655 1453 658 ship 0
1411 641 1422 637 1432 668 1421 671 ship 0
1394 647 1406 643 1419 674 1407 680 ship 0
1382 652 1391 649 1401 674 1388 678 ship 0
1387 684 1375 689 1365 658 1377 654 ship 0
1347 662 1360 658 1372 691 1357 695 ship 0
1332 668 1345 664 1357 695 1346 700 ship 0
1552 673 1563 671 1572 701 1560 704 ship 0
1535 677 1547 674 1558 705 1545 709 ship 0
1542 711 1533 715 1520 683 1529 680 ship 0
1552 718 1564 715 1576 746 1566 751 ship 0
1536 723 1547 719 1561 757 1547 760 ship 0
1470 610 1457 615 1445 579 1458 574 ship 0
1541 538 1555 534 1566 568 1552 572 ship 0
1509 722 1498 724 1489 694 1500 691 ship 0
1507 609 1516 606 1525 631 1513 634 ship 0
1651 1116 1638 1127 1613 1097 1625 1087 ship 0
1630 1133 1620 1140 1596 1109 1606 1102 ship 0
1611 1143 1602 1152 1579 1127 1588 1119 ship 0
1773 1207 1762 1205 1765 1171 1778 1172 large-vehicle 0
1642 1253 1645 1237 1690 1244 1689 1261 ship 0
1643 1278 1645 1263 1689 1270 1687 1285 ship 0
1634 1318 1648 1312 1666 1343 1653 1351 ship 0
1422 448 1412 452 1402 426 1413 421 ship 0
1407 452 1397 456 1390 429 1399 426 ship 0
1394 451 1384 455 1374 432 1385 428 ship 0
1356 469 1344 474 1335 445 1346 441 ship 0
1343 475 1332 479 1322 450 1335 447 ship 0
1445 451 1458 447 1472 491 1458 495 ship 0
1426 457 1438 453 1453 494 1437 498 ship 0
1416 510 1403 515 1387 471 1400 466 ship 0
1364 478 1378 473 1392 505 1378 511 ship 0
1349 483 1365 479 1377 520 1361 525 ship 0
1327 495 1339 490 1359 527 1347 535 ship 0
1552 595 1562 592 1574 620 1562 624 ship 0
1537 598 1547 596 1560 628 1547 631 ship 0
1541 632 1532 635 1522 607 1532 604 ship 0
1526 717 1515 721 1504 690 1515 687 ship 0
1495 723 1484 727 1474 700 1484 696 ship 0
1687 1075 1676 1084 1654 1060 1664 1051 ship 0
1495 827 1508 823 1520 860 1506 864 ship 0
1486 871 1477 874 1463 842 1473 837 ship 0
1469 876 1457 880 1446 846 1460 842 ship 0
1452 882 1440 886 1428 851 1441 847 ship 0
1436 888 1423 892 1412 856 1425 852 ship 0
1417 885 1407 889 1394 863 1406 859 ship 0
1378 868 1391 865 1400 897 1387 902 ship 0
1387 904 1375 908 1363 875 1373 872 ship 0
1343 881 1357 877 1369 909 1356 915 ship 0
1352 916 1341 920 1330 889 1341 885 ship 0
1335 922 1323 925 1311 892 1323 887 ship 0
1421 904 1432 900 1444 934 1430 938 ship 0
1427 944 1414 948 1402 910 1414 906 ship 0
1386 915 1397 912 1408 951 1395 954 ship 0
1365 926 1377 923 1390 955 1377 961 ship 0
1375 964 1362 970 1346 929 1360 924 ship 0
1329 934 1342 930 1360 972 1345 979 ship 0
1340 974 1326 978 1311 941 1326 936 ship 0
1538 963 1551 960 1565 1002 1552 1006 ship 0
1548 1006 1534 1011 1519 971 1532 967 ship 0
1554 1031 1564 1025 1576 1049 1564 1054 ship 1
1563 1068 1549 1072 1535 1027 1549 1023 ship 0
1479 833 1491 830 1502 865 1490 869 ship 0
1534 854 1524 858 1512 823 1523 820 ship 0
1479 732 1467 736 1458 707 1469 703 ship 0
1496 921 1483 924 1474 893 1485 889 ship 0
1448 737 1437 742 1427 717 1439 713 ship 0
1421 754 1407 758 1395 727 1407 722 ship 0
1363 731 1376 727 1386 762 1372 765 ship 0
1351 739 1363 736 1372 770 1358 772 ship 0
1333 749 1346 746 1357 774 1344 779 ship 0
1315 749 1329 745 1342 779 1329 783 ship 0
1501 735 1515 733 1528 771 1511 774 ship 0
1510 772 1497 776 1485 741 1496 737 ship 0
1477 785 1463 791 1449 754 1462 749 ship 0
1417 769 1426 763 1443 792 1432 799 ship 0
1402 769 1414 766 1424 795 1410 798 ship 0
1380 776 1392 771 1408 801 1396 808 ship 0
1367 782 1382 778 1394 811 1377 817 ship 0
1358 822 1344 827 1334 793 1346 788 ship 0
1340 832 1329 836 1317 803 1327 799 ship 0
1324 831 1312 836 1301 804 1312 799 ship 0
1566 843 1556 847 1548 814 1559 812 ship 0
1543 864 1555 859 1570 895 1558 901 ship 0
1528 870 1539 867 1551 900 1539 903 ship 0
1507 875 1519 870 1535 905 1522 911 ship 0
1493 878 1507 876 1516 913 1501 917 ship 0
1668 1092 1658 1101 1632 1074 1642 1065 ship 0
1808 1056 1806 1068 1757 1065 1756 1051 ship 0
1512 1018 1500 1022 1487 987 1499 982 ship 0
1772 306 1762 307 1756 283 1766 281 small-vehicle 0
1737 219 1742 230 1714 246 1708 236 ship 1
1782 166 1780 177 1752 174 1754 163 ship 1
1511 319 1521 317 1530 343 1519 346 ship 0
1496 320 1508 317 1517 342 1507 346 ship 0
1505 349 1494 353 1483 325 1494 321 ship 0
1471 329 1480 327 1488 350 1480 352 ship 0
1459 334 1468 330 1477 353 1467 358 ship 0
1465 361 1454 365 1445 339 1454 334 ship 1
1432 343 1444 339 1451 364 1439 367 ship 0
1417 347 1428 344 1437 370 1427 373 ship 0
1404 351 1415 347 1425 375 1412 379 ship 0
1391 355 1402 352 1410 378 1400 382 ship 0
1378 360 1390 356 1399 381 1387 386 ship 0
1353 368 1363 364 1371 388 1361 392 ship 0
1519 383 1530 379 1539 407 1527 411 ship 0
1513 417 1503 420 1492 391 1503 387 ship 0
1501 420 1489 426 1478 399 1489 394 ship 0
1474 430 1463 433 1455 409 1466 405 ship 0
1460 433 1450 438 1440 411 1451 407 ship 0
1449 438 1438 442 1428 418 1438 413 ship 0
1601 468 1586 473 1574 437 1587 432 ship 1
1652 242 1656 252 1627 263 1623 253 ship 1
1796 322 1794 310 1821 306 1821 317 small-vehicle 0
1552 463 1536 470 1521 425 1534 421 ship 0
1728 341 1718 344 1710 324 1719 320 small-vehicle 1
432 1682 419 1686 408 1656 418 1651 ship 0
471 1838 456 1842 448 1800 463 1797 ship 0
436 1752 447 1750 457 1781 444 1786 ship 0
1720 665 1713 660 1728 641 1734 647 small-vehicle 0
1715 655 1708 651 1722 631 1730 636 small-vehicle 0
1712 639 1705 633 1717 617 1724 622 small-vehicle 0
1707 629 1698 624 1713 606 1720 612 small-vehicle 0
1700 619 1694 612 1709 594 1716 599 small-vehicle 0
1674 557 1671 547 1697 539 1699 548 small-vehicle 0
1670 543 1669 535 1687 528 1690 536 small-vehicle 0
1767 470 1769 478 1751 484 1748 475 small-vehicle 0
1744 462 1740 454 1761 445 1764 451 small-vehicle 0
1649 478 1651 469 1671 473 1669 482 small-vehicle 0
1815 426 1806 429 1799 409 1807 406 small-vehicle 0
1742 439 1738 430 1756 423 1758 432 small-vehicle 0
1746 403 1750 413 1726 422 1722 412 small-vehicle 0
1824 417 1815 420 1808 399 1816 397 small-vehicle 0
1839 392 1830 394 1825 374 1833 372 small-vehicle 0
1726 396 1722 387 1747 376 1751 384 small-vehicle 0
1805 356 1806 364 1786 370 1782 360 small-vehicle 0
1724 382 1720 374 1741 364 1744 372 small-vehicle 0
1544 419 1557 415 1568 456 1554 460 ship 0
1531 469 1517 474 1503 432 1517 427 ship 0
1574 1011 1585 1008 1595 1040 1583 1044 ship 0
1636 819 1626 824 1613 789 1624 786 ship 0
1577 799 1590 794 1603 830 1590 835 ship 0
1587 836 1576 841 1562 806 1574 802 ship 0
1722 807 1726 826 1661 843 1657 826 ship 0
1662 848 1675 845 1681 867 1669 871 ship 1
1662 864 1648 870 1632 833 1645 828 ship 0
1597 843 1611 839 1624 874 1610 878 ship 0
1579 852 1593 849 1602 883 1591 887 ship 0
1786 983 1773 982 1774 956 1785 956 ship 0
1677 884 1696 880 1718 954 1700 959 ship 0
1647 932 1660 928 1670 958 1655 962 ship 0
1629 932 1644 928 1654 970 1640 974 ship 0
1634 978 1622 981 1614 943 1627 940 ship 0
1594 948 1607 944 1619 980 1605 984 ship 0
1555 952 1568 948 1583 993 1568 998 ship 0
1768 997 1757 996 1760 969 1770 970 ship 0
1672 1006 1663 1008 1656 981 1664 979 ship 0
1639 989 1650 984 1661 1012 1649 1016 ship 0
1607 998 1618 994 1632 1028 1617 1033 ship 0
1615 1039 1602 1045 1589 1011 1600 1006 ship 0
1738 1034 1725 1034 1726 999 1738 999 ship 0
1721 1047 1709 1046 1712 1012 1724 1012 ship 0
1620 823 1609 827 1597 794 1609 790 ship 0
1655 813 1645 818 1632 783 1642 779 ship 0
1465 447 1478 442 1492 482 1477 486 ship 0
1661 763 1673 759 1688 800 1674 804 ship 0
1572 520 1587 514 1602 557 1587 562 ship 0
1588 569 1574 575 1559 534 1572 529 ship 0
1618 566 1628 562 1637 584 1627 587 ship 0
1598 577 1609 573 1618 600 1607 604 ship 0
1582 584 1594 580 1604 609 1592 613 ship 0
1570 589 1582 587 1589 613 1576 617 ship 0
1666 661 1655 666 1641 633 1652 628 ship 0
1650 674 1637 679 1623 638 1636 633 ship 0
1633 678 1624 682 1614 654 1625 650 ship 0
1619 685 1607 689 1596 657 1608 653 ship 0
1582 660 1594 656 1604 687 1591 692 ship 0
1566 665 1578 662 1588 693 1575 697 ship 0
1683 717 1671 721 1658 684 1671 680 ship 0
1639 692 1650 688 1661 719 1647 722 ship 0
1585 707 1596 703 1607 737 1597 741 ship 0
1570 712 1582 708 1591 737 1579 740 ship 0
1744 738 1737 732 1751 717 1756 723 small-vehicle 1
1746 751 1740 746 1752 731 1758 736 small-vehicle 1
1677 742 1691 737 1704 773 1691 779 ship 0
1771 814 1765 807 1778 795 1783 801 small-vehicle 0
1777 826 1770 820 1788 801 1794 807 small-vehicle 0
1548 1084 1532 1089 1511 1032 1528 1028 ship 0
1492 1026 1480 1029 1469 996 1482 993 ship 0
940 1213 925 1217 912 1179 928 1175 ship 0
1281 560 1267 566 1249 516 1262 511 ship 0
1175 544 1187 541 1202 579 1188 585 ship 0
1157 548 1172 545 1182 578 1166 583 ship 0
1168 601 1152 607 1137 563 1150 557 ship 0
1145 597 1131 604 1116 563 1130 557 ship 0
1096 570 1110 564 1126 608 1111 614 ship 0
1075 576 1092 571 1108 618 1091 624 ship 0
1085 619 1071 624 1058 582 1073 577 ship 0
1039 589 1053 585 1069 627 1054 632 ship 0
1329 480 1317 482 1312 455 1323 453 ship 0
1317 481 1306 487 1295 462 1306 457 ship 0
1290 491 1281 493 1273 470 1282 468 ship 0
1276 494 1266 498 1258 471 1267 468 ship 0
1264 496 1256 499 1246 476 1255 473 ship 0
1250 505 1240 507 1233 485 1243 482 ship 0
1239 510 1229 514 1219 488 1229 484 ship 0
1226 514 1215 517 1205 490 1215 486 ship 0
1212 517 1202 520 1192 497 1202 492 ship 0
1173 533 1163 535 1152 509 1164 504 ship 0
1160 537 1151 541 1140 517 1151 512 ship 0
1126 519 1136 516 1147 542 1137 547 ship 0
1113 524 1125 520 1133 546 1121 549 ship 0
1197 537 1211 534 1220 576 1205 579 ship 0
1301 550 1284 556 1270 510 1286 505 ship 0
1080 564 1070 567 1062 542 1072 538 ship 0
1318 543 1303 547 1289 504 1304 501 ship 0
1201 748 1191 753 1178 725 1187 721 ship 0
1145 733 1157 728 1168 754 1156 760 ship 0
1099 748 1112 745 1120 773 1108 777 ship 0
1085 756 1095 751 1108 780 1097 785 ship 0
1069 756 1081 753 1088 781 1075 784 ship 0
1052 763 1065 759 1074 787 1062 791 ship 0
1309 617 1327 615 1339 657 1320 661 ship 0
1299 668 1287 674 1267 629 1282 623 ship 0
1279 674 1264 680 1248 634 1265 629 ship 0
1225 639 1241 633 1258 677 1241 683 ship 0
1237 690 1225 693 1211 649 1224 646 ship 0
1221 694 1208 700 1191 658 1205 653 ship 0
1174 706 1171 711 1159 703 1162 697 ship 1
1195 697 1182 699 1174 670 1186 667 ship 0
1184 705 1169 711 1152 670 1165 664 ship 0
1132 680 1148 674 1163 714 1149 720 ship 0
1124 726 1109 731 1094 684 1110 680 ship 0
1076 696 1092 692 1105 735 1090 740 ship 0
1055 706 1069 701 1083 740 1069 747 ship 0
1067 745 1053 752 1033 707 1049 701 ship 0
1337 535 1323 538 1311 497 1323 494 ship 0
1107 554 1096 558 1086 529 1097 525 ship 0
1067 570 1055 572 1049 541 1060 538 ship 0
1224 705 1236 702 1245 729 1232 733 ship 0
1028 1415 1036 1411 1044 1423 1035 1428 ship 1
1029 1388 1034 1408 977 1425 971 1406 ship 0
972 1430 977 1446 916 1467 910 1448 ship 0
913 1446 906 1429 962 1409 967 1425 ship 0
797 1529 795 1515 849 1499 852 1516 ship 0
792 1509 788 1494 840 1477 844 1492 ship 0
837 1454 841 1473 787 1489 781 1471 ship 0
1059 1364 1045 1370 1025 1321 1041 1314 ship 0
1039 1375 1024 1378 1012 1331 1028 1328 ship 0
945 1343 963 1336 983 1392 965 1399 ship 0
959 1401 948 1405 937 1375 948 1371 ship 0
914 1362 931 1360 942 1406 925 1409 ship 0
874 1378 889 1373 903 1417 888 1424 ship 0
854 1383 872 1378 885 1428 869 1433 ship 0
862 1423 852 1427 838 1397 850 1392 ship 0
845 1438 831 1443 814 1396 828 1392 ship 0
1059 1169 1050 1172 1039 1137 1049 1134 ship 0
1047 1176 1036 1179 1023 1144 1034 1140 ship 0
1002 1150 1014 1147 1027 1182 1015 1188 ship 0
1010 1190 1000 1194 987 1155 998 1151 ship 0
992 1195 981 1199 971 1163 982 1161 ship 0
944 1221 960 1217 975 1264 957 1269 ship 0
983 1445 977 1429 1027 1412 1033 1428 ship 0
1041 1434 1045 1451 992 1469 986 1453 ship 0
1326 377 1337 374 1344 395 1334 400 ship 0
1041 1458 1044 1469 1005 1487 998 1475 ship 0
1288 394 1297 390 1307 412 1298 417 ship 0
1276 396 1287 394 1293 419 1283 422 ship 0
1261 401 1272 398 1281 421 1271 426 ship 0
1267 429 1259 432 1249 406 1258 403 ship 0
1225 414 1235 412 1240 439 1230 440 ship 0
1209 418 1220 415 1230 442 1219 446 ship 0
1198 423 1207 420 1217 448 1206 451 ship 0
1183 428 1193 424 1205 450 1194 455 ship 0
1169 431 1180 428 1191 458 1178 462 ship 0
1156 435 1166 432 1175 457 1166 461 ship 0
1144 440 1155 437 1163 462 1153 466 ship 0
1130 444 1140 440 1150 467 1140 472 ship 0
1118 448 1127 444 1137 472 1127 475 ship 0
1103 454 1114 450 1125 478 1114 482 ship 0
1093 458 1103 454 1110 477 1101 481 ship 0
1078 463 1087 459 1098 484 1088 488 ship 0
1065 467 1076 463 1085 492 1074 497 ship 0
1053 470 1064 467 1072 493 1062 497 ship 0
881 1639 911 1639 911 1666 881 1666 swimming-pool 0
886 1839 883 1831 902 1827 904 1836 small-vehicle 0
869 1828 879 1830 877 1851 867 1850 small-vehicle 0
1207 714 1218 708 1232 735 1221 741 ship 0
1239 701 1251 697 1262 724 1251 729 ship 0
1477 1029 1464 1035 1449 996 1462 991 ship 0
1217 1312 1204 1317 1186 1270 1200 1265 ship 0
1179 1326 1164 1332 1146 1284 1161 1277 ship 0
1160 1332 1144 1337 1130 1289 1146 1284 ship 0
1087 1303 1103 1298 1117 1342 1101 1347 ship 0
1101 1352 1083 1359 1067 1308 1084 1303 ship 0
1049 1316 1063 1312 1079 1359 1065 1365 ship 0
1123 1162 1135 1157 1155 1201 1141 1207 ship 0
1135 1207 1122 1213 1103 1167 1117 1162 ship 0
1118 1217 1106 1224 1084 1176 1098 1170 ship 0
1311 1079 1299 1083 1289 1054 1301 1050 ship 0
1276 1099 1264 1103 1254 1065 1266 1062 ship 0
1259 1098 1250 1101 1242 1078 1250 1075 ship 0
1240 1111 1230 1115 1217 1079 1227 1076 ship 0
1226 1117 1213 1121 1201 1083 1213 1079 ship 0
1207 1123 1194 1127 1183 1090 1197 1086 ship 0
1192 1127 1182 1133 1162 1097 1175 1092 ship 0
1147 1101 1159 1097 1171 1134 1158 1138 ship 0
1154 1140 1142 1144 1131 1109 1142 1105 ship 0
1136 1145 1122 1150 1110 1112 1125 1107 ship 0
1117 1153 1107 1157 1093 1118 1106 1113 ship 0
1072 1127 1085 1122 1100 1159 1087 1164 ship 0
1084 1164 1071 1169 1057 1133 1070 1128 ship 0
1197 1319 1183 1325 1169 1278 1182 1273 ship 0
1206 1262 1222 1258 1239 1304 1222 1310 ship 0
1278 902 1290 898 1304 933 1290 938 ship 0
1226 1255 1240 1252 1257 1297 1241 1302 ship 0
1432 1004 1445 1000 1456 1034 1442 1037 ship 0
1442 1042 1429 1047 1414 1010 1428 1004 ship 0
1397 1017 1409 1013 1418 1047 1407 1051 ship 0
1382 1022 1392 1018 1400 1042 1390 1045 ship 0
1368 1065 1357 1070 1343 1035 1354 1031 ship 0
1346 1069 1334 1073 1325 1041 1336 1037 ship 0
1333 1078 1322 1082 1308 1047 1320 1042 ship 0
1398 1149 1383 1155 1355 1091 1374 1084 ship 0
1341 1157 1323 1164 1301 1103 1321 1095 ship 0
1317 1149 1303 1156 1285 1107 1299 1102 ship 0
1350 1234 1340 1234 1338 1213 1348 1212 ship 1
1339 1208 1358 1202 1376 1258 1355 1265 ship 0
1332 1269 1317 1274 1302 1228 1320 1222 ship 0
1480 1495 1528 1489 1532 1513 1486 1522 swimming-pool 0
1386 1420 1380 1404 1435 1384 1442 1401 ship 0
1326 1441 1319 1423 1375 1404 1381 1420 ship 0
1205 1482 1198 1466 1254 1446 1259 1462 ship 0
1150 1499 1145 1484 1190 1468 1195 1485 ship 0
1286 1239 1300 1234 1317 1279 1301 1284 ship 0
1262 1239 1280 1235 1297 1286 1280 1292 ship 0
1244 1251 1260 1245 1277 1292 1262 1298 ship 0
1318 925 1307 930 1294 897 1306 892 ship 0
1284 939 1272 942 1261 909 1274 906 ship 0
1258 692 1269 690 1277 721 1265 723 ship 0
1169 850 1181 848 1189 877 1176 880 ship 0
1135 859 1147 856 1156 890 1144 893 ship 0
1114 867 1125 863 1137 891 1126 897 ship 0
1080 878 1092 873 1106 905 1094 911 ship 0
1069 885 1081 883 1088 916 1075 919 ship 0
1047 890 1057 886 1072 917 1060 922 ship 0
1311 790 1301 795 1288 761 1298 757 ship 0
1271 766 1284 763 1293 792 1282 796 ship 0
1261 807 1251 808 1244 781 1254 779 ship 0
1250 812 1237 815 1225 784 1238 780 ship 0
1233 816 1222 821 1211 789 1222 786 ship 0
1197 798 1208 794 1218 822 1204 826 ship 0
1179 802 1192 798 1202 826 1189 830 ship 0
1186 832 1176 836 1165 808 1175 803 ship 0
1157 841 1144 847 1131 814 1144 808 ship 0
1083 824 1096 820 1109 857 1096 862 ship 0
1094 863 1084 867 1069 836 1080 830 ship 0
1079 868 1068 872 1057 840 1068 836 ship 0
1045 877 1035 881 1024 855 1035 851 ship 1
1339 699 1328 702 1317 675 1328 670 ship 0
1324 707 1313 709 1304 679 1314 676 ship 0
1272 690 1282 686 1291 713 1280 716 ship 0
1148 857 1159 852 1174 885 1163 891 ship 0
1239 862 1229 866 1215 833 1227 829 ship 0
1293 948 1305 943 1317 977 1305 982 ship 0
1259 857 1247 861 1234 827 1245 823 ship 0
1277 952 1290 949 1302 987 1287 990 ship 0
1243 914 1256 909 1269 941 1257 946 ship 0
1259 959 1271 954 1283 990 1272 995 ship 0
1195 925 1208 922 1214 952 1201 954 ship 0
1219 972 1233 966 1250 1004 1236 1010 ship 0
1233 1010 1218 1014 1206 980 1218 976 ship 0
1185 983 1198 979 1214 1017 1200 1021 ship 0
1170 988 1183 984 1194 1022 1182 1026 ship 0
1148 996 1163 991 1179 1029 1164 1035 ship 0
1184 970 1172 973 1161 942 1172 937 ship 0
1154 982 1139 989 1124 956 1139 950 ship 0
1117 996 1105 999 1095 966 1107 962 ship 0
1074 968 1087 964 1099 999 1087 1004 ship 0
1142 1040 1130 1045 1116 1008 1129 1002 ship 0
1096 1016 1112 1011 1122 1047 1109 1051 ship 0
1081 1020 1095 1016 1106 1053 1091 1057 ship 0
1059 1027 1074 1022 1087 1057 1073 1063 ship 0
1066 1007 1054 1011 1043 983 1054 978 ship 0
1282 809 1295 805 1307 836 1295 841 ship 0
1269 815 1281 813 1289 846 1278 849 ship 0
1274 852 1262 856 1249 820 1260 816 ship 0
949 539 935 497 1516 302 1529 342 harbor 0
