imagesource:GoogleEarth
gsd:0.259516259509
1603 210 1591 207 1595 177 1607 180 ship 0
721 884 741 886 738 916 717 914 harbor 0
765 260 785 263 765 397 744 392 harbor 0
719 255 746 261 726 394 696 389 harbor 0
684 247 705 251 683 387 662 383 harbor 0
633 262 651 264 635 383 617 379 harbor 0
571 255 593 259 577 378 555 374 harbor 0
1156 934 1179 938 1174 964 1153 960 harbor 0
1118 930 1150 934 1148 959 1115 954 harbor 0
1064 876 1070 840 1221 868 1218 906 harbor 0
1082 919 1112 923 1106 956 1076 952 harbor 0
928 906 948 909 943 939 923 936 harbor 0
766 890 787 892 783 921 762 919 harbor 0
684 880 705 884 700 911 679 908 harbor 0
829 838 809 836 810 798 832 800 harbor 0
635 876 654 880 649 909 630 906 harbor 0
610 873 625 875 621 904 606 902 harbor 0
556 869 572 871 566 898 551 896 harbor 0
515 856 539 861 532 896 507 890 harbor 0
475 865 496 870 491 891 470 886 harbor 0
422 860 440 862 439 884 419 882 harbor 0
395 855 416 858 414 882 392 879 harbor 0
424 803 393 799 395 765 427 767 harbor 0
455 805 433 805 433 759 456 760 harbor 0
500 810 481 808 485 766 504 767 harbor 0
537 812 522 809 526 769 542 770 harbor 0
795 262 819 267 798 389 776 384 harbor 0
836 244 865 249 846 395 815 389 harbor 0
878 228 906 231 889 391 863 389 harbor 0
931 217 950 220 926 392 909 391 harbor 0
323 342 343 328 394 408 376 421 harbor 0
286 364 305 353 358 435 338 448 harbor 0
235 399 254 386 300 456 282 467 harbor 0
166 488 180 462 254 501 239 531 harbor 0
126 611 128 582 202 591 198 618 harbor 0
203 771 181 755 208 715 231 734 harbor 0
155 918 172 875 212 896 193 933 harbor 0
139 1006 150 953 190 962 181 1014 harbor 0
136 1098 141 1035 181 1037 179 1097 harbor 0
293 844 316 845 314 870 290 869 harbor 0
1646 203 1657 206 1644 248 1631 244 harbor 0
1584 178 1596 182 1579 236 1566 232 harbor 0
1467 151 1491 156 1479 207 1455 201 harbor 0
1337 135 1362 140 1355 188 1329 185 harbor 0
1298 150 1308 147 1319 195 1310 197 harbor 0
1376 136 1428 141 1424 195 1373 189 harbor 0
1214 161 1286 149 1294 205 1227 218 harbor 0
1168 166 1188 165 1191 222 1169 223 harbor 0
1118 180 1135 177 1142 229 1124 232 harbor 0
1066 185 1083 182 1092 236 1074 240 harbor 0
1038 214 1061 216 1040 380 1015 376 harbor 0
1008 241 1026 245 1005 380 986 375 harbor 0
962 221 984 225 964 389 940 384 harbor 0
574 813 553 809 556 782 578 785 harbor 0
860 841 840 839 844 802 865 804 harbor 0
1347 169 1332 172 1323 137 1338 133 ship 0
578 793 591 794 586 822 574 820 ship 0
966 930 953 927 957 900 971 903 ship 0
926 930 912 926 917 898 930 901 ship 0
862 924 850 921 854 897 867 900 ship 0
819 885 817 898 789 894 792 881 ship 0
765 916 751 914 755 887 768 890 ship 0
740 801 756 803 753 843 738 841 ship 0
621 787 637 789 631 830 616 828 ship 0
655 800 668 801 665 829 653 827 ship 0
698 805 710 807 708 834 697 833 ship 0
683 905 668 902 674 879 687 881 ship 0
527 892 513 890 519 860 534 861 ship 0
514 782 527 784 524 814 511 812 ship 0
790 833 770 831 772 795 792 796 harbor 0
424 812 427 799 450 804 446 817 ship 0
377 877 364 876 366 847 379 848 ship 0
326 867 316 866 316 839 328 840 ship 0
1184 865 1196 868 1191 895 1179 894 ship 0
1211 870 1222 871 1220 897 1209 897 ship 0
131 1067 145 1065 146 1096 134 1097 ship 0
189 724 199 733 174 766 162 756 ship 0
329 365 318 373 301 353 311 342 ship 0
371 347 361 355 343 331 353 323 ship 0
1206 191 1190 193 1188 155 1202 154 ship 0
1283 183 1270 183 1267 151 1281 149 ship 0
1027 935 1013 933 1015 907 1028 908 ship 0
1047 944 1036 943 1037 909 1048 910 ship 0
1138 855 1150 859 1145 886 1134 884 ship 0
1125 858 1137 860 1131 888 1121 885 ship 0
697 827 680 825 683 787 702 789 harbor 0
654 823 640 822 643 782 658 782 harbor 0
616 824 603 822 608 778 624 779 harbor 0
941 852 918 848 922 808 946 811 harbor 0
986 851 969 849 973 814 990 817 harbor 0
1049 871 1008 865 1013 832 1053 838 harbor 0
367 789 348 788 350 762 368 763 harbor 0
1102 209 1089 212 1084 178 1096 176 ship 0
1125 207 1112 208 1110 176 1122 175 ship 0
995 254 980 250 985 223 998 225 ship 0
950 244 936 241 938 215 952 216 ship 0
911 254 897 254 897 223 911 223 ship 0
933 242 921 241 923 217 935 218 ship 0
763 280 751 278 752 259 764 259 ship 0
740 291 726 288 732 259 745 261 ship 0
679 284 666 281 670 256 683 257 ship 0
866 857 868 844 900 846 897 860 ship 0
914 863 913 851 941 848 942 862 ship 0
944 825 956 826 953 853 942 852 ship 0
962 831 974 832 970 860 958 859 ship 0
1056 860 1053 873 1026 866 1028 855 ship 0
1076 847 1088 849 1081 885 1070 882 ship 0
1110 852 1123 853 1118 887 1105 883 ship 0
488 247 508 250 496 377 475 373 harbor 0
