imagesource:GoogleEarth
gsd:0.124156920681
3236 604 3214 603 3216 550 3238 549 ship 0
856 381 920 388 916 458 849 453 harbor 0
1036 395 1110 400 1106 476 1033 470 harbor 0
1252 406 1289 409 1283 483 1246 479 harbor 0
1316 414 1328 415 1322 489 1310 487 harbor 0
1408 423 1421 423 1413 495 1401 495 harbor 0
1446 426 1519 435 1511 502 1438 496 harbor 0
1815 459 1876 462 1870 530 1809 528 harbor 0
2064 495 2060 520 1957 511 1959 488 harbor 0
2359 502 2410 505 2405 569 2356 565 harbor 0
2506 532 2604 542 2600 574 2503 567 harbor 0
2697 517 2773 523 2767 569 2691 562 harbor 0
2901 535 2993 542 2989 588 2895 581 harbor 0
3080 542 3162 550 3155 602 3074 592 harbor 0
3239 555 3334 562 3331 614 3233 603 harbor 0
3424 415 3356 412 3362 356 3429 363 harbor 0
3280 409 3206 403 3210 348 3285 355 harbor 0
3140 415 3017 408 3022 340 3143 351 harbor 0
2890 385 2831 380 2838 324 2892 327 harbor 0
2695 359 2623 356 2628 316 2697 321 harbor 0
2555 351 2461 344 2464 309 2557 315 harbor 0
2180 335 2098 322 2104 280 2187 291 harbor 0
2000 318 1892 309 1895 261 2003 270 harbor 0
1827 312 1733 302 1740 242 1830 246 harbor 0
1588 300 1509 293 1516 229 1593 235 harbor 0
1478 270 1366 262 1372 218 1483 228 harbor 0
1173 251 1176 222 1262 229 1259 257 harbor 0
1059 266 984 257 994 189 1066 198 harbor 0
910 277 752 261 768 162 922 170 harbor 0
582 224 585 193 728 200 725 231 harbor 0
343 203 349 161 497 178 492 221 harbor 0
1134 402 1145 402 1139 477 1128 476 harbor 0
948 389 963 392 955 460 941 460 harbor 0
3424 411 3425 385 3471 387 3471 411 ship 0
569 375 603 380 596 433 564 429 harbor 0
3108 365 3133 368 3125 425 3101 421 ship 0
3016 594 2986 589 2993 526 3023 532 ship 0
2907 535 2908 511 2962 516 2958 539 ship 0
2901 585 2874 582 2874 511 2901 510 ship 0
2760 367 2758 393 2692 385 2694 359 ship 0
2817 496 2816 529 2720 521 2721 488 ship 0
2639 517 2637 544 2548 536 2550 504 ship 0
2442 299 2464 300 2461 360 2438 358 ship 0
2379 339 2379 361 2328 359 2328 336 ship 0
2361 562 2333 562 2333 496 2359 495 ship 0
2063 344 2066 323 2117 328 2114 349 ship 0
2001 277 2026 278 2020 338 2000 336 ship 0
1893 533 1871 532 1875 473 1896 475 ship 0
1811 528 1778 526 1782 449 1816 451 ship 0
1597 258 1622 259 1618 311 1595 308 ship 0
1425 232 1423 255 1360 250 1362 226 ship 0
1348 291 1351 264 1427 269 1425 296 ship 0
1441 486 1420 482 1424 426 1446 428 ship 0
1316 476 1291 476 1295 406 1318 408 ship 0
1151 272 1152 248 1211 252 1207 275 ship 0
1134 458 1106 456 1111 395 1137 397 ship 0
775 261 776 238 843 242 841 267 ship 0
966 197 991 198 985 269 962 268 ship 0
942 441 916 441 919 384 944 384 ship 0
591 423 572 422 575 378 594 379 ship 0
538 170 555 191 514 226 495 208 ship 0
325 149 348 150 343 213 321 211 ship 0
80 140 98 127 142 175 122 191 ship 0
195 365 198 334 348 337 346 365 harbor 0
261 146 256 190 105 180 113 131 harbor 0
