imagesource:GoogleEarth
gsd:0.2481751973
4539 1018 4516 1018 4515 552 4535 551 harbor 0
1675 525 1623 531 1586 151 1635 145 harbor 0
323 643 289 648 263 393 296 390 harbor 0
468 524 430 527 404 347 438 341 harbor 0
704 472 677 478 654 312 679 305 harbor 0
812 365 791 369 774 271 795 265 harbor 0
915 334 890 334 890 259 916 258 harbor 0
1049 328 1037 331 1026 277 1036 273 harbor 0
1171 295 1156 297 1143 205 1157 202 harbor 0
1355 270 1334 272 1324 149 1345 148 harbor 0
1528 520 1506 524 1462 159 1486 154 harbor 0
1581 511 1563 514 1519 171 1536 167 harbor 0
2067 506 2038 502 2096 177 2120 182 harbor 0
4303 1061 4272 1062 4246 590 4272 587 harbor 0
2229 241 2216 240 2220 183 2233 183 harbor 0
2393 243 2377 242 2380 210 2395 212 harbor 0
2468 342 2447 339 2466 218 2485 221 harbor 0
2500 584 2464 576 2515 240 2547 244 harbor 0
2594 581 2579 576 2634 224 2648 226 harbor 0
2872 510 2849 502 2895 291 2920 295 harbor 0
3153 613 3132 610 3159 334 3184 336 harbor 0
3382 641 3363 637 3394 396 3411 397 harbor 0
3497 732 3475 727 3526 428 3546 432 harbor 0
4165 1069 4136 1070 4117 603 4149 601 harbor 0
162 421 139 422 136 374 158 373 harbor 0
