imagesource:GoogleEarth
gsd:0.249103285224
5188 1201 5178 1198 5250 918 5261 920 harbor 0
2541 1246 2512 1246 2511 1009 2537 1006 harbor 0
341 432 318 430 337 301 361 307 harbor 0
475 429 448 424 467 301 494 304 harbor 0
672 462 654 457 676 310 696 315 harbor 0
809 733 789 728 873 372 895 377 harbor 0
969 675 948 671 991 409 1009 413 harbor 0
1225 861 1184 844 1342 395 1386 412 harbor 0
1429 980 1385 963 1532 517 1580 532 harbor 0
1885 1225 1835 1208 2000 632 2049 646 harbor 0
2018 1112 1986 1102 2091 655 2126 662 harbor 0
2420 702 2392 700 2402 572 2429 573 harbor 0
2533 1005 2520 999 2560 909 2572 914 harbor 0
5176 1316 5167 1315 5178 1205 5187 1204 harbor 0
2570 902 2558 903 2536 553 2551 551 harbor 0
2654 1256 2615 1258 2640 655 2675 655 harbor 0
2779 1281 2741 1278 2784 746 2820 747 harbor 0
3200 936 3175 924 3277 670 3305 680 harbor 0
3617 1481 3567 1472 3655 867 3701 872 harbor 0
4066 1400 4022 1395 4094 850 4137 851 harbor 0
4849 1355 4802 1347 4860 939 4912 942 harbor 0
5140 1505 5110 1498 5154 1318 5186 1324 harbor 0
5859 1035 5833 1032 5840 945 5869 947 harbor 0
5700 1018 5681 1012 5698 919 5718 924 harbor 0
213 352 184 348 194 287 221 290 harbor 0
