imagesource:GoogleEarth
gsd:0.125753822273
238 790 256 792 248 832 230 829 small-vehicle 0
363 499 340 487 358 450 380 459 ship 0
949 477 927 464 944 425 965 436 ship 0
756 538 730 527 749 472 773 480 ship 0
173 360 152 352 169 307 191 317 ship 0
2010 394 2061 392 2067 812 2017 817 harbor 0
1812 444 1902 438 1920 852 1838 856 harbor 0
1614 624 1643 625 1637 862 1611 862 harbor 0
1654 320 1697 324 1686 537 1645 534 harbor 0
1395 328 1427 337 1315 768 1286 760 harbor 0
1141 405 1202 414 1161 667 1106 659 harbor 0
970 428 999 445 862 729 827 713 harbor 0
706 468 746 487 663 681 619 663 harbor 0
374 469 424 490 369 622 314 598 harbor 0
125 292 169 311 104 479 53 459 harbor 0
