imagesource:GoogleEarth
gsd:0.125779212997
2508 602 2488 605 2484 566 2503 564 small-vehicle 0
2813 899 2831 896 2836 931 2819 935 small-vehicle 0
3094 294 3139 285 3190 520 3147 531 harbor 0
2975 620 3037 605 3045 640 2985 654 swimming-pool 0
2760 173 2802 170 2846 501 2806 507 harbor 0
2565 279 2615 270 2659 511 2607 522 harbor 0
2271 276 2315 269 2366 499 2329 508 harbor 0
2107 345 2154 337 2223 619 2179 627 harbor 0
1906 498 1953 486 1989 614 1942 630 harbor 0
1739 493 1797 486 1853 775 1798 785 harbor 0
1588 535 1654 528 1707 877 1646 886 harbor 0
1446 570 1497 564 1549 895 1496 900 harbor 0
1230 536 1291 525 1350 921 1289 930 harbor 0
1060 540 1096 536 1125 864 1089 866 harbor 0
946 869 963 866 981 1069 961 1074 harbor 0
800 761 825 737 962 851 938 881 harbor 0
680 830 764 825 805 1105 717 1120 harbor 0
589 1054 610 1052 621 1166 602 1169 harbor 0
556 981 572 974 609 1046 592 1053 harbor 0
609 851 657 881 600 991 543 960 harbor 0
472 929 498 941 397 1201 371 1190 harbor 0
3255 207 3297 201 3339 432 3301 440 harbor 0
3451 248 3503 239 3533 374 3483 389 harbor 0
2248 1228 2252 1251 2208 1258 2205 1235 small-vehicle 1
1697 584 1672 586 1667 530 1694 526 ship 0
2821 879 2809 865 2846 834 2858 851 small-vehicle 0
2786 782 2805 779 2813 816 2793 820 small-vehicle 0
414 1264 432 1261 436 1300 419 1302 small-vehicle 0
947 1231 966 1223 978 1265 959 1273 small-vehicle 0
978 1230 1001 1228 1004 1269 984 1272 small-vehicle 0
1013 1224 1032 1223 1028 1269 1009 1269 small-vehicle 0
1325 582 1295 586 1285 519 1313 515 ship 0
1542 620 1516 624 1505 566 1531 561 ship 0
2571 322 2545 326 2538 277 2563 274 ship 0
3339 1233 3335 1211 3377 1204 3382 1228 small-vehicle 1
2065 910 2062 891 2100 882 2102 902 small-vehicle 0
2124 836 2147 829 2158 875 2137 881 small-vehicle 0
2623 815 2626 836 2580 844 2578 824 small-vehicle 0
2607 744 2609 764 2569 767 2567 749 small-vehicle 0
3655 977 3649 959 3684 952 3688 972 small-vehicle 0
3450 1010 3447 993 3486 984 3488 1003 small-vehicle 1
3250 864 3231 868 3226 829 3245 826 small-vehicle 1
3216 869 3196 868 3200 826 3219 827 small-vehicle 1
617 775 641 809 497 945 468 909 harbor 0
