imagesource:GoogleEarth
gsd:0.260515292364
318 506 327 504 332 524 323 528 small-vehicle 0
331 524 340 525 337 544 328 542 small-vehicle 0
314 542 325 541 325 564 316 565 small-vehicle 0
1460 635 1447 646 1369 541 1384 531 harbor 0
950 1338 932 1344 792 954 815 946 harbor 0
1058 1278 1033 1286 898 872 924 864 harbor 0
1120 1144 1091 1151 990 817 1019 808 harbor 0
1459 1061 1446 1068 1236 734 1248 726 harbor 0
1548 1002 1534 1012 1287 633 1303 621 harbor 0
1849 736 1818 761 1607 440 1639 422 harbor 0
1926 682 1910 693 1691 369 1710 358 harbor 0
2017 600 1999 613 1772 281 1791 266 harbor 0
753 1240 721 1244 667 938 695 933 harbor 0
657 1329 629 1336 545 940 573 932 harbor 0
454 1460 421 1469 323 1022 352 1013 harbor 0
337 1318 315 1324 231 1061 247 1055 harbor 0
