imagesource:GoogleEarth
gsd:0.253683425351
2181 756 2153 765 2101 615 2131 605 harbor 0
2079 772 2047 782 2006 649 2042 638 harbor 0
271 430 244 424 328 32 354 36 harbor 0
435 452 403 443 497 80 531 90 harbor 0
565 459 540 448 631 122 660 131 harbor 0
620 507 597 494 715 159 747 170 harbor 0
697 525 652 500 776 177 820 195 harbor 0
877 569 825 545 941 231 998 251 harbor 0
1114 611 1092 602 1180 371 1201 380 harbor 0
1221 605 1190 591 1245 441 1278 451 harbor 0
1278 636 1256 626 1302 514 1323 525 harbor 0
1373 660 1350 652 1387 550 1408 557 harbor 0
1463 669 1434 659 1467 560 1497 570 harbor 0
1610 703 1558 698 1565 575 1617 578 harbor 0
1718 707 1695 703 1705 595 1730 597 harbor 0
1853 761 1803 768 1783 653 1835 643 harbor 0
2023 775 1964 793 1929 671 1989 650 harbor 0
180 393 143 386 202 63 236 70 harbor 0
