imagesource:GoogleEarth
gsd:0.253726991307
2177 966 2221 958 2241 1051 2196 1059 tennis-court 0
1263 690 1289 686 1302 751 1280 756 harbor 0
335 942 355 938 374 1058 357 1060 harbor 0
458 913 519 906 535 1012 469 1016 harbor 0
626 923 652 924 646 1007 620 1005 harbor 0
700 910 746 902 758 994 714 1002 harbor 0
803 883 839 874 851 964 819 968 harbor 0
895 892 913 886 945 975 929 981 harbor 0
996 850 1022 849 1031 920 1006 923 harbor 0
1105 795 1123 784 1156 833 1136 846 harbor 0
1171 742 1193 730 1221 795 1202 804 harbor 0
1498 583 1511 581 1526 672 1512 674 harbor 0
2120 978 2164 969 2183 1062 2140 1070 tennis-court 0
1525 521 1569 513 1598 654 1553 663 harbor 0
1636 439 1658 437 1686 617 1665 619 harbor 0
1697 464 1722 462 1744 596 1719 598 harbor 0
1771 394 1802 389 1835 572 1805 576 harbor 0
1897 421 1927 419 1949 573 1920 575 harbor 0
1959 443 1984 438 2009 564 1987 566 harbor 0
2031 343 2054 337 2109 512 2087 520 harbor 0
2123 319 2144 314 2179 480 2159 484 harbor 0
2204 293 2214 292 2235 453 2226 453 harbor 0
259 934 279 931 307 1102 289 1105 harbor 0
