imagesource:GoogleEarth
gsd:0.264621680633
18 2335 39 2331 47 2367 27 2371 harbor 0
1597 2316 1600 2330 1552 2341 1548 2327 harbor 0
1670 2615 1676 2640 1629 2653 1622 2627 harbor 0
1714 2604 1705 2581 1748 2569 1753 2594 harbor 0
1651 2541 1655 2562 1612 2573 1605 2551 harbor 0
1639 2480 1643 2500 1599 2510 1594 2490 harbor 0
1685 2489 1678 2466 1719 2455 1723 2480 harbor 0
1622 2424 1629 2447 1586 2459 1580 2435 harbor 0
1675 2448 1669 2431 1714 2420 1718 2437 harbor 0
1658 2381 1649 2355 1700 2340 1706 2366 harbor 0
1640 2321 1636 2302 1681 2292 1685 2311 harbor 0
1750 2717 1743 2692 1786 2680 1793 2706 harbor 0
1574 2253 1582 2278 1539 2291 1531 2267 harbor 0
1623 2265 1619 2241 1663 2232 1667 2256 harbor 0
1617 2209 1611 2188 1638 2180 1644 2201 harbor 0
1560 2200 1566 2220 1522 2231 1517 2212 harbor 0
1602 2153 1595 2133 1633 2119 1640 2140 harbor 0
1544 2152 1551 2173 1510 2184 1503 2164 harbor 0
1585 2095 1569 2053 1608 2042 1622 2084 harbor 0
1520 2034 1525 2054 1490 2063 1485 2042 harbor 0
1725 2660 1718 2636 1764 2621 1771 2646 harbor 0
1684 2696 1690 2719 1653 2729 1647 2707 harbor 0
1485 1915 1491 1934 1458 1946 1450 1925 harbor 0
1492 371 1497 390 1471 395 1466 377 harbor 0
1561 588 1566 607 1527 615 1522 598 harbor 0
1612 607 1599 571 1639 561 1649 596 harbor 0
1544 528 1548 544 1508 555 1502 538 harbor 0
1598 550 1589 524 1632 514 1640 540 harbor 0
1530 478 1534 493 1494 505 1490 490 harbor 0
1576 482 1570 462 1618 447 1624 468 harbor 0
1511 430 1517 455 1485 464 1476 438 harbor 0
1561 424 1554 402 1604 391 1609 413 harbor 0
1547 384 1542 361 1598 350 1602 373 harbor 0
1761 2770 1757 2751 1814 2737 1818 2756 harbor 0
1538 298 1532 278 1567 268 1573 286 harbor 0
1479 292 1485 310 1462 316 1457 298 harbor 0
1796 2906 1822 2901 1827 2926 1803 2932 harbor 0
1748 2912 1772 2906 1776 2930 1753 2934 harbor 0
1737 2869 1742 2891 1708 2900 1701 2880 harbor 0
1724 2819 1729 2838 1677 2852 1671 2832 harbor 0
1798 2880 1791 2856 1844 2841 1850 2864 harbor 0
1779 2826 1774 2810 1831 2792 1837 2810 harbor 0
1568 2015 1560 2017 1545 1964 1553 1962 harbor 0
1539 1930 1533 1912 1583 1899 1586 1916 harbor 0
178 2287 231 2277 241 2321 188 2333 harbor 0
1216 920 1222 944 1180 956 1174 932 harbor 0
1272 1137 1278 1157 1232 1168 1225 1150 harbor 0
1333 1146 1329 1128 1370 1116 1375 1134 harbor 0
1267 1090 1271 1111 1227 1122 1221 1101 harbor 0
1316 1093 1312 1074 1357 1062 1362 1083 harbor 0
1251 1037 1258 1062 1213 1075 1205 1049 harbor 0
1305 1049 1297 1027 1344 1015 1350 1040 harbor 0
1230 973 1237 998 1194 1011 1186 987 harbor 0
1282 980 1275 958 1325 946 1331 969 harbor 0
1268 926 1261 904 1313 888 1319 908 harbor 0
1349 1213 1339 1173 1381 1162 1392 1203 harbor 0
1204 871 1209 890 1167 902 1162 883 harbor 0
1257 874 1252 854 1294 843 1300 862 harbor 0
1246 829 1240 808 1284 798 1289 820 harbor 0
1194 808 1199 826 1163 835 1158 819 harbor 0
1220 755 1215 736 1260 726 1264 745 harbor 0
1179 751 1183 765 1135 779 1131 764 harbor 0
1160 683 1165 700 1121 714 1116 696 harbor 0
1208 709 1203 691 1242 678 1249 696 harbor 0
1280 1205 1286 1229 1262 1236 1255 1213 harbor 0
1364 1263 1359 1244 1402 1232 1408 1251 harbor 0
1472 1866 1477 1887 1444 1897 1438 1875 harbor 0
1464 1650 1459 1633 1494 1625 1498 1640 harbor 0
1525 1877 1520 1860 1566 1849 1570 1868 harbor 0
1465 1817 1471 1838 1430 1850 1425 1829 harbor 0
1507 1822 1499 1799 1540 1787 1546 1810 harbor 0
1449 1755 1456 1777 1417 1787 1409 1766 harbor 0
1493 1771 1486 1748 1522 1738 1528 1762 harbor 0
1421 1702 1425 1723 1385 1733 1381 1713 harbor 0
1477 1704 1470 1682 1495 1676 1501 1699 harbor 0
1411 1648 1416 1665 1399 1671 1394 1654 harbor 0
1403 1601 1405 1614 1368 1621 1366 1607 harbor 0
1301 1264 1308 1290 1251 1303 1244 1279 harbor 0
1439 1539 1434 1518 1468 1510 1475 1529 harbor 0
1375 1529 1382 1557 1341 1567 1334 1538 harbor 0
1412 1459 1460 1448 1466 1465 1418 1478 harbor 0
1343 1466 1355 1463 1367 1512 1357 1514 harbor 0
1348 1426 1352 1444 1307 1455 1303 1437 harbor 0
1411 1429 1405 1409 1452 1397 1457 1415 harbor 0
1327 1368 1332 1389 1305 1397 1299 1377 harbor 0
1314 1310 1321 1337 1274 1348 1266 1322 harbor 0
1573 646 1576 658 1533 670 1530 658 harbor 0
1626 653 1620 634 1679 619 1684 640 harbor 0
1648 706 1643 685 1692 673 1697 692 harbor 0
2099 2376 2094 2357 2146 2344 2150 2363 harbor 0
2155 2615 2148 2597 2200 2583 2205 2602 harbor 0
2100 2592 2107 2612 2068 2623 2061 2602 harbor 0
2144 2563 2136 2538 2185 2525 2192 2551 harbor 0
2088 2547 2091 2562 2047 2574 2043 2559 harbor 0
2073 2480 2077 2501 2032 2512 2027 2494 harbor 0
2124 2473 2119 2452 2164 2443 2170 2464 harbor 0
2048 2399 2053 2419 2018 2429 2013 2409 harbor 0
2115 2434 2109 2410 2154 2399 2160 2423 harbor 0
2019 2317 2024 2337 1995 2346 1989 2326 harbor 0
2108 2650 2113 2670 2074 2680 2069 2660 harbor 0
2076 2311 2070 2292 2121 2280 2125 2298 harbor 0
2008 2260 2011 2280 1972 2290 1966 2270 harbor 0
2067 2267 2062 2247 2099 2237 2106 2256 harbor 0
2001 2202 2006 2227 1962 2238 1957 2213 harbor 0
2050 2215 2044 2197 2099 2181 2104 2199 harbor 0
1984 2150 1989 2169 1948 2179 1943 2159 harbor 0
2039 2158 2033 2138 2098 2120 2104 2140 harbor 0
1967 2087 1975 2122 1937 2132 1928 2096 harbor 0
2165 2656 2158 2632 2209 2620 2215 2643 harbor 0
2126 2704 2131 2725 2092 2735 2085 2714 harbor 0
1596 705 1602 728 1554 741 1547 716 harbor 0
2351 1 2370 1 2399 171 2379 174 harbor 1
4029 514 4011 518 4003 479 4023 476 harbor 0
3034 1 3044 1 3065 114 3054 115 harbor 1
2966 1 2978 1 3000 135 2990 137 harbor 1
2829 1 2838 2 2860 146 2850 148 harbor 1
2688 1 2700 1 2725 163 2715 164 harbor 1
2615 2 2626 1 2655 169 2644 170 harbor 1
2538 1 2549 1 2576 174 2566 175 harbor 1
2459 1 2479 1 2505 164 2486 165 harbor 1
2255 1 2290 0 2314 147 2276 151 harbor 0
2181 2712 2177 2693 2214 2686 2218 2705 harbor 0
2135 17 2166 10 2185 165 2156 169 harbor 0
2051 33 2087 26 2111 193 2079 198 harbor 0
1994 44 2021 38 2047 217 2022 221 harbor 0
1832 70 1871 61 1902 239 1867 246 harbor 0
1754 80 1774 75 1819 269 1797 273 harbor 0
2195 2800 2191 2789 2249 2773 2252 2783 harbor 0
2154 2780 2168 2792 2152 2817 2137 2806 harbor 0
2204 2769 2196 2745 2250 2729 2258 2754 harbor 0
2020 2089 2014 2066 2060 2054 2066 2079 harbor 0
1952 2035 1957 2060 1918 2069 1912 2045 harbor 0
1937 1978 1942 1998 1893 2013 1887 1993 harbor 0
1668 984 1672 1002 1634 1013 1628 995 harbor 0
1728 1199 1734 1222 1687 1234 1682 1211 harbor 0
1790 1204 1783 1181 1828 1167 1835 1188 harbor 0
1713 1146 1717 1166 1677 1177 1672 1157 harbor 0
1775 1153 1770 1134 1816 1122 1820 1142 harbor 0
1692 1091 1697 1111 1672 1119 1666 1099 harbor 0
1754 1096 1747 1074 1784 1064 1789 1087 harbor 0
1680 1031 1685 1056 1660 1062 1654 1039 harbor 0
1742 1034 1736 1015 1780 1005 1784 1025 harbor 0
1727 978 1723 958 1766 950 1771 970 harbor 0
1998 1997 1990 1963 2044 1953 2052 1990 harbor 0
1655 923 1661 942 1616 954 1608 933 harbor 0
1708 931 1703 908 1741 899 1747 925 harbor 0
1639 873 1644 894 1607 906 1599 883 harbor 0
1687 875 1682 856 1737 842 1740 860 harbor 0
1622 810 1625 828 1588 839 1584 821 harbor 0
1674 820 1670 800 1724 786 1729 806 harbor 0
1607 749 1613 770 1571 780 1566 760 harbor 0
1659 766 1652 747 1704 731 1711 749 harbor 0
1807 1276 1801 1256 1846 1245 1850 1267 harbor 0
1746 1257 1749 1276 1705 1287 1700 1268 harbor 0
1758 1312 1763 1334 1719 1345 1712 1322 harbor 0
1823 1364 1814 1341 1864 1326 1872 1348 harbor 0
1926 1927 1932 1951 1882 1964 1874 1943 harbor 0
1956 1868 1952 1850 2009 1835 2014 1855 harbor 0
1896 1812 1904 1838 1860 1847 1852 1821 harbor 0
1944 1822 1938 1802 1967 1795 1971 1813 harbor 0
1884 1757 1889 1777 1866 1782 1860 1763 harbor 0
1931 1759 1925 1739 1976 1727 1981 1749 harbor 0
1866 1710 1872 1730 1830 1743 1825 1723 harbor 0
1851 1646 1854 1660 1812 1671 1807 1657 harbor 0
1898 1652 1890 1622 1944 1608 1951 1636 harbor 0
1836 1601 1841 1619 1800 1631 1794 1612 harbor 0
1876 1552 1867 1530 1918 1511 1926 1534 harbor 0
1816 1533 1822 1558 1782 1569 1776 1545 harbor 0
1803 1484 1808 1502 1752 1518 1747 1497 harbor 0
1854 1481 1847 1459 1899 1448 1905 1469 harbor 0
1789 1425 1797 1458 1741 1471 1733 1434 harbor 0
1846 1429 1840 1405 1886 1396 1892 1420 harbor 0
1774 1367 1781 1388 1729 1401 1722 1379 harbor 0
1134 582 1138 604 1096 614 1090 592 harbor 0
1184 593 1180 576 1211 568 1215 585 harbor 0
1115 525 1121 548 1076 562 1069 537 harbor 0
670 2128 676 2153 633 2165 627 2142 harbor 0
736 2360 741 2383 694 2396 687 2372 harbor 0
782 2375 774 2355 820 2341 825 2363 harbor 0
724 2311 729 2337 678 2344 675 2322 harbor 0
771 2318 765 2299 791 2292 796 2311 harbor 0
705 2250 711 2270 659 2284 654 2264 harbor 0
759 2272 752 2252 793 2241 799 2261 harbor 0
690 2191 695 2212 643 2225 638 2205 harbor 0
740 2206 733 2186 787 2171 792 2191 harbor 0
725 2162 718 2139 766 2126 772 2149 harbor 0
753 2419 762 2450 711 2465 701 2432 harbor 0
710 2094 704 2075 752 2063 757 2081 harbor 0
649 2054 656 2077 609 2088 603 2066 harbor 0
693 2029 688 2009 740 1997 745 2018 harbor 0
628 1983 633 2003 587 2017 582 1997 harbor 0
682 1988 672 1955 726 1942 735 1975 harbor 0
609 1913 616 1937 565 1954 558 1928 harbor 0
668 1928 662 1908 710 1896 715 1915 harbor 0
592 1866 597 1885 554 1897 549 1878 harbor 0
800 2438 793 2410 839 2397 847 2424 harbor 0
815 2485 808 2462 849 2449 858 2473 harbor 0
932 3140 951 3133 957 3156 939 3162 harbor 0
901 2817 895 2798 936 2787 942 2807 harbor 0
911 3031 917 3052 869 3065 862 3043 harbor 0
959 3041 954 3021 991 3012 996 3031 harbor 0
896 2980 901 2999 857 3011 853 2992 harbor 0
944 2981 938 2961 978 2951 983 2970 harbor 0
881 2910 887 2939 843 2947 837 2920 harbor 0
934 2931 928 2912 971 2902 976 2923 harbor 0
867 2867 872 2886 829 2896 825 2878 harbor 0
922 2893 914 2860 953 2849 962 2884 harbor 0
845 2751 850 2770 800 2784 795 2762 harbor 0
775 2488 780 2508 730 2522 724 2502 harbor 0
885 2761 878 2741 923 2730 929 2749 harbor 0
829 2700 834 2719 787 2733 781 2712 harbor 0
872 2715 866 2692 906 2682 912 2705 harbor 0
821 2660 825 2680 774 2692 769 2671 harbor 0
857 2651 850 2629 890 2620 896 2642 harbor 0
845 2606 838 2582 879 2572 884 2599 harbor 0
801 2600 808 2623 759 2638 751 2614 harbor 0
827 2542 821 2521 863 2510 868 2531 harbor 0
655 1873 650 1853 690 1842 696 1860 harbor 0
636 1816 630 1796 672 1786 678 1804 harbor 0
621 1759 615 1739 656 1730 661 1749 harbor 0
389 866 383 842 429 830 436 855 harbor 0
452 1094 445 1074 488 1061 496 1080 harbor 0
367 1038 371 1060 336 1069 332 1049 harbor 0
438 1031 433 1013 478 1002 482 1020 harbor 0
416 975 408 947 459 935 464 963 harbor 0
354 972 359 993 325 1002 321 982 harbor 0
343 919 346 937 297 951 291 932 harbor 0
403 915 397 894 445 884 450 904 harbor 0
326 861 330 878 281 892 276 876 harbor 0
310 807 313 826 268 838 262 819 harbor 0
554 1754 562 1775 519 1788 513 1766 harbor 0
371 813 366 793 414 780 419 801 harbor 0
292 752 297 770 248 782 243 763 harbor 0
358 758 352 738 401 724 406 745 harbor 0
281 695 285 716 231 730 225 710 harbor 0
265 633 270 653 214 667 207 647 harbor 0
329 642 323 622 371 610 377 630 harbor 0
247 580 250 595 200 608 194 594 harbor 0
302 550 291 513 328 503 340 539 harbor 0
378 1090 384 1111 344 1120 339 1100 harbor 0
465 1147 460 1122 501 1114 506 1138 harbor 0
392 1139 397 1159 361 1168 356 1148 harbor 0
482 1205 476 1184 515 1172 521 1192 harbor 0
607 1705 601 1686 657 1672 662 1690 harbor 0
531 1640 536 1660 502 1670 496 1649 harbor 0
593 1650 586 1627 645 1614 650 1639 harbor 0
518 1580 523 1605 483 1615 477 1589 harbor 0
588 1592 581 1573 630 1559 636 1576 harbor 0
500 1524 506 1546 459 1557 453 1537 harbor 0
491 1473 496 1498 456 1508 450 1484 harbor 0
566 1538 561 1520 611 1507 617 1525 harbor 0
541 1482 535 1458 580 1448 585 1472 harbor 0
532 1427 525 1404 566 1393 574 1418 harbor 0
454 1360 477 1439 419 1457 396 1375 harbor 0
524 1370 518 1350 562 1339 567 1357 harbor 0
432 1310 437 1334 397 1345 391 1321 harbor 0
507 1314 501 1294 538 1285 544 1305 harbor 0
420 1254 426 1280 392 1286 386 1261 harbor 0
496 1260 488 1236 527 1227 532 1250 harbor 0
402 1186 409 1205 359 1219 352 1199 harbor 0
927 3086 930 3103 888 3112 886 3093 harbor 0
440 276 458 272 473 328 458 333 harbor 0
1168 538 1164 518 1210 506 1214 528 harbor 0
1148 2109 1141 2086 1180 2076 1186 2097 harbor 0
1271 2541 1265 2522 1311 2510 1317 2529 harbor 0
1162 2373 1174 2418 1130 2431 1118 2383 harbor 0
1233 2379 1226 2360 1280 2343 1287 2363 harbor 0
1138 2255 1144 2278 1104 2290 1096 2265 harbor 0
1207 2300 1190 2250 1244 2234 1258 2287 harbor 0
1120 2194 1125 2213 1096 2220 1090 2200 harbor 0
1184 2221 1177 2202 1220 2188 1227 2206 harbor 0
1115 2151 1118 2165 1063 2179 1059 2163 harbor 0
1084 2024 1090 2047 1038 2062 1030 2038 harbor 0
1288 2596 1283 2577 1324 2564 1330 2584 harbor 0
1132 2035 1127 2016 1170 2005 1175 2025 harbor 0
1071 1973 1077 2002 1020 2014 1013 1986 harbor 0
1120 1987 1116 1968 1155 1956 1160 1976 harbor 0
1106 1929 1099 1906 1139 1897 1144 1920 harbor 0
1038 1863 1042 1889 990 1902 982 1878 harbor 0
1084 1874 1077 1852 1121 1838 1129 1859 harbor 0
1017 1812 1024 1836 976 1851 968 1828 harbor 0
1066 1820 1058 1796 1120 1780 1126 1807 harbor 0
1214 2534 1220 2556 1168 2570 1161 2547 harbor 0
1220 2577 1223 2593 1178 2605 1173 2589 harbor 0
642 443 648 467 616 475 611 452 harbor 0
1385 2981 1379 2962 1410 2953 1416 2972 harbor 0
1104 485 1106 494 1054 508 1051 498 harbor 0
1074 412 1078 429 1029 444 1026 425 harbor 0
1123 349 1133 347 1141 383 1132 386 harbor 0
1346 3021 1349 3039 1313 3047 1309 3029 harbor 0
1378 3010 1397 3005 1405 3036 1387 3042 harbor 0
1332 2984 1338 3005 1283 3022 1276 3001 harbor 0
926 222 953 215 967 275 939 283 harbor 0
880 237 906 230 918 283 892 288 harbor 0
1314 2905 1323 2938 1279 2949 1269 2916 harbor 0
1300 2655 1294 2636 1339 2625 1343 2644 harbor 0
1365 2920 1358 2891 1412 2877 1418 2907 harbor 0
1303 2870 1308 2889 1268 2901 1263 2882 harbor 0
1348 2849 1339 2819 1384 2809 1390 2838 harbor 0
1288 2812 1293 2832 1245 2844 1239 2826 harbor 0
1277 2760 1282 2781 1229 2794 1224 2774 harbor 0
1312 2701 1325 2699 1344 2778 1333 2781 harbor 0
1270 2714 1274 2734 1220 2749 1215 2729 harbor 0
1246 2635 1253 2663 1208 2676 1200 2649 harbor 0
1001 1753 1008 1778 960 1790 953 1767 harbor 0
1059 1763 1053 1740 1101 1727 1107 1750 harbor 0
1042 1700 1037 1677 1087 1664 1092 1687 harbor 0
708 699 713 718 666 732 660 713 harbor 0
770 922 775 941 725 954 721 934 harbor 0
830 927 822 904 866 892 872 913 harbor 0
756 862 761 883 721 894 716 873 harbor 0
817 873 811 848 854 838 861 862 harbor 0
738 804 746 834 709 844 700 813 harbor 0
805 822 797 798 836 786 845 809 harbor 0
726 739 732 770 705 776 698 745 harbor 0
786 763 779 739 810 733 815 756 harbor 0
767 699 761 680 806 667 812 685 harbor 0
1032 1655 1026 1637 1072 1623 1078 1643 harbor 0
699 642 704 666 658 677 651 654 harbor 0
758 650 750 631 789 618 797 637 harbor 0
691 609 693 625 666 629 664 614 harbor 0
738 591 733 571 799 555 804 576 harbor 0
670 534 675 553 637 561 633 541 harbor 0
656 483 660 502 625 512 620 493 harbor 0
730 537 724 516 771 505 776 524 harbor 0
704 435 700 416 726 409 731 428 harbor 0
786 978 790 998 739 1010 734 991 harbor 0
860 1040 849 1004 892 994 901 1033 harbor 0
798 1026 804 1048 760 1061 753 1039 harbor 0
878 1096 871 1078 900 1070 905 1088 harbor 0
966 1645 971 1667 926 1678 921 1657 harbor 0
1014 1595 1007 1567 1054 1555 1062 1581 harbor 0
938 1534 944 1555 902 1565 896 1544 harbor 0
1001 1548 994 1521 1040 1507 1048 1533 harbor 0
921 1471 926 1493 887 1504 880 1482 harbor 0
977 1473 970 1450 1022 1437 1028 1461 harbor 0
906 1422 910 1443 866 1452 860 1432 harbor 0
970 1428 963 1406 1010 1392 1016 1415 harbor 0
892 1367 896 1387 850 1398 846 1376 harbor 0
952 1372 947 1348 995 1336 1001 1361 harbor 0
938 1320 932 1289 980 1278 986 1308 harbor 0
877 1311 884 1336 838 1348 830 1324 harbor 0
928 1265 923 1248 968 1236 973 1253 harbor 0
855 1204 869 1268 827 1279 810 1216 harbor 0
907 1207 901 1187 930 1179 935 1200 harbor 0
896 1152 889 1128 920 1120 928 1144 harbor 0
802 1104 820 1099 834 1152 816 1157 harbor 0
3956 542 3933 545 3928 511 3952 509 harbor 0
3904 564 3881 567 3872 522 3898 516 harbor 0
3849 567 3827 571 3823 544 3845 540 harbor 0
2626 1282 2631 1304 2608 1311 2602 1289 harbor 0
2698 1545 2707 1584 2684 1592 2673 1552 harbor 0
2688 1505 2693 1525 2667 1532 2661 1512 harbor 0
2674 1449 2679 1471 2650 1478 2644 1456 harbor 0
2725 1460 2718 1436 2745 1429 2752 1452 harbor 0
2655 1395 2660 1415 2636 1422 2629 1403 harbor 0
2705 1392 2700 1374 2735 1365 2740 1384 harbor 0
2640 1336 2647 1361 2624 1367 2617 1343 harbor 0
2694 1350 2688 1331 2720 1321 2726 1342 harbor 0
2681 1290 2675 1271 2705 1263 2710 1283 harbor 0
2716 1616 2723 1641 2698 1647 2691 1625 harbor 0
2610 1212 2616 1242 2590 1249 2583 1218 harbor 0
2668 1234 2663 1215 2692 1206 2699 1227 harbor 0
2598 1172 2602 1192 2578 1198 2571 1178 harbor 0
2655 1181 2648 1156 2674 1150 2680 1175 harbor 0
2582 1113 2588 1139 2562 1146 2555 1120 harbor 0
2635 1120 2629 1100 2655 1094 2660 1112 harbor 0
2622 1069 2616 1046 2640 1040 2646 1064 harbor 0
2570 1062 2576 1086 2551 1092 2544 1068 harbor 0
2758 1570 2752 1551 2780 1544 2785 1564 harbor 0
2771 1628 2765 1606 2793 1600 2798 1620 harbor 0
2901 2292 2906 2312 2880 2319 2876 2299 harbor 0
2862 1960 2855 1936 2882 1929 2888 1953 harbor 0
2935 2236 2931 2217 2964 2210 2969 2230 harbor 0
2922 2184 2916 2164 2948 2155 2954 2173 harbor 0
2904 2127 2899 2108 2933 2098 2938 2116 harbor 0
2852 2117 2856 2137 2826 2145 2820 2126 harbor 0
2836 2062 2840 2082 2815 2090 2810 2070 harbor 0
2821 2008 2826 2029 2802 2035 2797 2016 harbor 0
2875 2015 2869 1996 2901 1988 2905 2007 harbor 0
2803 1949 2810 1974 2783 1982 2776 1956 harbor 0
2792 1897 2799 1921 2772 1928 2766 1903 harbor 0
2734 1672 2740 1697 2712 1704 2706 1680 harbor 0
2848 1905 2842 1882 2867 1876 2873 1898 harbor 0
2776 1836 2783 1860 2754 1869 2748 1844 harbor 0
2831 1837 2826 1823 2859 1814 2863 1828 harbor 0
2761 1783 2766 1803 2738 1808 2733 1789 harbor 0
2818 1791 2811 1772 2847 1759 2854 1781 harbor 0
2746 1715 2754 1752 2724 1759 2714 1722 harbor 0
2803 1734 2798 1715 2829 1705 2834 1727 harbor 0
2785 1681 2780 1661 2814 1651 2818 1673 harbor 0
2551 1004 2562 1040 2536 1046 2527 1013 harbor 0
2605 1014 2596 980 2626 972 2634 1009 harbor 0
2538 947 2545 971 2520 976 2515 953 harbor 0
3220 1659 3216 1649 3241 1643 3244 1653 harbor 0
3302 1959 3296 1937 3324 1928 3330 1952 harbor 0
3224 1905 3229 1925 3202 1933 3195 1912 harbor 0
3209 1845 3216 1870 3188 1879 3180 1854 harbor 0
3269 1841 3262 1818 3286 1811 3294 1835 harbor 0
3256 1794 3250 1770 3283 1762 3288 1786 harbor 0
3189 1774 3203 1823 3182 1828 3171 1780 harbor 0
3241 1737 3235 1718 3260 1710 3265 1730 harbor 0
3178 1733 3183 1753 3155 1760 3149 1740 harbor 0
3161 1677 3167 1695 3144 1702 3138 1683 harbor 0
2581 923 2575 899 2597 894 2602 918 harbor 0
3213 1623 3205 1600 3234 1591 3240 1614 harbor 0
3152 1623 3155 1641 3124 1647 3120 1628 harbor 0
3196 1571 3189 1549 3220 1542 3226 1562 harbor 0
3134 1561 3141 1586 3108 1594 3100 1569 harbor 0
3182 1517 3176 1495 3207 1488 3213 1511 harbor 0
3120 1504 3126 1528 3097 1536 3090 1512 harbor 0
3168 1460 3162 1436 3188 1430 3193 1454 harbor 0
3103 1452 3111 1475 3081 1483 3074 1460 harbor 0
3238 1956 3243 1975 3216 1983 3210 1964 harbor 0
3316 2017 3310 1994 3333 1987 3339 2011 harbor 0
3253 2013 3257 2032 3228 2038 3223 2019 harbor 0
3330 2069 3322 2041 3355 2035 3359 2064 harbor 0
2524 892 2529 912 2499 921 2494 902 harbor 0
2625 823 2674 816 2679 843 2631 851 harbor 0
3493 2333 3520 2327 3527 2365 3500 2370 harbor 0
3445 2353 3469 2347 3475 2383 3455 2388 harbor 0
3392 2367 3411 2362 3419 2397 3400 2401 harbor 0
3350 2380 3370 2374 3376 2400 3355 2403 harbor 0
3279 2401 3301 2394 3306 2418 3285 2424 harbor 0
3246 2411 3265 2406 3271 2432 3253 2437 harbor 0
3331 2294 3336 2315 3312 2321 3307 2301 harbor 0
3388 2296 3382 2273 3415 2262 3421 2287 harbor 0
3315 2231 3320 2253 3292 2261 3286 2239 harbor 0
3377 2239 3371 2220 3394 2214 3400 2233 harbor 0
3303 2181 3308 2206 3278 2214 3272 2189 harbor 0
3360 2184 3354 2162 3385 2152 3392 2178 harbor 0
3284 2116 3291 2141 3260 2151 3252 2125 harbor 0
3348 2131 3339 2107 3372 2099 3378 2123 harbor 0
3269 2065 3273 2084 3245 2092 3239 2072 harbor 0
2947 2293 2942 2273 2977 2264 2983 2283 harbor 0
2965 2345 2959 2327 2984 2319 2990 2340 harbor 0
3153 1406 3146 1380 3173 1374 3179 1399 harbor 0
152 1720 147 1697 192 1689 197 1712 harbor 0
277 2207 269 2185 320 2170 327 2189 harbor 0
266 2155 260 2132 308 2118 314 2141 harbor 0
253 2091 247 2071 296 2060 301 2077 harbor 0
240 2040 235 2021 290 2008 296 2028 harbor 0
225 1983 219 1963 262 1953 268 1973 harbor 0
208 1927 202 1908 235 1899 240 1918 harbor 0
180 1814 176 1796 214 1787 219 1807 harbor 0
164 1760 156 1732 179 1725 186 1754 harbor 0
136 1635 131 1616 170 1606 174 1627 harbor 0
324 2323 316 2304 350 2288 358 2306 harbor 0
120 1595 116 1574 160 1566 165 1585 harbor 0
107 1539 103 1518 149 1506 154 1529 harbor 0
93 1483 86 1458 126 1448 133 1473 harbor 0
80 1429 75 1409 113 1402 118 1421 harbor 0
68 1373 62 1353 126 1334 132 1356 harbor 0
37 1260 31 1237 72 1226 78 1250 harbor 0
17 1200 12 1183 53 1169 58 1188 harbor 0
3686 2256 3668 2261 3662 2237 3680 2231 harbor 0
299 2264 293 2246 331 2237 337 2254 harbor 0
348 2378 342 2360 364 2355 369 2372 harbor 0
2908 2334 2919 2366 2896 2372 2887 2340 harbor 0
413 2735 418 2760 366 2771 362 2746 harbor 0
132 2298 153 2293 162 2337 143 2341 harbor 0
76 2323 104 2316 113 2349 84 2357 harbor 0
465 2959 481 2971 455 3008 438 2996 harbor 0
450 2903 454 2924 431 2931 425 2911 harbor 0
502 2942 490 2900 516 2894 526 2935 harbor 0
427 2848 433 2868 386 2880 381 2860 harbor 0
480 2871 475 2848 506 2841 512 2864 harbor 0
467 2816 460 2793 492 2784 499 2808 harbor 0
451 2760 446 2736 483 2728 487 2754 harbor 0
366 2432 358 2409 380 2403 388 2425 harbor 0
445 2714 434 2677 469 2668 479 2705 harbor 0
374 2619 379 2636 334 2647 331 2630 harbor 0
428 2649 421 2625 456 2616 463 2640 harbor 0
416 2594 409 2569 443 2560 450 2584 harbor 0
343 2506 348 2529 308 2540 302 2516 harbor 0
402 2536 396 2513 432 2504 438 2528 harbor 0
379 2486 371 2462 400 2453 407 2476 harbor 0
329 2447 339 2482 298 2495 288 2459 harbor 0
3732 2167 3738 2187 3702 2196 3696 2176 harbor 0
3793 2164 3785 2130 3808 2125 3814 2161 harbor 0
3693 2072 3704 2068 3721 2115 3710 2119 harbor 0
3531 1179 3526 1160 3553 1154 3556 1174 harbor 0
3587 1404 3581 1385 3613 1375 3618 1396 harbor 0
3574 1348 3568 1328 3602 1319 3605 1339 harbor 0
3514 1343 3519 1363 3492 1371 3486 1352 harbor 0
3557 1296 3550 1274 3578 1268 3583 1290 harbor 0
3495 1283 3501 1307 3474 1313 3468 1290 harbor 0
3545 1239 3538 1215 3561 1208 3568 1231 harbor 0
3482 1232 3487 1254 3459 1262 3453 1238 harbor 0
3469 1176 3474 1197 3442 1204 3438 1183 harbor 0
3513 1128 3506 1105 3535 1097 3542 1122 harbor 0
3776 2104 3763 2056 3786 2050 3798 2098 harbor 0
3453 1120 3458 1140 3434 1147 3429 1128 harbor 0
3092 2453 3114 2446 3120 2471 3100 2476 harbor 0
3037 2468 3061 2461 3066 2485 3044 2491 harbor 0
2974 2484 3009 2474 3016 2506 2982 2514 harbor 0
2873 2513 2892 2507 2898 2535 2879 2540 harbor 0
2825 2524 2840 2519 2845 2543 2832 2547 harbor 0
2929 2422 2933 2439 2911 2444 2908 2426 harbor 0
2922 2396 2928 2415 2909 2420 2905 2401 harbor 0
3531 1397 3539 1428 3507 1435 3498 1405 harbor 0
3604 1462 3598 1436 3629 1430 3636 1454 harbor 0
3541 1443 3550 1478 3521 1485 3512 1451 harbor 0
3623 1515 3616 1491 3642 1485 3649 1509 harbor 0
3754 2027 3748 2000 3775 1994 3781 2023 harbor 0
3683 1975 3687 1995 3658 2003 3653 1983 harbor 0
3738 1963 3731 1938 3762 1932 3767 1955 harbor 0
3666 1900 3670 1920 3637 1927 3632 1908 harbor 0
3725 1907 3718 1883 3743 1876 3749 1899 harbor 0
3710 1850 3704 1829 3733 1821 3739 1842 harbor 0
3647 1838 3652 1862 3625 1868 3619 1844 harbor 0
3630 1786 3637 1810 3611 1817 3605 1792 harbor 0
3692 1792 3685 1772 3719 1765 3724 1784 harbor 0
3679 1739 3672 1719 3700 1709 3707 1731 harbor 0
3618 1737 3622 1758 3594 1765 3589 1745 harbor 0
3602 1678 3607 1699 3576 1704 3572 1685 harbor 0
3662 1691 3653 1663 3682 1655 3691 1683 harbor 0
3587 1621 3592 1641 3558 1649 3552 1630 harbor 0
3648 1629 3641 1605 3668 1598 3674 1622 harbor 0
3634 1569 3627 1550 3658 1543 3663 1561 harbor 0
3554 1506 3561 1533 3534 1540 3526 1513 harbor 0
3086 1399 3092 1419 3065 1426 3059 1406 harbor 0
3073 1342 3078 1367 3055 1372 3048 1348 harbor 0
3789 581 3755 585 3750 548 3784 543 harbor 0
2329 1623 2325 1602 2353 1595 2358 1615 harbor 0
2335 1835 2344 1864 2320 1870 2312 1842 harbor 0
2324 1783 2330 1803 2303 1811 2297 1790 harbor 0
2376 1791 2370 1775 2403 1766 2408 1782 harbor 0
2307 1728 2312 1748 2287 1756 2282 1735 harbor 0
2360 1736 2352 1712 2381 1704 2386 1731 harbor 0
2292 1671 2297 1691 2270 1699 2265 1677 harbor 0
2346 1679 2339 1656 2365 1649 2370 1673 harbor 0
2277 1615 2282 1635 2257 1641 2251 1623 harbor 0
2260 1562 2264 1583 2241 1589 2236 1567 harbor 0
2407 1902 2401 1879 2425 1871 2431 1898 harbor 0
2316 1561 2311 1541 2338 1534 2343 1555 harbor 0
2245 1508 2249 1528 2220 1536 2215 1517 harbor 0
2301 1509 2295 1490 2322 1485 2326 1503 harbor 0
2227 1446 2233 1471 2210 1477 2205 1451 harbor 0
2286 1455 2281 1434 2312 1428 2315 1450 harbor 0
2215 1392 2220 1412 2193 1418 2188 1400 harbor 0
2270 1401 2264 1377 2293 1369 2298 1395 harbor 0
2259 1342 2254 1322 2282 1314 2287 1334 harbor 0
2390 1844 2385 1825 2410 1818 2414 1839 harbor 0
2352 1892 2356 1912 2332 1919 2326 1901 harbor 0
2653 2533 2629 2541 2621 2517 2649 2511 harbor 0
2443 2226 2449 2250 2424 2257 2418 2234 harbor 0
2573 2516 2567 2490 2598 2484 2604 2508 harbor 0
2556 2459 2551 2440 2582 2432 2586 2451 harbor 0
2489 2393 2495 2415 2468 2425 2460 2401 harbor 0
2541 2396 2535 2378 2567 2369 2573 2389 harbor 0
2468 2334 2473 2353 2452 2360 2446 2342 harbor 0
2526 2347 2521 2328 2555 2319 2560 2339 harbor 0
2456 2278 2461 2304 2437 2310 2431 2283 harbor 0
2514 2291 2507 2272 2541 2263 2546 2282 harbor 0
2495 2233 2490 2214 2523 2206 2527 2226 harbor 0
2421 1958 2415 1937 2446 1930 2450 1953 harbor 0
2432 2177 2437 2196 2409 2203 2404 2185 harbor 0
2487 2182 2481 2167 2509 2160 2512 2176 harbor 0
2415 2116 2420 2136 2389 2145 2383 2125 harbor 0
2463 2118 2458 2098 2492 2091 2497 2110 harbor 0
2451 2068 2446 2048 2471 2042 2476 2061 harbor 0
2382 2005 2387 2023 2362 2030 2356 2011 harbor 0
2435 2013 2428 1990 2456 1984 2460 2008 harbor 0
2368 1948 2373 1977 2349 1983 2343 1954 harbor 0
2199 1335 2205 1360 2180 1367 2174 1342 harbor 0
2188 1277 2193 1301 2164 1311 2157 1286 harbor 0
2244 1284 2236 1265 2269 1256 2276 1275 harbor 0
3103 686 3083 688 3082 664 3102 661 harbor 0
2646 755 2626 758 2622 725 2641 722 harbor 0
2704 746 2683 749 2680 718 2701 715 harbor 0
2754 739 2735 743 2728 710 2749 707 harbor 0
2822 732 2798 735 2794 705 2818 702 harbor 0
2874 720 2856 722 2852 693 2871 691 harbor 0
2938 716 2912 720 2908 683 2935 680 harbor 0
2980 706 2954 710 2948 678 2976 674 harbor 0
3043 695 3024 698 3019 669 3040 666 harbor 0
3156 678 3135 681 3133 649 3154 646 harbor 0
2168 1223 2175 1248 2151 1254 2145 1230 harbor 0
3219 669 3196 671 3192 638 3214 635 harbor 0
3276 660 3253 664 3250 633 3273 631 harbor 0
3330 651 3294 657 3288 628 3325 623 harbor 0
3442 633 3412 638 3407 610 3440 604 harbor 0
3560 612 3540 615 3536 590 3556 588 harbor 0
3619 608 3597 613 3591 578 3615 573 harbor 0
3675 597 3652 601 3648 567 3672 563 harbor 0
3732 588 3708 592 3704 559 3729 556 harbor 0
2536 774 2510 779 2507 748 2532 744 harbor 0
2480 780 2457 785 2453 753 2476 750 harbor 0
2420 792 2401 795 2396 758 2415 755 harbor 0
2364 799 2346 801 2340 775 2359 772 harbor 0
2229 1234 2222 1216 2251 1206 2256 1224 harbor 0
2156 1169 2161 1192 2137 1199 2130 1176 harbor 0
2141 1112 2147 1137 2122 1146 2114 1120 harbor 0
2198 1122 2190 1099 2216 1091 2222 1116 harbor 0
2126 1062 2132 1085 2110 1092 2102 1067 harbor 0
2181 1068 2175 1042 2201 1035 2206 1062 harbor 0
2115 1003 2119 1024 2092 1031 2088 1012 harbor 0
2163 1004 2155 981 2183 972 2190 996 harbor 0
2100 946 2104 970 2079 977 2072 952 harbor 0
2247 880 2273 876 2276 903 2252 907 harbor 0
2080 888 2088 907 2062 916 2054 898 harbor 0
2073 838 2068 849 2037 830 2043 820 harbor 0
2094 836 2080 838 2075 806 2089 804 harbor 0
2123 834 2107 836 2103 805 2119 802 harbor 0
2200 822 2176 824 2173 794 2196 791 harbor 0
2256 814 2228 818 2223 789 2253 785 harbor 0
2301 809 2282 812 2277 783 2297 781 harbor 0
2516 2503 2521 2523 2499 2529 2493 2508 harbor 0
2680 2555 2700 2550 2706 2580 2688 2585 harbor 0
3137 1347 3132 1328 3157 1320 3162 1342 harbor 0
3662 675 3687 672 3689 697 3664 700 harbor 0
3423 1008 3428 1029 3403 1035 3398 1013 harbor 0
3466 959 3463 939 3486 933 3492 955 harbor 0
3410 953 3415 977 3390 983 3384 960 harbor 0
3455 905 3446 885 3470 875 3479 896 harbor 0
3379 841 3383 865 3360 871 3352 849 harbor 0
3366 784 3370 809 3353 814 3347 789 harbor 0
3243 734 3275 727 3281 755 3251 762 harbor 0
3477 698 3516 693 3518 722 3480 725 harbor 0
3845 736 3840 717 3870 708 3874 729 harbor 0
3440 1062 3446 1086 3415 1094 3410 1071 harbor 0
3773 707 3778 731 3758 734 3753 712 harbor 0
3794 791 3800 810 3776 817 3771 797 harbor 0
3810 844 3814 864 3790 871 3784 852 harbor 0
3825 900 3830 922 3809 928 3804 904 harbor 0
3842 954 3848 977 3824 984 3818 960 harbor 0
3858 1011 3863 1036 3839 1043 3833 1018 harbor 0
3872 1060 3880 1093 3855 1100 3846 1066 harbor 0
3886 1123 3892 1142 3870 1149 3865 1130 harbor 0
3484 1020 3477 997 3504 991 3510 1015 harbor 0
3495 1072 3490 1047 3517 1040 3522 1065 harbor 0
2629 2575 2648 2569 2654 2596 2638 2602 harbor 0
2999 1062 3005 1086 2979 1094 2972 1068 harbor 0
3121 1289 3116 1270 3144 1263 3150 1285 harbor 0
3056 1286 3062 1310 3039 1316 3032 1291 harbor 0
3105 1236 3100 1217 3130 1208 3135 1228 harbor 0
3043 1229 3050 1253 3027 1259 3020 1236 harbor 0
3091 1179 3084 1156 3113 1147 3119 1173 harbor 0
3027 1176 3033 1199 3008 1206 3001 1182 harbor 0
3077 1128 3069 1105 3095 1096 3103 1122 harbor 0
3013 1121 3018 1141 2988 1151 2981 1130 harbor 0
3063 1071 3056 1048 3081 1041 3086 1066 harbor 0
3056 760 3080 753 3087 786 3064 791 harbor 0
2984 1008 2989 1028 2964 1036 2958 1017 harbor 0
3045 1014 3039 992 3067 983 3074 1008 harbor 0
2965 954 2970 974 2949 979 2944 958 harbor 0
3030 964 3021 941 3048 933 3055 956 harbor 0
2954 894 2960 920 2936 928 2930 901 harbor 0
3015 905 3008 882 3037 873 3043 899 harbor 0
2937 836 2942 861 2909 869 2903 845 harbor 0
2839 797 2862 794 2865 836 2843 838 harbor 0
3900 1176 3906 1201 3884 1206 3877 1182 harbor 0
3913 1230 3920 1256 3900 1262 3893 1237 harbor 0
3932 1288 3936 1309 3912 1316 3905 1296 harbor 0
3918 1019 3911 996 3942 987 3948 1010 harbor 0
4073 1573 4068 1554 4093 1548 4097 1568 harbor 0
4056 1516 4052 1497 4079 1490 4083 1511 harbor 0
4038 1461 4034 1442 4060 1436 4065 1455 harbor 0
4014 1352 4006 1327 4037 1319 4044 1345 harbor 0
3982 1239 3976 1215 4005 1209 4010 1233 harbor 0
3967 1182 3962 1164 3992 1155 3998 1175 harbor 0
3952 1125 3946 1106 3987 1096 3991 1117 harbor 0
3935 1065 3930 1046 3954 1039 3958 1060 harbor 0
3906 959 3901 938 3933 930 3939 950 harbor 0
3963 1392 3968 1414 3941 1421 3936 1397 harbor 0
3892 907 3885 883 3917 874 3923 898 harbor 0
3878 852 3872 828 3903 819 3909 843 harbor 0
3862 795 3856 772 3887 764 3894 787 harbor 0
4046 599 4063 594 4070 626 4056 629 harbor 0
2415 2630 2435 2624 2442 2652 2422 2657 harbor 0
2466 2618 2486 2613 2492 2639 2472 2644 harbor 0
2520 2604 2544 2597 2550 2622 2528 2630 harbor 0
2573 2588 2593 2584 2599 2612 2580 2617 harbor 0
4084 1627 4080 1609 4108 1601 4112 1620 harbor 0
4102 1690 4094 1657 4120 1652 4126 1685 harbor 0
4120 1741 4112 1717 4142 1709 4147 1736 harbor 0
4130 1796 4124 1772 4149 1767 4155 1790 harbor 0
3974 1457 3979 1477 3956 1485 3949 1463 harbor 0
3990 1505 3995 1526 3968 1533 3963 1513 harbor 0
4007 1567 4012 1586 3988 1594 3981 1574 harbor 0
4021 1626 4025 1645 4003 1650 3997 1631 harbor 0
4036 1679 4042 1701 4016 1707 4011 1686 harbor 0
4051 1734 4056 1755 4031 1762 4025 1740 harbor 0
4066 1792 4070 1810 4048 1815 4044 1796 harbor 0
4082 1847 4085 1866 4062 1870 4057 1854 harbor 0
4097 1903 4102 1922 4078 1929 4072 1910 harbor 0
4117 1972 4121 1990 4098 1996 4093 1977 harbor 0
4137 2055 4142 2075 4121 2080 4115 2062 harbor 0
4149 2163 4172 2156 4178 2182 4157 2189 harbor 0
4095 2177 4115 2169 4122 2198 4103 2203 harbor 0
4089 2149 4066 2155 4059 2132 4082 2125 harbor 0
4055 2192 4073 2185 4081 2210 4062 2216 harbor 0
4180 1976 4174 1958 4199 1949 4206 1969 harbor 0
4146 1849 4142 1831 4171 1824 4176 1842 harbor 0
230 502 244 547 184 564 169 516 harbor 0
