imagesource:GoogleEarth
gsd:0.128534504566
876 621 870 604 906 594 912 610 small-vehicle 0
2122 228 2207 206 2253 386 2168 408 tennis-court 0
225 539 312 526 339 708 251 721 tennis-court 0
443 504 531 491 558 674 472 687 tennis-court 0
557 486 643 475 670 659 583 671 tennis-court 0
273 838 360 824 388 1009 302 1021 tennis-court 0
485 785 570 772 598 957 512 969 tennis-court 0
597 768 683 755 711 939 624 954 tennis-court 0
1357 690 1434 646 1522 810 1444 852 tennis-court 0
1457 635 1533 593 1623 757 1545 799 tennis-court 0
1223 438 1299 396 1388 561 1310 602 tennis-court 0
1323 384 1400 344 1486 507 1411 548 tennis-court 0
2306 474 2391 453 2436 633 2352 655 tennis-court 0
2189 502 2277 480 2321 662 2236 683 tennis-court 0
2238 198 2323 176 2367 358 2282 379 tennis-court 0
856 546 851 528 885 517 891 534 small-vehicle 0
960 603 963 583 1010 593 1006 614 small-vehicle 0
988 539 990 522 1030 530 1028 548 small-vehicle 0
947 553 949 536 985 544 983 559 small-vehicle 0
1022 629 1025 614 1067 625 1064 640 small-vehicle 0
975 646 977 630 1012 638 1009 653 small-vehicle 0
1023 652 1025 637 1064 646 1061 662 small-vehicle 0
907 719 902 701 937 691 942 707 small-vehicle 0
1204 793 1208 810 1173 821 1169 807 small-vehicle 0
1191 757 1195 774 1161 784 1156 768 small-vehicle 0
845 507 840 490 876 476 879 494 small-vehicle 0
831 490 826 471 861 460 867 478 small-vehicle 0
827 464 822 448 855 435 859 453 small-vehicle 0
958 466 959 448 1006 454 1002 475 small-vehicle 0
953 576 955 560 995 566 992 582 small-vehicle 0
113 554 199 541 228 726 139 738 tennis-court 0
