imagesource:GoogleEarth
gsd:0.292111190176
293 1749 330 1749 330 1789 293 1789 storage-tank 0
1128 1875 1030 1704 1199 1617 1300 1764 plane 0
574 975 485 819 652 723 746 881 plane 0
681 1151 600 989 766 905 851 1064 plane 0
1388 1396 1289 1233 1456 1147 1549 1293 plane 0
1143 1035 1070 869 1237 788 1325 948 plane 0
1043 857 962 686 1129 598 1212 760 plane 0
933 678 846 512 1015 431 1096 578 plane 0
830 495 736 330 903 249 982 406 plane 0
1246 2049 1146 1886 1313 1797 1402 1951 plane 0
191 1562 244 1562 244 1605 191 1605 storage-tank 0
1352 2234 1251 2069 1429 1976 1517 2134 plane 0
1224 2920 1232 2741 1430 2751 1415 2930 plane 0
1225 3134 1239 2954 1423 2965 1411 3150 plane 0
1215 3337 1227 3162 1412 3172 1405 3350 plane 0
1214 3552 1218 3380 1412 3385 1411 3561 plane 0
1178 4071 1199 3896 1384 3909 1373 4084 plane 0
1135 5332 1149 5152 1345 5170 1333 5347 plane 0
456 793 369 631 535 545 622 703 plane 0
