imagesource:GoogleEarth
gsd:0.134468598384
758 26 776 19 789 54 771 60 small-vehicle 0
812 154 829 146 842 182 826 189 small-vehicle 0
612 379 689 347 756 511 680 543 tennis-court 0
508 130 584 98 652 263 575 295 tennis-court 0
407 172 483 139 552 303 476 335 tennis-court 0
283 223 361 191 428 355 352 388 tennis-court 0
182 263 260 231 329 397 250 428 tennis-court 0
300 782 302 801 269 803 268 785 small-vehicle 0
548 756 549 775 512 776 511 758 small-vehicle 0
502 609 519 603 526 633 513 638 small-vehicle 0
736 745 739 763 703 766 702 748 small-vehicle 0
133 799 133 816 95 820 94 804 small-vehicle 0
229 786 229 805 189 808 188 790 small-vehicle 0
438 662 420 665 411 626 429 622 small-vehicle 0
392 541 409 537 415 575 398 578 small-vehicle 0
325 556 343 553 348 591 331 592 small-vehicle 0
851 252 869 241 893 294 874 303 large-vehicle 0
509 422 586 390 655 553 577 586 tennis-court 0
