imagesource:GoogleEarth
gsd:0.26469759921
200 1725 185 1742 98 1644 113 1629 harbor 0
1374 930 1323 955 1289 879 1334 857 harbor 0
2104 399 2066 428 1894 179 1937 150 harbor 0
2010 485 1979 507 1869 336 1904 311 harbor 0
1725 686 1679 718 1545 481 1594 452 harbor 0
1636 752 1603 774 1458 518 1496 498 harbor 0
1576 796 1539 819 1473 693 1513 671 harbor 0
1517 845 1471 870 1407 744 1453 716 harbor 0
1431 902 1400 917 1361 835 1396 821 harbor 0
1154 1047 1123 1061 989 778 1014 763 harbor 0
265 1696 248 1714 165 1621 182 1603 harbor 0
1033 1114 1016 1126 833 844 850 832 harbor 0
919 1206 884 1223 718 918 747 902 harbor 0
766 1325 751 1338 557 1110 569 1099 harbor 0
654 1389 641 1399 530 1259 543 1250 harbor 0
593 1452 559 1476 409 1284 441 1254 harbor 0
556 1504 545 1516 359 1306 371 1295 harbor 0
395 1615 369 1637 267 1490 292 1470 harbor 0
2220 331 2196 347 2014 70 2036 56 harbor 0
