imagesource:GoogleEarth
gsd:0.135894075552
228 2152 210 2155 205 2115 222 2111 small-vehicle 0
1119 1126 1038 1142 1021 1077 1106 1059 plane 0
322 1243 233 1255 225 1202 314 1191 plane 0
455 1250 377 1266 364 1205 444 1192 plane 0
589 1228 506 1240 500 1180 583 1171 plane 0
719 1199 639 1211 630 1148 710 1139 plane 0
854 1179 769 1195 759 1142 844 1128 plane 0
976 1152 906 1161 898 1106 969 1097 plane 0
1252 1109 1167 1121 1160 1062 1247 1051 plane 0
498 1510 418 1526 406 1467 490 1454 plane 0
1382 1087 1299 1103 1284 1047 1370 1031 plane 0
944 895 855 906 849 851 936 840 plane 0
809 912 725 926 712 869 799 857 plane 0
679 929 592 945 579 891 667 873 plane 0
539 955 462 965 453 912 531 902 plane 0
411 978 328 992 318 936 403 923 plane 0
366 1539 291 1553 280 1496 356 1482 plane 0
630 1494 553 1506 540 1442 621 1431 plane 0
274 2032 276 2051 235 2058 233 2041 small-vehicle 0
1150 431 977 456 950 296 1124 273 plane 0
272 2013 274 2031 236 2036 233 2020 small-vehicle 0
183 1726 197 1709 225 1743 212 1756 small-vehicle 0
232 482 204 488 196 420 222 415 large-vehicle 0
292 465 270 471 262 416 284 410 large-vehicle 0
311 271 308 247 381 235 385 259 large-vehicle 0
1655 354 1467 383 1439 216 1634 194 plane 0
532 1746 655 1722 678 1834 544 1859 plane 0
764 1462 681 1474 671 1416 753 1401 plane 0
811 1816 688 1838 672 1722 791 1703 plane 0
964 1798 836 1816 825 1696 945 1679 plane 0
1196 1769 1049 1792 1023 1641 1171 1617 plane 0
1159 1393 1083 1405 1076 1351 1148 1341 plane 0
1027 1419 942 1430 936 1377 1018 1364 plane 0
890 1444 815 1456 807 1396 883 1389 plane 0
498 693 414 706 403 650 492 636 plane 0
