imagesource:GoogleEarth
gsd:0.261178530212
4508 556 4507 638 4367 461 4417 426 harbor 1
1098 747 1074 740 1089 699 1109 707 harbor 0
1851 983 1819 967 1838 929 1873 946 harbor 0
1738 936 1693 919 1707 874 1755 891 harbor 0
1614 908 1592 901 1609 849 1631 855 harbor 0
1501 839 1478 832 1491 781 1513 784 harbor 0
1374 831 1332 811 1351 771 1394 791 harbor 0
1187 811 1157 791 1200 716 1231 737 harbor 0
931 736 877 692 934 624 987 671 harbor 0
2101 1035 2053 1029 2063 969 2112 976 harbor 0
849 643 816 621 843 585 876 607 harbor 0
764 613 710 579 738 532 796 562 harbor 0
626 569 583 549 613 468 658 489 harbor 0
493 488 466 470 514 409 536 427 harbor 0
425 435 395 411 455 348 482 372 harbor 0
296 369 260 340 338 239 376 270 harbor 0
1973 995 1947 990 1953 947 1982 952 harbor 0
2210 1039 2170 1029 2179 986 2223 997 harbor 0
4286 694 4246 720 4143 577 4187 549 harbor 0
3513 1088 3464 1116 3391 974 3441 948 harbor 0
4206 741 4157 778 4044 635 4092 591 harbor 0
4125 824 4086 857 3957 696 3998 659 harbor 0
4031 884 3984 926 3838 743 3896 705 harbor 0
3910 934 3866 967 3732 790 3781 757 harbor 0
3815 974 3766 1010 3644 849 3689 812 harbor 0
3647 1018 3602 1057 3488 916 3540 877 harbor 0
3273 1129 3262 1132 3239 1029 3250 1026 harbor 0
2242 1023 2228 1021 2233 992 2245 994 harbor 0
3173 1159 3140 1168 3119 1070 3150 1061 harbor 0
2956 1184 2913 1184 2908 1067 2950 1063 harbor 0
2701 1173 2661 1169 2670 1070 2707 1072 harbor 0
2635 1107 2608 1106 2608 1072 2636 1073 harbor 0
2550 1133 2458 1125 2464 1054 2556 1059 harbor 0
2366 1038 2346 1036 2351 987 2370 987 harbor 0
202 280 170 250 230 190 265 218 harbor 0
