imagesource:GoogleEarth
gsd:0.274639298607
2836 2583 2895 2576 2897 2602 2839 2608 swimming-pool 0
2988 2634 3028 2625 3031 2644 2992 2653 swimming-pool 0
2013 1304 2049 1319 2010 1439 1973 1424 harbor 0
2120 1424 2128 1430 2100 1480 2092 1476 harbor 0
2206 1436 2238 1450 2217 1517 2181 1506 harbor 0
2272 1462 2309 1469 2296 1534 2260 1527 harbor 0
2356 1492 2385 1502 2369 1547 2339 1537 harbor 0
2420 1512 2458 1527 2442 1567 2403 1553 harbor 0
2510 1541 2548 1557 2530 1599 2492 1581 harbor 0
2692 1558 2715 1566 2693 1620 2671 1613 harbor 0
2767 1581 2796 1592 2771 1664 2741 1653 harbor 0
2827 1667 2869 1689 2857 1711 2816 1689 harbor 0
3066 1732 3093 1760 3020 1823 2996 1800 harbor 0
3197 1845 3212 1883 3094 1926 3079 1895 harbor 0
3008 1933 3029 1924 3046 1965 3023 1973 swimming-pool 0
3268 2422 3268 2489 3191 2487 3190 2421 harbor 0
3161 2722 3113 2755 3045 2656 3101 2623 harbor 0
2803 2730 2749 2715 2776 2630 2827 2646 harbor 0
2679 2689 2648 2678 2670 2624 2700 2634 harbor 0
2606 2653 2570 2642 2586 2600 2622 2611 harbor 0
2520 2610 2478 2591 2489 2572 2530 2592 harbor 0
2460 2587 2406 2563 2426 2517 2478 2536 harbor 0
2353 2517 2336 2507 2347 2482 2365 2490 harbor 0
1604 1339 1652 1356 1647 1374 1598 1357 swimming-pool 0
1691 1334 1729 1350 1722 1366 1684 1352 swimming-pool 0
1899 1440 1916 1446 1904 1477 1888 1471 swimming-pool 0
1105 895 1125 884 1146 931 1127 938 harbor 0
646 288 657 310 602 336 591 314 harbor 0
723 413 744 454 678 483 660 443 harbor 0
781 484 798 516 709 559 693 525 harbor 0
829 576 840 597 748 639 737 618 harbor 0
873 634 888 669 778 716 763 681 harbor 0
928 731 944 776 834 821 817 777 harbor 0
985 802 1016 830 956 893 930 871 harbor 0
1007 859 1027 871 977 956 958 945 harbor 0
1081 861 1088 867 1060 901 1053 895 harbor 0
1201 1037 1218 1048 1194 1097 1177 1088 harbor 0
1979 1464 2011 1475 2006 1492 1973 1480 swimming-pool 0
1263 1056 1299 1070 1276 1134 1240 1122 harbor 0
1357 1107 1395 1134 1368 1174 1326 1149 harbor 0
1418 1136 1448 1146 1429 1205 1402 1195 harbor 0
1471 1183 1503 1202 1482 1237 1453 1219 harbor 0
1574 1212 1612 1228 1593 1285 1552 1268 harbor 0
1680 1229 1698 1236 1680 1292 1662 1285 harbor 0
1741 1226 1775 1240 1747 1314 1715 1300 harbor 0
1819 1260 1845 1270 1825 1325 1798 1314 harbor 0
1923 1279 1971 1296 1944 1385 1894 1368 harbor 0
2313 2517 2270 2502 2290 2453 2332 2468 harbor 0
2244 2502 2198 2494 2205 2466 2251 2474 harbor 0
2146 2482 2100 2463 2119 2416 2166 2433 harbor 0
1706 1848 1744 1862 1739 1879 1701 1865 swimming-pool 0
766 2205 802 2195 806 2215 769 2224 swimming-pool 0
1046 1959 1074 1967 1063 2003 1035 1995 swimming-pool 0
1120 1536 1136 1542 1125 1572 1109 1564 swimming-pool 0
957 1461 989 1471 985 1489 951 1479 swimming-pool 0
1392 1212 1425 1230 1411 1254 1380 1234 swimming-pool 0
1532 1281 1568 1292 1555 1331 1519 1320 swimming-pool 0
1471 1753 1508 1765 1500 1788 1463 1775 swimming-pool 0
1814 1754 1835 1749 1850 1791 1831 1800 swimming-pool 0
1894 1765 1914 1773 1904 1809 1883 1801 swimming-pool 0
1795 1854 1821 1864 1815 1891 1787 1881 swimming-pool 0
808 1408 847 1419 838 1459 799 1448 swimming-pool 0
1924 1942 1963 1951 1959 1970 1920 1961 swimming-pool 0
2196 2009 2214 2015 2203 2047 2186 2039 swimming-pool 0
2532 2017 2565 2028 2560 2048 2526 2036 swimming-pool 0
2652 2067 2679 2096 2662 2112 2636 2088 swimming-pool 0
2357 2055 2375 2061 2364 2096 2347 2090 swimming-pool 0
3034 2126 3081 2125 3081 2148 3035 2148 swimming-pool 0
2628 2186 2664 2198 2655 2218 2620 2205 swimming-pool 0
3087 2292 3106 2286 3115 2323 3094 2326 swimming-pool 0
2612 2486 2632 2492 2618 2530 2598 2523 swimming-pool 0
222 1943 261 1953 250 1994 210 1983 swimming-pool 0
296 1545 314 1536 327 1566 309 1575 swimming-pool 0
2077 2410 2041 2395 2054 2365 2090 2379 harbor 0
1145 2108 1101 2096 1123 2041 1164 2052 harbor 0
1994 2357 1975 2349 1982 2329 2001 2335 harbor 0
1931 2357 1872 2334 1891 2299 1947 2322 harbor 0
1872 2304 1856 2300 1864 2275 1880 2281 harbor 0
1680 2265 1643 2247 1658 2214 1693 2229 harbor 0
1619 2245 1589 2235 1600 2209 1628 2219 harbor 0
1586 2217 1561 2206 1566 2194 1591 2205 harbor 0
1508 2208 1480 2198 1496 2147 1523 2155 harbor 0
1451 2191 1405 2173 1415 2143 1463 2161 harbor 0
1372 2157 1332 2142 1340 2119 1381 2133 harbor 0
1114 2200 1070 2227 1048 2189 1090 2166 harbor 0
207 1435 236 1418 263 1479 234 1496 swimming-pool 0
1032 2253 1014 2273 975 2242 993 2221 harbor 0
1068 2240 1052 2247 1026 2201 1042 2192 harbor 0
1012 2285 1018 2310 972 2323 966 2298 harbor 0
1074 2346 1083 2380 806 2456 796 2422 harbor 0
686 616 725 635 715 655 676 635 swimming-pool 0
302 734 321 725 338 764 318 772 swimming-pool 0
724 840 743 832 760 869 741 877 swimming-pool 0
336 999 369 1021 358 1039 325 1018 swimming-pool 0
411 1146 427 1137 442 1166 428 1175 swimming-pool 0
617 231 628 256 579 281 566 255 harbor 0
