imagesource:GoogleEarth
gsd:0.139604801418
292 115 292 100 330 97 331 112 small-vehicle 0
268 1 280 9 264 32 253 26 small-vehicle 0
629 94 627 77 660 72 662 89 small-vehicle 0
414 136 415 153 382 154 381 139 small-vehicle 0
360 138 362 157 333 159 331 142 small-vehicle 0
319 141 320 160 285 163 283 146 small-vehicle 0
104 588 186 582 196 753 117 760 tennis-court 0
210 580 291 575 303 746 221 751 tennis-court 0
313 572 394 567 407 739 326 745 tennis-court 0
419 566 498 560 512 730 432 737 tennis-court 0
353 306 433 301 445 471 366 477 tennis-court 0
140 323 219 316 231 487 151 494 tennis-court 0
