imagesource:GoogleEarth
gsd:0.100476556271
2055 1538 2140 1615 2070 1703 1985 1630 plane 1
1888 1368 1963 1428 1905 1523 1823 1463 plane 1
1703 1223 1785 1293 1728 1378 1643 1308 plane 1
1570 1100 1645 1168 1575 1245 1503 1175 plane 1
1488 1000 1575 1063 1508 1160 1418 1103 plane 1
1195 755 1258 810 1165 930 1095 875 plane 0
844 416 1146 655 922 925 647 676 plane 0
538 136 824 380 590 660 309 421 plane 0
2522 2026 2776 2218 2542 2498 2293 2311 plane 0
3726 2898 4095 3225 3789 3578 3420 3257 plane 0
4142 3277 4526 3610 4230 3968 3846 3636 plane 0
4589 3604 4817 3807 4563 4113 4344 3900 plane 0
4885 3843 5092 4041 4874 4352 4640 4170 plane 0
