imagesource:GoogleEarth
gsd:0.108243373406
1997 1045 2397 673 2853 1167 2415 1515 plane 0
1310 833 1687 668 1908 1115 1517 1275 plane 0
1513 1317 2039 1115 2223 1557 1715 1774 plane 0
1856 1802 2171 1632 2397 1995 2067 2178 plane 0
2114 2202 2415 2004 2646 2380 2354 2550 plane 0
4207 2836 4066 3161 3582 2959 3737 2625 plane 0
3629 3100 3525 3495 2999 3340 3102 2949 plane 0
3384 3895 3253 3641 3488 3542 3591 3801 plane 0
3135 3537 3403 4050 2905 4290 2646 3791 plane 0
2585 3772 2876 4247 2406 4548 2114 4054 plane 0
2806 4186 3173 4266 3083 4713 2731 4628 plane 0
1531 3010 1550 2540 2124 2601 2096 3067 plane 0
1202 3114 1494 2945 1724 3316 1400 3485 plane 0
530 3039 882 3152 746 3584 393 3457 plane 0
666 2832 887 2902 835 3081 614 3015 plane 0
