imagesource:GoogleEarth
gsd:0.196096436931
3636 982 3574 732 3826 688 3896 924 plane 0
3768 1142 3506 1120 3518 874 3768 884 plane 0
256 1524 520 1622 440 1880 172 1776 plane 0
1372 2778 1360 2556 1654 2562 1666 2780 plane 0
1806 2752 1804 2576 2006 2584 2012 2754 plane 0
2082 2754 2066 2584 2268 2584 2276 2754 plane 0
1390 1286 1534 1346 1484 1476 1344 1422 plane 0
1094 1156 1224 1214 1176 1346 1042 1284 plane 0
928 1082 1064 1142 1008 1278 876 1220 plane 0
772 1014 900 1076 848 1204 722 1146 plane 0
616 950 746 1008 698 1142 566 1084 plane 0
4104 3924 4106 4072 3932 4062 3926 3916 plane 0
3748 1452 3998 1446 4020 1654 3770 1666 plane 0
4054 1470 4336 1514 4326 1774 4032 1732 plane 0
4328 1570 4582 1562 4610 1770 4350 1778 plane 0
4880 1602 5076 1598 5090 1770 4894 1778 plane 0
5360 1440 5140 1316 5248 1102 5470 1222 plane 0
5084 1056 5280 1210 5160 1366 4962 1210 plane 0
4894 1196 4670 964 4904 776 5116 998 plane 0
5148 1228 4962 1036 5160 860 5338 1042 plane 0
5022 896 5176 872 5196 990 5050 1020 plane 1
612 1562 758 1616 642 1924 490 1864 plane 0
