imagesource:GoogleEarth
gsd:0.10085342513
630 2487 532 2574 417 2435 520 2349 plane 0
775 2359 682 2442 560 2307 655 2219 plane 0
1147 2054 1052 2137 932 2005 1029 1920 plane 0
1377 1867 1275 1962 1160 1839 1267 1742 plane 0
1505 1749 1414 1819 1304 1685 1405 1605 plane 0
1717 1582 1602 1672 1449 1484 1577 1389 plane 0
1890 1415 1774 1507 1629 1327 1755 1225 plane 0
2067 1260 1955 1357 1817 1180 1939 1084 plane 0
2267 1125 2165 1219 2009 1040 2132 944 plane 0
2435 952 2315 1047 2170 860 2292 764 plane 0
2634 797 2522 897 2357 724 2474 619 plane 0
2749 670 2640 770 2482 599 2599 492 plane 0
