imagesource:GoogleEarth
gsd:0.107583511223
1089 3056 955 3167 847 3013 978 2917 helicopter 0
1552 2601 1407 2726 1254 2507 1402 2399 helicopter 0
1646 2476 1521 2564 1407 2407 1530 2316 helicopter 0
1783 2368 1661 2456 1538 2305 1658 2211 helicopter 0
1917 2248 1786 2348 1666 2194 1794 2103 helicopter 0
2016 2157 1914 2228 1823 2094 1922 2026 helicopter 0
2104 2086 2016 2157 1931 2043 2022 1975 helicopter 0
2537 1605 2323 1770 2079 1417 2286 1261 helicopter 0
386 333 432 242 545 291 503 393 plane 0
