imagesource:GoogleEarth
gsd:0.211254308379
1534 3227 1384 3464 1097 3290 1264 3034 plane 0
3336 1762 3024 1724 3050 1390 3358 1432 plane 0
770 5300 632 5320 606 5178 748 5156 plane 0
722 5084 582 5110 552 4956 696 4936 plane 0
482 4668 626 4642 662 4808 524 4840 plane 0
1378 4704 1654 4718 1654 5016 1374 5020 plane 0
2086 5250 2100 5390 1918 5412 1904 5256 plane 0
2456 4690 2610 4762 2540 4938 2382 4874 plane 0
2776 3674 2866 3922 2576 4038 2478 3764 plane 0
2336 2472 2108 2682 1882 2424 2118 2228 plane 0
2038 2118 1942 2028 2038 1928 2132 2020 plane 0
2388 1820 2688 1844 2672 2180 2368 2166 plane 0
3734 1430 3938 1642 3706 1888 3484 1656 plane 0
1490 3614 1354 3874 1037 3694 1187 3440 plane 0
2788 962 2892 1064 2780 1194 2674 1094 plane 0
2582 792 2686 890 2564 1020 2462 922 plane 0
3642 2656 3488 2730 3410 2568 3570 2496 plane 0
5096 2776 5200 2874 5078 3008 4970 2912 plane 0
5372 3080 5356 3236 5162 3212 5182 3052 plane 0
5214 3330 5196 3492 5002 3462 5022 3296 plane 0
5142 3558 5222 3676 5094 3762 5010 3644 plane 0
5094 4318 5208 4420 5104 4542 4988 4440 plane 0
4598 4534 4690 4438 4792 4540 4698 4638 plane 0
4404 4710 4506 4614 4614 4724 4516 4822 plane 0
818 6088 698 5964 852 5810 966 5940 plane 0
