imagesource:GoogleEarth
gsd:1.1203433271
1451 3148 1430 3144 1435 3119 1457 3124 plane 0
871 302 876 311 866 318 859 308 plane 1
839 329 847 340 836 348 828 338 plane 1
853 367 860 376 853 383 844 374 plane 1
840 398 845 407 837 412 831 402 plane 1
922 414 931 422 922 434 911 425 plane 0
961 392 988 419 958 450 930 420 plane 0
797 1309 783 1282 814 1266 828 1290 plane 0
827 1318 814 1296 840 1282 852 1304 plane 0
830 1322 832 1311 841 1313 839 1325 plane 1
781 1336 819 1305 846 1336 807 1369 plane 0
738 1343 770 1331 781 1358 748 1370 plane 0
701 1354 736 1339 752 1376 717 1390 plane 0
776 1334 784 1330 791 1341 782 1346 plane 1
783 1325 793 1320 799 1329 789 1334 plane 1
733 1332 723 1338 716 1326 728 1321 plane 1
697 1338 711 1332 715 1343 703 1350 plane 0
973 384 966 394 951 383 959 371 plane 0
957 341 965 349 956 359 947 351 plane 1
1732 1618 1694 1608 1703 1568 1741 1578 plane 0
938 321 929 328 920 318 930 311 plane 1
1824 1350 1860 1358 1851 1398 1813 1390 plane 0
1823 1272 1786 1262 1796 1223 1833 1233 plane 0
1939 1304 1901 1293 1912 1252 1950 1264 plane 0
1889 1114 1924 1125 1915 1161 1878 1152 plane 0
1945 1128 1983 1139 1974 1176 1936 1166 plane 0
2004 1070 1963 1061 1975 1018 2013 1028 plane 0
1945 1050 1908 1041 1918 1000 1954 1010 plane 0
1947 877 1986 889 1975 926 1938 916 plane 0
2063 830 2026 820 2036 780 2072 791 plane 0
2004 597 1996 633 1957 625 1965 588 plane 0
2017 552 2010 587 1969 577 1978 541 plane 0
711 1139 701 1144 695 1133 705 1128 plane 1
698 1145 692 1148 688 1143 696 1139 plane 1
719 1131 710 1136 704 1126 714 1121 plane 1
733 1123 722 1129 716 1117 729 1112 plane 1
733 1343 742 1339 747 1347 738 1353 plane 1
