imagesource:GoogleEarth
gsd:0.287655970267
471 5623 459 5621 462 5599 473 5599 small-vehicle 0
534 1926 538 1914 559 1918 555 1928 small-vehicle 0
1578 3899 1537 3887 1546 3856 1587 3870 plane 0
1358 4070 1398 4080 1393 4107 1353 4100 plane 0
1509 4201 1523 4153 1571 4168 1560 4215 plane 0
1503 4258 1510 4216 1543 4223 1535 4263 plane 0
1486 4399 1497 4359 1524 4367 1513 4405 plane 0
1477 4444 1483 4411 1510 4418 1505 4450 plane 0
1462 4496 1475 4460 1504 4470 1492 4508 plane 0
1408 4800 1417 4760 1464 4771 1454 4810 plane 0
1232 4300 1275 4308 1271 4340 1227 4333 plane 0
455 1355 466 1355 465 1375 455 1377 small-vehicle 0
880 127 893 127 892 150 883 150 small-vehicle 0
668 261 677 262 676 281 668 280 small-vehicle 0
860 320 871 321 871 340 861 340 small-vehicle 0
1020 358 1013 358 1013 339 1020 336 small-vehicle 0
1061 402 1071 400 1074 419 1060 421 small-vehicle 0
1071 379 1083 379 1081 399 1069 399 small-vehicle 0
1090 375 1101 375 1100 398 1091 398 small-vehicle 0
1118 378 1130 376 1131 398 1118 399 small-vehicle 0
1137 379 1150 376 1149 396 1139 396 small-vehicle 0
1040 446 1052 445 1051 466 1040 468 small-vehicle 0
1078 444 1090 444 1089 466 1077 466 small-vehicle 0
691 510 703 510 701 530 691 530 small-vehicle 0
670 451 660 452 661 435 670 435 small-vehicle 0
694 253 700 252 701 271 693 272 small-vehicle 0
694 206 684 206 685 186 693 186 small-vehicle 0
1477 2465 1472 2494 1445 2489 1451 2459 plane 0
