imagesource:GoogleEarth
gsd:0.142216757223
1989 1719 1934 1773 1889 1729 1952 1674 plane 0
2272 1512 2193 1434 2257 1368 2335 1445 plane 0
2569 3278 2639 3323 2595 3380 2529 3335 plane 0
2603 3387 2672 3334 2709 3390 2643 3440 plane 0
1795 2453 1842 2499 1773 2564 1727 2523 plane 0
1700 2340 1783 2419 1713 2495 1634 2415 plane 0
1615 2282 1679 2349 1634 2400 1563 2329 plane 0
1547 2170 1624 2243 1542 2329 1465 2247 plane 0
1450 2068 1529 2144 1454 2233 1374 2153 plane 0
1750 1625 1858 1594 1885 1680 1778 1714 plane 0
1680 1702 1757 1675 1774 1732 1703 1758 plane 0
2728 1904 2669 1844 2717 1802 2775 1860 plane 0
2382 1695 2510 1605 2614 1745 2490 1838 plane 0
2447 1650 2514 1592 2553 1634 2485 1693 plane 0
2372 1474 2480 1590 2353 1722 2235 1598 plane 0
2127 1340 2065 1277 2118 1230 2175 1288 plane 0
1948 1797 1865 1870 1807 1803 1888 1728 plane 0
1924 1243 1778 1099 1922 954 2065 1099 plane 0
1785 1082 1665 963 1788 827 1913 950 plane 0
1684 894 1633 848 1675 799 1729 847 plane 0
1601 1324 1666 1378 1619 1429 1559 1378 plane 0
1529 1258 1585 1307 1544 1357 1484 1312 plane 0
1468 1179 1530 1239 1489 1284 1421 1225 plane 0
1350 1250 1274 1162 1361 1084 1441 1168 plane 0
1298 1342 1360 1273 1408 1322 1347 1388 plane 0
1100 1253 1178 1342 1115 1399 1038 1314 plane 0
1232 1132 1150 1045 1209 992 1292 1075 plane 0
1137 1035 1054 954 1120 890 1199 972 plane 0
1024 905 950 835 1012 774 1079 847 plane 0
919 822 829 729 927 633 1025 729 plane 0
2517 3223 2572 3269 2533 3317 2474 3270 plane 0
2844 3128 2900 3073 2942 3117 2888 3173 plane 0
2889 3115 2975 3053 3042 3150 2960 3208 plane 0
2940 3057 2887 3004 2932 2950 2988 3003 plane 0
1817 1885 1759 1945 1713 1898 1772 1839 plane 0
1758 1964 1690 2024 1644 1975 1713 1914 plane 0
1685 2033 1619 2090 1580 2045 1642 1990 plane 0
1579 2053 1497 2063 1484 1998 1568 1988 plane 0
2184 2283 2102 2359 2044 2302 2127 2227 plane 0
2102 2372 2030 2440 1977 2384 2045 2314 plane 0
2168 1908 2275 1824 2367 1937 2257 2025 plane 0
2053 2007 2168 1924 2263 2050 2150 2138 plane 0
2342 2135 2263 2194 2198 2110 2274 2049 plane 0
2420 2065 2343 2119 2263 2017 2342 1964 plane 0
2499 1975 2433 2040 2340 1944 2409 1883 plane 0
2567 1895 2502 1950 2437 1870 2503 1813 plane 0
2709 1997 2768 1933 2805 1973 2742 2033 plane 0
2648 2059 2710 1999 2745 2037 2688 2097 plane 0
2582 2123 2644 2064 2680 2107 2618 2164 plane 0
2517 2177 2580 2120 2620 2173 2560 2229 plane 0
2464 2238 2520 2184 2558 2224 2500 2282 plane 0
2400 2293 2459 2237 2504 2290 2449 2343 plane 0
2349 2362 2402 2313 2430 2345 2373 2397 plane 0
2275 2412 2338 2357 2380 2410 2323 2464 plane 0
2219 2472 2269 2424 2307 2465 2258 2513 plane 0
2160 2530 2210 2488 2248 2534 2199 2578 plane 0
2042 2647 2098 2598 2129 2640 2078 2688 plane 0
1978 2707 2042 2652 2078 2699 2017 2753 plane 0
3100 3177 3083 3105 3152 3089 3172 3157 plane 0
3124 3260 3109 3182 3177 3172 3193 3253 plane 0
3048 3274 3099 3218 3143 3260 3092 3318 plane 0
609 260 530 335 452 253 528 179 helicopter 0
