imagesource:GoogleEarth
gsd:0.13165619481
2587 592 2577 598 2553 570 2562 564 small-vehicle 0
2629 608 2621 616 2591 588 2601 580 small-vehicle 0
2679 564 2670 575 2643 548 2651 538 small-vehicle 0
2613 516 2624 507 2645 530 2633 538 small-vehicle 0
1433 3412 1418 3402 1450 3369 1462 3380 small-vehicle 0
1425 1734 1416 1742 1390 1716 1398 1707 small-vehicle 0
1528 1597 1538 1588 1561 1613 1552 1621 small-vehicle 0
1615 1563 1606 1572 1580 1547 1588 1538 small-vehicle 0
1372 1494 1360 1484 1388 1459 1398 1470 small-vehicle 0
713 2820 724 2832 701 2856 689 2844 small-vehicle 0
453 152 467 152 465 189 450 189 small-vehicle 0
1542 2399 1640 2399 1640 2497 1542 2497 storage-tank 0
1679 2273 1772 2273 1772 2366 1679 2366 storage-tank 0
