imagesource:GoogleEarth
gsd:0.257453669867
707 703 722 710 706 744 692 738 small-vehicle 0
339 503 383 523 377 533 334 512 large-vehicle 0
447 522 491 542 486 551 442 532 large-vehicle 0
494 543 538 563 533 573 489 553 large-vehicle 0
541 565 587 584 581 595 537 574 large-vehicle 0
537 576 581 596 576 606 532 586 large-vehicle 0
530 588 575 609 570 619 525 598 large-vehicle 0
487 555 533 576 527 586 483 566 large-vehicle 0
483 568 526 588 520 597 478 577 large-vehicle 0
441 533 485 554 480 563 436 543 large-vehicle 0
392 512 437 533 433 542 388 522 large-vehicle 0
435 546 479 566 473 577 429 556 large-vehicle 0
386 524 431 544 426 555 381 533 large-vehicle 0
345 490 390 511 385 521 341 500 large-vehicle 0
248 447 291 466 286 477 243 456 large-vehicle 0
296 470 339 488 335 497 290 479 large-vehicle 0
291 481 336 500 331 510 286 490 large-vehicle 0
348 478 393 497 388 508 343 487 large-vehicle 0
217 516 260 536 256 546 212 526 large-vehicle 0
223 503 266 522 261 533 217 513 large-vehicle 0
248 499 296 522 291 530 243 508 large-vehicle 0
271 525 313 545 309 554 266 534 large-vehicle 0
302 523 348 546 343 555 296 532 large-vehicle 0
317 546 361 566 356 575 313 556 large-vehicle 0
355 546 402 568 396 578 350 555 large-vehicle 0
405 570 453 593 448 602 400 579 large-vehicle 0
365 568 410 589 405 598 361 577 large-vehicle 0
460 593 507 616 503 627 454 604 large-vehicle 0
511 618 559 640 554 650 507 628 large-vehicle 0
358 579 403 600 398 609 354 588 large-vehicle 0
408 600 451 620 447 631 403 611 large-vehicle 0
456 622 500 643 496 653 451 632 large-vehicle 0
396 500 441 520 436 530 392 510 large-vehicle 0
302 456 345 475 341 486 297 466 large-vehicle 0
56 455 99 477 93 488 50 465 large-vehicle 0
230 329 273 350 269 359 225 338 large-vehicle 0
306 320 348 339 343 349 300 329 large-vehicle 0
354 341 397 361 393 371 350 352 large-vehicle 0
403 363 447 384 443 394 398 374 large-vehicle 0
416 330 460 351 456 360 411 341 large-vehicle 0
469 356 514 375 510 385 466 365 large-vehicle 0
520 377 563 396 559 406 515 386 large-vehicle 0
569 399 610 416 605 427 566 409 large-vehicle 0
504 385 547 403 543 414 499 394 large-vehicle 0
551 406 595 426 590 436 546 416 large-vehicle 0
598 427 643 448 638 458 593 436 large-vehicle 0
250 323 293 342 288 353 244 333 large-vehicle 0
296 344 339 364 334 374 291 354 large-vehicle 0
343 364 386 384 382 395 337 375 large-vehicle 0
390 387 432 408 428 418 384 397 large-vehicle 0
277 350 320 370 316 379 273 358 large-vehicle 0
256 434 298 455 293 465 251 444 large-vehicle 0
324 372 368 392 364 400 320 380 large-vehicle 0
380 397 423 418 418 427 375 406 large-vehicle 0
430 420 473 439 468 449 424 429 large-vehicle 0
476 440 519 460 514 470 471 450 large-vehicle 0
529 463 573 483 568 493 524 473 large-vehicle 0
576 484 620 505 616 515 572 495 large-vehicle 0
226 343 269 362 264 372 221 352 large-vehicle 0
275 364 319 383 314 393 271 374 large-vehicle 0
322 386 366 403 362 413 317 395 large-vehicle 0
372 410 416 429 410 439 368 419 large-vehicle 0
419 430 463 451 458 461 415 440 large-vehicle 0
471 453 516 471 513 481 468 463 large-vehicle 0
483 473 521 491 517 500 478 483 large-vehicle 0
543 551 587 571 583 580 539 560 large-vehicle 0
504 643 550 663 544 674 499 654 large-vehicle 0
39 462 80 484 75 493 33 472 large-vehicle 0
420 560 416 571 384 556 388 545 small-vehicle 0
298 237 286 232 299 203 311 208 small-vehicle 0
514 679 510 690 466 670 470 660 large-vehicle 0
513 693 509 703 464 683 469 674 large-vehicle 0
826 760 837 766 816 809 806 804 large-vehicle 0
892 794 902 798 883 842 873 837 large-vehicle 0
912 802 923 807 902 850 892 845 large-vehicle 0
1005 841 1014 846 994 889 984 883 large-vehicle 0
1026 852 1035 858 1016 896 1006 891 large-vehicle 0
1137 336 1230 336 1230 422 1137 422 storage-tank 0
183 215 171 210 183 182 194 187 small-vehicle 0
203 205 191 201 200 172 212 175 small-vehicle 0
243 206 233 201 247 175 256 180 small-vehicle 0
256 210 247 205 257 180 268 185 small-vehicle 0
270 218 261 211 275 188 284 195 small-vehicle 0
283 230 273 224 285 199 296 205 small-vehicle 0
84 279 79 268 106 255 111 266 small-vehicle 0
391 653 435 674 430 683 386 663 large-vehicle 0
73 268 70 257 97 246 101 256 small-vehicle 0
76 248 71 236 99 226 103 237 small-vehicle 0
44 262 39 250 66 238 70 250 small-vehicle 0
64 238 59 226 86 215 90 227 small-vehicle 0
29 250 25 237 52 227 56 239 small-vehicle 0
40 227 36 217 61 207 65 218 small-vehicle 0
35 215 31 203 59 193 63 205 small-vehicle 0
36 164 31 152 58 143 62 154 small-vehicle 0
48 145 43 135 71 123 76 134 small-vehicle 0
30 134 26 123 53 113 57 123 small-vehicle 0
21 116 17 105 44 94 48 106 small-vehicle 0
311 510 306 522 274 507 279 496 small-vehicle 0
345 530 341 539 310 523 314 514 small-vehicle 0
382 543 378 554 347 540 352 530 small-vehicle 0
439 675 483 693 480 704 436 685 large-vehicle 0
344 631 387 652 382 661 339 642 large-vehicle 0
85 485 128 504 123 514 80 495 large-vehicle 0
642 677 652 681 634 724 624 720 large-vehicle 0
103 479 147 500 141 509 98 489 large-vehicle 0
47 482 89 503 84 512 42 491 large-vehicle 0
132 507 175 526 170 535 127 515 large-vehicle 0
95 503 138 523 133 532 90 512 large-vehicle 0
143 526 186 545 181 554 138 534 large-vehicle 0
376 616 419 636 414 645 371 624 large-vehicle 0
423 637 467 658 462 668 419 646 large-vehicle 0
414 649 462 671 457 680 410 658 large-vehicle 0
1069 871 1080 876 1062 919 1051 914 large-vehicle 0
983 832 992 837 971 879 962 874 large-vehicle 0
865 788 876 793 857 834 847 830 large-vehicle 0
774 740 784 746 762 786 753 782 large-vehicle 0
759 728 768 733 749 777 739 773 large-vehicle 0
670 690 680 696 658 736 649 732 large-vehicle 0
60 447 49 443 69 400 78 403 large-vehicle 0
410 646 406 656 363 636 366 626 large-vehicle 0
82 395 72 391 93 347 102 351 large-vehicle 0
70 454 62 450 77 419 86 423 large-vehicle 0
84 457 75 453 94 410 104 415 large-vehicle 0
107 408 98 404 118 362 127 366 large-vehicle 0
86 417 76 412 92 379 103 384 large-vehicle 0
103 381 93 376 110 342 120 348 large-vehicle 0
58 503 103 523 98 531 54 514 large-vehicle 0
112 526 156 545 151 555 107 536 large-vehicle 0
160 547 204 567 199 577 155 558 large-vehicle 0
206 570 251 589 246 599 202 580 large-vehicle 0
240 570 235 579 192 559 197 550 large-vehicle 0
249 573 293 593 288 602 244 583 large-vehicle 0
333 626 330 636 285 616 289 606 large-vehicle 0
361 623 357 633 313 613 318 603 large-vehicle 0
213 279 256 299 252 309 208 288 large-vehicle 0
