imagesource:GF
gsd:1
2313 430 2395 357 2553 527 2471 603 ground-track-field 0
1317 1290 1336 1290 1336 1307 1317 1307 storage-tank 0
1159 1552 1165 1544 1190 1573 1182 1581 ship 0
646 3432 645 3426 663 3425 664 3434 ship 0
1173 1094 1192 1094 1192 1112 1173 1112 storage-tank 0
1206 1066 1228 1066 1228 1088 1206 1088 storage-tank 0
1203 1134 1226 1134 1226 1159 1203 1159 storage-tank 0
1236 1108 1262 1108 1262 1136 1236 1136 storage-tank 0
1244 1189 1267 1189 1267 1215 1244 1215 storage-tank 0
1279 1167 1302 1167 1302 1190 1279 1190 storage-tank 0
1312 1210 1331 1210 1331 1231 1312 1231 storage-tank 0
1275 1234 1298 1234 1298 1256 1275 1256 storage-tank 0
1351 1265 1370 1265 1370 1283 1351 1283 storage-tank 0
1144 1541 1121 1559 1092 1513 1115 1498 harbor 0
1470 955 1505 955 1505 991 1470 991 storage-tank 0
1446 923 1481 923 1481 959 1446 959 storage-tank 0
1743 1368 1768 1368 1768 1394 1743 1394 storage-tank 0
1766 1399 1794 1399 1794 1426 1766 1426 storage-tank 0
3020 3956 3006 3963 2969 3900 2980 3890 ship 1
3598 1450 3640 1426 3671 1475 3628 1498 bridge 0
2884 1093 2898 1093 2898 1108 2884 1108 storage-tank 0
2866 1076 2883 1076 2883 1094 2866 1094 storage-tank 0
1661 2121 1651 2098 1716 2067 1731 2090 harbor 0
2851 1889 2836 1906 2777 1860 2800 1842 harbor 0
523 522 512 532 475 493 485 479 ship 0
