imagesource:GF
gsd:1
2066 2087 2076 2113 2014 2132 2004 2110 harbor 0
1521 1331 1533 1341 1495 1370 1486 1360 ship 0
871 853 879 842 933 889 925 898 ship 0
750 989 764 993 730 1075 715 1069 ship 0
754 1023 765 1027 733 1098 722 1093 ship 0
771 1018 786 1023 750 1104 736 1099 ship 0
852 1046 868 1046 868 1107 854 1109 ship 0
868 1012 883 1010 890 1102 872 1103 ship 0
1156 1204 1148 1194 1208 1148 1214 1159 ship 0
1221 1173 1231 1186 1166 1238 1155 1228 ship 0
1227 1237 1235 1251 1176 1286 1167 1272 ship 0
1215 1228 1220 1240 1169 1267 1164 1258 ship 0
1004 1069 1012 1073 998 1105 989 1102 ship 0
992 1063 1002 1068 985 1103 976 1100 ship 0
679 1023 695 1026 681 1077 666 1072 ship 0
223 1114 219 1108 235 1096 238 1103 ship 0
613 1044 629 1044 629 1064 614 1065 harbor 0
352 520 354 515 369 523 366 528 ship 0
406 599 430 606 427 612 405 606 ship 0
1524 1349 1529 1356 1486 1394 1478 1383 ship 0
1531 1534 1544 1546 1485 1611 1469 1599 ship 0
1557 1562 1568 1574 1509 1635 1497 1624 ship 0
1994 2050 2004 2066 1965 2097 1951 2081 harbor 0
859 866 868 852 934 908 923 922 ship 0
