imagesource:GF
gsd:1
289 1781 317 1789 314 1803 284 1794 tennis-court 1
244 1766 273 1774 268 1789 239 1780 tennis-court 1
618 3302 617 3295 634 3290 637 3295 ship 0
652 3256 655 3263 635 3273 632 3264 ship 0
638 3234 655 3225 657 3234 643 3242 ship 0
1056 2333 1066 2340 1028 2376 1011 2364 harbor 0
771 3236 733 3241 700 3107 733 3086 harbor 0
587 3506 573 3506 546 3310 558 3313 harbor 0
381 370 422 363 418 411 373 416 bridge 0
254 757 341 731 339 799 230 828 bridge 0
336 1769 425 1795 381 1929 293 1901 soccer-ball-field 0
231 1781 274 1794 261 1831 218 1817 soccer-ball-field 1
278 1795 321 1808 309 1845 265 1832 soccer-ball-field 1
208 1860 225 1864 213 1901 195 1895 basketball-court 0
230 1867 248 1873 236 1908 219 1903 basketball-court 0
253 1872 271 1879 259 1916 241 1909 basketball-court 0
274 1881 295 1886 283 1924 265 1916 basketball-court 0
219 1821 238 1825 226 1862 209 1856 basketball-court 0
242 1829 260 1834 249 1869 231 1862 basketball-court 0
264 1835 284 1840 273 1874 254 1868 basketball-court 0
287 1841 308 1849 294 1882 276 1875 basketball-court 0
250 1746 280 1755 276 1770 245 1761 tennis-court 1
295 1761 325 1770 320 1784 291 1775 tennis-court 1
663 3317 639 3326 637 3319 660 3312 ship 0
