imagesource:GF
gsd:1
2910 920 2896 938 2843 893 2859 874 ship 0
3381 2086 3361 2105 3272 2032 3289 2012 ship 0
1541 282 1594 337 1576 356 1520 303 ship 0
1484 658 1523 631 1721 853 1683 883 ship 0
2360 1458 2341 1482 2191 1366 2216 1338 ship 0
1627 2406 1627 2436 1538 2438 1538 2407 ship 0
1135 3783 1209 3775 1210 3797 1138 3803 ship 0
892 2916 910 2907 945 2972 929 2981 ship 0
540 2447 548 2426 582 2440 574 2461 ship 0
1045 2218 1026 2196 1090 2144 1107 2166 ship 0
268 2398 253 2379 310 2332 325 2353 ship 0
619 2470 641 2458 681 2524 659 2538 ship 0
659 2535 682 2522 720 2588 700 2600 ship 0
930 2981 952 2968 990 3039 969 3051 ship 0
990 3087 1011 3076 1044 3135 1023 3146 ship 0
1030 3157 1052 3147 1085 3209 1063 3219 ship 0
775 2601 798 2612 765 2678 738 2665 ship 0
883 2743 888 2768 801 2790 795 2763 ship 0
1063 3671 1055 3650 1200 3603 1207 3626 ship 0
1754 398 1825 448 1808 473 1736 421 ship 0
1773 341 1833 380 1819 402 1759 362 ship 0
1798 243 1878 295 1860 321 1778 267 ship 0
3552 1718 3637 1797 3612 1818 3530 1740 ship 0
261 2390 267 2401 171 2474 164 2464 harbor 0
735 3716 778 3707 805 3830 762 3841 bridge 0
3085 1638 3103 1625 3166 1699 3149 1713 ship 0
3712 780 3787 751 3796 773 3722 803 ship 0
3858 859 3878 876 3832 932 3810 915 ship 0
3336 1866 3361 1842 3446 1925 3420 1948 ship 0
3464 1819 3484 1801 3537 1854 3519 1870 ship 1
3745 2076 3826 2144 3804 2167 3724 2096 ship 0
1933 304 1947 282 2009 324 1995 346 ship 0
3932 2123 3984 2169 3970 2189 3915 2142 ship 0
2458 2102 2544 2123 2537 2151 2449 2132 ship 0
2679 1285 2745 1353 2725 1371 2656 1309 ship 0
2904 1138 2956 1181 2938 1203 2887 1157 ship 0
2527 1106 2602 1070 2613 1096 2538 1131 ship 0
2676 893 2732 942 2714 964 2656 916 ship 0
2333 795 2426 879 2400 908 2305 821 ship 0
1112 3304 1138 3293 1168 3353 1144 3367 ship 0
