imagesource:GF
gsd:1
291 3887 349 3899 334 3921 277 3907 bridge 0
2957 1028 3012 1077 2992 1098 2936 1049 ship 0
3798 1511 3871 1574 3849 1595 3777 1535 ship 0
3729 1559 3821 1641 3796 1663 3705 1578 ship 0
3789 1091 3853 1126 3839 1147 3772 1112 ship 0
3919 827 3949 809 3995 891 3970 905 ship 0
3134 672 3210 717 3196 741 3117 695 ship 0
3686 1413 3708 1394 3762 1451 3744 1468 ship 0
3642 1436 3661 1419 3719 1477 3701 1492 ship 0
3356 1127 3446 1210 3424 1231 3332 1152 ship 0
2868 1787 2897 1776 2926 1840 2897 1852 ship 0
219 3248 232 3255 188 3321 178 3313 bridge 0
2142 34 2203 85 2184 108 2121 56 ship 0
2549 189 2531 216 2400 135 2425 102 ship 0
2565 574 2585 548 2682 621 2659 648 ship 0
2216 712 2192 738 2048 621 2072 594 ship 0
1753 342 1728 370 1571 244 1602 214 ship 0
689 2823 745 2851 733 2870 679 2838 ship 0
704 2809 753 2837 744 2854 690 2826 ship 0
641 2789 688 2817 674 2840 626 2808 ship 0
3856 1484 3923 1545 3901 1569 3832 1507 ship 0
4141 1514 4234 1588 4214 1613 4119 1540 ship 0
4096 1573 4190 1643 4173 1664 4079 1599 ship 0
4130 1805 4198 1862 4180 1882 4111 1827 ship 0
269 3175 284 3185 276 3202 259 3191 bridge 0
368 3031 383 3041 372 3057 356 3048 bridge 0
438 2927 457 2941 419 2991 404 2981 bridge 0
5097 1286 5078 1302 5010 1223 5029 1208 ship 0
4311 1202 4300 1219 4209 1178 4218 1159 ship 0
3460 1470 3444 1489 3380 1439 3397 1419 ship 0
2945 2358 2930 2362 2909 2303 2924 2299 ship 0
123 3387 139 3397 126 3414 110 3403 bridge 0
1 544 560 3 593 34 25 578 bridge 0
4846 3295 4912 3354 4893 3373 4824 3316 ship 0
4953 2700 5060 2793 5038 2819 4926 2731 ship 0
4463 3273 4497 3282 4470 3390 4437 3383 ship 0
4108 2773 4140 2773 4138 2844 4107 2843 ship 0
4566 2251 4657 2332 4632 2355 4541 2279 ship 0
4578 1890 4630 1938 4608 1958 4556 1913 ship 0
4415 1905 4449 1890 4541 2062 4507 2075 ship 0
4181 1487 4257 1548 4242 1567 4165 1509 ship 0
494 1503 521 1479 603 1566 579 1588 ship 0
