imagesource:GF
gsd:1
1479 3173 1494 3199 1422 3236 1406 3210 harbor 0
1696 3152 1704 3160 1678 3196 1667 3185 ship 0
1507 3260 1511 3269 1481 3287 1476 3277 ship 0
1448 3266 1442 3270 1431 3257 1437 3252 ship 0
1504 3222 1489 3212 1519 3168 1535 3179 ship 0
1430 3195 1423 3180 1471 3157 1478 3174 ship 0
1738 3158 1750 3164 1732 3204 1721 3198 ship 0
1877 3039 1870 3051 1823 3023 1834 3008 ship 0
1811 3116 1803 3124 1771 3096 1779 3087 ship 0
1745 3192 1753 3196 1746 3214 1738 3210 ship 0
973 1804 991 1804 991 1823 973 1823 roundabout 0
1753 3197 1761 3199 1754 3217 1746 3214 ship 0
1762 3197 1769 3199 1760 3220 1754 3219 ship 0
1768 3204 1774 3207 1765 3228 1759 3224 ship 0
2178 3830 2192 3838 2188 3847 2176 3840 ship 0
2116 3830 2120 3822 2133 3830 2129 3839 ship 0
3665 3789 3839 3750 3842 3764 3667 3803 bridge 0
3908 3901 3913 3897 3923 3914 3917 3917 bridge 0
1527 3261 1536 3276 1486 3302 1481 3289 ship 0
