imagesource:GF
gsd:1
2800 1800 2839 1787 2844 1806 2809 1819 bridge 0
1998 117 2013 130 1991 161 1970 152 bridge 0
2322 473 2358 465 2364 490 2329 499 bridge 0
1643 37 1664 35 1669 66 1650 70 bridge 0
860 3125 946 3110 947 3130 861 3145 bridge 0
776 3792 802 3786 811 3825 782 3832 bridge 0
234 3903 276 3895 286 3942 245 3954 bridge 0
781 2675 875 2651 881 2675 789 2700 bridge 0
625 2354 703 2337 704 2357 628 2372 bridge 0
553 1988 613 1974 621 2002 559 2015 bridge 0
463 1583 526 1568 531 1590 468 1604 bridge 0
369 1134 430 1123 433 1147 372 1161 bridge 0
270 685 332 672 335 696 276 710 bridge 0
