imagesource:GF
gsd:1
3672 198 3681 193 3690 219 3680 223 bridge 0
3663 1159 3672 1153 3683 1180 3674 1186 bridge 0
3272 1749 3281 1744 3287 1764 3279 1768 bridge 0
3416 1308 3426 1317 3391 1354 3380 1343 ship 0
3073 1122 3065 1131 3023 1096 3033 1086 ship 0
3574 221 3587 221 3585 257 3572 256 bridge 0
2638 759 2645 750 2686 783 2681 791 ship 0
2577 712 2587 704 2617 746 2609 752 ship 0
2484 1898 2503 1897 2503 1904 2485 1906 bridge 0
1659 2874 1702 2862 1703 2872 1660 2883 bridge 0
961 2568 995 2570 995 2581 960 2580 bridge 0
