imagesource:GF
gsd:1
3677 2491 3714 2523 3703 2537 3663 2503 bridge 0
1761 2131 1767 2126 1790 2153 1787 2158 bridge 0
367 1332 390 1344 388 1351 364 1337 bridge 0
630 1509 653 1525 649 1530 624 1516 bridge 0
905 1705 935 1723 932 1730 901 1711 bridge 0
426 2337 448 2357 444 2363 420 2343 bridge 0
576 3302 602 3309 601 3317 573 3310 bridge 0
352 3681 374 3695 370 3702 348 3687 bridge 0
1025 321 1047 340 1036 353 1013 335 bridge 0
1974 2237 2007 2208 2013 2217 1983 2246 bridge 0
3887 2659 3917 2684 3900 2698 3872 2675 bridge 0
1410 3292 1416 3297 1394 3326 1388 3321 bridge 0
2438 1471 2480 1506 2463 1528 2421 1494 bridge 0
2994 71 3001 78 2978 113 2970 105 bridge 0
2998 1931 3013 1945 2992 1967 2977 1952 bridge 0
2866 3140 2889 3117 2897 3123 2872 3146 bridge 0
3252 3201 3258 3195 3279 3221 3273 3228 bridge 0
3398 3525 3406 3530 3381 3564 3373 3556 bridge 0
612 711 620 718 611 736 601 729 bridge 0
