imagesource:GF
gsd:1
3804 204 3818 203 3819 229 3805 228 bridge 0
2277 902 2287 902 2291 958 2281 957 bridge 0
723 3411 749 3409 749 3422 724 3424 bridge 0
944 3381 971 3375 974 3389 947 3394 bridge 0
736 3005 764 3000 766 3013 738 3018 bridge 0
1058 1500 1063 1500 1064 1527 1058 1527 bridge 0
915 171 923 177 896 211 888 203 bridge 0
1187 2972 1197 2969 1212 3024 1201 3026 bridge 0
2016 3385 2044 3377 2049 3389 2021 3396 bridge 0
2125 2141 2137 2141 2137 2165 2125 2164 bridge 0
2112 1413 2126 1412 2127 1446 2112 1447 bridge 0
2673 2820 2682 2818 2700 2882 2692 2884 bridge 0
3458 3315 3485 3292 3491 3299 3464 3323 bridge 0
2970 3579 2966 3569 3011 3549 3016 3560 ship 0
2782 178 2798 177 2800 185 2784 187 bridge 0
3297 1624 3307 1626 3303 1659 3294 1656 bridge 0
3434 2226 3470 2222 3471 2232 3436 2236 bridge 0
3479 2586 3518 2578 3525 2603 3487 2612 bridge 0
3023 2872 3042 2872 3048 2912 3029 2915 bridge 0
3217 3427 3237 3419 3296 3541 3272 3548 bridge 0
3413 3337 3450 3320 3455 3328 3419 3344 bridge 0
3364 3368 3384 3354 3388 3360 3367 3374 bridge 0
200 3478 228 3476 229 3489 200 3490 bridge 0
