imagesource:GF
gsd:1
3462 547 3514 534 3539 641 3484 656 ground-track-field 0
3533 1362 3603 1346 3607 1356 3536 1373 bridge 0
2448 3756 2461 3768 2443 3787 2429 3774 bridge 0
2327 3625 2335 3629 2318 3655 2311 3648 bridge 0
2110 3549 2134 3556 2127 3578 2103 3571 bridge 0
1296 3467 1961 3635 1958 3672 1286 3505 bridge 0
2348 1281 2384 1273 2390 1288 2352 1298 bridge 0
2219 1132 2265 1123 2272 1155 2228 1166 bridge 0
1512 735 1533 729 1543 765 1524 769 bridge 0
1573 1319 1612 1306 1620 1337 1582 1352 bridge 0
1530 1806 1542 1806 1540 1843 1526 1842 bridge 0
1512 2210 1526 2210 1530 2274 1518 2274 bridge 0
1344 2699 1356 2704 1300 2841 1287 2833 bridge 0
1165 3337 1182 3342 1175 3392 1158 3387 bridge 0
648 3306 669 3307 669 3343 647 3342 harbor 0
304 2665 306 2629 342 2625 341 2665 harbor 0
282 2291 276 2142 303 2142 315 2289 harbor 0
2220 3127 2238 3136 2228 3157 2211 3148 bridge 0
2601 1370 2614 1366 2646 1440 2631 1444 bridge 0
3153 77 3184 84 3168 190 3134 183 bridge 0
3848 2570 3907 2555 3912 2572 3856 2589 bridge 0
3587 1539 3642 1522 3647 1530 3590 1546 bridge 0
3534 1260 3544 1257 3556 1305 3547 1310 ship 0
3627 1584 3635 1579 3655 1629 3645 1633 ship 0
3659 1735 3669 1731 3680 1768 3672 1772 ship 0
3701 1977 3770 1958 3778 1981 3709 2002 bridge 0
3841 2487 3882 2482 3884 2488 3845 2493 bridge 0
3343 3773 3357 3771 3365 3807 3351 3810 bridge 0
3083 489 3113 497 3095 565 3064 552 bridge 0
2933 3719 2957 3715 2972 3799 2949 3799 bridge 0
3218 2574 3245 2565 3246 2572 3221 2584 bridge 0
3101 2155 3133 2144 3138 2160 3109 2168 bridge 0
3066 1285 3082 1282 3094 1324 3077 1328 bridge 0
3436 926 3428 932 3409 883 3418 881 ship 0
3346 783 3407 757 3416 778 3356 807 bridge 0
131 27 161 35 149 100 121 90 bridge 0
