imagesource:GF
gsd:1
4442 3400 4510 3384 4535 3434 4463 3453 bridge 0
4925 927 4949 922 4958 947 4934 953 bridge 0
822 1682 871 1668 848 1723 796 1738 bridge 0
404 2940 427 2949 423 2968 398 2958 bridge 0
453 2760 469 2809 442 2900 426 2851 bridge 0
341 3287 370 3284 368 3302 338 3304 bridge 0
730 3889 787 3879 788 3894 735 3908 bridge 0
852 1617 875 1626 872 1640 849 1630 bridge 0
932 255 948 255 951 287 934 292 bridge 0
1361 131 1384 127 1389 164 1364 169 bridge 0
1276 2217 1298 2217 1304 2243 1281 2247 bridge 0
1288 2434 1317 2428 1320 2444 1292 2452 bridge 0
1341 2691 1374 2684 1376 2696 1344 2706 bridge 0
1408 3000 1439 2992 1448 3040 1416 3048 bridge 0
1536 3434 1556 3429 1562 3451 1541 3456 bridge 0
1659 3912 1682 3909 1698 3968 1676 3969 bridge 0
2036 2028 2076 2019 2083 2050 2037 2060 bridge 0
3038 1612 3064 1612 3072 1652 3044 1652 bridge 0
3416 1610 3440 1610 3448 1650 3423 1651 bridge 0
3922 3672 4011 3702 4015 3756 3928 3725 bridge 0
3876 3333 3961 3309 3972 3424 3888 3444 bridge 0
3840 1710 3871 1677 3919 1806 3887 1840 bridge 0
3910 1036 4002 1014 4007 1065 3913 1088 bridge 0
4610 2034 4670 2019 4674 2058 4614 2068 bridge 0
5066 1240 5096 1231 5109 1276 5080 1285 bridge 0
964 832 997 827 1000 848 968 852 bridge 0
