imagesource:GF
gsd:1
3579 3600 3601 3593 3606 3608 3583 3613 bridge 0
1290 2500 1298 2500 1299 2538 1290 2537 bridge 0
2926 3280 2956 3272 2958 3290 2930 3295 bridge 0
2067 112 2083 110 2087 130 2071 132 bridge 0
2131 1271 2198 1255 2208 1290 2138 1305 bridge 0
1740 2427 1749 2425 1760 2463 1752 2464 bridge 0
1641 2463 1678 2455 1684 2485 1649 2491 bridge 0
1468 485 1544 469 1552 514 1479 529 bridge 0
1066 3313 1107 3292 1110 3296 1069 3318 bridge 0
1061 3308 1104 3285 1108 3293 1067 3315 bridge 0
1061 3334 1102 3312 1108 3321 1067 3343 bridge 0
908 601 942 595 947 639 915 644 bridge 0
3115 3680 3134 3675 3152 3698 3130 3704 bridge 0
716 2633 738 2639 733 2657 711 2651 bridge 0
689 2778 714 2777 715 2797 690 2798 bridge 0
851 3098 880 3094 883 3110 853 3113 bridge 0
838 2530 866 2529 867 2559 838 2559 bridge 0
105 3291 154 3281 157 3298 108 3308 bridge 0
490 3191 516 3188 518 3207 492 3211 bridge 0
205 3266 221 3262 226 3278 210 3281 bridge 0
90 2422 135 2420 135 2470 91 2472 bridge 0
1696 3868 1713 3865 1716 3883 1700 3886 bridge 0
2714 2858 2736 2856 2740 2891 2717 2893 bridge 0
2708 2083 2739 2079 2740 2093 2710 2095 bridge 0
2840 2123 2858 2121 2862 2151 2844 2152 bridge 0
2966 2161 2994 2149 2998 2160 2970 2170 bridge 0
3092 2394 3141 2386 3184 2413 3136 2423 bridge 0
2646 2180 2660 2178 2666 2202 2655 2205 bridge 0
2372 2274 2379 2274 2385 2293 2378 2295 bridge 0
1748 161 1777 146 1801 154 1769 174 bridge 0
1789 875 1851 855 1887 901 1827 920 bridge 0
1099 3053 1142 3041 1131 3094 1093 3103 bridge 0
3719 1119 3791 1086 3864 1236 3787 1263 ground-track-field 0
2935 208 3009 193 3048 355 2974 368 ground-track-field 0
3000 1228 3052 1205 3096 1306 3039 1327 ground-track-field 0
2249 2479 2321 2452 2370 2581 2294 2608 ground-track-field 0
1999 1880 2077 1845 2135 1967 2058 2001 soccer-ball-field 1
1967 1842 2068 1803 2161 1998 2070 2047 ground-track-field 0
2377 1 2513 2 2561 121 2453 155 ground-track-field 0
1056 2281 1123 2263 1163 2404 1090 2420 ground-track-field 0
720 3886 754 3907 742 3925 709 3905 basketball-court 0
96 262 122 262 122 281 96 281 storage-tank 0
150 233 175 233 175 257 150 257 storage-tank 0
3792 3541 3804 3537 3809 3557 3798 3559 bridge 0
3328 3658 3338 3656 3341 3669 3332 3670 bridge 1
753 3948 792 3975 785 3984 746 3959 bridge 0
