imagesource:GF
gsd:1
3525 350 3588 330 3626 469 3563 484 ground-track-field 0
3389 1212 3400 1210 3409 1254 3397 1256 ship 0
1441 2148 1459 2152 1457 2160 1440 2156 bridge 0
1370 2599 1387 2602 1386 2609 1369 2607 bridge 0
1149 583 1160 580 1166 600 1153 603 bridge 0
1322 2959 1338 2959 1337 2967 1321 2966 bridge 0
1737 2366 1785 2369 1785 2380 1736 2376 bridge 0
1664 3750 1673 3750 1673 3762 1665 3761 bridge 1
2093 2117 2085 2127 2046 2092 2054 2084 ship 0
1988 2123 1980 2132 1949 2106 1955 2097 ship 0
1908 2043 1901 2054 1859 2028 1865 2017 ship 0
2278 2242 2275 2252 2221 2237 2225 2226 ship 0
2434 2236 2436 2252 2373 2253 2371 2237 ship 0
3051 1921 3085 1904 3226 2185 3192 2205 bridge 0
2565 1462 2582 1456 2585 1466 2567 1471 bridge 0
2622 1663 2645 1656 2647 1667 2625 1673 bridge 0
2732 2055 2753 2051 2754 2061 2734 2066 bridge 0
2520 219 2528 219 2532 236 2525 237 bridge 0
2854 133 2863 131 2867 146 2857 148 bridge 0
3175 259 3160 263 3146 209 3160 205 ship 0
3183 893 3254 875 3258 884 3184 902 bridge 0
3188 904 3259 885 3260 892 3190 910 bridge 0
3214 504 3225 500 3237 545 3224 547 ship 0
3354 2036 3353 2047 3304 2045 3304 2034 ship 0
3372 1005 3384 1003 3397 1060 3383 1061 ship 0
3359 1008 3373 1005 3385 1059 3370 1062 ship 0
3386 1064 3401 1060 3413 1115 3399 1119 ship 0
3374 1066 3388 1064 3399 1119 3386 1120 ship 0
3407 1138 3421 1134 3432 1190 3418 1192 ship 0
1469 1924 1494 1930 1492 1938 1466 1932 bridge 0
1811 3227 1874 3227 1874 3241 1811 3241 bridge 0
1657 3249 1668 3249 1668 3267 1657 3267 bridge 0
138 915 152 913 152 921 138 922 bridge 1
583 267 590 256 635 293 627 305 ship 0
666 385 678 373 722 416 710 428 ship 0
922 679 914 688 878 655 887 646 ship 0
1024 744 1017 752 990 727 998 719 ship 0
1609 1844 1601 1856 1563 1832 1570 1821 ship 0
2121 329 2149 305 2174 333 2146 357 bridge 0
1394 520 1405 515 1414 537 1403 540 bridge 0
1787 416 1795 414 1799 430 1791 432 bridge 0
425 358 432 352 450 377 442 382 bridge 0
413 359 421 356 437 385 429 390 bridge 0
417 432 445 432 445 462 417 462 storage-tank 0
98 621 104 617 114 632 106 635 bridge 0
166 1312 180 1310 181 1324 167 1324 bridge 1
1079 3278 1100 3278 1100 3285 1079 3285 bridge 0
175 1531 198 1530 198 1539 176 1539 bridge 0
187 1664 206 1663 206 1672 186 1672 bridge 0
543 1384 555 1383 558 1399 545 1399 bridge 0
506 2004 541 2006 540 2016 506 2014 bridge 0
511 2140 534 2141 533 2152 510 2151 bridge 0
409 1850 406 1866 341 1856 343 1841 ship 0
172 1843 169 1857 114 1844 117 1829 ship 0
509 2441 533 2444 534 2452 509 2449 bridge 0
512 3046 528 3045 529 3053 514 3054 bridge 0
513 3549 525 3548 525 3556 512 3556 bridge 1
814 3264 825 3262 824 3279 814 3279 bridge 0
838 1477 853 1476 853 1484 839 1485 bridge 0
3418 1271 3429 1269 3444 1324 3430 1326 ship 0
3308 75 3323 70 3328 89 3312 92 bridge 0
3409 1733 3406 1727 3432 1713 3435 1720 ship 0
3566 2 3584 1 3586 12 3570 12 bridge 0
3273 1274 3274 1266 3314 1263 3314 1271 ship 0
3273 1266 3273 1256 3320 1254 3320 1263 ship 0
3271 1257 3271 1248 3318 1245 3319 1252 ship 0
3268 1249 3266 1239 3315 1233 3316 1243 ship 0
3268 1237 3264 1225 3317 1204 3322 1217 ship 0
3262 1225 3258 1216 3309 1197 3312 1206 ship 0
3261 1215 3257 1206 3303 1188 3306 1198 ship 0
3257 1206 3255 1199 3297 1182 3300 1189 ship 0
3254 1198 3251 1190 3294 1173 3297 1181 ship 0
3252 1189 3249 1181 3292 1164 3295 1172 ship 0
3249 1180 3246 1172 3290 1156 3293 1164 ship 0
3248 1171 3245 1164 3283 1150 3286 1156 ship 0
3250 1159 3246 1149 3290 1134 3293 1145 ship 0
3246 1149 3244 1143 3286 1129 3288 1135 ship 0
3241 1143 3237 1134 3284 1118 3287 1126 ship 0
3238 1134 3234 1125 3283 1109 3286 1117 ship 0
3234 1126 3231 1117 3274 1101 3277 1110 ship 0
3233 1116 3230 1109 3269 1094 3272 1103 ship 0
3317 1195 3307 1199 3287 1158 3298 1154 ship 0
3389 1670 3387 1661 3437 1655 3439 1665 ship 0
3383 1660 3383 1651 3443 1643 3444 1653 ship 0
3382 1650 3380 1640 3435 1634 3436 1643 ship 0
3380 1639 3378 1629 3427 1623 3429 1633 ship 0
3405 1755 3403 1746 3438 1741 3440 1750 ship 0
3412 1745 3411 1739 3437 1734 3438 1740 ship 0
3416 1739 3415 1735 3436 1730 3436 1733 ship 0
3412 1736 3410 1732 3432 1723 3434 1727 ship 0
3281 1295 3277 1285 3326 1266 3331 1276 ship 0
3285 1304 3282 1297 3318 1281 3322 1288 ship 0
3286 1315 3282 1306 3328 1284 3331 1293 ship 0
3619 2736 3636 2729 3639 2738 3621 2743 bridge 0
3400 1867 3397 1857 3449 1843 3452 1854 ship 0
3387 1596 3389 1583 3443 1589 3442 1603 ship 0
3350 1537 3344 1526 3401 1503 3406 1514 ship 0
3347 1526 3343 1515 3395 1493 3399 1504 ship 0
3344 1514 3340 1505 3382 1488 3385 1495 ship 0
2700 3567 2715 3564 2719 3584 2704 3588 bridge 0
3232 3456 3242 3454 3245 3467 3236 3469 bridge 1
3472 2134 3496 2129 3499 2140 3474 2145 bridge 0
3866 27 3886 21 3893 41 3873 46 bridge 0
3926 200 3946 194 3949 206 3929 211 bridge 0
3929 1219 3950 1216 3951 1223 3930 1227 bridge 0
3558 2483 3577 2479 3579 2486 3560 2490 bridge 0
3820 2674 3827 2671 3831 2684 3824 2685 bridge 1
3306 1352 3303 1343 3351 1333 3353 1341 ship 0
3589 3378 3597 3375 3600 3391 3592 3392 bridge 0
3918 3959 3939 3955 3941 3966 3919 3968 bridge 0
3799 3469 3814 3465 3817 3473 3802 3478 bridge 0
2250 3667 2263 3663 2266 3677 2254 3680 bridge 1
2036 3713 2043 3712 2046 3725 2039 3726 bridge 1
3231 1109 3227 1100 3265 1086 3268 1095 ship 0
3291 1323 3286 1313 3332 1292 3336 1301 ship 0
3316 1400 3315 1391 3368 1378 3371 1388 ship 0
3311 1390 3309 1382 3360 1370 3361 1380 ship 0
3307 1381 3305 1372 3353 1362 3355 1371 ship 0
3302 1372 3300 1363 3355 1352 3357 1361 ship 0
3303 1362 3301 1352 3355 1341 3357 1351 ship 0
302 37 312 26 357 59 348 71 ship 0
