imagesource:GF
gsd:1
3781 710 3792 707 3806 753 3794 755 bridge 0
2202 2410 2277 2421 2276 2432 2199 2422 bridge 0
3367 2722 3378 2722 3377 2739 3367 2739 bridge 0
3636 3800 3655 3797 3656 3805 3637 3808 bridge 0
3602 3597 3623 3595 3624 3604 3603 3605 bridge 0
2246 3927 2291 3927 2293 3998 2247 4000 bridge 0
1088 1756 1079 1746 1129 1715 1137 1726 ship 0
2499 1778 2498 1788 2444 1779 2444 1768 ship 0
1745 1721 1942 1548 1979 1588 1783 1762 bridge 0
2272 1640 2336 1646 2318 1816 2252 1811 bridge 0
2851 1807 2850 1794 2912 1796 2912 1809 ship 0
2672 1714 2698 1721 2642 1869 2617 1861 bridge 0
1291 2127 1298 2134 1275 2158 1269 2152 bridge 0
282 2189 273 2178 320 2143 329 2155 ship 0
269 1823 279 1817 286 1831 276 1836 bridge 0
845 2906 867 2899 870 2907 849 2913 bridge 0
771 2723 790 2715 793 2725 775 2732 bridge 0
928 2551 938 2551 938 2570 927 2569 bridge 0
688 2528 705 2519 709 2526 691 2534 bridge 0
383 1850 411 1835 416 1847 388 1861 bridge 0
593 1430 599 1425 606 1436 600 1439 bridge 1
646 842 654 840 657 860 649 861 bridge 0
258 1351 296 1344 298 1357 259 1363 bridge 0
934 793 941 792 945 808 937 810 bridge 0
940 786 960 781 961 788 941 793 bridge 0
3017 2413 3035 2408 3037 2418 3018 2422 bridge 0
3094 2704 3114 2702 3114 2711 3095 2712 bridge 0
3109 2740 3126 2738 3126 2745 3110 2746 bridge 0
2841 1660 2861 1664 2860 1674 2840 1670 bridge 0
2476 1185 2491 1178 2492 1224 2482 1231 bridge 0
2350 393 2366 399 2373 440 2356 433 bridge 0
1300 2212 1315 2193 1338 2236 1320 2260 bridge 0
793 2776 802 2763 821 2809 813 2821 bridge 0
1369 719 1377 718 1379 734 1372 734 bridge 0
3164 2938 3180 2936 3181 2946 3165 2947 bridge 0
3893 1233 3911 1232 3911 1242 3894 1241 bridge 0
3867 2620 3887 2616 3888 2627 3869 2629 bridge 0
1399 2388 1408 2389 1406 2406 1398 2406 bridge 0
2943 1385 2956 1389 2954 1396 2939 1392 bridge 1
1874 1530 1906 1525 1907 1534 1876 1538 bridge 0
2717 3842 2733 3839 2735 3847 2718 3850 bridge 0
2112 2090 2122 2091 2120 2104 2112 2104 bridge 1
1949 3666 1967 3656 1971 3665 1953 3672 bridge 0
1126 3563 1139 3552 1149 3565 1137 3575 bridge 0
2882 1947 2900 1942 2903 1952 2886 1956 bridge 0
2739 2712 2750 2712 2749 2726 2740 2726 bridge 1
2311 2317 2328 2319 2327 2328 2310 2326 bridge 0
2425 1613 2471 1591 2475 1601 2430 1622 bridge 0
2348 484 2358 483 2359 496 2351 498 bridge 1
2326 267 2345 263 2348 276 2328 279 bridge 0
2828 411 2839 409 2840 426 2830 426 bridge 0
903 590 924 586 925 596 904 599 bridge 0
