imagesource:GoogleEarth
gsd:1.05328333502
1951 1094 1983 1127 1946 1168 1907 1134 plane 0
1738 334 1727 307 1767 297 1773 324 plane 0
1718 291 1700 241 1753 223 1769 278 plane 0
1695 224 1676 169 1745 147 1764 202 plane 0
1704 605 1669 559 1729 525 1757 572 plane 0
1739 660 1715 612 1774 589 1794 635 plane 0
1710 689 1743 643 1799 680 1764 725 plane 0
1700 791 1722 776 1738 802 1716 817 plane 0
1710 755 1735 720 1775 754 1747 785 plane 0
1664 820 1690 808 1705 840 1677 854 plane 0
1599 811 1644 805 1657 864 1608 873 plane 0
1529 886 1569 855 1605 902 1562 935 plane 0
1332 1006 1388 1014 1375 1076 1320 1068 plane 0
997 932 1063 943 1046 1016 983 1007 plane 0
1330 1719 1341 1779 1273 1788 1268 1721 plane 0
