imagesource:GoogleEarth
gsd:0.274654895447
2324 458 2363 422 2454 536 2415 564 ship 0
1550 2403 1559 2394 1583 2421 1574 2431 ship 0
1660 2295 1652 2302 1630 2279 1641 2269 ship 0
1640 2267 1651 2257 1674 2288 1660 2298 ship 0
1650 2258 1660 2249 1684 2278 1674 2289 ship 0
1662 2253 1672 2244 1693 2270 1683 2280 ship 0
1679 2235 1690 2225 1712 2254 1700 2262 ship 0
1803 2316 1788 2327 1724 2252 1741 2239 ship 0
1746 2279 1737 2288 1715 2260 1725 2251 ship 0
1739 2287 1727 2295 1706 2268 1716 2259 ship 0
1724 2296 1714 2304 1697 2278 1707 2268 ship 0
1715 2305 1706 2312 1687 2285 1697 2276 ship 0
1706 2311 1696 2321 1677 2293 1688 2285 ship 0
1698 2324 1688 2332 1668 2303 1677 2293 ship 0
1689 2332 1677 2342 1656 2310 1668 2299 ship 0
1680 2340 1668 2347 1647 2319 1658 2309 ship 0
1667 2346 1658 2353 1636 2327 1647 2319 ship 0
1660 2354 1650 2363 1628 2336 1636 2327 ship 0
1649 2362 1639 2371 1618 2344 1629 2336 ship 0
1640 2369 1631 2378 1608 2352 1617 2342 ship 0
1633 2378 1623 2387 1598 2364 1606 2353 ship 0
1578 2379 1588 2369 1613 2392 1600 2404 ship 0
1603 2404 1592 2412 1567 2387 1580 2376 ship 0
1619 2285 1629 2274 1654 2301 1645 2312 ship 0
1612 2295 1621 2286 1646 2312 1636 2320 ship 0
1602 2304 1611 2292 1634 2319 1623 2329 ship 0
1420 2455 1431 2443 1459 2471 1447 2484 ship 0
1518 2299 1508 2307 1486 2280 1497 2271 ship 0
1514 2312 1502 2323 1476 2290 1489 2279 ship 0
1497 2318 1486 2326 1464 2299 1477 2288 ship 0
1492 2333 1480 2342 1454 2308 1466 2299 ship 0
1479 2340 1468 2348 1442 2319 1456 2308 ship 0
1463 2344 1452 2352 1432 2326 1442 2318 ship 0
1460 2360 1447 2369 1421 2336 1434 2326 ship 0
1442 2364 1429 2373 1411 2345 1422 2337 ship 0
1381 2432 1318 2360 1650 2079 1685 2162 harbor 0
1435 2448 1447 2436 1470 2459 1460 2471 ship 0
1573 2370 1564 2376 1546 2354 1556 2346 ship 0
1448 2435 1457 2425 1479 2449 1470 2461 ship 0
1459 2429 1469 2420 1492 2442 1482 2452 ship 0
1470 2420 1479 2412 1501 2435 1491 2444 ship 0
1474 2409 1486 2399 1512 2427 1501 2437 ship 0
1488 2401 1497 2392 1520 2417 1511 2426 ship 0
1498 2395 1507 2386 1531 2411 1521 2420 ship 0
1515 2376 1525 2366 1549 2393 1537 2403 ship 0
1527 2370 1534 2361 1559 2385 1549 2395 ship 0
1536 2361 1546 2351 1568 2376 1558 2385 ship 0
1594 2412 1586 2420 1560 2394 1571 2384 ship 0
1492 2452 1504 2442 1524 2466 1511 2476 ship 0
473 1574 484 1590 444 1621 431 1604 ship 0
1512 2488 1503 2499 1470 2473 1484 2461 ship 0
514 2256 506 2247 526 2229 535 2239 ship 0
483 2258 497 2272 450 2326 432 2314 ship 0
416 2232 422 2240 399 2265 392 2256 ship 0
368 2279 378 2292 343 2327 329 2315 ship 0
275 2335 287 2318 323 2343 312 2360 ship 0
276 2402 260 2416 226 2374 242 2360 ship 0
250 2402 241 2409 216 2386 227 2376 ship 0
246 2416 234 2428 205 2398 218 2386 ship 0
173 2427 184 2418 204 2440 194 2451 ship 0
200 2406 207 2398 226 2419 215 2427 ship 0
162 2432 171 2424 194 2449 180 2458 ship 0
147 2456 157 2447 179 2474 167 2483 ship 0
161 2480 153 2486 134 2466 144 2456 ship 0
153 2513 141 2522 112 2489 126 2476 ship 0
133 2531 119 2542 84 2504 100 2493 ship 0
119 2538 110 2545 89 2522 97 2513 ship 0
108 2567 93 2576 59 2543 71 2533 ship 0
114 2639 129 2627 162 2662 148 2675 ship 0
134 2617 148 2604 181 2640 165 2653 ship 0
199 2618 190 2626 171 2610 182 2599 ship 0
178 2579 191 2566 223 2603 208 2613 ship 0
534 2294 543 2285 570 2310 555 2325 swimming-pool 0
576 2245 603 2220 620 2243 595 2264 swimming-pool 0
578 2163 591 2179 552 2217 537 2205 ship 0
759 1882 770 1899 720 1942 704 1923 ship 0
1484 2502 1476 2510 1450 2487 1462 2475 ship 0
1474 2519 1417 2458 1716 2207 1763 2262 harbor 0
2630 1938 2617 1947 2591 1917 2605 1904 ship 0
2302 1553 2311 1540 2345 1564 2334 1577 ship 0
2820 159 2815 150 2848 128 2853 142 ship 0
1713 2455 1713 2440 1749 2437 1750 2452 ship 0
1770 2388 1782 2389 1773 2427 1759 2425 ship 0
1859 2546 1850 2551 1827 2532 1838 2523 ship 0
1769 2102 1810 2102 1810 2139 1769 2139 roundabout 0
690 1959 700 1975 662 2006 649 1990 ship 0
478 2163 487 2172 469 2194 458 2187 ship 0
648 2134 630 2117 696 2053 709 2070 ship 0
784 2050 856 2051 856 2087 781 2088 swimming-pool 0
918 2068 953 2105 929 2128 892 2094 swimming-pool 0
684 2170 708 2195 696 2208 672 2184 swimming-pool 0
849 2160 877 2160 877 2187 849 2187 roundabout 0
626 2114 640 2129 601 2166 588 2151 ship 0
551 2122 538 2110 582 2057 597 2071 ship 0
527 2135 518 2127 535 2108 544 2116 ship 0
499 2162 490 2150 519 2127 527 2138 ship 0
1537 2294 1525 2303 1499 2271 1509 2260 ship 0
1548 2285 1536 2295 1508 2262 1520 2252 ship 0
1558 2275 1547 2286 1519 2254 1532 2243 ship 0
1567 2266 1558 2275 1531 2243 1541 2235 ship 0
1382 2132 1392 2122 1415 2151 1403 2159 ship 0
1388 2121 1400 2108 1426 2140 1414 2151 ship 0
1400 2109 1412 2100 1437 2132 1426 2141 ship 0
1421 2088 1433 2079 1459 2113 1446 2122 ship 0
1435 2086 1445 2078 1467 2105 1456 2114 ship 0
1477 2098 1466 2107 1445 2077 1457 2067 ship 0
1451 2057 1465 2047 1491 2084 1476 2098 ship 0
1484 2035 1497 2024 1525 2056 1513 2067 ship 0
1497 2024 1506 2014 1535 2046 1525 2056 ship 0
1509 2019 1519 2011 1544 2038 1535 2047 ship 0
1519 2009 1533 1995 1560 2028 1546 2040 ship 0
1535 1996 1543 1988 1570 2019 1559 2029 ship 0
1543 1989 1555 1978 1580 2009 1570 2019 ship 0
1553 1979 1565 1969 1592 1999 1579 2011 ship 0
1624 2037 1614 2047 1585 2016 1594 2005 ship 0
1609 2043 1601 2052 1574 2027 1585 2016 ship 0
1614 2071 1600 2081 1576 2048 1591 2037 ship 0
1585 2061 1576 2071 1553 2043 1567 2033 ship 0
1566 2079 1555 2089 1531 2062 1543 2052 ship 0
1543 2096 1532 2105 1508 2081 1520 2072 ship 0
1533 2109 1521 2119 1498 2090 1511 2081 ship 0
1363 2140 1377 2127 1403 2159 1391 2170 ship 0
1359 2154 1368 2145 1391 2170 1380 2179 ship 0
1339 2157 1354 2145 1381 2179 1369 2189 ship 0
1282 2149 1268 2159 1243 2123 1255 2112 ship 0
1404 2041 1391 2048 1367 2014 1379 2003 ship 0
1386 2046 1376 2054 1356 2025 1366 2016 ship 0
1382 2058 1369 2069 1342 2038 1358 2024 ship 0
1353 2075 1342 2081 1323 2055 1335 2044 ship 0
1348 2090 1336 2099 1312 2063 1323 2054 ship 0
1339 2102 1326 2111 1300 2074 1312 2064 ship 0
1327 2109 1314 2119 1287 2085 1300 2074 ship 0
1311 2114 1301 2122 1276 2092 1288 2084 ship 0
1291 2133 1278 2143 1255 2111 1268 2103 ship 0
1267 2156 1255 2165 1232 2134 1244 2122 ship 0
1338 2174 1347 2165 1370 2188 1360 2198 ship 0
1191 2224 1130 2144 1490 1850 1545 1925 harbor 0
1244 2271 1232 2258 1280 2212 1293 2229 ship 0
1263 2281 1251 2267 1292 2229 1304 2243 ship 0
1277 2302 1263 2287 1309 2247 1323 2263 ship 0
1289 2321 1275 2308 1323 2263 1339 2277 ship 0
1279 2199 1296 2187 1327 2225 1312 2238 ship 0
1301 2198 1312 2189 1337 2217 1326 2227 ship 0
1306 2184 1320 2173 1348 2207 1337 2218 ship 0
1319 2175 1330 2166 1359 2196 1347 2207 ship 0
1485 2099 1497 2088 1518 2112 1507 2124 ship 0
1514 2131 1503 2143 1472 2111 1485 2099 ship 0
1498 2137 1488 2146 1461 2119 1473 2110 ship 0
1591 2132 1603 2123 1627 2152 1614 2162 ship 0
1477 2222 1488 2212 1515 2245 1502 2257 ship 0
1499 2207 1510 2196 1537 2227 1523 2238 ship 0
1516 2202 1524 2193 1548 2219 1538 2227 ship 0
1527 2191 1536 2182 1560 2209 1549 2217 ship 0
1532 2178 1544 2165 1573 2201 1561 2211 ship 0
1544 2166 1555 2158 1583 2190 1570 2200 ship 0
1554 2157 1565 2145 1595 2179 1583 2189 ship 0
1568 2149 1578 2139 1605 2168 1595 2179 ship 0
1577 2136 1587 2126 1616 2160 1604 2170 ship 0
1603 2120 1616 2109 1639 2141 1626 2152 ship 0
1457 2246 1468 2235 1492 2266 1482 2275 ship 0
1619 2115 1628 2106 1649 2132 1637 2142 ship 0
1624 2103 1637 2091 1659 2123 1648 2133 ship 0
1664 2174 1655 2181 1633 2159 1642 2147 ship 0
1662 2187 1648 2197 1622 2166 1635 2155 ship 0
1643 2192 1634 2201 1611 2175 1622 2165 ship 0
1622 2214 1611 2224 1587 2196 1597 2184 ship 0
1609 2222 1599 2232 1576 2205 1586 2195 ship 0
1603 2238 1593 2247 1565 2215 1577 2205 ship 0
1595 2250 1582 2260 1552 2225 1566 2215 ship 0
1502 2260 1491 2267 1467 2237 1479 2226 ship 0
1446 2252 1458 2243 1483 2276 1471 2286 ship 0
1492 2151 1482 2159 1452 2130 1463 2118 ship 0
1379 2245 1368 2257 1341 2225 1353 2213 ship 0
1478 2155 1466 2168 1436 2138 1452 2125 ship 0
1469 2170 1459 2182 1428 2148 1438 2138 ship 0
1453 2176 1443 2187 1418 2156 1428 2147 ship 0
1443 2186 1432 2196 1408 2167 1420 2155 ship 0
1432 2197 1420 2207 1395 2175 1409 2163 ship 0
1420 2207 1410 2217 1386 2183 1396 2174 ship 0
1411 2217 1400 2225 1374 2194 1385 2183 ship 0
1402 2226 1391 2236 1363 2205 1375 2193 ship 0
1352 2212 1364 2205 1383 2228 1374 2237 ship 0
1352 2264 1343 2272 1315 2242 1330 2231 ship 0
1435 2260 1446 2250 1472 2286 1460 2296 ship 0
1287 2324 1228 2253 1574 1960 1632 2030 harbor 0
1350 2392 1338 2378 1388 2332 1401 2347 ship 0
1363 2407 1351 2394 1401 2349 1416 2367 ship 0
1381 2428 1370 2413 1418 2368 1431 2382 ship 0
1377 2308 1388 2297 1415 2332 1402 2342 ship 0
1388 2297 1400 2288 1428 2320 1415 2334 ship 0
1400 2287 1411 2280 1436 2313 1425 2322 ship 0
1412 2281 1424 2271 1450 2302 1435 2314 ship 0
1423 2271 1435 2261 1461 2295 1448 2304 ship 0
195 2556 208 2544 242 2580 227 2590 ship 0
220 2556 231 2547 251 2571 244 2579 ship 0
228 2512 242 2497 283 2534 266 2548 ship 0
1484 2876 1498 2892 1463 2922 1448 2908 ship 0
1213 2970 1202 2961 1228 2934 1238 2945 ship 0
1252 3014 1241 3002 1269 2975 1280 2987 ship 0
1260 3026 1250 3015 1279 2987 1290 2995 ship 0
1270 3034 1261 3025 1289 2997 1301 3008 ship 0
1282 3047 1270 3034 1300 3009 1312 3021 ship 0
1287 3061 1277 3052 1311 3019 1324 3031 ship 0
1311 3079 1301 3070 1330 3041 1342 3051 ship 0
1322 3088 1312 3078 1341 3051 1351 3060 ship 0
1332 3098 1321 3089 1350 3060 1363 3070 ship 0
1106 2874 1179 2805 1405 3037 1326 3103 harbor 0
1136 2959 1142 2969 1115 2989 1108 2978 ship 0
1142 2967 1150 2977 1127 3000 1115 2991 ship 0
1151 2977 1161 2988 1135 3011 1125 3000 ship 0
1158 2990 1166 3000 1144 3020 1135 3010 ship 0
1150 3029 1142 3019 1166 3000 1174 3008 ship 0
1184 3017 1191 3027 1168 3050 1157 3038 ship 0
1194 3022 1205 3031 1177 3058 1167 3047 ship 0
1205 3033 1214 3044 1186 3066 1175 3055 ship 0
1216 3040 1224 3049 1197 3076 1184 3065 ship 0
1236 3055 1245 3068 1216 3094 1206 3084 ship 0
1245 3070 1253 3082 1224 3105 1212 3093 ship 0
1200 2962 1192 2952 1217 2922 1229 2934 ship 0
1179 2938 1171 2928 1199 2904 1208 2914 ship 0
1165 2915 1156 2904 1179 2883 1190 2892 ship 0
1222 2750 1298 2683 1534 2924 1434 3009 harbor 0
1419 3015 1403 3000 1467 2940 1481 2959 ship 0
1392 2952 1379 2936 1427 2896 1440 2911 ship 0
1385 2930 1373 2920 1415 2882 1427 2896 ship 0
1359 2907 1346 2894 1387 2853 1399 2867 ship 0
1344 2893 1330 2882 1372 2836 1388 2853 ship 0
1309 2856 1294 2840 1333 2796 1349 2812 ship 0
1293 2843 1277 2828 1322 2782 1334 2796 ship 0
1268 2813 1254 2798 1294 2756 1311 2770 ship 0
1250 2790 1238 2777 1283 2743 1297 2758 ship 0
1391 3023 1402 3034 1367 3065 1356 3052 ship 0
1143 2902 1130 2892 1157 2861 1168 2872 ship 0
1342 2970 1352 2985 1319 3016 1306 3002 ship 0
1308 2934 1317 2946 1282 2977 1271 2963 ship 0
1290 2924 1301 2938 1271 2962 1259 2950 ship 0
1278 2911 1289 2924 1258 2950 1250 2938 ship 0
1258 2886 1268 2898 1234 2930 1222 2917 ship 0
1244 2874 1256 2887 1223 2919 1213 2901 ship 0
1226 2846 1236 2860 1201 2892 1188 2879 ship 0
1198 2824 1207 2835 1175 2863 1167 2856 ship 0
1118 2887 1108 2875 1168 2819 1180 2834 ship 0
1263 3090 1272 3101 1245 3125 1234 3114 ship 0
1270 3101 1282 3111 1257 3135 1243 3123 ship 0
1288 3118 1299 3126 1277 3155 1266 3146 ship 0
302 2512 294 2520 275 2500 285 2491 ship 0
878 3648 888 3659 866 3686 854 3673 swimming-pool 0
666 3555 694 3578 674 3594 651 3571 swimming-pool 0
705 3516 723 3498 750 3523 729 3547 swimming-pool 0
787 3443 810 3466 796 3483 773 3458 swimming-pool 0
829 3398 845 3407 815 3442 802 3426 swimming-pool 0
1046 3472 1066 3486 1045 3504 1031 3488 swimming-pool 0
853 3367 888 3334 902 3354 873 3393 swimming-pool 0
918 3305 942 3280 960 3298 932 3322 swimming-pool 0
1149 3278 1176 3301 1164 3316 1136 3294 swimming-pool 0
74 3502 80 3512 58 3537 49 3525 ship 0
688 3826 714 3806 728 3821 700 3842 swimming-pool 0
100 3500 111 3513 75 3551 61 3535 ship 0
83 3561 76 3554 89 3534 97 3541 ship 0
130 3552 142 3563 115 3595 102 3580 ship 0
148 3541 163 3526 200 3559 184 3574 ship 0
175 3534 182 3522 204 3543 193 3552 ship 0
1031 3323 1080 3323 1080 3365 1031 3365 roundabout 0
1948 2910 1938 2895 1975 2864 1987 2876 ship 0
1933 2859 1935 2847 1970 2847 1971 2860 ship 0
1943 2839 1944 2817 1997 2822 1994 2842 ship 0
796 3727 817 3706 828 3718 808 3741 swimming-pool 0
640 3871 666 3848 679 3862 651 3889 swimming-pool 0
1215 3172 1202 3161 1232 3124 1246 3136 ship 0
1083 3024 1076 3010 1102 2990 1112 3004 ship 0
1203 3162 1194 3149 1224 3117 1234 3127 ship 0
1190 3148 1180 3137 1212 3102 1223 3116 ship 0
1180 3139 1169 3125 1201 3095 1213 3107 ship 0
1168 3125 1158 3113 1190 3083 1202 3095 ship 0
1155 3114 1144 3103 1178 3070 1192 3084 ship 0
1150 3101 1138 3087 1168 3058 1180 3070 ship 0
1122 3080 1110 3065 1144 3033 1156 3046 ship 0
1110 3066 1098 3053 1132 3020 1145 3034 ship 0
1100 3050 1090 3039 1120 3006 1133 3021 ship 0
1035 2980 1100 2923 1304 3132 1234 3200 harbor 0
584 3943 616 3952 602 3979 573 3968 swimming-pool 0
976 3080 969 3074 990 3054 997 3062 ship 0
1014 3046 1024 3056 1004 3083 992 3072 ship 0
1029 3057 1041 3069 1017 3095 1003 3086 ship 0
1038 3073 1046 3084 1026 3106 1014 3097 ship 0
1103 3130 1111 3143 1088 3165 1078 3154 ship 0
1131 3150 1141 3162 1115 3190 1104 3180 ship 0
1149 3170 1157 3182 1134 3207 1122 3197 ship 0
476 3998 514 4012 503 4031 467 4018 swimming-pool 0
514 4093 558 4108 546 4144 500 4124 swimming-pool 0
1491 2954 1483 2941 1502 2924 1512 2937 ship 0
1463 2854 1474 2870 1441 2900 1430 2888 ship 0
532 2330 558 2350 544 2372 516 2347 swimming-pool 0
1452 2840 1462 2854 1432 2889 1419 2875 ship 0
643 2750 629 2760 598 2728 614 2714 ship 0
642 2731 634 2738 616 2718 625 2710 ship 0
625 2706 635 2695 648 2712 638 2722 ship 0
678 2717 665 2727 632 2692 644 2680 ship 0
698 2705 679 2718 641 2683 657 2665 ship 0
699 2692 683 2679 736 2623 754 2640 ship 0
623 2615 654 2587 682 2617 648 2647 swimming-pool 0
696 2554 740 2513 764 2541 719 2581 swimming-pool 0
836 2522 851 2537 789 2604 766 2581 ship 0
835 2632 852 2648 815 2691 796 2679 ship 0
767 2603 778 2613 760 2630 752 2622 ship 0
892 2468 904 2482 871 2514 857 2503 ship 0
866 2404 891 2379 906 2395 881 2422 swimming-pool 0
1042 2313 1055 2328 1009 2375 990 2361 ship 0
887 2257 954 2319 925 2343 859 2286 tennis-court 0
901 2244 930 2216 993 2277 963 2305 tennis-court 0
965 2179 1028 2242 1002 2266 938 2208 tennis-court 0
635 2000 645 1990 663 2010 654 2018 ship 0
1088 2470 1137 2458 1143 2481 1094 2491 swimming-pool 0
1008 2537 1030 2515 1063 2549 1042 2572 swimming-pool 0
962 2590 983 2570 1020 2606 998 2620 swimming-pool 0
621 2767 607 2779 579 2747 592 2734 ship 0
607 2773 594 2784 568 2758 580 2745 ship 0
598 2785 582 2798 557 2769 569 2755 ship 0
457 3014 468 3025 437 3059 422 3048 ship 0
367 2434 377 2447 349 2471 337 2460 ship 0
573 2376 598 2397 562 2437 537 2412 swimming-pool 0
61 3326 51 3315 90 3277 102 3292 ship 0
166 3224 155 3211 188 3175 202 3185 ship 0
156 3335 143 3321 198 3265 213 3281 ship 0
209 3184 196 3172 260 3103 275 3120 ship 0
353 3114 369 3129 326 3174 311 3160 ship 0
378 3114 366 3104 409 3059 420 3068 ship 0
356 3012 367 3022 330 3066 316 3053 ship 0
543 2966 556 2980 512 3027 494 3014 ship 0
548 2778 559 2767 578 2788 568 2797 ship 0
428 2933 419 2939 396 2916 407 2906 ship 0
446 2927 435 2938 408 2909 420 2897 ship 0
472 2890 461 2898 440 2871 453 2860 ship 0
501 2873 489 2883 468 2863 477 2851 ship 0
516 2852 506 2861 482 2840 493 2828 ship 0
491 2828 501 2814 533 2838 520 2853 ship 0
503 2814 510 2806 527 2823 519 2831 ship 0
562 2818 552 2825 527 2793 540 2784 ship 0
583 2811 572 2820 538 2787 551 2775 ship 0
528 3052 558 3082 537 3103 510 3075 swimming-pool 0
537 3054 550 3039 576 3066 560 3081 swimming-pool 0
781 2777 802 2753 820 2770 794 2794 swimming-pool 0
1294 2746 1287 2738 1306 2720 1312 2729 ship 0
1448 2735 1438 2721 1475 2687 1488 2701 ship 0
1417 2738 1404 2724 1460 2673 1474 2689 ship 0
1405 2718 1393 2702 1443 2657 1458 2672 ship 0
1398 2694 1384 2678 1431 2643 1445 2655 ship 0
1389 2676 1377 2665 1414 2628 1427 2640 ship 0
1378 2661 1366 2651 1398 2612 1408 2620 ship 0
1355 2652 1340 2636 1382 2596 1399 2614 ship 0
1342 2629 1429 2550 1643 2777 1551 2857 harbor 0
1235 2766 1224 2751 1276 2706 1294 2723 ship 0
1322 2715 1333 2728 1306 2754 1294 2742 ship 0
1474 2765 1461 2751 1499 2717 1509 2728 ship 0
1338 2726 1347 2739 1318 2767 1306 2755 ship 0
1348 2739 1358 2753 1329 2776 1318 2766 ship 0
1361 2749 1372 2763 1339 2791 1326 2779 ship 0
1373 2774 1382 2785 1357 2810 1346 2799 ship 0
1378 2788 1386 2799 1366 2819 1356 2809 ship 0
1386 2798 1396 2811 1375 2830 1364 2819 ship 0
1415 2810 1424 2819 1396 2850 1386 2839 ship 0
1429 2819 1439 2829 1410 2862 1399 2852 ship 0
1439 2829 1453 2842 1420 2877 1405 2863 ship 0
1456 2754 1442 2738 1486 2703 1500 2719 ship 0
1483 2783 1471 2768 1512 2731 1527 2746 ship 0
850 2695 864 2682 897 2714 879 2726 swimming-pool 0
1469 2606 1483 2621 1451 2653 1437 2638 ship 0
925 2655 963 2657 965 2698 922 2700 swimming-pool 0
894 2572 904 2583 864 2624 848 2610 ship 0
938 2535 946 2546 921 2571 910 2561 ship 0
1508 2575 1500 2563 1528 2538 1538 2551 ship 0
1549 2617 1540 2608 1564 2583 1572 2592 ship 0
1498 2561 1532 2533 1697 2695 1667 2726 harbor 0
1431 2555 1446 2574 1407 2609 1391 2594 ship 0
1446 2575 1458 2587 1423 2625 1409 2613 ship 0
1431 2638 1421 2628 1450 2598 1463 2614 ship 0
1508 2646 1521 2661 1487 2690 1475 2678 ship 0
1496 2799 1484 2785 1525 2746 1538 2760 ship 0
1519 2660 1534 2676 1502 2704 1485 2690 ship 0
1533 2682 1543 2693 1516 2721 1504 2708 ship 0
1576 2710 1588 2723 1552 2758 1540 2744 ship 0
1589 2721 1603 2736 1565 2775 1552 2763 ship 0
1591 2748 1603 2761 1576 2786 1564 2776 ship 0
1551 2855 1537 2842 1577 2798 1592 2815 ship 0
1537 2840 1523 2827 1563 2786 1576 2800 ship 0
1524 2824 1514 2811 1548 2769 1563 2784 ship 0
1514 2808 1503 2792 1537 2758 1549 2770 ship 0
1409 2024 1399 2032 1380 2006 1390 1997 ship 0
1426 2021 1414 2030 1390 1996 1402 1986 ship 0
1446 2003 1434 2011 1407 1981 1422 1968 ship 0
280 3294 299 3307 279 3335 257 3317 swimming-pool 0
627 1379 646 1366 684 1419 663 1430 ship 0
646 1365 663 1352 699 1401 679 1412 ship 0
669 1357 686 1345 716 1394 701 1404 ship 0
683 1341 702 1330 736 1385 716 1393 ship 0
698 1323 720 1312 755 1368 734 1381 ship 0
727 1324 742 1315 770 1358 755 1368 ship 0
731 1300 756 1284 794 1340 771 1354 ship 0
761 1295 777 1285 809 1329 792 1340 ship 0
769 1272 787 1259 829 1313 809 1326 ship 0
790 1261 808 1247 845 1300 828 1312 ship 0
809 1249 827 1234 865 1286 845 1300 ship 0
828 1236 846 1224 884 1273 865 1287 ship 0
842 1220 863 1206 902 1261 882 1274 ship 0
861 1206 882 1189 923 1246 900 1262 ship 0
879 1186 901 1168 939 1226 916 1239 ship 0
905 1178 924 1163 963 1218 944 1230 ship 0
914 1150 938 1132 982 1195 959 1211 ship 0
1030 1250 1018 1262 971 1223 987 1208 ship 0
985 1278 970 1289 939 1245 956 1234 ship 0
970 1292 955 1302 922 1258 939 1245 ship 0
956 1304 937 1318 902 1273 923 1258 ship 0
614 1399 631 1387 664 1434 645 1447 ship 0
569 1420 590 1406 628 1457 607 1471 ship 0
243 5277 266 5292 240 5319 222 5306 swimming-pool 0
488 4272 501 4284 471 4314 457 4302 swimming-pool 0
191 3387 219 3414 203 3426 179 3404 swimming-pool 0
475 3743 489 3733 512 3760 499 3770 swimming-pool 0
496 3731 520 3709 536 3729 514 3749 swimming-pool 0
338 3907 355 3912 346 3940 326 3934 swimming-pool 0
256 4009 297 4022 290 4041 247 4027 swimming-pool 0
217 4083 237 4089 219 4137 199 4127 swimming-pool 0
189 4152 207 4160 190 4197 172 4190 swimming-pool 0
352 4143 386 4143 386 4175 352 4175 roundabout 0
279 4243 313 4258 304 4273 272 4263 swimming-pool 0
373 4597 388 4601 378 4631 365 4627 swimming-pool 0
411 5243 438 5228 469 5276 438 5291 swimming-pool 0
383 4660 423 4634 435 4659 394 4681 swimming-pool 0
264 4689 287 4696 277 4735 254 4730 swimming-pool 0
295 4725 316 4727 310 4768 288 4767 swimming-pool 0
328 4731 364 4737 358 4791 322 4784 swimming-pool 0
229 4676 257 4680 243 4726 214 4719 swimming-pool 0
375 4856 395 4836 424 4868 401 4888 swimming-pool 0
454 5092 472 5080 488 5102 468 5116 swimming-pool 0
472 5167 494 5152 502 5166 480 5183 swimming-pool 0
304 5207 330 5214 323 5229 296 5222 swimming-pool 0
935 1318 916 1329 886 1282 902 1271 ship 0
916 1330 897 1341 867 1297 886 1281 ship 0
897 1341 879 1353 853 1310 871 1301 ship 0
1016 1343 1034 1330 1065 1374 1047 1388 ship 0
835 1475 854 1461 886 1506 870 1516 ship 0
853 1460 869 1448 907 1489 886 1502 ship 0
868 1448 889 1435 920 1478 905 1488 ship 0
904 1423 922 1407 959 1451 942 1462 ship 0
925 1406 944 1395 976 1440 958 1453 ship 0
945 1398 963 1383 992 1428 973 1438 ship 0
962 1383 979 1369 1008 1415 991 1427 ship 0
977 1368 995 1356 1023 1404 1007 1416 ship 0
1003 1358 1017 1344 1049 1389 1033 1399 ship 0
1052 1320 1067 1309 1099 1351 1081 1364 ship 0
800 1501 819 1487 851 1532 832 1544 ship 0
1137 1400 1123 1411 1090 1368 1106 1356 ship 0
1122 1414 1108 1425 1075 1379 1091 1368 ship 0
1099 1419 1085 1430 1059 1391 1076 1378 ship 0
1085 1441 1070 1449 1039 1405 1058 1392 ship 0
1068 1452 1051 1465 1018 1419 1036 1408 ship 0
1047 1468 1035 1477 1001 1431 1016 1422 ship 0
1029 1476 1015 1486 984 1443 1002 1433 ship 0
1010 1490 995 1500 969 1456 983 1446 ship 0
994 1506 980 1516 946 1471 962 1459 ship 0
816 1487 834 1475 869 1522 850 1534 ship 0
773 1507 795 1489 835 1546 815 1558 ship 0
885 1364 865 1375 832 1324 850 1311 ship 0
689 1486 673 1492 649 1452 666 1444 ship 0
866 1370 849 1382 812 1336 833 1322 ship 0
847 1379 828 1392 795 1350 813 1335 ship 0
822 1399 805 1408 776 1363 793 1351 ship 0
802 1412 785 1418 759 1372 780 1362 ship 0
790 1427 774 1438 743 1388 760 1376 ship 0
772 1440 758 1449 722 1404 736 1393 ship 0
753 1453 734 1465 700 1417 719 1405 ship 0
734 1468 718 1478 681 1433 701 1416 ship 0
715 1478 699 1488 662 1445 683 1432 ship 0
608 1540 598 1524 653 1486 666 1504 ship 0
762 1523 779 1510 817 1557 798 1569 ship 0
573 1535 561 1515 645 1463 659 1484 ship 0
580 1556 510 1439 951 1138 1034 1248 harbor 0
629 1605 644 1591 693 1648 675 1663 ship 0
650 1600 668 1586 708 1636 690 1649 ship 0
673 1593 690 1580 725 1625 709 1637 ship 0
686 1575 702 1557 747 1606 726 1623 ship 0
708 1565 724 1549 765 1595 746 1608 ship 0
734 1558 749 1544 783 1581 765 1595 ship 0
749 1541 765 1528 800 1567 784 1580 ship 0
236 3321 282 3365 265 3381 218 3337 swimming-pool 0
444 3118 460 3131 423 3164 405 3153 swimming-pool 0
947 1523 935 1529 916 1496 931 1488 ship 0
379 3192 411 3223 376 3258 344 3232 swimming-pool 0
218 886 203 876 230 839 248 852 ship 0
77 956 69 944 97 926 108 941 ship 0
53 934 48 926 68 908 76 918 ship 0
50 929 42 923 58 898 70 905 ship 0
40 910 29 903 44 879 54 885 ship 0
29 896 18 890 28 867 40 871 ship 0
248 1153 262 1139 330 1195 311 1217 ship 0
309 1120 331 1094 381 1142 354 1171 ship 0
339 1098 354 1084 396 1128 385 1140 ship 0
361 1048 378 1030 439 1085 416 1106 ship 0
370 1017 388 996 457 1064 437 1083 ship 0
395 1003 416 980 476 1040 460 1059 ship 0
420 996 436 976 495 1025 479 1044 ship 0
449 976 469 953 519 1005 499 1025 ship 0
471 968 484 950 533 989 518 1008 ship 0
470 926 492 898 556 963 536 985 ship 0
512 891 530 864 593 922 579 943 ship 0
536 870 558 844 613 904 590 928 ship 0
578 862 590 845 633 882 620 898 ship 0
566 828 590 800 656 860 636 885 ship 0
600 814 617 793 672 844 650 864 ship 0
329 778 322 760 369 733 378 749 ship 0
234 806 219 795 250 755 262 765 ship 0
152 825 142 816 170 784 182 796 ship 0
264 479 249 472 276 430 291 442 ship 0
265 302 246 294 262 253 282 260 ship 0
472 355 460 338 505 299 521 318 ship 0
602 394 598 379 632 360 636 381 ship 0
451 483 442 466 489 430 502 453 ship 0
125 355 123 336 166 326 166 345 ship 0
191 426 178 418 205 376 220 385 ship 0
106 419 98 406 132 374 142 390 ship 0
26 456 16 439 50 408 62 422 ship 0
204 511 194 502 224 465 239 482 ship 0
310 550 298 541 335 494 346 507 ship 0
106 780 101 766 139 746 142 764 ship 0
63 598 47 590 65 552 80 560 ship 0
102 642 96 629 127 606 133 619 ship 0
510 576 507 558 558 545 560 564 ship 0
367 619 359 606 400 574 410 591 ship 0
298 632 294 614 340 600 344 622 ship 0
232 659 219 650 247 606 258 614 ship 0
273 717 267 709 300 684 306 693 ship 0
188 736 182 725 215 691 222 701 ship 0
58 728 45 719 63 683 76 691 ship 0
631 809 645 790 689 828 670 848 ship 0
622 756 644 731 706 800 688 821 ship 0
730 783 712 801 657 750 674 728 ship 0
427 2121 444 2135 427 2153 412 2136 swimming-pool 0
881 971 901 955 960 1015 936 1033 ship 0
886 937 909 917 978 990 955 1006 ship 0
922 930 947 908 1003 974 984 990 ship 0
928 878 956 862 1019 951 994 964 ship 0
955 839 978 828 1026 930 1000 936 ship 0
580 1351 526 1298 994 859 1043 944 harbor 0
566 1442 582 1432 609 1468 592 1482 ship 0
301 2231 318 2216 345 2240 320 2258 swimming-pool 0
347 2192 371 2166 398 2192 365 2221 swimming-pool 0
478 2067 495 2083 458 2123 439 2106 swimming-pool 0
844 1013 866 995 921 1051 898 1070 ship 0
440 2387 462 2405 443 2426 426 2403 swimming-pool 0
407 2470 422 2455 444 2475 427 2493 swimming-pool 0
349 2523 370 2505 395 2529 376 2543 swimming-pool 0
296 2939 350 2886 388 2924 332 2978 swimming-pool 0
274 3002 298 2977 313 2992 288 3016 swimming-pool 0
216 3025 249 3053 227 3075 198 3045 swimming-pool 0
160 3076 191 3105 173 3123 140 3093 swimming-pool 0
89 3135 126 3107 150 3133 112 3158 swimming-pool 0
50 3202 91 3166 119 3190 74 3231 swimming-pool 0
849 982 875 960 937 1033 916 1050 ship 0
813 1029 838 1006 891 1067 870 1082 ship 0
696 730 710 714 753 761 736 777 ship 0
567 1259 585 1242 632 1288 612 1304 ship 0
707 722 724 702 770 746 750 765 ship 0
790 729 774 744 727 698 747 679 ship 0
744 688 760 668 805 708 785 731 ship 0
749 664 768 640 824 692 800 715 ship 0
768 629 792 614 834 682 804 693 ship 0
778 567 801 546 881 630 864 649 ship 0
828 559 849 547 901 616 878 632 ship 0
533 1292 551 1274 597 1315 579 1334 ship 0
550 1274 567 1257 614 1302 596 1316 ship 0
582 1244 602 1225 648 1274 632 1289 ship 0
783 1047 806 1023 867 1082 848 1103 ship 0
597 1228 619 1209 667 1258 647 1275 ship 0
613 1211 632 1191 684 1243 663 1261 ship 0
628 1194 655 1167 699 1223 675 1237 ship 0
647 1172 667 1149 724 1211 703 1226 ship 0
682 1165 702 1150 744 1194 726 1211 ship 0
681 1135 704 1115 757 1175 740 1191 ship 0
703 1114 721 1098 774 1152 754 1171 ship 0
740 1085 759 1065 818 1121 802 1137 ship 0
766 1070 786 1050 843 1107 826 1124 ship 0
979 1522 963 1531 931 1482 949 1471 ship 0
947 1543 928 1556 893 1511 909 1498 ship 0
1460 1994 1445 2004 1422 1969 1437 1955 ship 0
1285 1724 1269 1735 1235 1696 1253 1682 ship 0
1212 1863 1228 1849 1266 1889 1251 1900 ship 0
1228 1848 1244 1833 1280 1878 1266 1889 ship 0
1243 1835 1260 1822 1294 1867 1279 1878 ship 0
1258 1819 1275 1805 1312 1849 1295 1863 ship 0
1277 1805 1294 1792 1330 1833 1314 1845 ship 0
1292 1788 1307 1777 1349 1819 1331 1833 ship 0
1308 1776 1326 1762 1363 1807 1346 1821 ship 0
1343 1745 1359 1733 1392 1779 1375 1791 ship 0
1362 1729 1384 1718 1412 1767 1391 1777 ship 0
1450 1811 1438 1821 1406 1779 1420 1766 ship 0
1437 1818 1425 1828 1395 1789 1408 1779 ship 0
1428 1833 1412 1844 1380 1800 1395 1789 ship 0
1413 1841 1399 1852 1368 1811 1382 1801 ship 0
1396 1848 1380 1859 1356 1821 1370 1811 ship 0
1378 1854 1368 1863 1345 1831 1356 1821 ship 0
1376 1875 1363 1885 1331 1843 1345 1831 ship 0
1362 1880 1345 1893 1318 1854 1333 1843 ship 0
1344 1894 1331 1902 1306 1862 1318 1853 ship 0
1334 1901 1322 1911 1294 1873 1306 1862 ship 0
1326 1918 1311 1927 1280 1885 1294 1874 ship 0
1310 1926 1296 1935 1269 1895 1281 1885 ship 0
1193 1878 1212 1864 1248 1906 1228 1921 ship 0
1163 1905 1179 1891 1212 1934 1195 1948 ship 0
1144 1923 1163 1906 1196 1948 1180 1961 ship 0
1115 1860 1102 1871 1071 1831 1084 1819 ship 0
1246 1753 1233 1763 1201 1729 1212 1716 ship 0
1218 1772 1204 1782 1174 1744 1188 1734 ship 0
1204 1784 1191 1796 1161 1757 1175 1745 ship 0
1192 1796 1180 1808 1147 1767 1163 1755 ship 0
1182 1808 1166 1821 1136 1779 1149 1766 ship 0
1168 1819 1152 1830 1123 1787 1137 1777 ship 0
1153 1831 1139 1839 1111 1798 1124 1786 ship 0
1140 1840 1126 1849 1099 1807 1112 1799 ship 0
1128 1852 1113 1863 1084 1818 1099 1808 ship 0
1103 1870 1089 1879 1058 1842 1072 1830 ship 0
1129 1937 1142 1924 1179 1961 1161 1978 ship 0
1060 1900 1049 1911 1021 1871 1034 1863 ship 0
1057 1919 1043 1930 1008 1882 1023 1871 ship 0
979 1976 902 1889 1288 1578 1355 1666 harbor 0
1036 2023 1047 2012 1080 2043 1069 2054 ship 0
1042 2004 1057 1990 1098 2031 1078 2045 ship 0
1061 1990 1075 1977 1114 2017 1097 2031 ship 0
1074 1973 1090 1959 1131 2004 1114 2017 ship 0
1092 1960 1108 1946 1146 1991 1130 2003 ship 0
1111 1949 1129 1937 1161 1978 1146 1991 ship 0
1297 1935 1285 1945 1254 1908 1270 1897 ship 0
1285 1945 1272 1955 1248 1921 1258 1909 ship 0
1231 1928 1241 1920 1265 1948 1253 1958 ship 0
1424 1901 1435 1889 1464 1923 1451 1936 ship 0
1339 1983 1351 1971 1375 2001 1364 2012 ship 0
1347 1969 1360 1958 1386 1992 1375 2002 ship 0
1395 1982 1385 1990 1367 1968 1376 1960 ship 0
1371 1954 1383 1944 1408 1972 1395 1982 ship 0
1381 1941 1394 1931 1422 1961 1408 1972 ship 0
1402 1940 1411 1932 1429 1953 1421 1962 ship 0
1401 1923 1413 1911 1437 1946 1427 1954 ship 0
1442 1942 1436 1947 1427 1933 1432 1929 ship 0
1413 1910 1424 1902 1451 1933 1441 1943 ship 0
1434 1891 1446 1882 1473 1918 1461 1926 ship 0
1312 1995 1325 1986 1353 2020 1341 2033 ship 0
1445 1882 1457 1873 1484 1908 1471 1918 ship 0
1458 1876 1468 1865 1495 1898 1484 1909 ship 0
1469 1867 1480 1855 1505 1888 1495 1898 ship 0
1525 1939 1516 1947 1486 1914 1498 1904 ship 0
1514 1946 1503 1955 1477 1924 1487 1912 ship 0
1502 1952 1492 1963 1466 1931 1478 1921 ship 0
1493 1966 1482 1973 1455 1941 1467 1930 ship 0
1483 1974 1472 1983 1446 1948 1458 1938 ship 0
1471 1984 1458 1994 1436 1956 1447 1947 ship 0
1327 1989 1337 1980 1363 2012 1352 2022 ship 0
1305 2008 1316 1999 1341 2031 1328 2039 ship 0
1246 1978 1234 1990 1203 1952 1218 1939 ship 0
1098 2104 1023 2022 1388 1713 1458 1808 harbor 0
1235 1990 1222 2002 1190 1962 1204 1951 ship 0
1220 2000 1203 2013 1177 1973 1193 1961 ship 0
1204 2008 1191 2018 1165 1984 1179 1974 ship 0
1183 2014 1174 2020 1155 1995 1166 1986 ship 0
1180 2035 1166 2046 1138 2007 1154 1995 ship 0
1169 2045 1154 2057 1121 2023 1138 2007 ship 0
1145 2068 1131 2080 1098 2045 1112 2031 ship 0
1131 2081 1116 2095 1084 2054 1099 2043 ship 0
1110 2086 1097 2096 1071 2065 1085 2053 ship 0
1146 2166 1132 2145 1191 2099 1206 2117 ship 0
1289 2016 1302 2006 1328 2039 1316 2049 ship 0
1163 2183 1150 2164 1206 2118 1222 2136 ship 0
1195 2220 1182 2203 1236 2155 1251 2172 ship 0
1203 2093 1215 2084 1243 2112 1229 2127 ship 0
1227 2072 1239 2063 1267 2093 1254 2106 ship 0
1243 2067 1253 2058 1277 2084 1265 2095 ship 0
1251 2057 1262 2046 1288 2075 1276 2086 ship 0
1266 2052 1275 2043 1298 2066 1288 2076 ship 0
1269 2036 1280 2024 1311 2056 1297 2066 ship 0
1287 2032 1296 2022 1319 2048 1311 2056 ship 0
1259 1742 1245 1755 1210 1716 1223 1705 ship 0
1299 1713 1283 1724 1251 1682 1265 1671 ship 0
907 1566 889 1576 861 1535 879 1524 ship 0
1310 1698 1296 1708 1264 1671 1282 1659 ship 0
984 1600 1002 1583 1041 1630 1023 1645 ship 0
1006 1593 1017 1582 1053 1617 1039 1631 ship 0
1016 1583 1032 1567 1066 1608 1054 1618 ship 0
1046 1559 1057 1546 1095 1587 1083 1596 ship 0
1057 1547 1070 1534 1108 1574 1093 1588 ship 0
1071 1535 1086 1521 1120 1565 1106 1575 ship 0
1084 1527 1100 1515 1133 1554 1118 1566 ship 0
1099 1514 1113 1503 1146 1543 1132 1554 ship 0
1115 1508 1128 1499 1156 1535 1144 1543 ship 0
1127 1492 1138 1482 1169 1520 1155 1532 ship 0
1135 1484 1150 1471 1182 1511 1166 1521 ship 0
1154 1478 1164 1467 1191 1502 1179 1512 ship 0
1159 1464 1172 1452 1205 1490 1189 1504 ship 0
1249 1531 1238 1545 1198 1509 1212 1496 ship 0
1227 1548 1213 1556 1185 1518 1201 1506 ship 0
1215 1556 1202 1567 1171 1532 1187 1518 ship 0
1202 1567 1189 1580 1159 1542 1172 1530 ship 0
1190 1579 1174 1590 1145 1552 1159 1541 ship 0
1153 1617 1139 1628 1108 1589 1122 1577 ship 0
1136 1625 1123 1635 1094 1598 1108 1588 ship 0
1130 1642 1114 1654 1080 1611 1095 1598 ship 0
971 1613 988 1595 1027 1647 1011 1661 ship 0
960 1633 976 1619 1011 1659 994 1674 ship 0
936 1639 952 1624 994 1674 976 1688 ship 0
711 1711 629 1618 1079 1301 1147 1395 harbor 0
888 1581 874 1590 842 1550 858 1538 ship 0
874 1594 861 1606 825 1562 842 1550 ship 0
855 1611 839 1621 808 1575 828 1560 ship 0
833 1623 819 1633 786 1588 803 1578 ship 0
815 1629 800 1639 771 1601 789 1589 ship 0
805 1646 788 1660 749 1614 770 1600 ship 0
768 1677 752 1686 719 1639 735 1626 ship 0
749 1683 735 1692 703 1651 719 1640 ship 0
713 1683 718 1675 738 1687 732 1696 ship 0
514 2007 537 2031 507 2062 483 2041 swimming-pool 0
916 1650 936 1636 976 1685 961 1701 ship 0
603 1938 627 1914 647 1933 620 1961 swimming-pool 0
787 1771 803 1759 839 1803 820 1816 ship 0
797 1747 814 1730 860 1787 837 1802 ship 0
818 1735 835 1720 868 1768 853 1778 ship 0
830 1716 851 1702 892 1759 873 1775 ship 0
854 1711 867 1696 914 1740 896 1755 ship 0
867 1694 887 1677 934 1725 914 1741 ship 0
888 1682 904 1670 939 1707 924 1721 ship 0
900 1667 916 1651 961 1700 946 1715 ship 0
1114 1653 1099 1664 1067 1621 1081 1610 ship 0
1096 1659 1083 1671 1054 1633 1067 1621 ship 0
1084 1671 1069 1682 1040 1641 1054 1631 ship 0
1152 1693 1164 1681 1196 1718 1181 1729 ship 0
1025 1794 1040 1780 1069 1823 1056 1834 ship 0
1038 1782 1048 1771 1081 1812 1068 1823 ship 0
1048 1772 1063 1761 1096 1803 1081 1813 ship 0
1064 1766 1079 1753 1108 1792 1093 1803 ship 0
1081 1758 1094 1746 1121 1782 1106 1792 ship 0
1099 1732 1112 1723 1144 1760 1130 1771 ship 0
1110 1722 1125 1709 1158 1749 1142 1762 ship 0
1124 1711 1136 1701 1171 1740 1156 1752 ship 0
1143 1710 1156 1697 1180 1728 1169 1739 ship 0
1163 1679 1173 1667 1208 1707 1195 1719 ship 0
1007 1826 1016 1815 1040 1842 1030 1853 ship 0
1172 1667 1187 1652 1223 1696 1209 1708 ship 0
1208 1655 1216 1645 1246 1677 1234 1686 ship 0
1212 1643 1225 1631 1259 1665 1245 1678 ship 0
1225 1632 1240 1620 1274 1654 1259 1666 ship 0
1235 1613 1249 1600 1287 1644 1274 1655 ship 0
1254 1607 1266 1596 1299 1634 1285 1645 ship 0
1350 1666 1340 1676 1307 1639 1321 1627 ship 0
1339 1675 1324 1687 1293 1651 1308 1639 ship 0
1325 1686 1311 1699 1280 1661 1295 1650 ship 0
1009 1805 1024 1790 1055 1834 1041 1844 ship 0
985 1826 998 1817 1030 1853 1017 1865 ship 0
1058 1690 1045 1700 1017 1665 1030 1655 ship 0
913 1816 903 1825 874 1788 886 1776 ship 0
1049 1700 1036 1714 1002 1677 1015 1664 ship 0
1036 1716 1023 1727 989 1689 1002 1676 ship 0
1018 1723 1006 1732 977 1698 990 1688 ship 0
1011 1739 996 1750 963 1709 977 1697 ship 0
998 1750 982 1762 952 1721 965 1710 ship 0
982 1761 969 1772 936 1734 951 1724 ship 0
955 1779 941 1790 910 1755 925 1743 ship 0
943 1793 930 1804 898 1765 911 1753 ship 0
930 1803 916 1813 886 1775 898 1765 ship 0
898 1824 886 1835 859 1796 873 1787 ship 0
974 1837 986 1827 1018 1864 1003 1874 ship 0
888 1838 872 1850 845 1808 859 1797 ship 0
873 1852 858 1861 830 1822 846 1808 ship 0
856 1863 774 1764 1184 1445 1252 1532 harbor 0
1267 1595 1279 1584 1314 1622 1299 1634 ship 0
921 1905 905 1888 966 1839 979 1859 ship 0
946 1913 934 1899 979 1862 992 1876 ship 0
950 1936 937 1923 991 1876 1005 1895 ship 0
965 1955 951 1940 1003 1900 1015 1915 ship 0
988 1971 975 1961 1018 1914 1035 1925 ship 0
1975 2819 1976 2802 2019 2801 2019 2817 ship 0
1999 2797 1999 2781 2037 2781 2038 2795 ship 0
2039 2787 2038 2773 2064 2772 2064 2784 ship 0
2561 3847 2582 3829 2644 3902 2619 3925 ship 0
3123 3990 3103 4003 3066 3960 3083 3944 ship 0
3084 3989 3073 3998 3052 3971 3067 3959 ship 0
3075 4004 3061 4013 3034 3982 3047 3970 ship 0
3062 4013 3048 4024 3022 3992 3034 3981 ship 0
3040 4019 3031 4025 3012 4001 3023 3993 ship 0
3038 4034 3024 4043 2999 4013 3013 4001 ship 0
3022 4041 3010 4051 2987 4023 2998 4011 ship 0
3012 4049 2999 4061 2975 4032 2988 4022 ship 0
3166 3772 3247 3869 3077 4004 3023 3938 harbor 0
2664 3955 2675 3945 2695 3970 2684 3981 ship 0
2674 3947 2682 3939 2703 3962 2694 3971 ship 0
2685 3940 2694 3930 2714 3954 2704 3964 ship 0
2692 3928 2702 3918 2725 3947 2714 3954 ship 0
2704 3920 2713 3911 2734 3937 2724 3945 ship 0
2711 3911 2717 3902 2740 3929 2732 3936 ship 0
2719 3905 2728 3896 2751 3920 2741 3929 ship 0
2729 3895 2738 3884 2762 3911 2752 3920 ship 0
2740 3886 2749 3877 2773 3901 2761 3912 ship 0
2751 3880 2760 3870 2779 3893 2772 3902 ship 0
2759 3870 2767 3859 2792 3886 2780 3895 ship 0
2770 3862 2780 3852 2802 3877 2792 3886 ship 0
3135 3976 3119 3985 3082 3945 3098 3930 ship 0
3143 3956 3129 3966 3098 3932 3113 3920 ship 0
3149 3940 3136 3947 3115 3918 3127 3908 ship 0
3092 3891 3103 3880 3121 3904 3108 3914 ship 0
2634 3797 2656 3777 2717 3849 2692 3867 ship 0
2667 3797 2686 3777 2733 3836 2712 3853 ship 0
2686 3781 2703 3765 2747 3822 2730 3837 ship 0
3041 3702 3109 3786 2986 3910 2924 3858 harbor 0
3145 3788 3165 3773 3210 3824 3190 3840 ship 0
3122 3828 3135 3814 3176 3854 3160 3868 ship 0
3100 3839 3119 3818 3160 3868 3144 3883 ship 0
3109 3866 3119 3858 3144 3882 3134 3891 ship 0
3095 3872 3103 3861 3133 3891 3124 3900 ship 0
3110 3917 3099 3922 3079 3895 3091 3886 ship 0
3174 3935 3158 3946 3126 3907 3139 3896 ship 0
3067 3906 3075 3897 3101 3922 3090 3932 ship 0
3053 3910 3064 3899 3091 3930 3080 3941 ship 0
3047 3923 3058 3915 3081 3941 3071 3950 ship 0
3038 3934 3048 3926 3072 3951 3059 3960 ship 0
3023 3938 3035 3927 3063 3958 3048 3965 ship 0
3227 3879 3216 3889 3184 3858 3196 3845 ship 0
3205 3887 3194 3892 3171 3867 3184 3856 ship 0
3203 3902 3190 3915 3155 3880 3170 3867 ship 0
3182 3917 3167 3927 3140 3895 3153 3882 ship 0
2779 3852 2788 3843 2811 3869 2802 3878 ship 0
2788 3843 2799 3834 2819 3858 2811 3869 ship 0
2703 4042 2711 4033 2734 4059 2725 4066 ship 0
2886 4225 2891 4233 2870 4254 2862 4245 ship 0
2827 3981 2837 3974 2860 3999 2848 4010 ship 0
2852 3966 2860 3959 2882 3983 2871 3991 ship 0
2859 3960 2868 3953 2886 3974 2875 3983 ship 0
2868 3952 2877 3944 2895 3968 2885 3976 ship 0
2879 3945 2888 3938 2905 3959 2895 3967 ship 0
2887 3940 2895 3933 2911 3950 2903 3959 ship 0
3030 4222 3021 4214 3038 4193 3049 4202 ship 0
2995 4240 2989 4230 3010 4216 3014 4226 ship 0
2853 4184 2842 4193 2818 4172 2830 4159 ship 0
2863 4176 2854 4184 2832 4160 2841 4149 ship 0
2811 4000 2821 3991 2843 4018 2830 4026 ship 0
2869 4172 2860 4177 2843 4145 2855 4137 ship 0
2884 4158 2876 4166 2854 4142 2860 4132 ship 0
2902 4158 2891 4167 2860 4135 2873 4124 ship 0
2904 4138 2895 4145 2875 4122 2882 4112 ship 0
2919 4132 2907 4141 2883 4111 2895 4102 ship 0
2937 4114 2927 4121 2902 4094 2913 4085 ship 0
2962 4098 2950 4104 2928 4075 2940 4064 ship 0
2969 4085 2960 4093 2938 4066 2949 4055 ship 0
2994 4072 2981 4082 2955 4050 2968 4039 ship 0
2820 3992 2830 3984 2854 4006 2843 4017 ship 0
2803 4007 2813 3998 2836 4025 2827 4033 ship 0
2743 4051 2735 4058 2714 4037 2724 4025 ship 0
2852 3959 2844 3967 2822 3942 2831 3932 ship 0
2754 4041 2745 4049 2725 4026 2734 4016 ship 0
2766 4034 2756 4043 2737 4020 2746 4010 ship 0
2774 4026 2764 4035 2744 4007 2754 3995 ship 0
2784 4018 2775 4026 2755 4002 2763 3991 ship 0
2794 4007 2783 4015 2763 3994 2772 3982 ship 0
2803 4002 2794 4009 2774 3985 2783 3975 ship 0
2810 3990 2800 3997 2784 3979 2793 3970 ship 0
2791 3968 2803 3957 2824 3982 2810 3991 ship 0
2842 3966 2833 3974 2812 3952 2822 3943 ship 0
2862 3952 2852 3960 2831 3932 2842 3922 ship 0
2791 4015 2802 4006 2828 4032 2813 4043 ship 0
2875 3941 2865 3950 2843 3927 2851 3918 ship 0
2884 3934 2876 3943 2851 3919 2862 3906 ship 0
2898 3915 2889 3922 2868 3902 2879 3891 ship 0
2734 4067 2750 4054 2772 4080 2758 4092 ship 0
2584 4113 2603 4095 2628 4123 2602 4144 swimming-pool 0
2418 4083 2452 4048 2472 4070 2430 4103 swimming-pool 0
2755 4050 2763 4040 2787 4068 2776 4076 ship 0
2765 4041 2776 4032 2798 4058 2787 4068 ship 0
2783 4024 2792 4015 2815 4040 2804 4050 ship 0
2603 3834 2621 3817 2678 3880 2655 3898 ship 0
2567 3909 2570 3898 2599 3904 2592 3916 ship 0
2848 4131 2837 4138 2819 4110 2831 4102 ship 0
2546 3853 2567 3855 2553 3907 2532 3903 ship 0
2548 3586 2566 3570 2606 3608 2591 3623 ship 0
2519 3618 2535 3598 2578 3638 2561 3652 ship 0
2486 3646 2503 3627 2546 3670 2528 3685 ship 0
2533 3739 2530 3762 2452 3762 2455 3737 ship 0
2375 3725 2396 3702 2420 3727 2390 3747 swimming-pool 0
2579 3760 2556 3769 2521 3708 2540 3693 ship 0
2586 3738 2570 3747 2536 3692 2553 3678 ship 0
2619 3704 2601 3716 2563 3664 2579 3649 ship 0
2631 3680 2617 3695 2576 3651 2593 3634 ship 0
2648 3673 2632 3687 2590 3635 2607 3620 ship 0
2677 3663 2660 3678 2607 3619 2625 3602 ship 0
2681 3636 2666 3650 2625 3603 2642 3588 ship 0
2718 3632 2698 3650 2640 3589 2659 3570 ship 0
2721 3611 2705 3624 2658 3570 2675 3554 ship 0
2772 3592 2754 3609 2687 3541 2707 3523 ship 0
2788 3550 2772 3564 2719 3510 2737 3492 ship 0
2692 3445 2802 3544 2564 3768 2472 3653 harbor 0
2405 3764 2405 3777 2373 3777 2372 3764 ship 0
2863 3536 2855 3529 2876 3509 2884 3516 ship 0
2896 3531 2885 3518 2933 3470 2946 3486 ship 0
2970 3462 2969 3445 3013 3437 3015 3453 ship 0
2566 3571 2577 3561 2618 3598 2605 3611 ship 0
2593 3548 2608 3532 2648 3570 2632 3582 ship 0
2607 3532 2618 3519 2660 3555 2646 3570 ship 0
2460 3579 2446 3591 2407 3551 2422 3538 ship 0
2586 3462 2572 3473 2536 3432 2550 3418 ship 0
2569 3470 2552 3482 2521 3442 2535 3431 ship 0
2554 3483 2542 3493 2508 3455 2522 3441 ship 0
2544 3498 2530 3509 2493 3471 2507 3455 ship 0
2523 3507 2510 3518 2476 3485 2490 3471 ship 0
2511 3526 2499 3535 2465 3494 2477 3481 ship 0
2497 3533 2482 3545 2450 3510 2464 3496 ship 0
2483 3550 2470 3562 2438 3524 2450 3510 ship 0
2477 3567 2462 3580 2421 3538 2437 3523 ship 0
2555 3307 2648 3407 2432 3601 2352 3516 harbor 0
2618 3522 2633 3507 2674 3543 2661 3556 ship 0
2633 3293 2642 3282 2675 3311 2662 3324 ship 0
2642 3281 2656 3269 2688 3301 2673 3313 ship 0
2656 3268 2670 3255 2699 3288 2686 3300 ship 0
2673 3259 2684 3249 2710 3273 2698 3287 ship 0
2711 3275 2704 3266 2719 3253 2727 3264 ship 0
2695 3291 2718 3292 2710 3388 2686 3388 ship 0
2675 3466 2688 3452 2728 3490 2712 3502 ship 0
2644 3494 2661 3479 2703 3514 2687 3529 ship 0
2632 3509 2646 3492 2689 3528 2673 3544 ship 0
2955 3574 2968 3563 3003 3605 2990 3616 ship 0
2937 3585 2954 3572 2990 3616 2972 3630 ship 0
2919 3602 2933 3588 2972 3630 2953 3644 ship 0
3022 3867 3010 3875 2988 3856 2999 3845 ship 0
2987 3785 3000 3771 3029 3798 3016 3811 ship 0
2959 3803 2975 3790 3006 3822 2992 3837 ship 0
2948 3825 2963 3807 2996 3836 2982 3853 ship 0
2942 3837 2950 3826 2983 3851 2972 3863 ship 0
2932 3852 2942 3838 2974 3863 2958 3877 ship 0
3101 3791 3091 3802 3060 3775 3072 3761 ship 0
3090 3801 3078 3815 3046 3788 3057 3776 ship 0
3078 3815 3067 3826 3035 3802 3046 3787 ship 0
3038 3855 3025 3867 3000 3844 3010 3832 ship 0
3023 3890 3011 3902 2974 3872 2987 3857 ship 0
3006 3748 3016 3734 3054 3768 3040 3784 ship 0
2391 3873 2384 3866 2403 3847 2411 3854 ship 0
2422 3848 2430 3852 2418 3874 2409 3869 ship 0
2430 3839 2443 3841 2435 3874 2422 3871 ship 0
2447 3833 2462 3836 2446 3882 2431 3876 ship 0
2461 3840 2475 3844 2463 3883 2446 3878 ship 0
2473 3849 2487 3851 2478 3887 2463 3883 ship 0
2490 3833 2513 3836 2496 3896 2477 3891 ship 0
2507 3851 2523 3856 2512 3899 2494 3895 ship 0
2526 3851 2546 3855 2533 3903 2515 3897 ship 0
2990 3760 3004 3745 3041 3784 3027 3798 ship 0
3028 3718 3040 3705 3081 3740 3068 3753 ship 0
2894 3603 2912 3586 2955 3642 2935 3660 ship 0
2703 3761 2720 3747 2767 3805 2750 3819 ship 0
2875 3619 2896 3606 2935 3659 2919 3673 ship 0
2857 3629 2874 3615 2920 3674 2901 3686 ship 0
2848 3650 2865 3639 2902 3686 2883 3701 ship 0
2813 3682 2828 3668 2868 3712 2850 3729 ship 0
2799 3695 2813 3681 2851 3727 2836 3739 ship 0
2780 3698 2795 3687 2836 3744 2816 3754 ship 0
2763 3712 2783 3702 2816 3767 2799 3777 ship 0
2748 3739 2765 3726 2802 3784 2784 3795 ship 0
2727 3753 2743 3736 2786 3794 2767 3806 ship 0
3036 3649 3023 3656 2999 3621 3013 3611 ship 0
2967 3555 3042 3646 2875 3808 2783 3703 harbor 0
3022 3659 3008 3667 2986 3634 2999 3621 ship 0
3009 3668 2995 3677 2973 3642 2987 3632 ship 0
2995 3679 2980 3685 2959 3651 2973 3641 ship 0
2975 3707 2961 3715 2932 3675 2946 3665 ship 0
2944 3733 2931 3740 2904 3699 2919 3687 ship 0
2934 3747 2918 3757 2888 3711 2905 3698 ship 0
2922 3761 2906 3770 2871 3724 2888 3710 ship 0
2908 3770 2891 3780 2855 3735 2872 3721 ship 0
2897 3791 2878 3802 2839 3749 2859 3734 ship 0
2835 4143 2825 4151 2806 4126 2815 4114 ship 0
2855 4128 2845 4132 2829 4102 2841 4095 ship 0
2637 3402 2626 3409 2591 3377 2606 3364 ship 0
3532 4102 3542 4085 3586 4107 3578 4122 ship 0
3729 4021 3744 3999 3820 4044 3808 4067 ship 0
3991 4462 3982 4467 3963 4444 3975 4434 ship 0
3983 4467 3977 4473 3954 4456 3965 4446 ship 0
3985 4476 3979 4489 3934 4471 3944 4453 ship 0
3977 4499 3968 4513 3934 4491 3941 4477 ship 0
3969 4515 3955 4528 3918 4498 3929 4485 ship 0
3958 4526 3946 4539 3911 4514 3921 4500 ship 0
3955 4538 3946 4553 3903 4532 3913 4514 ship 0
3944 4549 3936 4563 3896 4550 3906 4530 ship 0
3922 4573 3921 4586 3885 4584 3887 4566 ship 0
3933 4580 3935 4594 3897 4607 3894 4590 ship 0
3947 4581 3955 4591 3927 4619 3918 4607 ship 0
3954 4591 3965 4596 3948 4628 3935 4622 ship 0
3970 4594 3982 4601 3962 4633 3950 4627 ship 0
3980 4604 3991 4611 3975 4641 3959 4634 ship 0
3995 4604 4008 4612 3987 4645 3976 4640 ship 0
4008 4615 4019 4620 3999 4655 3986 4647 ship 0
4018 4623 4027 4629 4010 4659 3999 4652 ship 0
4027 4628 4038 4635 4020 4664 4009 4659 ship 0
4079 4655 4096 4664 4074 4701 4060 4693 ship 0
4108 4676 4119 4682 4103 4710 4091 4705 ship 0
3712 4101 3725 4080 3785 4111 3775 4131 ship 0
3726 4147 3735 4132 3765 4146 3757 4162 ship 0
3715 4170 3726 4150 3755 4163 3751 4178 ship 0
3647 4177 3638 4195 3564 4162 3575 4141 ship 0
3564 4052 3575 4039 3608 4056 3601 4071 ship 0
3568 4038 3576 4018 3617 4039 3608 4056 ship 0
3576 4017 3587 3999 3627 4020 3615 4039 ship 0
3678 4046 3672 4060 3621 4043 3627 4024 ship 0
3673 4066 3663 4082 3617 4059 3628 4039 ship 0
3669 4088 3659 4104 3604 4081 3613 4063 ship 0
3660 4112 3653 4126 3595 4099 3605 4079 ship 0
3646 4130 3635 4144 3584 4122 3595 4101 ship 0
3635 4149 3626 4161 3577 4140 3587 4121 ship 0
3636 4200 3622 4217 3557 4181 3569 4159 ship 0
3657 4259 3669 4240 3711 4264 3700 4283 ship 0
3626 4218 3614 4239 3545 4207 3556 4182 ship 0
3617 4237 3603 4256 3536 4226 3549 4201 ship 0
3606 4255 3596 4274 3528 4247 3538 4225 ship 0
3572 4271 3562 4285 3519 4258 3530 4241 ship 0
3567 4293 3554 4308 3508 4281 3518 4265 ship 0
3584 3998 3683 4050 3498 4390 3402 4319 harbor 0
3592 4345 3604 4326 3665 4361 3653 4382 ship 0
3628 4334 3637 4319 3675 4342 3666 4358 ship 0
3643 4287 3651 4271 3697 4293 3688 4309 ship 0
4114 4692 4126 4693 4118 4718 4103 4714 ship 0
4144 4696 4156 4706 4132 4732 4122 4724 ship 0
4158 4700 4171 4714 4140 4749 4129 4739 ship 0
343 5054 369 5036 379 5053 352 5070 swimming-pool 0
4111 4139 4122 4126 4155 4147 4143 4158 ship 0
4113 4117 4117 4102 4161 4120 4155 4133 ship 0
4122 4103 4127 4087 4163 4107 4157 4121 ship 0
4130 4090 4137 4076 4170 4092 4163 4108 ship 0
4139 4080 4145 4067 4174 4082 4169 4095 ship 0
4148 4073 4153 4057 4185 4067 4179 4086 ship 0
4145 4054 4146 4040 4194 4044 4193 4058 ship 0
4154 4038 4161 4024 4193 4038 4188 4048 ship 0
4163 4029 4166 4014 4194 4019 4192 4034 ship 0
716 5101 742 5084 755 5104 723 5121 swimming-pool 0
4113 4175 4115 4164 4142 4171 4140 4183 ship 0
539 4370 552 4370 552 4386 539 4386 roundabout 0
1048 3211 1059 3196 1082 3220 1067 3233 swimming-pool 0
2077 3693 2067 3702 2034 3666 2046 3654 ship 0
2729 2945 2743 2945 2743 2959 2729 2959 roundabout 1
3469 2698 3482 2680 3537 2723 3520 2742 ship 0
3677 3422 3689 3426 3678 3454 3664 3448 ship 0
3809 4758 3973 4843 3906 4963 3742 4875 soccer-ball-field 1
4022 1836 4166 1915 4165 2088 3941 1979 soccer-ball-field 1
4005 1559 4004 1544 4037 1539 4038 1555 ship 0
4114 4163 4118 4150 4147 4156 4143 4172 ship 0
4098 4186 4099 4175 4130 4181 4126 4195 ship 0
4175 4707 4189 4718 4163 4754 4149 4743 ship 0
4139 4317 4151 4303 4185 4323 4176 4338 ship 0
4159 4769 4154 4775 4137 4763 4142 4755 ship 0
4154 4775 4149 4781 4132 4770 4138 4761 ship 0
3980 4557 3988 4540 4029 4561 4019 4575 ship 0
3986 4539 3994 4522 4039 4549 4031 4566 ship 0
3999 4532 4003 4519 4037 4528 4033 4540 ship 0
4009 4495 4006 4479 4046 4470 4049 4486 ship 0
4118 4364 4133 4353 4160 4386 4145 4396 ship 0
4131 4350 4142 4339 4167 4364 4154 4375 ship 0
4177 4336 4172 4347 4144 4337 4149 4323 ship 0
4154 4291 4166 4279 4194 4301 4184 4312 ship 0
4078 4184 4087 4172 4118 4194 4109 4206 ship 0
4152 4267 4162 4251 4201 4279 4194 4290 ship 0
4190 4399 4189 4409 4161 4411 4161 4397 ship 0
4198 4392 4195 4403 4165 4397 4169 4381 ship 0
4203 4380 4200 4392 4172 4387 4173 4371 ship 0
4057 4275 4063 4261 4099 4273 4091 4286 ship 0
4067 4256 4077 4246 4102 4264 4092 4275 ship 0
4068 4239 4076 4225 4113 4246 4103 4260 ship 0
4078 4227 4081 4213 4117 4221 4113 4238 ship 0
4075 4208 4082 4193 4118 4208 4111 4221 ship 0
3544 4069 3553 4048 3601 4071 3595 4086 ship 0
3524 4120 3532 4103 3577 4127 3569 4143 ship 0
2872 4110 2860 4121 2836 4098 2846 4086 ship 0
3514 4139 3524 4122 3567 4144 3560 4159 ship 0
3925 2016 4146 2132 4061 2270 3847 2158 soccer-ball-field 1
2504 5120 2527 5100 2536 5114 2514 5136 swimming-pool 0
2485 5168 2506 5150 2534 5184 2516 5202 swimming-pool 0
2429 5160 2445 5150 2465 5177 2449 5190 swimming-pool 0
2477 5189 2491 5176 2515 5208 2500 5219 swimming-pool 0
2709 5173 2736 5179 2732 5194 2706 5189 swimming-pool 0
2720 4993 2755 5002 2748 5024 2712 5018 swimming-pool 0
2620 4972 2647 4977 2640 5018 2608 5012 swimming-pool 0
2775 5119 2793 5120 2787 5137 2765 5134 swimming-pool 0
2884 5123 2898 5108 2915 5130 2897 5137 swimming-pool 0
2992 5257 3007 5271 2984 5291 2971 5281 swimming-pool 0
3035 5223 3055 5243 3042 5260 3022 5237 swimming-pool 0
3006 5223 3017 5213 3032 5226 3017 5241 swimming-pool 0
3181 5158 3206 5136 3229 5162 3199 5182 swimming-pool 0
2967 4678 3002 4648 3060 4717 3026 4746 tennis-court 0
3009 4643 3048 4607 3107 4677 3073 4707 tennis-court 0
3054 4604 3084 4577 3145 4644 3115 4669 tennis-court 0
3420 4617 3467 4655 3379 4753 3335 4713 swimming-pool 0
3620 4632 3773 4781 3519 5027 3375 4889 soccer-ball-field 1
3437 3933 3428 3938 3409 3918 3420 3910 ship 0
3424 3918 3419 3908 3448 3886 3456 3899 ship 0
3327 1588 3332 1601 3300 1615 3295 1602 ship 0
3699 1714 3926 1807 3858 1959 3637 1864 soccer-ball-field 0
3630 1876 3850 1975 3786 2125 3562 2027 soccer-ball-field 0
2960 4015 2949 4024 2930 4000 2939 3991 ship 0
2874 4107 2863 4114 2846 4087 2855 4079 ship 0
2880 4102 2870 4109 2848 4079 2859 4071 ship 0
2889 4091 2880 4098 2856 4072 2867 4061 ship 0
2902 4082 2888 4090 2866 4061 2879 4050 ship 0
2911 4069 2901 4079 2878 4051 2891 4042 ship 0
2924 4063 2913 4070 2888 4037 2901 4027 ship 0
2944 4043 2935 4050 2913 4026 2923 4017 ship 0
2934 4050 2924 4061 2900 4033 2911 4025 ship 0
2952 4028 2943 4036 2920 4011 2932 4001 ship 0
2970 4026 2956 4031 2938 3994 2949 3985 ship 0
3795 2482 3810 2459 3893 2508 3883 2531 ship 0
2976 4014 2964 4022 2944 3993 2956 3986 ship 0
2692 4361 2700 4354 2721 4376 2710 4384 ship 0
2699 4354 2708 4345 2726 4366 2718 4375 ship 0
2765 4369 2776 4366 2779 4400 2765 4401 ship 0
2775 4360 2790 4358 2790 4386 2777 4387 ship 0
2790 4351 2802 4350 2802 4381 2788 4382 ship 0
2563 4212 2605 4177 2627 4198 2585 4233 swimming-pool 0
2534 4228 2548 4212 2575 4240 2559 4256 swimming-pool 0
2448 4303 2467 4287 2492 4313 2472 4331 swimming-pool 0
3548 3874 3534 3883 3504 3845 3522 3834 ship 0
3572 3876 3555 3863 3599 3800 3620 3815 ship 0
3706 3952 3688 3941 3723 3885 3745 3900 ship 0
3380 4240 3370 4252 3338 4231 3349 4215 ship 0
3484 4083 3476 4093 3443 4073 3452 4059 ship 0
3480 4102 3470 4115 3431 4092 3442 4075 ship 0
3462 4115 3451 4126 3422 4107 3431 4092 ship 0
3461 4140 3446 4153 3410 4116 3425 4103 ship 0
3442 4145 3435 4156 3400 4140 3410 4123 ship 0
3417 4172 3409 4186 3378 4169 3390 4154 ship 0
3418 4197 3406 4207 3370 4183 3380 4166 ship 0
3399 4205 3389 4218 3359 4198 3371 4184 ship 0
3388 4221 3378 4235 3346 4215 3357 4203 ship 0
3367 4253 3358 4265 3326 4244 3336 4228 ship 0
3507 4052 3499 4063 3466 4041 3477 4026 ship 0
3422 3952 3531 4036 3354 4285 3268 4216 harbor 0
3420 4313 3431 4292 3482 4321 3471 4341 ship 0
3453 4302 3460 4287 3491 4301 3486 4316 ship 0
3422 4266 3437 4242 3504 4283 3492 4302 ship 0
3452 4253 3459 4239 3514 4262 3504 4281 ship 0
3441 4227 3454 4206 3524 4238 3511 4262 ship 0
3460 4210 3468 4190 3534 4215 3523 4236 ship 0
3475 4194 3485 4170 3543 4198 3534 4218 ship 0
3488 4166 3503 4145 3554 4182 3540 4199 ship 0
3504 4069 3494 4082 3452 4060 3462 4043 ship 0
3522 4039 3512 4049 3476 4025 3486 4011 ship 0
3355 3995 3347 4003 3321 3983 3330 3971 ship 0
3294 4203 3309 4186 3341 4208 3330 4223 ship 0
3334 4024 3325 4035 3297 4015 3307 4000 ship 0
3320 4038 3311 4047 3288 4030 3296 4018 ship 0
3328 4063 3314 4075 3275 4047 3288 4031 ship 0
3311 4074 3300 4086 3266 4058 3275 4046 ship 0
3294 4083 3286 4094 3256 4074 3265 4061 ship 0
3284 4118 3270 4129 3238 4099 3250 4086 ship 0
3266 4148 3253 4160 3214 4131 3228 4114 ship 0
3242 4152 3235 4163 3206 4145 3214 4130 ship 0
3330 3961 3362 3976 3228 4184 3188 4159 harbor 0
3304 4181 3315 4165 3353 4191 3343 4204 ship 0
3403 3976 3422 3955 3480 4006 3463 4024 ship 0
3313 4163 3322 4147 3364 4175 3354 4190 ship 0
3319 4145 3328 4131 3374 4162 3363 4177 ship 0
3339 4118 3351 4101 3395 4131 3380 4148 ship 0
3352 4104 3365 4089 3403 4116 3392 4132 ship 0
3361 4086 3373 4069 3416 4101 3404 4116 ship 0
3384 4059 3397 4041 3435 4069 3424 4084 ship 0
3406 4042 3420 4031 3443 4059 3430 4070 ship 0
3404 4031 3416 4016 3458 4041 3447 4058 ship 0
3407 4007 3420 3989 3468 4024 3455 4042 ship 0
2631 3420 2615 3432 2576 3389 2590 3375 ship 0
2540 3327 2553 3311 2602 3359 2584 3372 ship 0
2017 2754 2027 2742 2061 2768 2049 2780 ship 0
2265 3279 2256 3287 2227 3259 2238 3249 ship 0
2618 3257 2600 3265 2573 3229 2588 3216 ship 0
2399 3222 2412 3212 2443 3251 2427 3263 ship 0
2371 3253 2384 3241 2417 3275 2404 3289 ship 0
2361 3264 2373 3254 2404 3288 2392 3298 ship 0
2348 3272 2360 3261 2392 3298 2378 3310 ship 0
2328 3299 2341 3288 2371 3319 2356 3333 ship 0
2309 3306 2323 3293 2357 3333 2345 3347 ship 0
2299 3319 2311 3308 2347 3344 2335 3353 ship 0
2282 3331 2294 3314 2337 3353 2324 3366 ship 0
2266 3356 2280 3344 2312 3374 2299 3389 ship 0
2249 3368 2263 3351 2299 3390 2286 3402 ship 0
2237 3383 2250 3368 2288 3402 2277 3414 ship 0
2475 3287 2463 3299 2432 3269 2447 3254 ship 0
2454 3316 2440 3328 2409 3295 2422 3282 ship 0
2432 3336 2421 3350 2384 3314 2399 3301 ship 0
2422 3349 2406 3366 2372 3325 2383 3313 ship 0
2408 3365 2395 3376 2360 3339 2371 3324 ship 0
2389 3369 2380 3379 2350 3349 2360 3337 ship 0
2385 3386 2373 3397 2337 3362 2350 3348 ship 0
2374 3397 2363 3410 2324 3374 2338 3360 ship 0
2360 3407 2347 3419 2312 3384 2326 3371 ship 0
2627 3238 2615 3248 2586 3218 2598 3206 ship 0
2636 3225 2624 3235 2597 3210 2608 3196 ship 0
2649 3216 2635 3226 2609 3196 2622 3182 ship 0
2399 3069 2386 3060 2419 3016 2431 3026 ship 0
2245 3299 2234 3309 2206 3278 2217 3268 ship 0
2234 3309 2224 3318 2196 3288 2207 3278 ship 0
2227 3324 2215 3331 2187 3298 2196 3287 ship 0
2219 3338 2207 3347 2175 3311 2187 3298 ship 0
2335 3081 2412 3153 2198 3356 2135 3288 harbor 0
2343 3008 2333 2995 2370 2964 2380 2975 ship 0
2367 3007 2357 2998 2380 2974 2391 2985 ship 0
2370 3030 2357 3019 2390 2984 2402 2995 ship 0
2388 3051 2379 3041 2412 3006 2422 3019 ship 0
2416 3064 2409 3055 2433 3031 2443 3042 ship 0
2660 3209 2649 3216 2621 3182 2632 3171 ship 0
2415 3086 2405 3075 2442 3041 2454 3053 ship 0
2426 3101 2416 3092 2453 3052 2463 3062 ship 0
2448 3118 2437 3108 2471 3070 2484 3080 ship 0
2459 3135 2444 3121 2510 3061 2528 3081 ship 0
2477 3149 2464 3133 2526 3080 2541 3097 ship 0
2500 3157 2487 3142 2540 3094 2555 3109 ship 0
2506 3183 2488 3167 2554 3108 2572 3126 ship 0
2527 3195 2514 3182 2567 3122 2584 3133 ship 0
2538 3219 2522 3205 2582 3135 2602 3157 ship 0
2343 3416 2332 3426 2302 3395 2314 3383 ship 0
2338 3432 2324 3444 2289 3404 2303 3392 ship 0
2326 3448 2309 3459 2275 3419 2291 3405 ship 0
1247 3867 1275 3891 1252 3917 1221 3889 swimming-pool 0
857 4114 843 4111 853 4078 866 4084 ship 0
927 3919 950 3945 931 3964 907 3943 swimming-pool 0
606 3009 630 2983 652 3004 625 3032 swimming-pool 0
1050 3803 1067 3787 1097 3822 1078 3837 swimming-pool 0
1158 3743 1178 3724 1190 3738 1170 3757 swimming-pool 0
1028 3940 1016 3927 1073 3872 1087 3888 ship 0
1207 3845 1228 3863 1154 3937 1132 3922 ship 0
1084 4022 1104 4000 1129 4029 1110 4049 swimming-pool 0
1051 4058 1079 4035 1092 4054 1062 4074 swimming-pool 0
1176 3793 1164 3777 1210 3745 1221 3764 ship 0
918 4219 935 4224 919 4279 902 4275 ship 0
1284 3711 1271 3722 1234 3687 1247 3671 ship 0
1295 3697 1284 3710 1247 3675 1259 3659 ship 0
1302 3685 1293 3695 1259 3661 1272 3648 ship 0
1285 3641 1295 3631 1315 3655 1305 3663 ship 0
1296 3633 1307 3623 1329 3646 1321 3653 ship 0
933 4287 918 4284 932 4248 946 4254 ship 0
951 4236 966 4239 954 4286 940 4282 ship 0
984 4255 1000 4258 987 4298 973 4293 ship 0
1029 4229 1045 4213 1078 4248 1062 4262 ship 0
804 4101 824 4106 802 4160 782 4156 swimming-pool 0
901 4207 917 4210 904 4274 885 4270 ship 0
2413 3207 2483 3285 2303 3470 2226 3390 harbor 0
864 4949 885 4930 894 4943 874 4960 swimming-pool 0
2601 3267 2564 3227 2623 3165 2662 3202 harbor 0
512 5261 542 5240 553 5255 527 5276 swimming-pool 0
549 5267 585 5241 601 5262 562 5287 swimming-pool 0
644 5188 680 5164 693 5187 654 5211 swimming-pool 0
736 5133 764 5110 779 5135 751 5157 swimming-pool 0
610 5073 634 5056 644 5077 620 5093 swimming-pool 0
774 5035 793 5016 818 5046 797 5062 swimming-pool 0
549 4924 571 4936 547 4969 524 4947 swimming-pool 0
570 4941 590 4929 598 4942 578 4956 swimming-pool 0
561 4773 584 4778 575 4811 551 4803 swimming-pool 0
868 4202 882 4204 866 4264 848 4260 ship 0
584 4714 608 4721 598 4756 574 4750 swimming-pool 0
644 4683 678 4690 669 4710 638 4701 swimming-pool 0
718 4746 736 4751 727 4778 709 4774 swimming-pool 0
785 4761 800 4762 798 4794 780 4795 swimming-pool 0
835 4764 859 4769 852 4794 828 4788 swimming-pool 0
878 4772 910 4777 907 4801 874 4796 swimming-pool 0
903 4723 920 4725 916 4757 898 4756 swimming-pool 0
762 4206 786 4215 772 4251 751 4245 swimming-pool 0
828 4229 839 4231 831 4257 819 4253 ship 0
2257 3294 2247 3303 2216 3269 2228 3259 ship 0
2270 3271 2259 3278 2237 3246 2247 3238 ship 0
1042 4767 1078 4772 1074 4796 1038 4791 swimming-pool 0
2283 3257 2274 3265 2246 3237 2256 3229 ship 0
2102 3114 2090 3123 2067 3094 2079 3083 ship 0
2092 3120 2082 3128 2056 3103 2068 3092 ship 0
2083 3128 2072 3139 2047 3112 2057 3102 ship 0
2070 3136 2059 3147 2035 3123 2048 3111 ship 0
2053 3155 2040 3166 2017 3140 2028 3130 ship 0
1983 3126 1991 3117 2010 3138 1999 3146 ship 0
1995 3096 2008 3084 2036 3116 2024 3128 ship 0
2002 3078 2016 3066 2049 3105 2034 3117 ship 0
2021 3072 2032 3062 2059 3094 2047 3105 ship 0
2031 3062 2042 3052 2071 3080 2058 3095 ship 0
2049 3034 2062 3020 2097 3058 2082 3072 ship 0
2066 3028 2078 3015 2110 3044 2097 3059 ship 0
2082 3021 2093 3008 2119 3032 2107 3046 ship 0
2162 2921 2228 2983 2032 3179 1968 3117 harbor 0
2318 2782 2359 2782 2359 2820 2318 2820 storage-tank 0
2073 3172 2085 3163 2106 3196 2095 3206 ship 0
2102 3156 2110 3146 2133 3167 2123 3178 ship 0
2131 3131 2141 3123 2159 3144 2146 3154 ship 0
2142 3119 2152 3109 2169 3131 2158 3143 ship 0
2152 3102 2162 3091 2185 3115 2174 3127 ship 0
2159 3087 2168 3075 2197 3106 2184 3118 ship 0
2105 3099 2097 3108 2076 3083 2086 3071 ship 0
2128 3076 2114 3089 2094 3067 2107 3055 ship 0
2139 3067 2128 3076 2105 3055 2115 3044 ship 0
2014 2911 2008 2904 2030 2882 2038 2889 ship 0
2042 2732 2055 2719 2091 2756 2077 2769 ship 0
2077 2737 2084 2723 2118 2745 2108 2760 ship 0
2117 2767 2120 2757 2143 2764 2140 2773 ship 0
2186 2800 2177 2815 2121 2788 2133 2769 ship 0
2113 2807 2126 2797 2152 2826 2138 2840 ship 0
2058 2852 2067 2862 2040 2892 2030 2880 ship 0
2036 2837 2050 2851 2009 2891 1995 2875 ship 0
1994 2876 2010 2891 1966 2928 1953 2916 ship 0
1970 2953 1961 2939 2004 2904 2015 2915 ship 0
1992 2969 1982 2958 2020 2922 2032 2934 ship 0
2144 3061 2137 3068 2115 3048 2124 3037 ship 0
2060 2887 2070 2896 2035 2936 2020 2922 ship 0
2119 2969 2132 2954 2168 2987 2154 3001 ship 0
2144 2939 2158 2929 2187 2970 2172 2980 ship 0
2223 2986 2211 2994 2181 2960 2194 2946 ship 0
2210 2995 2204 3001 2184 2983 2192 2972 ship 0
2198 3015 2189 3026 2166 3001 2177 2990 ship 0
2186 3024 2177 3033 2152 3010 2162 2998 ship 0
2178 3032 2170 3042 2144 3019 2153 3008 ship 0
2170 3042 2159 3053 2134 3028 2146 3018 ship 0
2181 3073 2190 3063 2212 3088 2202 3097 ship 0
2191 3066 2200 3056 2223 3080 2212 3090 ship 0
2219 3033 2228 3023 2252 3051 2240 3062 ship 0
2323 3097 2335 3084 2368 3112 2356 3124 ship 0
2228 3198 2238 3190 2264 3215 2252 3224 ship 0
2236 3187 2246 3176 2274 3203 2265 3214 ship 0
2246 3176 2257 3166 2284 3194 2273 3204 ship 0
2256 3166 2266 3155 2293 3183 2283 3194 ship 0
2267 3155 2278 3145 2305 3173 2294 3184 ship 0
2279 3147 2287 3139 2314 3165 2303 3174 ship 0
2282 3136 2295 3123 2325 3154 2313 3166 ship 0
2300 3132 2310 3121 2334 3145 2324 3156 ship 0
2322 3112 2329 3101 2357 3123 2347 3132 ship 0
2409 3151 2399 3161 2362 3127 2374 3116 ship 0
2206 3217 2215 3205 2244 3232 2233 3243 ship 0
2401 3164 2388 3176 2350 3137 2363 3126 ship 0
2378 3174 2365 3182 2341 3148 2353 3138 ship 0
2364 3177 2355 3186 2330 3159 2340 3148 ship 0
2358 3189 2346 3201 2319 3168 2332 3160 ship 0
2348 3198 2338 3210 2309 3178 2319 3168 ship 0
2338 3210 2327 3222 2297 3188 2309 3178 ship 0
2328 3221 2314 3231 2286 3197 2296 3186 ship 0
2315 3232 2303 3242 2276 3212 2288 3200 ship 0
2299 3254 2288 3263 2255 3229 2267 3218 ship 0
2215 3207 2227 3196 2253 3223 2243 3233 ship 0
2199 3229 2208 3220 2234 3243 2225 3254 ship 0
2227 3025 2237 3014 2262 3040 2251 3051 ship 0
2163 3198 2151 3209 2128 3181 2138 3171 ship 0
2278 3036 2287 3028 2308 3049 2298 3058 ship 0
2302 3062 2293 3071 2267 3045 2276 3036 ship 0
2291 3069 2282 3078 2257 3055 2268 3044 ship 0
2263 3098 2251 3108 2226 3082 2240 3070 ship 0
2242 3122 2233 3127 2208 3101 2220 3091 ship 0
2232 3125 2225 3134 2199 3109 2210 3099 ship 0
2224 3134 2211 3143 2188 3122 2202 3109 ship 0
2188 3171 2176 3181 2152 3155 2164 3146 ship 0
2172 3187 2164 3197 2136 3170 2146 3162 ship 0
2151 3207 2142 3216 2119 3190 2129 3182 ship 0
2185 3237 2196 3224 2225 3254 2212 3266 ship 0
2141 3216 2131 3224 2111 3199 2120 3189 ship 0
2133 3225 2123 3235 2100 3206 2110 3197 ship 0
2126 3234 2116 3244 2090 3217 2101 3205 ship 0
2116 3243 2106 3252 2082 3226 2093 3216 ship 0
2258 2994 2312 3048 2104 3256 2049 3199 harbor 0
2146 3275 2158 3264 2183 3296 2171 3305 ship 0
2155 3262 2168 3252 2192 3286 2181 3296 ship 0
2167 3257 2176 3245 2200 3274 2191 3286 ship 0
2175 3244 2185 3232 2214 3266 2202 3276 ship 0
961 4787 1008 4795 1004 4814 954 4807 swimming-pool 0
1047 4799 1080 4803 1078 4823 1040 4820 swimming-pool 0
2515 3357 2528 3341 2573 3386 2557 3399 ship 0
1846 3943 1884 3908 1901 3925 1862 3961 swimming-pool 0
1870 5019 1890 5003 1907 5023 1884 5036 swimming-pool 0
1891 5046 1907 5033 1915 5047 1899 5060 swimming-pool 0
1920 5050 1939 5033 1950 5047 1929 5062 swimming-pool 0
1652 5079 1694 5087 1690 5104 1649 5098 swimming-pool 0
1623 5255 1641 5237 1660 5262 1644 5276 swimming-pool 0
1707 5238 1741 5216 1759 5239 1723 5256 swimming-pool 0
1745 5214 1766 5195 1796 5227 1773 5243 swimming-pool 0
1886 5203 1912 5218 1902 5236 1879 5223 swimming-pool 0
2040 5276 2099 5233 2125 5270 2061 5303 swimming-pool 0
1979 5137 1998 5123 2017 5144 1997 5158 swimming-pool 0
2013 5114 2043 5086 2057 5100 2027 5126 swimming-pool 0
2004 5086 2038 5056 2053 5076 2019 5105 swimming-pool 0
2047 5044 2065 5028 2098 5059 2077 5076 swimming-pool 0
2066 5022 2085 5008 2111 5040 2093 5056 swimming-pool 0
2123 5007 2134 4995 2161 5024 2150 5036 swimming-pool 0
2137 4999 2155 4983 2180 5010 2161 5031 swimming-pool 0
1995 5010 2014 4993 2039 5019 2022 5034 swimming-pool 0
1998 4867 2042 4875 2035 4902 1992 4894 swimming-pool 0
2033 4601 2056 4606 2050 4643 2026 4639 swimming-pool 0
2268 4639 2265 4650 2236 4644 2239 4631 ship 0
2242 4562 2267 4536 2283 4551 2256 4575 swimming-pool 0
1839 5044 1859 5023 1872 5035 1847 5061 swimming-pool 0
1762 5016 1787 5016 1785 5048 1759 5049 swimming-pool 0
1650 4886 1672 4893 1669 4920 1644 4916 swimming-pool 0
1878 4144 1896 4129 1917 4152 1897 4169 swimming-pool 0
1857 3993 1866 4003 1845 4022 1836 4012 ship 0
1824 4016 1836 4033 1796 4071 1781 4055 ship 0
1692 4102 1703 4092 1718 4111 1708 4119 ship 0
1714 4146 1699 4157 1670 4118 1685 4106 ship 0
1647 4138 1663 4127 1693 4171 1674 4182 ship 0
1808 4124 1820 4135 1796 4165 1784 4157 ship 0
1870 4101 1874 4114 1850 4126 1844 4111 ship 0
1907 4063 1916 4074 1894 4093 1883 4081 ship 0
1920 4091 1933 4077 1955 4097 1939 4112 swimming-pool 0
1754 4227 1740 4217 1775 4174 1790 4189 ship 0
1919 4601 1960 4608 1955 4630 1916 4623 swimming-pool 0
1792 4181 1781 4170 1823 4130 1836 4144 ship 0
1811 4205 1832 4186 1842 4197 1821 4220 swimming-pool 0
1668 4323 1698 4296 1709 4311 1685 4336 swimming-pool 0
1630 4374 1655 4352 1669 4369 1643 4391 swimming-pool 0
1913 4431 1928 4417 1951 4440 1936 4456 swimming-pool 0
1625 4321 1633 4331 1616 4348 1607 4340 ship 0
1704 4563 1743 4568 1737 4591 1700 4586 swimming-pool 0
1819 4564 1842 4567 1836 4607 1809 4607 swimming-pool 0
1892 4583 1914 4586 1907 4621 1882 4617 swimming-pool 0
1958 4467 1978 4446 1991 4460 1971 4480 swimming-pool 0
1943 4424 1962 4407 1983 4434 1965 4450 swimming-pool 0
2296 4464 2324 4436 2341 4451 2310 4479 swimming-pool 0
2362 3511 2375 3496 2417 3530 2404 3547 ship 0
2142 3616 2162 3600 2200 3638 2177 3656 swimming-pool 0
2122 3591 2144 3574 2162 3593 2133 3614 swimming-pool 0
2070 3521 2092 3502 2124 3532 2099 3551 swimming-pool 0
2084 3598 2095 3590 2114 3612 2100 3624 ship 0
1934 3659 1969 3659 1969 3690 1934 3690 roundabout 0
2080 3560 2069 3567 2039 3534 2055 3523 ship 0
2039 3519 2027 3529 1994 3491 2008 3480 ship 0
2032 3472 2050 3458 2074 3486 2057 3500 swimming-pool 0
1978 3407 1996 3390 2026 3419 2004 3436 swimming-pool 0
2377 3495 2396 3478 2432 3519 2414 3534 ship 0
2311 3756 2310 3773 2251 3769 2255 3752 ship 0
2394 3479 2408 3467 2446 3508 2432 3519 ship 0
2406 3464 2419 3451 2459 3494 2444 3508 ship 0
2426 3459 2439 3445 2473 3479 2458 3494 ship 0
2431 3435 2446 3423 2488 3468 2473 3480 ship 0
2447 3427 2460 3412 2501 3452 2487 3469 ship 0
2458 3408 2474 3394 2515 3436 2501 3452 ship 0
2476 3398 2486 3385 2531 3427 2515 3439 ship 0
2483 3381 2498 3363 2545 3412 2531 3427 ship 0
2506 3375 2519 3361 2556 3400 2543 3412 ship 0
2172 3674 2155 3687 2116 3637 2133 3623 ship 0
2236 3861 2238 3839 2332 3841 2331 3867 ship 0
2046 4322 2061 4308 2087 4336 2074 4349 swimming-pool 0
2342 4108 2363 4093 2377 4107 2354 4127 swimming-pool 0
2123 4310 2149 4332 2137 4349 2110 4322 swimming-pool 0
2114 4289 2147 4255 2158 4272 2125 4300 swimming-pool 0
2320 4326 2336 4310 2363 4336 2342 4356 swimming-pool 0
2240 4220 2269 4245 2253 4263 2222 4236 swimming-pool 0
2176 4226 2204 4199 2218 4216 2192 4244 swimming-pool 0
2234 4148 2254 4132 2281 4161 2264 4179 swimming-pool 0
2262 4182 2284 4159 2294 4173 2272 4197 swimming-pool 0
2283 4121 2315 4095 2330 4112 2301 4142 swimming-pool 0
2311 4135 2338 4112 2352 4128 2326 4151 swimming-pool 0
2035 4057 2055 4038 2080 4068 2061 4085 swimming-pool 0
2227 3839 2226 3859 2164 3859 2166 3838 ship 0
2363 4030 2386 4053 2370 4071 2347 4047 swimming-pool 0
1960 4007 1970 4019 1931 4060 1919 4046 ship 0
2367 3928 2384 3943 2355 3981 2335 3964 swimming-pool 0
2113 3918 2134 3902 2158 3927 2139 3943 swimming-pool 0
2232 3874 2275 3877 2274 3899 2231 3900 swimming-pool 0
1987 3809 2018 3781 2032 3803 2001 3830 swimming-pool 0
2024 3780 2052 3751 2075 3775 2043 3800 swimming-pool 0
2053 3817 2061 3827 2044 3849 2033 3838 ship 0
2087 3791 2094 3796 2079 3816 2070 3811 ship 0
1929 3929 1941 3946 1880 3997 1867 3980 ship 0
1908 3846 1933 3868 1915 3886 1895 3863 swimming-pool 0
1115 4771 1135 4775 1129 4816 1100 4811 swimming-pool 0
1641 3772 1676 3742 1735 3806 1702 3837 tennis-court 0
1341 4259 1342 4245 1370 4245 1369 4259 ship 0
1341 4244 1343 4228 1372 4232 1370 4246 ship 0
1384 4323 1404 4324 1393 4372 1371 4370 ship 0
1406 4376 1392 4374 1398 4341 1413 4342 ship 0
1413 4339 1427 4342 1420 4378 1406 4375 ship 0
1442 4351 1455 4347 1459 4379 1444 4383 ship 0
1450 4349 1456 4333 1498 4341 1493 4358 ship 0
1501 4295 1500 4307 1474 4307 1475 4291 ship 0
1468 4291 1470 4276 1507 4282 1505 4296 ship 0
1454 4256 1461 4235 1516 4250 1512 4268 ship 0
1514 4238 1512 4248 1480 4241 1483 4229 ship 0
1574 4263 1569 4282 1517 4270 1522 4250 ship 0
1514 4296 1516 4284 1539 4289 1536 4302 ship 0
1502 4363 1503 4350 1530 4350 1530 4364 ship 0
1542 4366 1544 4381 1500 4386 1497 4369 ship 0
1551 4362 1565 4364 1560 4400 1545 4398 ship 0
1573 4402 1561 4400 1563 4370 1578 4370 ship 0
1579 4351 1598 4354 1590 4406 1573 4402 ship 0
1602 4394 1593 4393 1595 4367 1606 4367 ship 0
1546 4398 1537 4397 1541 4375 1551 4377 ship 0
1398 4208 1394 4221 1341 4205 1349 4189 ship 0
1333 4279 1336 4266 1363 4271 1358 4287 ship 0
1327 4311 1331 4296 1356 4302 1351 4317 ship 0
1364 4320 1362 4332 1326 4332 1327 4313 ship 0
1304 5180 1331 5184 1324 5222 1300 5219 swimming-pool 0
1136 4786 1169 4791 1164 4814 1130 4810 swimming-pool 0
1196 4771 1227 4778 1224 4802 1189 4798 swimming-pool 0
1154 4820 1192 4806 1200 4828 1161 4841 swimming-pool 0
1195 4807 1210 4801 1231 4824 1212 4833 swimming-pool 0
969 4999 988 4984 1001 5002 980 5018 swimming-pool 0
968 4944 988 4925 1002 4949 981 4965 swimming-pool 0
1059 5148 1104 5144 1107 5171 1058 5175 swimming-pool 0
914 5295 932 5279 958 5312 935 5321 swimming-pool 0
1190 5306 1204 5291 1224 5313 1198 5317 swimming-pool 0
1536 5274 1559 5248 1573 5268 1547 5292 swimming-pool 0
1336 4741 1372 4747 1365 4777 1324 4772 swimming-pool 0
1595 5109 1619 5109 1619 5135 1595 5135 roundabout 0
1463 5070 1527 5073 1524 5104 1460 5098 swimming-pool 0
1335 4939 1353 4926 1368 4946 1351 4959 swimming-pool 0
1560 4879 1596 4881 1595 4906 1556 4900 swimming-pool 0
1561 4913 1592 4915 1590 4943 1560 4942 swimming-pool 0
1598 4920 1618 4920 1616 4951 1592 4950 swimming-pool 0
1602 4894 1633 4898 1629 4918 1596 4915 swimming-pool 0
1432 4929 1512 4939 1509 4978 1428 4969 tennis-court 0
1370 4835 1427 4787 1436 4807 1381 4846 swimming-pool 0
1417 4196 1400 4204 1371 4163 1389 4150 ship 0
1387 4153 1396 4143 1418 4164 1406 4176 ship 0
1410 4141 1419 4127 1439 4146 1428 4156 ship 0
1878 3371 1866 3378 1841 3347 1856 3336 ship 0
1638 3272 1651 3285 1625 3313 1613 3300 swimming-pool 0
1714 3168 1740 3171 1736 3208 1713 3207 swimming-pool 0
1780 3195 1796 3180 1836 3224 1818 3238 swimming-pool 0
1828 3284 1852 3264 1867 3289 1846 3308 swimming-pool 0
1882 3333 1899 3315 1921 3347 1904 3361 swimming-pool 0
1806 3240 1796 3249 1775 3230 1786 3219 ship 0
1743 3252 1731 3264 1696 3233 1711 3215 ship 0
1734 3277 1719 3288 1679 3247 1698 3230 ship 0
1682 3296 1695 3310 1661 3348 1645 3334 ship 0
1866 3364 1876 3355 1889 3372 1878 3380 ship 0
1571 3348 1597 3319 1619 3342 1590 3367 swimming-pool 0
1941 3425 1927 3438 1884 3400 1901 3385 ship 0
1860 3461 1847 3473 1819 3447 1831 3432 ship 0
1834 3438 1813 3448 1770 3389 1789 3375 ship 0
1898 3502 1889 3510 1874 3495 1884 3485 ship 0
1667 3464 1691 3445 1711 3469 1681 3486 swimming-pool 0
1618 3521 1631 3509 1653 3533 1636 3545 swimming-pool 0
1784 3610 1834 3554 1895 3629 1842 3674 swimming-pool 0
1556 3851 1586 3823 1647 3888 1614 3915 tennis-court 0
1598 3812 1628 3783 1688 3849 1660 3875 tennis-court 0
1627 3351 1636 3357 1614 3393 1600 3385 ship 0
1509 3379 1526 3365 1545 3387 1531 3403 swimming-pool 0
1424 4128 1432 4119 1449 4133 1440 4146 ship 0
1384 3696 1395 3683 1427 3714 1414 3726 ship 0
1500 4154 1485 4150 1491 4115 1506 4118 ship 0
1511 4121 1524 4123 1518 4148 1505 4145 ship 0
1588 4171 1575 4170 1580 4135 1594 4138 ship 0
1602 4179 1587 4173 1603 4137 1616 4141 ship 0
1647 4198 1628 4198 1626 4142 1645 4142 ship 0
1477 3872 1510 3837 1560 3893 1522 3922 swimming-pool 0
1321 3753 1333 3739 1367 3775 1353 3787 ship 0
1337 3723 1347 3710 1387 3750 1372 3764 ship 0
1381 3709 1392 3699 1414 3727 1402 3736 ship 0
1406 3689 1415 3679 1438 3702 1426 3714 ship 0
1462 3430 1483 3409 1504 3429 1482 3452 swimming-pool 0
1433 3664 1446 3652 1465 3674 1453 3685 ship 0
1516 3629 1539 3649 1507 3678 1487 3659 swimming-pool 0
1344 3638 1331 3648 1303 3618 1316 3607 ship 0
1362 3613 1350 3622 1330 3597 1339 3587 ship 0
1380 3609 1366 3619 1340 3586 1352 3574 ship 0
1400 3591 1385 3600 1356 3570 1371 3556 ship 0
1380 3510 1411 3486 1428 3504 1395 3528 swimming-pool 0
1579 3554 1600 3534 1616 3546 1592 3570 swimming-pool 0
1436 3474 1464 3449 1477 3463 1448 3488 swimming-pool 0
177 207 162 193 190 159 206 173 ship 0
