imagesource:GoogleEarth
gsd:0.262714474116
3327 210 3374 208 3372 288 3323 288 plane 0
3351 902 3234 891 3249 750 3369 757 plane 0
2426 421 2540 422 2536 563 2422 560 plane 0
2552 422 2665 424 2663 566 2551 562 plane 0
2678 424 2791 426 2789 565 2676 566 plane 0
2803 425 2919 427 2914 570 2803 567 plane 0
2929 426 3040 432 3039 573 2928 572 plane 0
3055 432 3170 430 3170 577 3056 574 plane 0
3179 432 3293 435 3293 579 3181 577 plane 0
3222 895 3106 889 3109 749 3229 751 plane 0
614 3187 599 3187 598 3132 614 3130 helicopter 0
3095 892 2979 891 2977 748 3096 744 plane 0
2961 895 2844 883 2852 742 2975 747 plane 0
2831 888 2718 883 2719 742 2838 747 plane 0
2707 883 2590 880 2587 745 2706 745 plane 0
2576 884 2455 881 2450 746 2577 743 plane 0
2446 880 2327 879 2319 741 2447 740 plane 0
2304 884 2192 869 2208 745 2327 757 plane 0
631 3187 614 3186 613 3133 629 3131 helicopter 0
599 3188 585 3188 582 3131 598 3130 helicopter 0
2357 2361 2258 2359 2258 2285 2357 2283 plane 0
443 3186 427 3188 427 3132 441 3131 helicopter 0
334 3184 318 3186 318 3119 336 3118 helicopter 0
349 3186 334 3189 333 3120 347 3119 helicopter 0
364 3188 352 3188 351 3119 366 3118 helicopter 0
380 3186 365 3186 366 3122 382 3121 helicopter 0
395 3188 379 3187 382 3123 398 3123 helicopter 0
411 3187 396 3187 397 3124 410 3124 helicopter 0
428 3185 415 3186 415 3129 429 3128 helicopter 0
460 3188 443 3188 443 3128 460 3127 helicopter 0
584 3187 569 3186 571 3131 583 3130 helicopter 0
475 3187 460 3188 459 3127 473 3127 helicopter 0
491 3186 476 3187 473 3127 489 3127 helicopter 0
507 3185 491 3186 489 3126 506 3126 helicopter 0
521 3184 506 3186 505 3126 520 3125 helicopter 0
535 3186 523 3186 521 3128 534 3127 helicopter 0
552 3186 539 3186 538 3129 551 3128 helicopter 0
567 3187 554 3187 553 3130 566 3130 helicopter 0
2246 2357 2149 2357 2146 2286 2247 2282 plane 0
2471 2363 2374 2361 2370 2285 2471 2282 plane 0
303 3187 290 3187 290 3120 303 3119 helicopter 0
2552 1724 2432 1719 2432 1582 2558 1586 plane 0
2790 1437 2671 1432 2669 1293 2788 1291 plane 0
2528 1432 2407 1428 2402 1289 2526 1290 plane 0
2395 1428 2275 1426 2271 1290 2395 1290 plane 0
2266 1424 2143 1422 2142 1283 2261 1281 plane 0
2362 1467 2362 1480 2319 1482 2318 1463 helicopter 0
2298 1717 2174 1717 2174 1582 2295 1579 plane 0
2415 1725 2300 1711 2311 1577 2434 1583 plane 0
2682 1725 2566 1722 2562 1583 2685 1584 plane 0
3194 1441 3071 1444 3069 1301 3195 1299 plane 0
2811 1727 2695 1724 2694 1583 2813 1585 plane 0
2943 1730 2823 1723 2822 1583 2942 1583 plane 0
3073 1733 2954 1727 2951 1586 3071 1585 plane 0
3203 1733 3084 1730 3081 1602 3201 1600 plane 0
3331 1736 3209 1728 3214 1589 3339 1595 plane 0
3265 1835 3144 1832 3147 1690 3265 1692 plane 0
3131 1835 3014 1825 3021 1687 3139 1692 plane 0
3061 1439 2940 1439 2937 1296 3054 1294 plane 0
3323 1448 3205 1437 3215 1300 3332 1305 plane 0
2417 2304 2315 2294 2317 2194 2417 2197 plane 0
3866 2423 3864 2438 3820 2436 3818 2421 helicopter 0
2697 2403 2592 2403 2583 2286 2697 2283 plane 0
2803 2372 2705 2362 2711 2291 2806 2294 plane 0
3423 2444 3413 2466 3356 2442 3371 2415 helicopter 0
3769 2309 3768 2324 3725 2327 3724 2305 helicopter 0
3722 2391 3722 2374 3769 2373 3768 2393 helicopter 0
3769 2389 3768 2406 3721 2406 3721 2387 helicopter 0
3867 2409 3866 2425 3818 2425 3817 2406 helicopter 0
3434 2148 3376 2205 3313 2150 3382 2090 plane 0
3265 1324 3142 1319 3143 1178 3266 1178 plane 0
2323 1310 2206 1302 2208 1164 2328 1167 plane 0
2455 1309 2341 1303 2342 1166 2460 1168 plane 0
2593 1314 2474 1307 2478 1165 2599 1171 plane 0
2724 1318 2607 1306 2619 1170 2739 1181 plane 0
2859 1315 2740 1311 2740 1174 2860 1175 plane 0
2993 1319 2871 1315 2876 1195 2997 1195 plane 0
3126 1321 3007 1317 3010 1176 3129 1179 plane 0
318 3185 303 3185 302 3121 318 3120 helicopter 0
286 3185 272 3185 271 3120 285 3119 helicopter 0
3030 1024 2914 1017 2922 879 3037 880 plane 0
372 2918 357 2917 356 2855 371 2855 helicopter 0
1252 2049 1091 2042 1094 1880 1253 1884 plane 0
1416 2055 1261 2050 1263 1884 1418 1888 plane 0
1272 2511 1114 2506 1109 2345 1270 2347 plane 0
598 2498 440 2482 454 2324 607 2333 plane 0
1429 2931 1591 2940 1582 3102 1422 3093 plane 0
402 2918 386 2917 388 2853 406 2853 helicopter 0
386 2919 371 2919 370 2855 385 2855 helicopter 0
356 2918 343 2917 342 2854 355 2853 helicopter 0
918 2035 761 2028 758 1867 916 1870 plane 0
340 2918 328 2917 330 2854 344 2854 helicopter 0
328 2917 314 2917 314 2851 330 2854 helicopter 0
314 2916 300 2916 300 2853 313 2853 helicopter 0
299 2916 283 2915 283 2852 300 2851 helicopter 0
284 2916 270 2915 271 2852 283 2850 helicopter 0
270 2915 254 2915 257 2850 271 2849 helicopter 0
254 2916 239 2915 242 2848 257 2849 helicopter 0
1083 2046 926 2035 927 1875 1081 1876 plane 0
752 2031 592 2024 591 1864 748 1866 plane 0
225 2915 209 2915 215 2848 228 2849 helicopter 0
746 1098 588 1085 595 925 752 930 plane 0
638 562 796 561 800 729 640 727 plane 0
808 570 964 574 964 733 808 731 plane 0
975 571 1128 577 1128 734 976 734 plane 0
1148 577 1304 586 1292 739 1140 733 plane 0
1312 580 1468 588 1461 744 1309 737 plane 0
1478 585 1635 588 1634 748 1477 743 plane 0
576 1093 418 1084 428 919 583 927 plane 0
916 1098 751 1092 758 931 919 936 plane 0
505 1038 659 1039 654 1199 499 1191 plane 0
1080 1105 918 1095 927 934 1080 939 plane 0
1248 1108 1086 1094 1098 938 1254 943 plane 0
1409 1114 1251 1098 1258 943 1413 949 plane 0
1581 1108 1421 1110 1422 948 1583 952 plane 0
1008 1051 1166 1057 1155 1217 998 1206 plane 0
842 1046 992 1051 987 1211 832 1202 plane 0
674 1042 826 1046 824 1206 670 1201 plane 0
240 2915 226 2915 227 2849 241 2847 helicopter 0
209 2916 195 2916 199 2848 215 2847 helicopter 0
259 3181 246 3185 236 3122 250 3120 helicopter 0
447 3051 434 3051 433 2992 448 2991 helicopter 0
310 3046 296 3046 305 2990 317 2988 helicopter 0
328 3045 316 3047 314 2992 325 2990 helicopter 0
340 3046 331 3046 329 2995 341 2991 helicopter 0
355 3049 346 3049 345 2993 354 2991 helicopter 0
370 3047 360 3047 361 2992 371 2990 helicopter 0
382 3050 373 3049 374 2992 384 2991 helicopter 0
399 3050 388 3050 389 2992 401 2990 helicopter 0
477 3051 465 3051 460 2995 472 2994 helicopter 0
283 3049 269 3047 272 2993 287 2993 helicopter 0
494 3055 477 3055 476 2998 492 2998 helicopter 0
509 3054 494 3054 492 2999 509 2998 helicopter 0
525 3052 509 3052 506 2998 522 2996 helicopter 0
544 3050 527 3051 525 2996 540 2995 helicopter 0
195 3184 179 3184 178 3118 194 3116 helicopter 0
211 3184 195 3184 194 3121 209 3119 helicopter 0
226 3184 211 3184 209 3121 224 3122 helicopter 0
294 3047 283 3044 293 2988 305 2988 helicopter 0
268 3049 252 3050 253 2995 267 2994 helicopter 0
295 2667 279 2664 286 2609 303 2612 helicopter 0
317 2788 302 2786 310 2727 325 2728 helicopter 0
280 2664 263 2664 266 2607 282 2607 helicopter 0
262 2662 247 2663 246 2609 260 2608 helicopter 0
242 2661 228 2661 229 2608 241 2608 helicopter 0
223 2661 207 2657 216 2605 231 2608 helicopter 0
369 2786 355 2787 353 2733 369 2731 helicopter 0
356 2787 340 2788 338 2733 355 2733 helicopter 0
335 2786 320 2785 324 2725 338 2724 helicopter 0
301 2788 287 2787 290 2730 304 2729 helicopter 0
249 3049 234 3049 235 2995 250 2994 helicopter 0
284 2787 270 2785 277 2730 291 2730 helicopter 0
269 2786 254 2784 260 2729 274 2730 helicopter 0
235 2785 221 2785 220 2734 237 2733 helicopter 0
217 2784 202 2781 210 2727 224 2728 helicopter 0
202 3046 191 3043 201 2988 213 2990 helicopter 0
220 3047 209 3046 213 2993 223 2992 helicopter 0
231 3046 220 3047 224 2994 237 2992 helicopter 0
3163 1026 3043 1020 3048 883 3169 884 plane 0
2265 3152 2264 3164 2221 3160 2222 3143 helicopter 0
3261 205 3309 206 3303 284 3256 282 plane 0
4471 2640 4430 2636 4433 2576 4475 2579 plane 0
4112 2629 4071 2627 4070 2571 4113 2570 plane 0
4163 2630 4121 2630 4121 2570 4163 2569 plane 0
4217 2627 4177 2630 4172 2572 4214 2571 plane 0
4268 2630 4227 2632 4224 2574 4266 2571 plane 0
4317 2635 4276 2632 4276 2573 4317 2573 plane 0
4368 2636 4326 2632 4328 2574 4369 2576 plane 0
4421 2638 4380 2636 4377 2576 4418 2576 plane 0
4522 2637 4482 2636 4481 2579 4521 2579 plane 0
4038 2592 3995 2590 3996 2533 4037 2532 plane 0
4573 2638 4531 2638 4530 2580 4573 2579 plane 0
4545 2779 4501 2776 4500 2719 4545 2719 plane 0
4494 2780 4449 2776 4452 2718 4495 2720 plane 0
4443 2778 4400 2775 4400 2717 4442 2718 plane 0
4390 2776 4348 2773 4348 2715 4391 2715 plane 0
4340 2775 4295 2774 4296 2715 4342 2715 plane 0
4288 2775 4248 2774 4248 2715 4288 2714 plane 0
4062 2627 4022 2627 4020 2570 4061 2569 plane 0
4090 2592 4049 2593 4046 2535 4085 2532 plane 0
4185 2774 4142 2768 4148 2710 4188 2714 plane 0
4529 2461 4486 2459 4488 2400 4527 2400 plane 0
4273 2456 4230 2453 4231 2396 4274 2395 plane 0
4219 2455 4178 2452 4180 2394 4222 2394 plane 0
4170 2455 4127 2451 4131 2392 4172 2393 plane 0
4120 2451 4080 2450 4078 2392 4119 2391 plane 0
4504 2427 4459 2425 4459 2365 4502 2366 plane 0
4555 2427 4513 2425 4512 2367 4556 2367 plane 0
4577 2464 4534 2458 4540 2400 4582 2403 plane 0
4546 2605 4506 2602 4509 2542 4550 2544 plane 0
4140 2596 4098 2592 4098 2535 4139 2535 plane 0
4495 2604 4457 2599 4461 2541 4500 2543 plane 0
4448 2602 4405 2601 4404 2541 4446 2540 plane 0
4397 2599 4353 2597 4352 2540 4395 2540 plane 0
4344 2598 4302 2597 4300 2540 4342 2539 plane 0
4293 2597 4253 2597 4249 2538 4289 2537 plane 0
4243 2598 4201 2594 4200 2538 4243 2539 plane 0
4191 2598 4148 2595 4148 2536 4192 2536 plane 0
4239 2775 4197 2772 4196 2714 4239 2713 plane 0
4135 2770 4092 2770 4090 2712 4132 2711 plane 0
4376 2455 4332 2457 4330 2399 4373 2396 plane 0
2596 186 2664 186 2667 261 2595 262 plane 0
1671 161 1715 164 1712 245 1667 242 plane 0
2138 181 2184 182 2182 240 2133 236 plane 0
2199 170 2240 173 2241 232 2194 233 plane 0
2294 170 2380 177 2378 263 2294 260 plane 0
2400 192 2462 192 2458 258 2398 255 plane 0
2475 190 2534 190 2531 256 2476 258 plane 0
2547 190 2587 190 2585 244 2547 244 plane 0
2682 186 2751 185 2750 262 2682 264 plane 0
1411 155 1528 163 1515 280 1397 274 plane 0
2780 204 2855 205 2858 282 2782 279 plane 0
2881 204 2916 207 2918 260 2878 262 plane 0
2926 212 2973 216 2974 286 2924 282 plane 0
2988 191 3049 190 3049 256 2986 258 plane 0
3056 212 3108 210 3108 276 3060 276 plane 0
3138 206 3187 203 3187 278 3140 275 plane 0
3204 199 3252 200 3247 268 3202 268 plane 0
1545 161 1648 168 1651 287 1533 283 plane 0
1275 152 1397 158 1387 250 1268 247 plane 0
4086 2772 4042 2770 4044 2711 4085 2711 plane 0
4364 2810 4322 2808 4321 2751 4366 2751 plane 0
4033 2770 3989 2764 3993 2707 4036 2708 plane 0
4057 2805 4016 2802 4016 2745 4058 2744 plane 0
4108 2805 4068 2805 4067 2748 4107 2747 plane 0
4159 2807 4117 2806 4118 2747 4159 2747 plane 0
4210 2807 4169 2805 4169 2747 4212 2747 plane 0
4259 2809 4220 2806 4223 2747 4264 2749 plane 0
4311 2808 4271 2807 4270 2751 4312 2750 plane 0
4464 2812 4425 2811 4424 2754 4467 2752 plane 0
1177 152 1252 152 1247 247 1168 247 plane 0
4514 2814 4475 2811 4475 2753 4518 2752 plane 0
4567 2817 4525 2811 4528 2754 4571 2755 plane 0
848 162 893 161 892 207 847 207 plane 0
935 160 974 158 974 191 931 194 plane 0
992 154 1015 152 1016 200 990 202 plane 0
1035 152 1069 152 1067 189 1032 188 plane 0
1085 150 1166 153 1157 200 1084 200 plane 0
4323 2456 4281 2456 4278 2399 4320 2397 plane 0
4450 2423 4411 2426 4404 2367 4446 2363 plane 0
2268 3123 2267 3137 2222 3136 2223 3118 helicopter 0
5481 1010 5323 1000 5328 879 5490 887 plane 0
5237 903 5077 895 5076 776 5240 776 plane 0
5404 908 5240 902 5249 782 5405 782 plane 0
5575 915 5408 909 5415 794 5572 795 plane 0
5740 924 5580 913 5587 796 5743 795 plane 0
5912 924 5754 924 5755 809 5913 807 plane 0
5816 1025 5660 1011 5666 897 5828 906 plane 0
5653 1022 5490 1001 5498 887 5660 898 plane 0
5311 1006 5153 994 5160 868 5320 878 plane 0
4989 490 4824 487 4823 368 4988 366 plane 0
5147 994 4987 989 4987 867 5150 866 plane 0
4980 992 4814 985 4814 865 4978 864 plane 0
5059 1301 4898 1297 4893 1178 5058 1179 plane 0
5228 1306 5067 1304 5067 1183 5229 1183 plane 0
5401 1310 5237 1306 5236 1182 5404 1178 plane 0
5569 1316 5409 1310 5408 1187 5567 1186 plane 0
5741 1316 5575 1318 5574 1193 5736 1188 plane 0
5066 896 4902 892 4904 774 5068 774 plane 0
5153 501 4999 489 4998 372 5164 377 plane 0
5821 1417 5656 1410 5658 1286 5825 1289 plane 0
5072 398 4917 391 4918 272 5078 279 plane 0
2267 3110 2267 3124 2225 3122 2224 3105 helicopter 0
2268 3099 2268 3113 2227 3110 2226 3092 helicopter 0
2184 3041 2201 3041 2198 3077 2180 3077 helicopter 0
2182 3072 2167 3072 2168 3038 2182 3035 helicopter 0
2257 2790 2257 2808 2198 2808 2199 2787 helicopter 0
5271 3794 5304 3834 5246 3885 5206 3846 plane 0
5324 3809 5357 3831 5322 3879 5288 3855 plane 0
5242 412 5081 392 5100 272 5256 286 plane 0
5324 507 5164 494 5168 373 5328 373 plane 0
5410 417 5251 400 5263 284 5424 297 plane 0
5579 422 5419 404 5427 288 5592 299 plane 0
5749 421 5595 417 5593 297 5750 300 plane 0
5914 438 5759 420 5770 301 5926 311 plane 0
5830 530 5672 512 5680 395 5846 406 plane 0
5662 518 5507 509 5508 391 5668 396 plane 0
5494 512 5327 501 5334 388 5502 388 plane 0
5906 1317 5748 1316 5746 1195 5909 1194 plane 0
5651 1412 5487 1406 5488 1284 5651 1284 plane 0
4399 2422 4358 2420 4359 2363 4399 2362 plane 0
5034 2819 4986 2817 4985 2750 5035 2747 plane 0
5889 2143 5731 2136 5735 2018 5889 2020 plane 0
5803 2235 5647 2224 5650 2107 5807 2112 plane 0
5633 2231 5475 2217 5479 2098 5640 2098 plane 0
5467 2225 5303 2207 5310 2090 5471 2096 plane 0
5294 2215 5137 2202 5144 2083 5302 2090 plane 0
5124 2209 4968 2194 4977 2079 5131 2082 plane 0
4959 2205 4796 2195 4801 2073 4960 2074 plane 0
4966 2829 4917 2828 4919 2758 4966 2757 plane 0
5553 2129 5392 2123 5394 2004 5556 2004 plane 0
4920 2829 4871 2829 4871 2760 4921 2758 plane 0
5794 2616 5637 2612 5636 2492 5794 2490 plane 0
5625 3373 5467 3366 5466 3248 5629 3246 plane 0
4254 2246 4215 2245 4214 2185 4257 2184 plane 0
4144 2420 4104 2419 4103 2358 4146 2359 plane 0
4299 2423 4255 2420 4256 2358 4299 2358 plane 0
4351 2423 4305 2423 4304 2362 4349 2361 plane 0
5726 2137 5560 2127 5564 2009 5725 2008 plane 0
5386 2121 5224 2113 5224 1996 5388 1999 plane 0
5478 1407 5320 1401 5319 1284 5479 1281 plane 0
5729 1715 5567 1712 5568 1596 5726 1592 plane 0
5313 1402 5154 1399 5149 1283 5310 1278 plane 0
5146 1402 4984 1394 4981 1276 5140 1274 plane 0
4968 1401 4807 1386 4812 1272 4975 1281 plane 0
5052 1705 4890 1700 4889 1577 5054 1579 plane 0
5220 1708 5061 1702 5060 1583 5217 1582 plane 0
5392 1711 5228 1708 5230 1586 5389 1586 plane 0
5560 1714 5400 1708 5401 1592 5559 1589 plane 0
5895 1721 5737 1716 5739 1599 5896 1598 plane 0
5218 2114 5056 2111 5054 1990 5217 1991 plane 0
5811 1816 5655 1811 5651 1689 5810 1690 plane 0
5641 1812 5483 1806 5479 1685 5641 1685 plane 0
5472 1814 5310 1805 5311 1681 5474 1685 plane 0
5302 1806 5144 1796 5143 1680 5304 1681 plane 0
5135 1802 4975 1798 4970 1679 5135 1676 plane 0
4963 1800 4802 1794 4805 1673 4966 1673 plane 0
5042 2114 4876 2099 4884 1979 5051 1989 plane 0
474 559 633 562 629 727 472 723 plane 0
