imagesource:GoogleEarth
gsd:0.137256915926
3451 5919 3452 5901 3490 5905 3491 5919 small-vehicle 0
2238 2219 2147 2210 2153 2080 2245 2083 plane 0
2661 3190 2683 3191 2674 3270 2654 3267 helicopter 0
2634 3194 2657 3194 2656 3269 2635 3270 helicopter 0
2554 3188 2579 3188 2584 3264 2559 3262 helicopter 0
2714 2986 2737 2987 2734 3066 2711 3065 helicopter 0
1405 2179 1311 2170 1316 2042 1409 2044 plane 0
1530 2182 1437 2181 1436 2051 1527 2048 plane 0
1764 2197 1665 2188 1675 2057 1771 2064 plane 0
1883 2200 1788 2190 1794 2062 1888 2064 plane 0
2120 2212 2022 2198 2038 2070 2131 2080 plane 0
2354 2224 2262 2216 2270 2084 2365 2090 plane 0
2334 1776 2426 1780 2420 1916 2326 1908 plane 0
2477 2223 2382 2220 2384 2090 2478 2090 plane 0
2596 2230 2506 2228 2508 2095 2599 2098 plane 0
2709 2241 2616 2223 2639 2096 2728 2111 plane 0
2826 2241 2733 2228 2747 2100 2838 2110 plane 0
3070 2249 2979 2241 2983 2113 3075 2116 plane 0
3075 1907 2984 1900 2990 1769 3080 1772 plane 0
2809 1798 2896 1797 2898 1929 2801 1924 plane 0
2833 1896 2758 1892 2759 1760 2827 1759 plane 0
2721 1891 2629 1883 2632 1752 2725 1759 plane 0
2686 3196 2705 3197 2697 3275 2678 3273 helicopter 0
2712 3192 2734 3194 2722 3278 2704 3275 helicopter 0
2735 3195 2756 3200 2741 3280 2720 3276 helicopter 0
2874 3412 2830 3406 2839 3272 2879 3274 helicopter 0
4226 723 4158 720 4157 617 4227 617 plane 0
4116 654 4184 655 4180 764 4110 759 plane 0
4134 722 4067 715 4072 613 4140 616 plane 0
4027 662 4096 662 4096 762 4024 761 plane 0
4046 720 3978 708 3986 611 4054 617 plane 0
3963 711 3893 708 3893 612 3961 611 plane 0
3870 716 3807 712 3805 612 3872 612 plane 0
4876 394 4943 396 4939 497 4870 492 plane 0
4788 390 4853 394 4847 496 4780 492 plane 0
4700 389 4767 391 4758 498 4688 492 plane 0
4611 390 4675 392 4672 496 4603 492 plane 0
4521 390 4590 395 4582 499 4516 495 plane 0
4436 385 4500 390 4492 493 4425 488 plane 0
4339 390 4406 388 4407 495 4342 495 plane 0
4254 385 4323 390 4315 497 4248 493 plane 0
4165 382 4230 382 4229 494 4162 492 plane 0
4076 377 4143 379 4139 492 4073 492 plane 0
3985 375 4053 377 4048 496 3981 492 plane 0
3900 372 3962 373 3959 486 3891 484 plane 0
2448 1776 2544 1781 2536 1922 2441 1913 plane 0
2363 1877 2273 1871 2272 1740 2366 1742 plane 0
3421 6123 3406 6124 3410 6086 3424 6087 small-vehicle 0
1090 1374 1052 1373 1056 1267 1092 1266 helicopter 0
1356 1298 1317 1294 1320 1186 1356 1187 helicopter 0
1322 1381 1284 1381 1285 1280 1326 1281 helicopter 0
1296 1293 1260 1290 1268 1186 1301 1186 helicopter 0
1264 1381 1227 1379 1228 1276 1270 1277 helicopter 0
1242 1291 1201 1290 1204 1186 1243 1187 helicopter 0
1204 1377 1168 1375 1170 1277 1209 1277 helicopter 0
1184 1288 1144 1287 1146 1182 1186 1182 helicopter 0
1150 1376 1111 1375 1114 1270 1154 1270 helicopter 0
1125 1287 1085 1283 1088 1181 1130 1179 helicopter 0
930 910 904 909 911 819 930 820 helicopter 0
2240 1874 2147 1866 2156 1733 2250 1740 plane 0
953 912 928 912 930 823 952 822 helicopter 0
980 911 957 911 954 824 975 824 helicopter 0
1004 911 979 911 980 825 1002 824 helicopter 0
1025 913 1003 911 1008 828 1027 827 helicopter 0
1050 915 1028 914 1028 829 1052 828 helicopter 0
1078 915 1052 915 1052 829 1078 829 helicopter 0
1099 918 1074 916 1082 836 1104 837 helicopter 0
1125 915 1100 914 1103 836 1126 837 helicopter 0
1150 917 1124 914 1126 839 1153 838 helicopter 0
1382 1384 1346 1382 1343 1281 1385 1282 helicopter 0
1412 1300 1372 1296 1379 1188 1416 1188 helicopter 0
1439 1386 1400 1384 1400 1285 1440 1284 helicopter 0
1472 1303 1428 1300 1440 1193 1477 1195 helicopter 0
2098 1759 2191 1764 2181 1904 2093 1898 plane 0
1621 1742 1714 1746 1704 1886 1611 1878 plane 0
1500 1737 1592 1740 1590 1880 1495 1876 plane 0
1301 1834 1207 1832 1208 1700 1297 1698 plane 0
3186 1457 3128 1454 3135 1294 3192 1292 helicopter 0
3099 1459 3042 1456 3049 1291 3100 1290 helicopter 0
2922 1448 2863 1445 2868 1286 2924 1286 helicopter 0
2827 1446 2780 1443 2785 1277 2831 1283 helicopter 0
2652 1441 2595 1437 2606 1280 2663 1283 helicopter 0
2553 1442 2507 1438 2514 1274 2573 1278 helicopter 0
2475 1441 2416 1434 2423 1274 2480 1274 helicopter 0
2277 1427 2230 1422 2240 1264 2286 1264 helicopter 0
1742 1403 1704 1400 1709 1297 1746 1298 helicopter 0
1682 1401 1648 1400 1646 1295 1680 1294 helicopter 0
1618 1396 1585 1394 1581 1293 1618 1292 helicopter 0
1589 1302 1553 1300 1556 1201 1591 1200 helicopter 0
1561 1394 1524 1394 1520 1290 1557 1290 helicopter 0
1532 1300 1494 1300 1493 1196 1530 1196 helicopter 0
1495 1388 1462 1390 1461 1289 1495 1288 helicopter 0
4205 656 4274 658 4272 761 4201 761 plane 0
4315 722 4245 718 4245 616 4317 616 plane 0
4294 657 4362 658 4357 762 4289 758 plane 0
3329 2085 3358 2084 3356 2184 3331 2183 helicopter 0
3406 1843 3438 1844 3429 1946 3402 1946 helicopter 0
3397 1970 3364 1968 3376 1864 3407 1868 helicopter 0
3352 1841 3383 1844 3369 1946 3340 1943 helicopter 0
3337 1966 3309 1967 3314 1866 3344 1865 helicopter 0
3291 1840 3322 1843 3310 1941 3281 1936 helicopter 0
3278 1961 3252 1960 3262 1857 3293 1860 helicopter 0
3266 2196 3237 2192 3247 2096 3278 2098 helicopter 0
3279 2075 3308 2078 3302 2184 3271 2177 helicopter 0
3326 2204 3300 2205 3300 2102 3330 2102 helicopter 0
3390 2206 3354 2205 3358 2105 3391 2105 helicopter 0
4404 720 4336 718 4334 618 4405 618 plane 0
3439 2211 3409 2208 3419 2101 3454 2108 helicopter 0
3503 2091 3532 2091 3532 2196 3502 2195 helicopter 0
3561 2217 3528 2214 3536 2117 3564 2119 helicopter 0
3570 2095 3599 2098 3595 2199 3565 2197 helicopter 0
3557 2334 3587 2336 3581 2438 3545 2434 helicopter 0
3499 2332 3525 2334 3526 2435 3493 2433 helicopter 0
3441 2330 3469 2330 3464 2427 3436 2428 helicopter 0
3320 2318 3350 2319 3351 2418 3322 2417 helicopter 0
3212 2315 3240 2317 3238 2418 3206 2417 helicopter 0
3454 1973 3425 1970 3432 1868 3462 1871 helicopter 0
3464 1846 3496 1850 3485 1952 3456 1953 helicopter 0
3514 1972 3484 1969 3488 1871 3523 1873 helicopter 0
3522 1851 3552 1852 3543 1954 3517 1953 helicopter 0
5442 1254 5377 1251 5377 1154 5444 1155 plane 0
5584 1026 5516 1025 5513 921 5583 919 plane 0
5497 1025 5430 1022 5424 919 5493 916 plane 0
5408 1025 5341 1015 5347 914 5414 919 plane 0
5228 1025 5164 1018 5169 911 5235 917 plane 0
5052 1022 4989 1017 4992 913 5059 916 plane 0
4793 1025 4726 1022 4728 912 4797 915 plane 0
4712 1024 4643 1018 4647 913 4716 914 plane 0
4625 1015 4557 1010 4562 911 4630 914 plane 0
4537 1023 4467 1014 4475 910 4548 916 plane 0
4457 1020 4387 1018 4381 917 4451 914 plane 0
4279 1018 4208 1014 4206 914 4275 915 plane 0
4186 1015 4121 1006 4126 908 4192 916 plane 0
4094 1012 4030 1006 4036 909 4104 912 plane 0
4008 1016 3943 1012 3946 908 4010 909 plane 0
3919 1012 3852 1008 3852 908 3918 908 plane 0
3827 1014 3765 1011 3768 907 3833 909 plane 0
3580 1854 3614 1855 3599 1960 3571 1955 helicopter 0
3570 1980 3538 1977 3546 1876 3575 1878 helicopter 0
3159 2306 3183 2307 3176 2410 3148 2405 helicopter 0
3136 2746 3104 2746 3110 2646 3141 2648 helicopter 0
3142 2626 3167 2628 3165 2731 3134 2732 helicopter 0
3492 3462 3448 3456 3457 3325 3495 3326 helicopter 0
3463 3796 3419 3792 3425 3655 3467 3657 helicopter 0
3375 3614 3422 3614 3434 3748 3391 3755 helicopter 0
3328 3618 3373 3612 3390 3746 3346 3753 helicopter 0
3274 3602 3316 3614 3284 3745 3241 3735 helicopter 0
3209 3600 3249 3605 3234 3738 3193 3732 helicopter 0
5332 797 5264 792 5267 693 5336 694 plane 0
5237 798 5171 793 5178 688 5251 692 plane 0
5149 795 5088 792 5085 691 5156 690 plane 0
5069 795 5001 787 5005 688 5073 690 plane 0
4919 668 4982 672 4980 773 4913 770 plane 0
4939 728 4873 726 4868 622 4938 620 plane 0
4845 726 4781 722 4783 620 4849 621 plane 0
4756 726 4691 722 4693 622 4759 622 plane 0
4666 720 4601 718 4604 622 4672 623 plane 0
4559 661 4628 660 4628 766 4559 767 plane 0
4580 728 4512 719 4516 618 4588 620 plane 0
4468 660 4534 654 4540 761 4468 768 plane 0
4492 730 4423 724 4428 615 4495 616 plane 0
4377 654 4450 652 4448 763 4378 764 plane 0
3469 3621 3524 3626 3510 3765 3465 3760 helicopter 0
3419 3285 3460 3285 3460 3420 3422 3422 helicopter 0
3192 2748 3164 2747 3170 2654 3201 2654 helicopter 0
3404 3454 3363 3452 3370 3320 3410 3321 helicopter 0
3204 2631 3230 2632 3220 2732 3191 2730 helicopter 0
3246 2754 3219 2751 3229 2653 3260 2655 helicopter 0
3260 2634 3288 2636 3276 2737 3248 2736 helicopter 0
3314 2639 3342 2640 3337 2738 3309 2736 helicopter 0
3425 2765 3387 2762 3398 2652 3433 2656 helicopter 0
3484 2770 3451 2770 3458 2660 3492 2664 helicopter 0
3539 2770 3507 2766 3516 2670 3548 2673 helicopter 0
3545 2654 3575 2654 3572 2758 3538 2755 helicopter 0
3595 2798 3566 2795 3568 2719 3592 2717 helicopter 0
3443 2922 3487 2924 3495 3057 3444 3056 helicopter 0
3439 3091 3395 3087 3402 2952 3441 2952 helicopter 0
3274 2908 3324 2912 3318 3051 3271 3048 helicopter 0
3260 3082 3218 3076 3222 2940 3264 2945 helicopter 0
3174 3072 3134 3074 3135 2939 3173 2941 helicopter 0
2997 3062 2954 3062 2954 2931 2998 2930 helicopter 0
3138 3430 3099 3428 3102 3296 3140 3296 helicopter 0
3228 3437 3187 3435 3192 3305 3232 3305 helicopter 0
3314 3445 3271 3442 3280 3310 3317 3313 helicopter 0
3329 3270 3374 3275 3359 3416 3319 3411 helicopter 0
1173 919 1146 917 1153 839 1176 840 helicopter 0
1200 919 1176 919 1172 837 1194 835 helicopter 0
1221 920 1196 918 1201 835 1224 834 helicopter 0
3494 989 3466 989 3470 913 3498 914 helicopter 0
3274 984 3248 982 3252 906 3276 906 helicopter 0
3298 983 3275 982 3274 906 3299 906 helicopter 0
3323 986 3298 983 3300 907 3322 907 helicopter 0
3347 988 3323 985 3323 909 3348 910 helicopter 0
3371 989 3346 988 3347 908 3373 908 helicopter 0
3394 990 3368 988 3373 908 3398 910 helicopter 0
3420 990 3395 989 3396 910 3422 909 helicopter 0
3443 989 3416 989 3421 908 3446 911 helicopter 0
3466 988 3444 988 3447 911 3472 913 helicopter 0
3167 806 3190 807 3192 886 3168 885 helicopter 0
2932 975 2904 972 2908 894 2932 894 helicopter 0
3190 806 3214 809 3216 888 3190 888 helicopter 0
3214 808 3237 808 3242 890 3217 890 helicopter 0
3238 808 3263 810 3264 889 3242 887 helicopter 0
3263 809 3288 811 3287 889 3264 886 helicopter 0
3287 811 3313 812 3314 892 3286 892 helicopter 0
3313 813 3337 814 3339 892 3314 892 helicopter 0
3338 812 3362 814 3365 892 3339 892 helicopter 0
3361 814 3384 814 3388 893 3364 893 helicopter 0
3384 813 3406 815 3414 892 3387 892 helicopter 0
3249 984 3224 983 3226 904 3252 904 helicopter 0
3224 983 3198 982 3200 902 3226 902 helicopter 0
3201 982 3174 981 3176 900 3200 901 helicopter 0
3142 804 3166 804 3167 886 3143 885 helicopter 0
2874 795 2899 795 2898 880 2871 878 helicopter 0
2902 799 2926 799 2923 880 2898 879 helicopter 0
2927 801 2949 802 2947 878 2922 877 helicopter 0
2947 804 2968 800 2973 882 2950 880 helicopter 0
2980 976 2955 975 2957 897 2983 898 helicopter 0
3006 975 2980 975 2982 898 3006 898 helicopter 0
3031 976 3006 973 3006 899 3030 898 helicopter 0
3054 978 3031 976 3031 896 3055 896 helicopter 0
3078 978 3055 978 3056 896 3078 898 helicopter 0
3103 978 3077 978 3079 899 3102 900 helicopter 0
3126 979 3103 978 3102 900 3127 899 helicopter 0
3151 980 3125 979 3126 901 3151 901 helicopter 0
3176 981 3150 980 3151 902 3176 902 helicopter 0
2992 804 3018 804 3021 884 2993 882 helicopter 0
3018 804 3044 806 3046 884 3019 884 helicopter 0
3044 803 3066 804 3069 883 3048 881 helicopter 0
3066 803 3090 805 3096 885 3071 883 helicopter 0
3090 806 3119 808 3120 887 3093 886 helicopter 0
3120 805 3141 807 3143 887 3121 886 helicopter 0
3406 813 3433 814 3438 894 3413 893 helicopter 0
3431 814 3459 817 3460 896 3435 893 helicopter 0
3458 816 3485 818 3484 896 3460 895 helicopter 0
2569 612 2502 601 2515 508 2585 516 plane 0
2481 613 2414 608 2417 509 2490 511 plane 0
2444 513 2377 510 2377 407 2450 407 plane 0
2394 610 2329 606 2332 504 2403 507 plane 0
2353 506 2290 502 2293 401 2362 406 plane 0
2303 607 2240 600 2245 501 2316 504 plane 0
2264 510 2202 508 2200 403 2270 404 plane 0
2217 602 2152 602 2150 500 2222 501 plane 0
2172 510 2113 503 2117 396 2187 402 plane 0
2083 501 2019 493 2024 395 2094 400 plane 0
1992 504 1928 489 1939 390 2008 398 plane 0
2038 604 1974 599 1977 497 2045 498 plane 0
1948 599 1887 595 1884 491 1957 493 plane 0
1908 496 1845 495 1850 386 1917 390 plane 0
1859 600 1795 597 1802 491 1865 493 plane 0
1819 496 1752 491 1759 383 1828 387 plane 0
1773 594 1706 593 1708 485 1778 486 plane 0
1725 493 1665 486 1673 384 1739 390 plane 0
1680 596 1616 588 1627 483 1691 486 plane 0
1597 593 1531 593 1531 484 1599 484 plane 0
2535 515 2466 510 2470 410 2538 412 plane 0
2626 521 2558 520 2557 414 2624 414 plane 0
3521 990 3493 989 3498 914 3524 914 helicopter 0
2662 618 2595 618 2596 518 2664 517 plane 0
3485 819 3507 819 3509 898 3482 897 helicopter 0
3509 537 3444 534 3449 436 3515 437 plane 0
3543 645 3484 636 3492 537 3557 542 plane 0
3464 642 3400 641 3396 538 3466 537 plane 0
3424 546 3354 541 3360 435 3426 438 plane 0
3372 640 3310 635 3308 537 3377 536 plane 0
3337 542 3268 537 3267 431 3339 433 plane 0
3280 643 3216 634 3226 532 3296 538 plane 0
3191 634 3126 626 3137 525 3206 532 plane 0
3106 633 3040 636 3031 530 3101 527 plane 0
3067 539 2998 532 3002 424 3074 426 plane 0
3020 630 2951 628 2950 523 3020 523 plane 0
2976 533 2907 523 2914 421 2985 427 plane 0
2933 632 2862 630 2862 522 2935 522 plane 0
2885 529 2819 515 2828 417 2897 424 plane 0
2842 622 2774 619 2772 522 2842 521 plane 0
2798 525 2730 518 2737 417 2805 422 plane 0
2755 622 2685 618 2686 518 2754 518 plane 0
2706 525 2642 516 2654 413 2718 419 plane 0
2955 975 2931 974 2931 894 2957 896 helicopter 0
2852 797 2874 798 2872 879 2849 877 helicopter 0
1248 922 1220 920 1223 844 1248 844 helicopter 0
2123 951 2098 947 2108 868 2131 870 helicopter 0
1906 944 1881 941 1884 860 1907 860 helicopter 0
1931 944 1905 940 1908 861 1934 861 helicopter 0
1958 943 1931 940 1934 860 1957 861 helicopter 0
1980 943 1955 940 1957 863 1981 862 helicopter 0
2004 943 1978 942 1980 862 2005 863 helicopter 0
2026 946 2003 943 2008 864 2032 866 helicopter 0
2053 945 2028 946 2031 867 2057 866 helicopter 0
2074 950 2048 942 2060 867 2083 868 helicopter 0
2101 948 2078 946 2081 870 2103 868 helicopter 0
2150 950 2126 950 2130 868 2154 868 helicopter 0
2829 799 2852 800 2849 877 2824 875 helicopter 0
2172 952 2149 948 2159 870 2179 870 helicopter 0
2193 953 2172 947 2184 873 2206 875 helicopter 0
2218 952 2197 948 2208 868 2233 871 helicopter 0
2247 953 2223 949 2234 872 2260 872 helicopter 0
2269 956 2248 951 2260 872 2281 874 helicopter 0
2296 954 2271 953 2279 873 2302 874 helicopter 0
2322 955 2296 952 2300 875 2323 875 helicopter 0
2347 956 2323 954 2322 876 2349 874 helicopter 0
2371 956 2347 955 2349 876 2375 876 helicopter 0
1880 945 1856 943 1858 860 1883 859 helicopter 0
1858 940 1834 937 1836 860 1858 860 helicopter 0
1834 937 1808 937 1809 859 1835 858 helicopter 0
1807 938 1783 938 1785 857 1809 858 helicopter 0
1272 921 1246 920 1248 840 1273 839 helicopter 0
1296 922 1271 921 1274 842 1299 842 helicopter 0
1320 924 1294 921 1299 843 1324 844 helicopter 0
1345 924 1321 924 1324 844 1346 844 helicopter 0
1371 924 1345 923 1347 845 1370 844 helicopter 0
1393 925 1368 922 1374 844 1397 845 helicopter 0
1419 927 1394 924 1396 848 1421 848 helicopter 0
1445 926 1418 923 1421 847 1445 846 helicopter 0
1471 926 1446 926 1446 850 1468 847 helicopter 0
1490 928 1464 922 1478 847 1499 852 helicopter 0
1514 930 1490 928 1494 846 1518 848 helicopter 0
1588 930 1564 928 1567 854 1592 852 helicopter 0
1612 930 1587 928 1592 854 1616 854 helicopter 0
1638 932 1613 931 1616 857 1641 856 helicopter 0
1659 936 1635 932 1642 854 1666 856 helicopter 0
1687 931 1662 930 1663 854 1690 854 helicopter 0
1712 933 1687 932 1692 855 1714 856 helicopter 0
1734 934 1713 932 1714 858 1736 858 helicopter 0
1784 939 1761 938 1763 857 1783 858 helicopter 0
2395 957 2372 956 2375 878 2398 878 helicopter 0
2418 960 2396 959 2399 879 2422 880 helicopter 0
2442 960 2418 960 2422 880 2448 879 helicopter 0
2582 792 2607 794 2606 869 2582 867 helicopter 0
2632 794 2655 794 2656 869 2633 869 helicopter 0
2658 789 2679 791 2675 874 2653 874 helicopter 0
2680 793 2706 794 2702 873 2676 871 helicopter 0
2707 794 2729 796 2727 873 2703 871 helicopter 0
2730 794 2754 796 2749 874 2727 872 helicopter 0
2752 794 2779 796 2777 875 2754 875 helicopter 0
2780 795 2805 797 2798 875 2776 875 helicopter 0
2614 966 2590 964 2592 885 2618 884 helicopter 0
2638 966 2613 965 2617 888 2643 888 helicopter 0
2662 967 2638 966 2642 889 2667 888 helicopter 0
2688 966 2663 963 2667 888 2690 890 helicopter 0
2711 966 2686 967 2688 892 2713 890 helicopter 0
2736 967 2712 966 2713 891 2736 891 helicopter 0
2762 967 2736 967 2737 893 2760 894 helicopter 0
2786 969 2761 968 2761 892 2786 892 helicopter 0
2809 970 2785 968 2786 892 2809 890 helicopter 0
2835 971 2809 968 2811 890 2837 890 helicopter 0
2858 971 2834 970 2839 891 2861 892 helicopter 0
2882 973 2856 970 2862 893 2887 894 helicopter 0
2607 792 2632 794 2632 872 2606 870 helicopter 0
2560 790 2583 792 2579 869 2556 866 helicopter 0
2468 960 2444 957 2448 879 2471 878 helicopter 0
2534 787 2560 791 2550 867 2528 862 helicopter 0
2493 962 2467 960 2472 879 2496 878 helicopter 0
2518 963 2492 960 2497 879 2520 880 helicopter 0
2542 963 2519 962 2521 883 2544 882 helicopter 0
2564 963 2542 963 2543 886 2567 884 helicopter 0
2143 774 2170 778 2160 856 2135 850 helicopter 0
2171 775 2194 778 2192 859 2166 854 helicopter 0
2192 774 2216 775 2217 857 2194 856 helicopter 0
2217 780 2242 782 2238 862 2215 858 helicopter 0
2264 784 2290 783 2291 861 2268 860 helicopter 0
2289 780 2317 783 2314 862 2290 860 helicopter 0
2312 783 2340 782 2337 862 2317 862 helicopter 0
2339 783 2363 784 2356 865 2334 863 helicopter 0
2362 785 2388 785 2386 864 2363 863 helicopter 0
2387 785 2414 786 2414 864 2388 862 helicopter 0
2412 787 2434 787 2438 862 2414 861 helicopter 0
2434 789 2458 790 2463 864 2436 864 helicopter 0
2462 786 2488 787 2487 866 2463 864 helicopter 0
2487 789 2510 789 2512 866 2487 865 helicopter 0
2508 787 2533 787 2531 866 2511 865 helicopter 0
5307 1254 5239 1248 5246 1151 5316 1157 plane 0
5203 1238 5266 1239 5265 1347 5195 1341 plane 0
5113 1230 5180 1234 5174 1340 5108 1339 plane 0
4455 5885 4472 5884 4469 5920 4455 5921 small-vehicle 0
4319 5675 4302 5674 4305 5642 4318 5642 small-vehicle 0
4341 5680 4324 5680 4329 5635 4344 5634 small-vehicle 0
4394 5677 4376 5679 4381 5636 4395 5636 small-vehicle 0
4295 5902 4280 5903 4281 5871 4297 5871 small-vehicle 0
4314 5905 4301 5905 4302 5875 4316 5874 small-vehicle 0
4377 5915 4362 5917 4362 5882 4376 5881 small-vehicle 0
4414 5917 4399 5916 4399 5881 4411 5879 small-vehicle 0
4430 5919 4418 5920 4419 5884 4431 5883 small-vehicle 0
4451 5919 4436 5919 4440 5885 4453 5887 small-vehicle 0
4476 5887 4493 5887 4492 5917 4477 5917 small-vehicle 0
4028 5855 4042 5853 4042 5888 4029 5889 small-vehicle 0
4513 5922 4497 5924 4499 5887 4511 5886 small-vehicle 0
4531 5921 4519 5921 4516 5890 4530 5890 small-vehicle 0
4552 5925 4538 5927 4538 5893 4551 5891 small-vehicle 0
4575 5928 4559 5928 4561 5893 4575 5894 small-vehicle 0
4464 5777 4450 5778 4450 5743 4465 5744 small-vehicle 0
4447 5787 4464 5790 4461 5829 4446 5830 small-vehicle 0
4523 5825 4506 5825 4509 5785 4522 5785 small-vehicle 0
4499 5817 4484 5818 4486 5786 4501 5785 small-vehicle 0
4502 5781 4487 5783 4491 5750 4505 5750 small-vehicle 0
4294 5679 4281 5678 4284 5637 4300 5637 small-vehicle 0
4274 5668 4260 5668 4264 5636 4277 5637 small-vehicle 0
4252 5668 4236 5669 4238 5627 4252 5627 small-vehicle 0
4366 5811 4350 5811 4350 5776 4364 5774 small-vehicle 0
4085 5896 4072 5898 4074 5867 4086 5865 small-vehicle 0
4094 5860 4112 5859 4109 5899 4091 5898 small-vehicle 0
4093 5749 4079 5748 4080 5710 4097 5710 small-vehicle 0
4079 5759 4091 5760 4092 5792 4078 5795 small-vehicle 0
4036 5661 4018 5662 4019 5616 4036 5615 small-vehicle 0
4052 5659 4042 5659 4042 5623 4055 5622 small-vehicle 0
4081 5665 4064 5668 4064 5621 4079 5620 small-vehicle 0
4099 5655 4086 5657 4088 5615 4101 5614 small-vehicle 0
4108 5624 4124 5626 4122 5658 4110 5660 small-vehicle 0
4117 5582 4131 5583 4129 5618 4113 5620 small-vehicle 0
4103 5759 4118 5759 4118 5795 4102 5796 small-vehicle 0
4185 5875 4169 5869 4187 5839 4200 5846 small-vehicle 0
4257 5901 4242 5901 4243 5870 4256 5869 small-vehicle 0
4274 5903 4261 5903 4262 5871 4275 5869 small-vehicle 0
4230 5767 4243 5766 4241 5804 4224 5803 small-vehicle 0
4249 5768 4265 5769 4264 5802 4251 5803 small-vehicle 0
4272 5773 4289 5772 4287 5806 4273 5805 small-vehicle 0
4369 5629 4351 5628 4353 5590 4369 5591 small-vehicle 0
4324 5807 4310 5807 4311 5776 4328 5775 small-vehicle 0
4541 5824 4526 5823 4527 5787 4542 5787 small-vehicle 0
4433 5635 4419 5636 4420 5602 4434 5603 small-vehicle 0
4456 5637 4439 5639 4441 5597 4457 5596 small-vehicle 0
4844 5842 4829 5847 4825 5812 4838 5810 small-vehicle 0
4854 5793 4840 5797 4835 5762 4848 5758 small-vehicle 0
4866 5841 4850 5844 4841 5804 4856 5800 small-vehicle 0
4882 5787 4868 5792 4858 5758 4868 5755 small-vehicle 0
4910 5816 4897 5823 4885 5792 4896 5785 small-vehicle 0
4612 5927 4595 5925 4598 5894 4611 5893 small-vehicle 0
4632 5929 4618 5928 4620 5898 4633 5898 small-vehicle 0
4673 5930 4659 5930 4659 5898 4669 5896 small-vehicle 0
4692 5932 4676 5930 4678 5899 4690 5899 small-vehicle 0
4731 5935 4715 5933 4719 5907 4730 5906 small-vehicle 0
4988 5890 4974 5897 4958 5866 4971 5858 small-vehicle 0
5388 6213 5377 6203 5405 6177 5414 6189 small-vehicle 0
5376 6194 5363 6184 5390 6164 5395 6174 small-vehicle 0
5370 6145 5381 6154 5357 6176 5348 6165 small-vehicle 0
5359 6125 5368 6139 5345 6158 5330 6145 small-vehicle 0
5332 6138 5324 6132 5346 6113 5352 6122 small-vehicle 0
5315 6129 5303 6116 5337 6091 5346 6103 small-vehicle 0
5300 6106 5288 6096 5315 6073 5321 6086 small-vehicle 0
5270 6083 5258 6071 5288 6038 5300 6050 small-vehicle 0
5268 6025 5281 6035 5257 6062 5243 6052 small-vehicle 0
4830 5801 4814 5804 4810 5773 4825 5769 small-vehicle 0
4753 5616 4765 5619 4765 5650 4752 5649 small-vehicle 0
4481 5636 4460 5636 4466 5599 4481 5599 small-vehicle 0
4784 5811 4795 5810 4794 5846 4780 5848 small-vehicle 0
4560 5822 4545 5823 4548 5785 4560 5785 small-vehicle 0
4583 5822 4567 5821 4570 5791 4582 5789 small-vehicle 0
4584 5784 4570 5784 4572 5743 4588 5744 small-vehicle 0
4603 5796 4618 5796 4615 5829 4600 5829 small-vehicle 0
4638 5827 4622 5827 4623 5797 4639 5797 small-vehicle 0
4676 5834 4662 5836 4665 5799 4679 5799 small-vehicle 0
4682 5799 4700 5799 4698 5831 4684 5833 small-vehicle 0
4701 5792 4685 5791 4686 5759 4702 5760 small-vehicle 0
4718 5835 4703 5837 4705 5803 4717 5803 small-vehicle 0
4590 5688 4574 5689 4574 5651 4589 5652 small-vehicle 0
4569 5641 4551 5642 4554 5610 4571 5610 small-vehicle 0
4628 5687 4610 5688 4614 5652 4627 5653 small-vehicle 0
4653 5646 4640 5648 4638 5614 4653 5613 small-vehicle 0
4678 5695 4662 5695 4660 5653 4679 5652 small-vehicle 0
4721 5701 4705 5698 4708 5665 4722 5665 small-vehicle 0
4701 5651 4686 5654 4687 5616 4703 5616 small-vehicle 0
4747 5803 4760 5803 4760 5836 4744 5837 small-vehicle 0
4748 5765 4763 5763 4761 5798 4747 5797 small-vehicle 0
4800 5799 4784 5799 4787 5765 4797 5765 small-vehicle 0
4063 5892 4048 5892 4050 5860 4064 5861 small-vehicle 0
4024 5894 4007 5892 4007 5859 4021 5859 small-vehicle 0
5213 6015 5203 6006 5231 5980 5238 5989 small-vehicle 0
2746 6090 2756 6082 2774 6112 2761 6118 small-vehicle 0
2964 6031 2951 6037 2940 6001 2953 5998 small-vehicle 0
2918 6011 2929 6006 2939 6035 2929 6039 small-vehicle 0
2928 6141 2914 6148 2900 6113 2914 6110 small-vehicle 0
2907 6151 2896 6157 2881 6126 2893 6119 small-vehicle 0
2885 6162 2873 6168 2860 6136 2876 6129 small-vehicle 0
2840 6041 2852 6034 2869 6067 2857 6074 small-vehicle 0
2792 6065 2805 6055 2821 6086 2810 6091 small-vehicle 0
2849 6183 2835 6189 2819 6162 2830 6154 small-vehicle 0
2764 6075 2780 6066 2797 6097 2785 6107 small-vehicle 0
2781 6189 2792 6179 2810 6207 2798 6217 small-vehicle 0
3986 5852 4001 5853 3999 5889 3985 5890 small-vehicle 0
2739 6216 2748 6205 2769 6230 2759 6240 small-vehicle 0
2729 6108 2737 6099 2756 6123 2746 6130 small-vehicle 0
2740 6254 2729 6262 2710 6237 2718 6227 small-vehicle 0
2716 6158 2703 6167 2675 6133 2686 6124 small-vehicle 0
2674 6314 2664 6322 2644 6298 2655 6291 small-vehicle 0
2656 6327 2643 6338 2622 6311 2635 6301 small-vehicle 0
2620 6358 2609 6369 2588 6340 2601 6332 small-vehicle 0
2604 6373 2594 6381 2573 6354 2581 6346 small-vehicle 0
2563 6241 2570 6233 2594 6257 2583 6265 small-vehicle 0
2970 6127 2958 6131 2947 6099 2959 6093 small-vehicle 0
2961 5994 2975 5992 2983 6022 2972 6026 small-vehicle 0
2991 6083 3004 6081 3014 6117 3002 6119 small-vehicle 0
3009 5989 3023 5985 3030 6013 3020 6018 small-vehicle 0
3378 6120 3366 6122 3367 6088 3381 6086 small-vehicle 0
3407 6019 3394 6020 3396 5991 3408 5991 small-vehicle 0
3386 6022 3372 6021 3374 5989 3388 5989 small-vehicle 0
3356 6125 3342 6125 3344 6090 3359 6090 small-vehicle 0
3347 5990 3361 5989 3362 6024 3346 6023 small-vehicle 0
3281 5982 3297 5983 3294 6018 3277 6016 small-vehicle 0
3258 5982 3274 5983 3273 6016 3257 6015 small-vehicle 0
3235 5981 3252 5980 3251 6014 3235 6014 small-vehicle 0
3148 5977 3162 5978 3159 6011 3146 6011 small-vehicle 0
3124 5975 3137 5973 3140 6004 3126 6009 small-vehicle 0
3099 5974 3114 5970 3120 6012 3106 6016 small-vehicle 0
3126 6105 3115 6107 3110 6074 3122 6070 small-vehicle 0
3085 6074 3099 6071 3103 6106 3089 6109 small-vehicle 0
3080 6108 3067 6113 3065 6078 3078 6077 small-vehicle 0
3080 5978 3090 5978 3093 6010 3080 6011 small-vehicle 0
3057 5980 3068 5977 3073 6006 3059 6013 small-vehicle 0
3058 6113 3047 6116 3039 6077 3054 6074 small-vehicle 0
3032 5982 3046 5977 3051 6017 3038 6020 small-vehicle 0
3040 6118 3024 6121 3016 6082 3032 6078 small-vehicle 0
2289 6333 2280 6341 2255 6310 2266 6299 small-vehicle 0
2222 6365 2210 6373 2187 6345 2199 6334 small-vehicle 0
2206 6381 2192 6390 2168 6360 2182 6350 small-vehicle 0
3706 5584 3685 5584 3692 5547 3707 5546 small-vehicle 0
3838 5592 3818 5590 3823 5553 3842 5553 small-vehicle 0
3876 5643 3859 5643 3864 5606 3879 5606 small-vehicle 0
3899 5646 3886 5646 3886 5610 3902 5611 small-vehicle 0
3964 5652 3949 5654 3951 5617 3967 5617 small-vehicle 0
3852 5730 3835 5730 3838 5699 3852 5699 small-vehicle 0
3874 5731 3860 5732 3860 5702 3874 5701 small-vehicle 0
3960 5742 3945 5742 3946 5708 3958 5706 small-vehicle 0
3984 5747 3970 5747 3972 5713 3987 5712 small-vehicle 0
3967 5755 3981 5753 3980 5786 3963 5786 small-vehicle 0
3941 5754 3957 5754 3956 5787 3943 5788 small-vehicle 0
4011 5758 4027 5759 4025 5794 4011 5798 small-vehicle 0
3919 5785 3901 5786 3904 5742 3922 5742 small-vehicle 0
3871 5783 3854 5785 3856 5745 3871 5746 small-vehicle 0
3827 5781 3807 5780 3811 5739 3829 5740 small-vehicle 0
3862 5883 3845 5882 3847 5838 3862 5838 small-vehicle 0
3872 5847 3886 5850 3883 5885 3867 5885 small-vehicle 0
3910 5884 3893 5883 3898 5842 3910 5844 small-vehicle 0
3949 5884 3933 5884 3933 5847 3950 5845 small-vehicle 0
3970 5887 3958 5887 3960 5848 3977 5849 small-vehicle 0
3788 5635 3772 5636 3774 5600 3790 5601 small-vehicle 0
3658 5580 3645 5580 3646 5549 3658 5549 small-vehicle 0
2643 6022 2635 6001 2700 5961 2709 5980 large-vehicle 0
3727 5631 3713 5632 3714 5597 3729 5595 small-vehicle 0
2368 6028 2383 6015 2412 6048 2399 6061 small-vehicle 0
3676 6139 3662 6138 3660 6107 3676 6106 small-vehicle 0
3573 6098 3588 6099 3587 6132 3571 6131 small-vehicle 0
3563 6131 3549 6132 3550 6102 3565 6100 small-vehicle 0
3540 6131 3523 6129 3525 6094 3539 6094 small-vehicle 0
3576 6037 3561 6037 3562 6005 3576 6001 small-vehicle 0
3601 6042 3583 6043 3588 6004 3603 6005 small-vehicle 0
3634 6006 3649 6007 3648 6043 3633 6042 small-vehicle 0
3679 6013 3693 6012 3691 6046 3677 6045 small-vehicle 0
3701 6015 3715 6015 3712 6048 3698 6049 small-vehicle 0
3575 5858 3560 5859 3562 5825 3577 5823 small-vehicle 0
3598 5867 3583 5867 3584 5829 3598 5829 small-vehicle 0
3558 5761 3541 5761 3542 5725 3559 5727 small-vehicle 0
3604 5715 3588 5716 3592 5679 3603 5679 small-vehicle 0
3629 5717 3615 5717 3615 5682 3629 5681 small-vehicle 0
3716 5776 3700 5776 3704 5733 3718 5734 small-vehicle 0
3673 5776 3654 5777 3656 5729 3674 5732 small-vehicle 0
3569 5572 3551 5572 3558 5533 3573 5534 small-vehicle 0
3616 5581 3601 5582 3601 5537 3620 5540 small-vehicle 0
5241 5993 5251 6005 5228 6028 5217 6019 small-vehicle 0
5188 6130 5175 6119 5202 6097 5211 6107 small-vehicle 0
5130 1246 5060 1242 5063 1142 5135 1144 plane 0
862 4766 864 4779 822 4788 818 4773 small-vehicle 0
748 1630 733 1637 722 1595 734 1589 small-vehicle 0
841 1765 826 1772 816 1745 830 1739 small-vehicle 0
868 4359 880 4372 845 4403 834 4390 small-vehicle 0
928 4579 915 4567 944 4545 952 4559 small-vehicle 0
906 4557 896 4547 924 4523 934 4532 small-vehicle 0
886 4536 874 4525 897 4503 908 4513 small-vehicle 0
900 4475 908 4462 942 4486 932 4500 small-vehicle 0
903 4823 905 4836 876 4844 871 4830 small-vehicle 0
876 4783 880 4798 846 4804 840 4790 small-vehicle 0
667 4825 679 4814 702 4842 690 4851 small-vehicle 0
1497 4386 1488 4392 1468 4366 1477 4358 small-vehicle 0
630 4853 641 4842 670 4873 658 4884 small-vehicle 0
343 4933 332 4942 315 4915 326 4904 small-vehicle 0
372 4922 360 4932 330 4902 341 4891 small-vehicle 0
379 4904 369 4911 345 4886 356 4875 small-vehicle 0
410 4874 399 4881 376 4856 387 4846 small-vehicle 0
424 4858 414 4869 388 4840 401 4830 small-vehicle 0
406 4809 398 4818 372 4790 383 4779 small-vehicle 0
392 4719 405 4707 427 4736 414 4747 small-vehicle 0
406 4698 417 4688 442 4718 430 4729 small-vehicle 0
895 1465 916 1456 935 1504 919 1515 large-vehicle 0
779 1341 795 1334 809 1373 794 1379 small-vehicle 0
1582 2820 1572 2833 1540 2807 1552 2793 small-vehicle 0
1650 3966 1660 3980 1629 4005 1618 3991 small-vehicle 0
1530 4359 1521 4368 1498 4340 1508 4332 small-vehicle 0
1546 4346 1535 4355 1514 4324 1525 4317 small-vehicle 0
1561 4332 1552 4340 1528 4314 1540 4304 small-vehicle 0
1595 4299 1587 4308 1565 4281 1575 4272 small-vehicle 0
1614 4289 1606 4296 1584 4274 1593 4264 small-vehicle 0
1628 4272 1617 4283 1594 4258 1604 4248 small-vehicle 0
1644 4261 1631 4269 1608 4237 1618 4230 small-vehicle 0
1670 4233 1658 4241 1640 4213 1650 4203 small-vehicle 0
1689 4220 1678 4229 1655 4199 1664 4192 small-vehicle 0
1707 4210 1695 4220 1673 4190 1683 4182 small-vehicle 0
1465 4221 1452 4231 1431 4205 1441 4196 small-vehicle 0
1518 4240 1505 4251 1475 4214 1488 4205 small-vehicle 0
1545 4206 1532 4217 1511 4192 1522 4180 small-vehicle 0
1517 4174 1505 4183 1484 4153 1496 4145 small-vehicle 0
1537 4158 1525 4169 1504 4140 1515 4130 small-vehicle 0
1566 4198 1553 4206 1532 4177 1547 4168 small-vehicle 0
1598 4161 1584 4171 1564 4141 1576 4133 small-vehicle 0
1618 4101 1631 4091 1652 4116 1639 4127 small-vehicle 0
1718 4039 1731 4053 1705 4074 1691 4062 small-vehicle 0
335 4343 342 4328 374 4341 369 4355 small-vehicle 0
349 4328 351 4314 387 4327 381 4342 small-vehicle 0
365 4313 371 4301 401 4315 394 4325 small-vehicle 0
4071 1248 4003 1247 3997 1141 4065 1138 plane 0
4153 1250 4082 1247 4085 1138 4158 1140 plane 0
4137 1224 4206 1228 4193 1338 4127 1334 plane 0
4247 1243 4175 1240 4172 1140 4250 1141 plane 0
4214 1218 4281 1217 4282 1339 4211 1338 plane 0
4300 1230 4371 1231 4371 1341 4301 1337 plane 0
4392 1230 4465 1230 4460 1341 4393 1339 plane 0
4482 1223 4548 1223 4549 1341 4482 1338 plane 0
4512 1244 4441 1238 4444 1134 4514 1136 plane 0
4606 1244 4535 1242 4528 1138 4598 1136 plane 0
4571 1235 4639 1231 4643 1342 4570 1338 plane 0
4691 1244 4622 1239 4622 1140 4692 1141 plane 0
4666 1229 4736 1232 4726 1343 4659 1339 plane 0
4778 1247 4711 1242 4710 1143 4777 1141 plane 0
4754 1239 4822 1240 4816 1344 4745 1342 plane 0
4864 1251 4795 1246 4800 1138 4868 1140 plane 0
4952 1252 4886 1245 4889 1142 4956 1145 plane 0
4931 1238 4996 1239 4994 1343 4925 1336 plane 0
5040 1248 4973 1243 4976 1144 5046 1144 plane 0
5024 1229 5088 1228 5087 1341 5019 1341 plane 0
4039 1223 4116 1225 4108 1339 4036 1336 plane 0
3971 1240 3906 1232 3917 1138 3982 1144 plane 0
386 4303 390 4290 419 4299 414 4311 small-vehicle 0
3866 1223 3935 1224 3930 1336 3858 1331 plane 0
328 4329 323 4340 292 4329 299 4318 small-vehicle 0
347 4312 339 4326 305 4314 312 4300 small-vehicle 0
359 4298 353 4309 326 4300 331 4286 small-vehicle 0
379 4285 375 4299 350 4287 355 4274 small-vehicle 0
403 4270 398 4283 362 4271 368 4259 small-vehicle 0
418 4252 414 4264 379 4250 384 4237 small-vehicle 0
427 4424 409 4427 398 4391 417 4385 small-vehicle 0
491 4363 475 4367 470 4333 485 4330 small-vehicle 0
499 4235 511 4229 528 4265 515 4270 small-vehicle 0
463 4205 477 4194 499 4225 483 4232 small-vehicle 0
430 4187 438 4172 468 4191 456 4205 small-vehicle 0
362 4153 375 4152 380 4188 365 4188 small-vehicle 0
380 3963 366 3963 359 3928 375 3926 small-vehicle 0
594 3837 596 3850 564 3857 559 3843 small-vehicle 0
589 3794 592 3805 561 3813 555 3801 small-vehicle 0
407 2737 398 2749 370 2728 381 2714 small-vehicle 0
3796 1243 3729 1236 3735 1129 3808 1135 plane 0
3778 1223 3842 1226 3838 1336 3768 1327 plane 0
3886 1248 3814 1238 3823 1133 3896 1138 plane 0
1514 4372 1506 4381 1483 4358 1492 4347 small-vehicle 0
1482 4400 1472 4408 1448 4380 1459 4370 small-vehicle 0
5223 6174 5210 6163 5241 6141 5249 6152 small-vehicle 0
2534 4795 2546 4807 2519 4832 2504 4823 small-vehicle 0
2637 4906 2625 4895 2652 4872 2663 4885 small-vehicle 0
2622 4887 2613 4876 2636 4855 2645 4866 small-vehicle 0
2612 4868 2600 4856 2628 4835 2636 4847 small-vehicle 0
2594 4860 2601 4869 2580 4890 2571 4884 small-vehicle 0
2568 4877 2554 4868 2578 4847 2587 4859 small-vehicle 0
2548 4866 2533 4854 2566 4830 2571 4840 small-vehicle 0
2578 4839 2567 4826 2593 4802 2604 4814 small-vehicle 0
2564 4820 2554 4810 2586 4783 2593 4793 small-vehicle 0
2548 4812 2555 4824 2531 4848 2518 4837 small-vehicle 0
2670 4727 2682 4742 2655 4764 2640 4755 small-vehicle 0
1384 4341 1375 4352 1351 4325 1363 4316 small-vehicle 0
2638 4749 2624 4733 2656 4715 2664 4727 small-vehicle 0
2626 4680 2634 4692 2613 4709 2601 4697 small-vehicle 0
2638 4695 2648 4704 2628 4728 2612 4718 small-vehicle 0
2535 4785 2524 4776 2548 4755 2554 4766 small-vehicle 0
2504 4817 2492 4806 2520 4776 2527 4789 small-vehicle 0
2489 4799 2479 4786 2502 4762 2513 4775 small-vehicle 0
2531 4739 2543 4750 2521 4772 2508 4760 small-vehicle 0
2510 4750 2498 4741 2526 4717 2534 4728 small-vehicle 0
2488 4744 2501 4757 2478 4778 2464 4769 small-vehicle 0
2654 4920 2643 4910 2668 4886 2678 4899 small-vehicle 0
2727 4793 2737 4805 2712 4830 2700 4819 small-vehicle 0
2746 4810 2757 4821 2727 4846 2715 4834 small-vehicle 0
2437 4891 2422 4878 2446 4860 2457 4869 small-vehicle 0
5255 6207 5246 6198 5272 6175 5283 6186 small-vehicle 0
5289 6188 5297 6200 5272 6223 5258 6210 small-vehicle 0
5305 6206 5314 6219 5288 6240 5275 6229 small-vehicle 0
5316 6225 5327 6233 5297 6258 5289 6248 small-vehicle 0
5333 6239 5344 6250 5314 6276 5304 6265 small-vehicle 0
2793 4937 2778 4925 2813 4896 2826 4911 small-vehicle 0
2804 4876 2813 4887 2782 4917 2773 4905 small-vehicle 0
2773 4838 2782 4857 2756 4883 2743 4867 small-vehicle 0
2614 4953 2602 4941 2635 4914 2645 4925 small-vehicle 0
2624 4899 2631 4909 2602 4934 2590 4923 small-vehicle 0
2565 5094 2552 5083 2586 5053 2594 5063 small-vehicle 0
2490 5154 2480 5146 2505 5121 2514 5133 small-vehicle 0
2548 5032 2534 5020 2560 4996 2571 5008 small-vehicle 0
2534 5010 2520 4998 2547 4978 2557 4989 small-vehicle 0
2519 4991 2509 4978 2536 4957 2546 4969 small-vehicle 0
2492 4962 2480 4951 2510 4924 2520 4933 small-vehicle 0
2479 4943 2466 4932 2496 4906 2505 4917 small-vehicle 0
2464 4923 2453 4913 2479 4892 2489 4903 small-vehicle 0
2446 4909 2435 4899 2462 4874 2474 4888 small-vehicle 0
2476 4734 2485 4744 2461 4766 2449 4756 small-vehicle 0
2491 4737 2480 4727 2513 4699 2523 4709 small-vehicle 0
2492 4687 2497 4695 2477 4714 2467 4705 small-vehicle 0
2388 4625 2399 4639 2375 4663 2360 4649 small-vehicle 0
2346 4631 2334 4618 2360 4596 2368 4610 small-vehicle 0
2333 4614 2320 4601 2346 4581 2356 4596 small-vehicle 0
2334 4563 2344 4573 2318 4595 2305 4584 small-vehicle 0
2301 4581 2289 4572 2317 4546 2328 4559 small-vehicle 0
2284 4562 2272 4552 2297 4530 2308 4544 small-vehicle 0
2266 4551 2254 4538 2283 4517 2291 4527 small-vehicle 0
2222 4615 2213 4623 2192 4603 2203 4592 small-vehicle 0
2236 4487 2230 4474 2257 4458 2263 4470 small-vehicle 0
2434 4509 2425 4499 2450 4480 2460 4492 small-vehicle 0
2487 4472 2478 4464 2500 4441 2510 4452 small-vehicle 0
2406 4428 2414 4439 2391 4458 2380 4447 small-vehicle 0
2391 4412 2401 4423 2381 4440 2370 4428 small-vehicle 0
2364 4374 2376 4387 2354 4405 2341 4394 small-vehicle 0
2346 4360 2356 4369 2332 4391 2321 4379 small-vehicle 0
2190 4372 2178 4361 2205 4339 2214 4352 small-vehicle 0
2308 4198 2292 4202 2286 4168 2301 4166 small-vehicle 0
1477 4261 1465 4270 1444 4243 1457 4234 small-vehicle 0
1466 4285 1457 4295 1433 4269 1444 4260 small-vehicle 0
1432 4310 1423 4323 1398 4291 1410 4280 small-vehicle 0
2360 4647 2346 4635 2378 4612 2391 4626 small-vehicle 0
2301 4520 2291 4507 2312 4490 2320 4502 small-vehicle 0
2428 4734 2417 4722 2446 4696 2456 4707 small-vehicle 0
2315 4535 2303 4524 2331 4501 2338 4514 small-vehicle 0
2479 4665 2488 4678 2464 4700 2452 4690 small-vehicle 0
2600 4690 2590 4679 2610 4663 2618 4675 small-vehicle 0
2582 4680 2568 4669 2592 4645 2602 4660 small-vehicle 0
2568 4662 2555 4649 2585 4626 2595 4641 small-vehicle 0
2557 4642 2543 4631 2571 4607 2578 4623 small-vehicle 0
2541 4624 2528 4612 2558 4589 2566 4600 small-vehicle 0
2531 4607 2518 4595 2543 4572 2552 4583 small-vehicle 0
2525 4561 2534 4569 2512 4591 2501 4582 small-vehicle 0
2510 4539 2521 4553 2500 4574 2490 4562 small-vehicle 0
2495 4524 2505 4536 2482 4559 2469 4547 small-vehicle 0
2480 4507 2492 4519 2466 4542 2453 4529 small-vehicle 0
2371 4764 2381 4777 2357 4800 2348 4788 small-vehicle 0
2434 4669 2424 4658 2450 4637 2458 4648 small-vehicle 0
2420 4652 2411 4642 2434 4614 2445 4630 small-vehicle 0
2408 4634 2396 4622 2417 4600 2427 4612 small-vehicle 0
2389 4620 2379 4610 2403 4587 2412 4598 small-vehicle 0
2362 4584 2351 4572 2373 4552 2385 4565 small-vehicle 0
2348 4568 2338 4558 2360 4535 2371 4546 small-vehicle 0
2332 4553 2323 4543 2352 4513 2363 4526 small-vehicle 0
1645 495 1576 490 1577 384 1653 386 plane 0
