imagesource:GoogleEarth
gsd:0.139309939608
5644 3811 6044 4039 5816 4410 5426 4206 plane 0
2366 3280 2684 2759 3171 3058 2860 3567 plane 0
1299 1302 1740 1540 1488 1948 1050 1708 plane 0
6591 4468 6813 4570 6665 4833 6449 4727 plane 0
6522 1102 6497 1087 6567 973 6593 988 large-vehicle 0
6495 1091 6474 1076 6546 962 6569 978 large-vehicle 0
6471 1085 6450 1066 6527 953 6551 967 large-vehicle 0
5839 405 5866 422 5802 533 5774 515 large-vehicle 0
3454 1134 3480 1148 3415 1263 3388 1248 large-vehicle 0
3231 2401 3519 2568 3319 2902 3008 2731 plane 0
2713 2140 3014 2290 2812 2638 2497 2480 plane 0
2776 1691 2767 1600 2834 1592 2842 1685 plane 0
2758 759 2786 774 2726 895 2693 878 large-vehicle 0
1740 1384 1887 1384 1887 1529 1740 1529 roundabout 0
285 3923 440 3734 661 3932 484 4112 plane 0
599 962 832 1079 680 1335 450 1233 plane 0
