imagesource:GoogleEarth
gsd:0.133537555097
2884 3349 2862 3328 2943 3236 2962 3256 large-vehicle 0
1746 2724 1764 2705 1896 2828 1876 2845 large-vehicle 0
2210 4546 2192 4564 2077 4463 2099 4438 large-vehicle 0
2145 4476 2164 4451 2257 4525 2240 4547 large-vehicle 0
1963 4204 1990 4192 2056 4322 2030 4332 large-vehicle 0
2222 3579 2246 3589 2184 3712 2158 3696 large-vehicle 0
2202 3251 2182 3267 2060 3157 2078 3138 large-vehicle 0
2103 3046 2120 3027 2231 3113 2215 3134 large-vehicle 0
2010 2968 2030 2949 2118 3021 2102 3043 large-vehicle 0
1900 2870 1919 2849 2024 2943 2005 2961 large-vehicle 0
1949 2574 1927 2554 2025 2449 2047 2468 large-vehicle 0
3022 3816 2992 3797 3085 3685 3108 3702 large-vehicle 0
1825 1388 1804 1368 1893 1269 1915 1289 large-vehicle 0
1631 1260 1610 1242 1713 1118 1734 1136 large-vehicle 0
1766 2445 1747 2428 1862 2307 1882 2327 large-vehicle 0
1727 2382 1705 2363 1801 2263 1820 2282 large-vehicle 0
1658 2349 1638 2333 1740 2217 1759 2235 large-vehicle 0
1432 2437 1454 2417 1562 2525 1541 2544 large-vehicle 0
1550 2523 1561 2498 1660 2550 1648 2577 large-vehicle 0
1663 2592 1680 2567 1772 2629 1759 2654 large-vehicle 0
2205 4118 2183 4099 2282 3984 2306 4004 large-vehicle 0
2302 3438 2326 3452 2256 3581 2230 3566 large-vehicle 0
2470 3410 2456 3446 2360 3410 2373 3382 large-vehicle 0
2485 3243 2529 3264 2479 3354 2442 3333 large-vehicle 0
1558 3564 1572 3576 1549 3602 1537 3589 small-vehicle 0
1669 3530 1682 3541 1661 3569 1647 3559 small-vehicle 0
1609 3529 1597 3520 1623 3485 1637 3496 small-vehicle 0
1560 3486 1546 3477 1569 3447 1583 3457 small-vehicle 0
355 4189 339 4181 357 4146 372 4154 small-vehicle 0
228 2679 223 2695 192 2677 197 2663 small-vehicle 0
69 2239 97 2232 134 2362 105 2366 large-vehicle 0
2691 3596 2673 3612 2565 3525 2581 3504 large-vehicle 0
2850 3338 2830 3317 2929 3206 2950 3224 large-vehicle 0
2824 3314 2803 3297 2906 3181 2926 3201 large-vehicle 0
2766 3274 2748 3257 2847 3145 2868 3164 large-vehicle 0
2750 3239 2732 3222 2823 3122 2841 3141 large-vehicle 0
2615 3135 2595 3120 2690 3013 2710 3032 large-vehicle 0
2200 2786 2180 2766 2275 2666 2296 2684 large-vehicle 0
2509 3040 2490 3023 2569 2939 2589 2956 large-vehicle 0
2222 3140 2254 3118 2319 3215 2298 3232 large-vehicle 0
2310 3201 2358 3195 2371 3330 2330 3330 large-vehicle 0
1602 2600 1621 2578 1738 2682 1718 2704 large-vehicle 0
1580 2623 1600 2601 1706 2697 1685 2718 large-vehicle 0
1803 2933 1779 2950 1675 2855 1695 2834 large-vehicle 0
1019 1512 1041 1494 1132 1609 1113 1625 large-vehicle 0
919 1566 938 1550 1011 1636 989 1654 large-vehicle 0
803 1685 826 1668 899 1758 876 1773 large-vehicle 0
950 1873 970 1856 1041 1945 1016 1962 large-vehicle 0
884 2018 865 2032 788 1950 806 1932 large-vehicle 0
1105 3346 1072 3344 1069 3204 1097 3202 large-vehicle 0
1044 3372 1016 3376 985 3228 1013 3220 large-vehicle 0
1018 3411 993 3413 967 3271 997 3267 large-vehicle 0
960 3391 935 3394 906 3252 931 3245 large-vehicle 0
1099 3750 1073 3757 1032 3662 1060 3652 large-vehicle 0
204 4501 184 4483 271 4358 297 4379 large-vehicle 0
394 2909 372 2898 433 2774 458 2788 large-vehicle 0
118 2611 146 2616 126 2729 95 2721 large-vehicle 0
738 1768 718 1781 649 1696 670 1681 large-vehicle 0
460 1440 440 1452 344 1338 366 1319 large-vehicle 0
202 1078 189 1097 87 1044 86 1014 large-vehicle 1
229 1044 216 1066 93 1001 105 976 large-vehicle 0
442 774 472 753 564 872 534 890 large-vehicle 0
988 1654 1009 1636 1080 1724 1058 1740 large-vehicle 0
1132 1654 1152 1638 1244 1746 1224 1761 large-vehicle 0
1406 3881 1381 3863 1444 3739 1477 3757 large-vehicle 0
1064 1752 1086 1736 1161 1827 1137 1840 large-vehicle 0
1159 3711 1131 3717 1094 3578 1124 3567 large-vehicle 0
1219 3688 1188 3692 1159 3552 1191 3542 large-vehicle 0
1231 3632 1203 3632 1190 3488 1221 3485 large-vehicle 0
1262 3630 1234 3630 1223 3480 1254 3476 large-vehicle 0
1295 3622 1266 3622 1256 3471 1286 3465 large-vehicle 0
1326 3126 1355 3128 1345 3284 1318 3279 large-vehicle 0
1250 3254 1219 3253 1218 3120 1252 3116 large-vehicle 0
1196 3303 1167 3302 1157 3167 1192 3163 large-vehicle 0
1139 3354 1111 3354 1100 3218 1128 3215 large-vehicle 0
1157 2980 1126 2981 1117 2879 1147 2874 large-vehicle 0
1219 2952 1190 2953 1171 2805 1201 2803 large-vehicle 0
1254 2880 1225 2881 1205 2777 1237 2773 large-vehicle 0
1295 2313 1318 2291 1426 2397 1408 2419 large-vehicle 0
1271 2128 1319 2123 1343 2273 1302 2280 large-vehicle 0
1267 1991 1314 1985 1320 2128 1284 2124 large-vehicle 0
1142 1842 1168 1820 1269 1951 1243 1976 large-vehicle 0
1206 1793 1232 1756 1354 1842 1334 1880 large-vehicle 0
1451 3897 1436 3880 1471 3845 1485 3861 small-vehicle 0
1483 3867 1496 3878 1469 3907 1458 3898 small-vehicle 0
1585 3811 1574 3799 1598 3775 1608 3784 small-vehicle 0
1610 2293 1588 2272 1683 2165 1705 2184 large-vehicle 0
1496 3181 1511 3155 1624 3219 1614 3246 large-vehicle 0
1470 3207 1484 3182 1618 3249 1604 3275 large-vehicle 0
1436 3245 1451 3223 1569 3286 1556 3310 large-vehicle 0
1423 3268 1436 3245 1554 3314 1537 3341 large-vehicle 0
1411 3293 1425 3271 1535 3347 1522 3368 large-vehicle 0
1793 2722 1809 2699 1888 2758 1869 2783 large-vehicle 0
1896 2522 1872 2504 1963 2403 1983 2421 large-vehicle 0
2006 2621 1982 2597 2079 2494 2099 2511 large-vehicle 0
2145 2737 2121 2716 2213 2617 2236 2634 large-vehicle 0
2228 2806 2208 2789 2297 2689 2316 2706 large-vehicle 0
2251 2830 2233 2815 2324 2708 2343 2724 large-vehicle 0
2333 2854 2313 2835 2381 2761 2399 2778 large-vehicle 0
2205 3063 2223 3044 2330 3135 2309 3158 large-vehicle 0
2268 3256 2289 3252 2308 3353 2279 3357 large-vehicle 0
2204 3526 2227 3541 2164 3666 2144 3655 large-vehicle 0
2096 3742 2118 3749 2068 3878 2046 3870 large-vehicle 0
1587 4020 1573 4008 1597 3978 1611 3990 small-vehicle 0
1193 2438 1220 2417 1309 2518 1279 2536 large-vehicle 0
1557 2241 1533 2221 1632 2115 1653 2137 large-vehicle 0
1563 3941 1576 3951 1555 3979 1541 3967 small-vehicle 0
1716 1665 1693 1636 1787 1524 1816 1552 large-vehicle 0
1061 751 1040 731 1127 624 1152 649 large-vehicle 0
1087 779 1065 760 1164 648 1186 669 large-vehicle 0
1120 803 1100 781 1196 668 1215 683 large-vehicle 0
1146 833 1126 809 1216 700 1241 720 large-vehicle 0
1178 850 1158 834 1254 719 1275 736 large-vehicle 0
1208 880 1181 860 1281 745 1302 761 large-vehicle 0
1241 897 1218 878 1311 767 1333 785 large-vehicle 0
1294 947 1271 928 1367 815 1390 833 large-vehicle 0
1267 924 1242 902 1339 790 1359 808 large-vehicle 0
1358 996 1331 978 1424 866 1448 884 large-vehicle 0
1330 973 1303 951 1392 847 1415 863 large-vehicle 0
1385 1022 1362 1002 1453 893 1477 912 large-vehicle 0
1441 1080 1416 1057 1512 943 1534 961 large-vehicle 0
1335 1243 1313 1213 1417 1131 1438 1163 large-vehicle 0
1708 1292 1682 1271 1776 1162 1802 1185 large-vehicle 0
1853 1404 1833 1388 1903 1306 1927 1324 large-vehicle 0
1880 1440 1858 1422 1939 1330 1957 1349 large-vehicle 0
1572 3999 1559 3985 1582 3960 1597 3974 small-vehicle 0
1622 3958 1608 3974 1574 3941 1589 3927 small-vehicle 0
1712 3571 1723 3578 1706 3607 1695 3596 small-vehicle 0
1600 3828 1586 3814 1613 3785 1627 3795 small-vehicle 0
1782 3860 1768 3847 1796 3815 1810 3829 small-vehicle 0
1765 3843 1753 3831 1779 3802 1793 3815 small-vehicle 0
1759 3791 1770 3803 1750 3830 1734 3817 small-vehicle 0
1794 3810 1779 3797 1811 3764 1827 3777 small-vehicle 0
1761 3783 1748 3770 1775 3743 1788 3755 small-vehicle 0
1743 3768 1730 3751 1761 3721 1774 3731 small-vehicle 0
1693 3725 1706 3737 1683 3763 1668 3753 small-vehicle 0
1677 3711 1690 3722 1664 3753 1650 3742 small-vehicle 0
1704 3735 1694 3726 1719 3697 1733 3706 small-vehicle 0
1914 3747 1927 3757 1907 3789 1894 3782 small-vehicle 0
1889 3732 1907 3741 1892 3776 1874 3770 small-vehicle 0
1861 3712 1879 3715 1869 3754 1852 3752 small-vehicle 0
1829 3729 1816 3717 1848 3683 1861 3696 small-vehicle 0
1792 3646 1810 3650 1798 3686 1784 3679 small-vehicle 0
1771 3665 1754 3660 1765 3623 1782 3626 small-vehicle 0
1750 3655 1743 3669 1709 3651 1716 3638 small-vehicle 0
1733 3639 1719 3630 1740 3591 1759 3602 small-vehicle 0
1797 3880 1783 3867 1815 3832 1829 3844 small-vehicle 0
1619 3842 1602 3829 1630 3798 1646 3809 small-vehicle 0
1520 3947 1504 3934 1533 3905 1548 3919 small-vehicle 0
1634 3856 1619 3844 1647 3810 1663 3825 small-vehicle 0
1502 3935 1488 3921 1514 3893 1526 3905 small-vehicle 0
1563 3803 1576 3816 1554 3838 1540 3828 small-vehicle 0
1583 3818 1596 3830 1572 3857 1559 3845 small-vehicle 0
1604 3887 1591 3877 1617 3850 1631 3861 small-vehicle 0
1599 3831 1616 3842 1585 3873 1575 3864 small-vehicle 0
1634 3862 1648 3873 1622 3902 1610 3892 small-vehicle 0
1652 3877 1665 3890 1639 3922 1623 3908 small-vehicle 0
1670 3891 1683 3903 1658 3929 1648 3917 small-vehicle 0
1625 4037 1611 4027 1641 3997 1654 4010 small-vehicle 0
1672 4010 1686 4024 1656 4058 1644 4043 large-vehicle 0
1688 3905 1704 3919 1677 3948 1664 3935 small-vehicle 0
1738 3950 1753 3963 1727 3995 1713 3981 small-vehicle 0
1758 3961 1743 3947 1770 3918 1786 3929 small-vehicle 0
1741 3945 1722 3931 1750 3903 1766 3916 small-vehicle 0
1723 3927 1708 3917 1735 3888 1749 3898 small-vehicle 0
1686 3900 1670 3887 1697 3856 1715 3872 small-vehicle 0
1652 3872 1637 3861 1664 3832 1680 3845 small-vehicle 0
584 409 603 392 678 465 658 483 large-vehicle 0
