imagesource:GoogleEarth
gsd:0.233782668783
204 132 215 149 169 185 158 170 large-vehicle 0
4091 997 4076 987 4112 930 4127 940 large-vehicle 0
3811 664 3863 670 3856 732 3803 728 helicopter 0
3692 877 3695 858 3760 870 3756 888 large-vehicle 0
3638 874 3745 882 3732 1008 3628 999 plane 0
3511 864 3612 871 3600 972 3500 963 plane 0
2502 254 2520 256 2512 345 2495 344 large-vehicle 1
2588 255 2608 256 2600 351 2582 350 large-vehicle 1
2484 250 2502 250 2496 343 2478 341 large-vehicle 1
2345 240 2362 241 2356 335 2337 334 large-vehicle 1
2644 1541 2632 1782 2360 1756 2370 1527 plane 0
2606 1226 2583 1439 2362 1411 2387 1206 plane 0
2352 218 2369 192 2443 260 2417 282 large-vehicle 0
2378 191 2379 172 2479 182 2475 204 large-vehicle 0
1481 1798 1479 1565 1755 1556 1753 1802 plane 0
1398 679 1411 686 1374 732 1360 720 large-vehicle 0
500 1774 322 1694 419 1496 600 1572 plane 0
3700 1127 3846 1148 3812 1290 3675 1268 plane 0
4091 944 4078 937 4116 882 4128 889 large-vehicle 0
529 726 518 715 562 667 573 678 large-vehicle 0
4795 1579 4788 1730 4640 1726 4640 1575 plane 0
6069 2010 6064 1989 6149 1959 6159 1980 large-vehicle 0
5985 1990 5983 2009 5910 2004 5911 1985 large-vehicle 0
5992 1975 5990 1993 5910 1988 5910 1968 large-vehicle 0
5995 1938 5993 1954 5912 1949 5912 1931 large-vehicle 0
5991 1918 5991 1935 5913 1932 5913 1914 large-vehicle 0
6044 1888 6045 1869 6146 1868 6145 1888 large-vehicle 0
6002 1734 6000 1748 5926 1743 5926 1725 large-vehicle 0
6171 1472 6160 1483 6078 1425 6088 1410 large-vehicle 0
6224 1451 6208 1448 6215 1351 6234 1353 large-vehicle 0
6087 1331 6097 1318 6180 1379 6166 1394 large-vehicle 0
6052 1159 6051 1175 5962 1170 5963 1152 large-vehicle 0
6048 1104 6047 1120 5965 1115 5966 1098 large-vehicle 0
5464 1942 5444 2213 5161 2196 5179 1921 plane 0
4826 2432 4719 2519 4628 2422 4721 2336 plane 0
4783 1748 4772 1907 4620 1895 4628 1738 plane 0
339 1704 182 1707 176 1554 333 1541 plane 0
