imagesource:GoogleEarth
gsd:0.134748630764
4419 1145 4353 1118 4518 750 4569 772 harbor 0
3923 3995 3961 3972 4138 4226 4091 4258 ship 0
2656 2703 2682 2662 2959 2853 2922 2908 ship 0
2158 2322 2133 2350 2006 2233 2029 2206 ship 0
2132 2360 2105 2386 1969 2258 1995 2228 ship 0
4837 4389 4789 4422 4645 4193 4689 4158 ship 0
4092 4288 4133 4275 4216 4553 4169 4576 ship 0
3962 3956 3995 3931 4139 4145 4106 4160 ship 0
4195 1529 4232 1458 4563 1618 4536 1683 ship 0
7112 1926 7147 1932 7124 2113 7087 2113 ship 0
5385 2013 5359 1963 5595 1849 5620 1898 ship 0
5732 2002 5728 1943 6052 1925 6059 1982 ship 0
6189 1808 6226 1816 6194 2036 6146 2032 ship 0
6236 1808 6276 1813 6237 2043 6199 2036 ship 1
6247 1998 6253 1958 6516 2003 6503 2052 ship 1
6547 1842 6590 1848 6563 2100 6520 2095 ship 0
3772 2368 3719 2419 3503 2158 3569 2099 ship 0
3269 1188 3245 1233 3034 1110 3058 1058 ship 0
4031 969 4005 1011 3826 901 3846 856 ship 0
3042 448 3063 405 3301 560 3282 595 ship 0
3035 356 3065 313 3329 493 3298 545 ship 0
2759 158 2791 109 3061 296 3029 349 ship 0
2080 1009 2102 968 2323 1102 2299 1149 ship 0
2039 1046 2063 1011 2300 1155 2280 1198 ship 0
2052 1105 2075 1072 2289 1212 2270 1242 ship 0
1838 1991 1931 2058 1915 2082 1819 2009 ship 1
1993 2208 1790 2041 1812 2012 2011 2170 ship 1
1322 1841 1289 1806 1442 1656 1476 1682 ship 1
1282 1815 1250 1790 1412 1629 1446 1659 ship 0
1612 1458 1647 1416 1915 1623 1872 1678 ship 0
1475 1598 1439 1636 1190 1370 1230 1323 ship 0
1205 1280 1247 1238 1519 1516 1465 1566 ship 0
1208 539 1233 482 1596 652 1560 723 ship 0
6792 1823 6837 1838 6767 2096 6714 2080 ship 0
6492 2216 6512 2180 6672 2279 6648 2312 ship 0
1773 2036 1978 2205 1812 2420 1611 2250 harbor 0
3483 3435 3520 3492 3265 3649 3232 3596 harbor 0
3085 3943 3179 3943 3179 4036 3085 4036 storage-tank 0
3190 4071 3273 4071 3273 4155 3190 4155 storage-tank 0
3259 4096 3353 4096 3353 4188 3259 4188 storage-tank 0
293 769 346 800 222 1038 170 1011 harbor 0
1356 1568 1405 1613 1256 1762 1212 1715 harbor 0
2877 2883 2935 2922 2768 3175 2711 3135 harbor 0
2980 2965 3008 2930 3212 3082 3185 3119 ship 0
6775 2365 6783 2305 7022 2340 7013 2402 ship 0
2965 5263 3137 5263 3137 5388 2965 5388 storage-tank 0
3128 4019 3213 4019 3213 4105 3128 4105 tennis-court 0
5968 1882 5902 1865 5973 1440 6038 1453 harbor 0
6352 1968 6300 1958 6345 1602 6392 1615 harbor 0
7689 2293 7369 2210 7422 1988 7742 2058 harbor 0
7078 2119 6780 2072 6845 1806 7112 1885 harbor 0
3063 3885 3139 3885 3139 3955 3063 3955 storage-tank 0
6082 4498 6128 4450 6351 4678 6299 4738 ship 0
6798 4525 6836 4480 7059 4658 7025 4703 ship 0
6830 4470 6862 4430 7095 4609 7068 4648 ship 0
7332 4710 7368 4665 7611 4839 7581 4892 ship 0
6830 3550 6848 3495 7093 3562 7076 3602 ship 0
6836 3486 6846 3440 7135 3518 7118 3565 ship 0
6845 3438 6855 3383 7148 3470 7132 3515 ship 0
6875 3379 6893 3326 7160 3402 7145 3456 ship 0
7515 3145 7525 3086 7795 3153 7781 3206 ship 0
5648 3243 5690 3195 5950 3422 5903 3480 ship 0
6242 2780 6252 2726 6558 2790 6539 2852 ship 0
7719 2162 7768 2176 7723 2408 7675 2399 ship 0
7352 2336 7363 2280 7668 2358 7653 2410 ship 0
7356 2276 7365 2226 7679 2299 7668 2359 ship 0
7352 2046 7403 2062 7323 2343 7268 2330 ship 0
7302 2050 7341 2066 7265 2313 7228 2298 ship 0
1229 468 1272 403 1618 575 1589 643 ship 0
