imagesource:GoogleEarth
gsd:0.134129652533
1424 2450 1405 2461 1386 2431 1404 2418 small-vehicle 0
1206 2643 1197 2623 1310 2566 1322 2584 large-vehicle 0
1608 3313 1586 3325 1532 3213 1551 3203 large-vehicle 0
1235 2888 1229 2867 1335 2809 1350 2828 large-vehicle 0
1452 2886 1429 2883 1423 2761 1448 2758 large-vehicle 0
1236 2860 1226 2840 1339 2780 1350 2798 large-vehicle 0
1233 2831 1224 2812 1332 2756 1342 2773 large-vehicle 0
1227 2805 1218 2784 1332 2727 1342 2747 large-vehicle 0
1226 2777 1217 2758 1329 2703 1337 2719 large-vehicle 0
1217 2754 1207 2735 1321 2678 1334 2696 large-vehicle 0
1218 2726 1206 2704 1322 2646 1334 2664 large-vehicle 0
1209 2699 1200 2679 1314 2621 1328 2639 large-vehicle 0
1210 2670 1202 2649 1315 2592 1324 2607 large-vehicle 0
1044 2663 1036 2679 963 2640 973 2619 large-vehicle 0
1420 723 1418 746 1319 726 1327 705 large-vehicle 0
1063 2638 1051 2658 977 2618 987 2596 large-vehicle 0
1076 2618 1068 2636 995 2600 1006 2580 large-vehicle 0
1097 2570 1087 2587 1026 2554 1035 2530 large-vehicle 0
1196 2594 1189 2574 1299 2520 1308 2536 large-vehicle 0
1194 2568 1185 2546 1295 2490 1306 2508 large-vehicle 0
1186 2541 1177 2519 1287 2464 1296 2483 large-vehicle 0
1130 2540 1117 2524 1208 2440 1226 2457 large-vehicle 0
1332 1119 1327 1140 1222 1115 1228 1092 large-vehicle 0
1340 1083 1336 1107 1230 1084 1234 1058 large-vehicle 0
1362 982 1356 1008 1254 984 1258 958 large-vehicle 0
1384 889 1378 910 1275 887 1276 864 large-vehicle 0
1368 3204 1395 3199 1413 3323 1388 3323 large-vehicle 0
1342 3207 1366 3202 1387 3328 1360 3330 large-vehicle 0
1318 3211 1341 3209 1361 3331 1339 3334 large-vehicle 0
1292 3217 1319 3216 1337 3336 1313 3339 large-vehicle 0
752 667 734 662 747 594 768 600 large-vehicle 0
947 500 944 519 882 506 887 482 large-vehicle 0
949 522 954 498 1016 516 1011 537 large-vehicle 0
915 547 917 524 958 535 954 550 large-vehicle 0
956 553 961 533 1004 546 999 558 large-vehicle 0
921 610 926 584 990 599 986 619 large-vehicle 0
874 567 881 550 927 557 923 575 large-vehicle 0
866 626 870 604 945 620 940 643 large-vehicle 0
835 787 839 763 966 795 960 816 large-vehicle 0
816 887 819 863 940 891 936 914 large-vehicle 0
799 950 810 931 925 957 920 980 large-vehicle 0
774 1053 782 1028 903 1058 899 1078 large-vehicle 0
758 1087 762 1060 882 1083 875 1108 large-vehicle 0
724 815 702 810 728 688 752 692 large-vehicle 0
114 3612 91 3605 97 3560 120 3561 large-vehicle 0
90 3605 70 3601 74 3556 98 3558 large-vehicle 0
1105 3246 1131 3243 1152 3365 1125 3367 large-vehicle 0
1135 3243 1161 3244 1180 3357 1155 3362 large-vehicle 0
1166 3238 1188 3238 1210 3357 1183 3359 large-vehicle 0
1195 3232 1216 3234 1236 3352 1211 3353 large-vehicle 0
1218 3230 1241 3227 1260 3347 1234 3348 large-vehicle 0
1243 3222 1265 3221 1284 3339 1260 3344 large-vehicle 0
1268 3221 1291 3218 1311 3338 1286 3341 large-vehicle 0
1416 754 1411 778 1300 752 1306 728 large-vehicle 0
1430 695 1427 716 1307 694 1312 671 large-vehicle 0
1663 642 1659 661 1618 648 1623 633 small-vehicle 0
894 3329 897 3349 864 3353 861 3334 small-vehicle 1
433 3010 416 3002 430 2976 445 2982 small-vehicle 1
632 2783 637 2769 671 2787 664 2802 small-vehicle 1
612 2827 618 2814 648 2832 642 2844 small-vehicle 1
604 2845 609 2833 640 2848 635 2860 small-vehicle 1
587 2886 594 2870 623 2885 617 2900 small-vehicle 1
768 3226 764 3242 728 3232 732 3216 small-vehicle 1
762 3274 765 3290 728 3295 724 3279 small-vehicle 1
762 3296 764 3315 731 3319 728 3301 small-vehicle 1
779 3386 783 3405 752 3409 749 3391 small-vehicle 1
767 3350 770 3369 739 3373 737 3354 small-vehicle 1
770 3330 772 3348 736 3351 734 3334 small-vehicle 1
879 3251 881 3267 845 3274 841 3258 small-vehicle 1
1448 672 1442 691 1324 662 1330 641 large-vehicle 0
981 3352 985 3370 952 3376 949 3358 small-vehicle 1
860 3354 862 3373 826 3379 823 3359 small-vehicle 1
909 3384 912 3404 872 3410 870 3391 small-vehicle 1
964 3249 985 3246 995 3292 972 3296 large-vehicle 0
987 3240 1013 3237 1020 3284 996 3289 large-vehicle 0
998 3289 1022 3287 1030 3337 1005 3340 large-vehicle 0
974 3296 995 3292 1007 3343 981 3347 large-vehicle 0
1008 3343 1031 3339 1041 3381 1017 3385 large-vehicle 0
984 3347 1005 3343 1014 3385 990 3390 large-vehicle 0
1883 3654 1890 3640 1915 3659 1906 3670 small-vehicle 1
1920 3678 1929 3669 1956 3690 1949 3700 small-vehicle 1
82 2854 99 2818 115 2826 98 2860 small-vehicle 1
922 2762 930 2746 967 2765 959 2781 small-vehicle 0
986 2714 998 2699 1032 2722 1024 2737 small-vehicle 0
1016 2810 1024 2792 1058 2808 1051 2826 small-vehicle 0
916 525 911 546 846 530 853 507 large-vehicle 0
1242 2048 1529 2048 1529 2342 1242 2342 roundabout 0
705 1129 710 1104 817 1130 811 1154 large-vehicle 0
596 3235 613 3241 605 3271 588 3266 small-vehicle 0
644 3186 661 3192 650 3220 634 3215 small-vehicle 0
405 2993 389 2984 405 2955 420 2962 small-vehicle 0
310 3013 331 3024 316 3055 294 3045 small-vehicle 0
1366 2373 1352 2386 1329 2360 1342 2347 small-vehicle 0
1221 2186 1207 2173 1228 2147 1242 2158 small-vehicle 0
1483 2861 1464 2863 1459 2823 1478 2820 small-vehicle 0
1529 3070 1511 3078 1499 3049 1516 3041 small-vehicle 0
1555 1074 1552 1091 1522 1084 1527 1069 small-vehicle 0
1598 895 1593 913 1564 908 1567 888 small-vehicle 0
1541 1143 1538 1161 1507 1155 1512 1136 small-vehicle 0
1535 1179 1530 1197 1498 1191 1502 1171 small-vehicle 0
1528 1235 1523 1259 1486 1251 1491 1228 small-vehicle 0
1530 1198 1526 1216 1496 1208 1500 1192 small-vehicle 0
1613 1068 1655 1079 1648 1098 1607 1087 large-vehicle 0
1605 1107 1646 1115 1640 1135 1599 1126 large-vehicle 0
1600 1145 1604 1128 1644 1137 1641 1155 large-vehicle 0
1575 1235 1580 1215 1623 1224 1619 1242 large-vehicle 0
1574 1272 1578 1255 1611 1263 1608 1279 large-vehicle 0
1896 2250 1897 2236 1932 2244 1930 2258 small-vehicle 0
895 482 900 457 1020 480 1017 500 large-vehicle 0
