imagesource:GoogleEarth
gsd:0.922350089947
2558 2454 2588 2456 2589 2472 2556 2470 basketball-court 0
1950 2044 1912 2054 1899 2006 1940 1994 plane 0
2693 1900 2682 1858 2728 1847 2741 1884 plane 0
2562 1840 2519 1848 2507 1805 2547 1792 plane 0
2435 1903 2392 1913 2380 1867 2424 1858 plane 0
2308 1944 2269 1954 2258 1908 2295 1898 plane 0
1597 1994 1605 2042 1561 2043 1560 2002 plane 0
2102 2006 2061 2017 2044 1968 2089 1957 plane 0
2229 1904 2190 1904 2184 1859 2226 1855 plane 0
2100 1871 2108 1906 2059 1919 2052 1876 plane 0
2027 2027 1992 2038 1978 1994 2017 1983 plane 0
1487 2196 1448 2207 1430 2157 1474 2141 plane 0
2922 1733 2880 1742 2864 1690 2908 1678 plane 0
1626 2153 1584 2167 1566 2108 1610 2098 plane 0
1722 2268 1759 2268 1763 2315 1719 2317 plane 0
1743 2621 1779 2632 1769 2677 1724 2666 plane 0
1675 2617 1712 2629 1701 2675 1660 2658 plane 0
1594 2618 1627 2628 1616 2674 1571 2660 plane 0
1481 2512 1445 2511 1445 2465 1480 2465 plane 0
892 2178 904 2140 943 2150 933 2190 plane 0
806 2205 814 2170 861 2177 855 2216 plane 0
4279 794 4267 734 4318 724 4327 773 plane 0
2707 1957 2696 1915 2743 1905 2756 1944 plane 0
2969 1715 2927 1724 2916 1676 2958 1665 plane 0
2417 2556 2446 2548 2452 2562 2420 2572 basketball-court 0
3566 1350 3593 1343 3608 1383 3571 1392 plane 0
3178 3267 3320 3285 3311 3322 3170 3321 ground-track-field 1
3237 3178 3254 3178 3253 3209 3234 3207 basketball-court 0
3218 3176 3235 3177 3234 3208 3217 3208 basketball-court 0
3201 3175 3218 3175 3217 3208 3200 3208 basketball-court 0
3183 3175 3200 3175 3199 3208 3181 3206 basketball-court 0
3642 2661 3747 2646 3786 2846 3682 2856 ground-track-field 0
4027 2159 4117 2237 4067 2295 3976 2214 soccer-ball-field 0
4012 2117 4151 2245 4084 2330 3934 2204 ground-track-field 0
3284 1631 3248 1638 3232 1593 3275 1583 plane 0
5000 944 5030 936 5041 975 5010 984 plane 0
3037 1707 2988 1719 2972 1663 3020 1652 plane 0
5251 1082 5213 1091 5196 1045 5240 1032 plane 0
5166 1070 5140 1077 5133 1051 5161 1041 plane 0
4382 1027 4393 1060 4352 1075 4339 1037 plane 0
5124 1115 5084 1122 5074 1083 5114 1073 plane 0
5061 1129 5018 1141 5004 1097 5043 1083 plane 0
4928 1174 4893 1188 4877 1136 4919 1123 plane 0
4466 1225 4488 1219 4498 1257 4474 1264 plane 0
3242 1639 3209 1654 3192 1607 3230 1598 plane 0
3103 1684 3063 1695 3051 1647 3091 1637 plane 0
2272 2839 2501 2839 2501 2949 2272 2949 soccer-ball-field 1
