imagesource:GoogleEarth
gsd:0.131917408845
2395 2699 2415 2700 2413 2733 2393 2732 small-vehicle 0
1762 2196 1751 2217 1642 2152 1656 2128 large-vehicle 0
1862 3571 1861 3590 1784 3586 1784 3561 large-vehicle 0
1727 3559 1753 3557 1769 3633 1740 3637 large-vehicle 0
1454 3536 1455 3511 1585 3516 1582 3543 large-vehicle 0
1379 3379 1377 3356 1511 3361 1511 3384 large-vehicle 0
1377 3411 1379 3387 1510 3394 1511 3413 large-vehicle 0
1699 3114 1731 3118 1721 3235 1692 3233 large-vehicle 0
1666 3115 1691 3114 1685 3233 1660 3228 large-vehicle 0
1633 3113 1658 3114 1651 3235 1630 3231 large-vehicle 0
1501 2883 1528 2884 1526 3010 1500 3008 large-vehicle 0
1474 2883 1499 2883 1500 3011 1478 3009 large-vehicle 0
1908 2579 1882 2571 1925 2451 1953 2459 large-vehicle 0
2001 2374 1994 2353 2111 2284 2126 2306 large-vehicle 0
2038 2186 2022 2170 2102 2074 2120 2085 large-vehicle 0
2051 2130 2031 2116 2093 2003 2115 2016 large-vehicle 0
2122 1777 2103 1776 2103 1654 2127 1652 large-vehicle 0
1476 2271 1472 2293 1419 2291 1419 2270 large-vehicle 0
1299 2267 1299 2287 1240 2285 1242 2263 large-vehicle 0
1234 2266 1233 2286 1169 2282 1171 2260 large-vehicle 0
1870 2207 1861 2223 1756 2158 1770 2139 large-vehicle 0
1858 3592 1857 3616 1779 3612 1783 3588 large-vehicle 0
1867 3556 1892 3558 1890 3636 1860 3636 large-vehicle 0
1894 3559 1918 3561 1918 3637 1890 3636 large-vehicle 0
514 2391 536 2384 579 2504 557 2509 large-vehicle 0
1058 2758 1062 2742 1100 2750 1097 2764 small-vehicle 0
174 1150 173 1136 211 1129 213 1142 small-vehicle 0
74 1166 73 1152 108 1147 110 1160 small-vehicle 0
567 3771 551 3765 562 3724 584 3732 large-vehicle 0
1330 3444 1359 3444 1362 3569 1333 3571 large-vehicle 0
1306 3447 1331 3448 1333 3570 1308 3570 large-vehicle 0
1280 3443 1306 3443 1305 3563 1283 3562 large-vehicle 0
856 2754 856 2731 992 2744 986 2767 large-vehicle 0
2186 3991 2205 3998 2185 4038 2166 4030 large-vehicle 0
1917 3558 1941 3558 1945 3637 1920 3638 large-vehicle 0
1703 3975 1672 3973 1673 3926 1706 3929 large-vehicle 0
1668 3975 1639 3974 1640 3924 1668 3925 large-vehicle 0
1629 3975 1600 3972 1602 3923 1632 3922 large-vehicle 0
1559 3974 1539 3972 1543 3923 1567 3924 large-vehicle 0
1535 3984 1510 3982 1517 3923 1543 3926 large-vehicle 0
1507 3983 1483 3980 1486 3918 1517 3921 large-vehicle 0
1483 3983 1459 3982 1461 3920 1484 3918 large-vehicle 0
1419 3541 1391 3540 1391 3476 1422 3477 large-vehicle 0
1809 2195 1801 2214 1692 2147 1702 2128 large-vehicle 0
1656 2195 1644 2213 1536 2151 1548 2127 large-vehicle 0
1315 2787 1316 2770 1359 2775 1357 2791 small-vehicle 0
1496 2194 1484 2212 1381 2143 1392 2124 large-vehicle 0
1588 506 1576 493 1613 462 1626 475 large-vehicle 0
1560 489 1548 469 1638 387 1656 404 large-vehicle 0
1049 1578 1046 1600 935 1596 934 1575 large-vehicle 0
1064 2176 1054 2195 945 2132 955 2111 large-vehicle 0
992 2166 983 2186 904 2142 914 2119 large-vehicle 0
948 2170 938 2190 856 2140 865 2120 large-vehicle 0
909 2176 899 2193 793 2132 807 2108 large-vehicle 0
836 2166 824 2185 718 2118 730 2094 large-vehicle 0
788 2171 778 2187 670 2125 681 2103 large-vehicle 0
879 1944 891 1963 788 2021 776 2003 large-vehicle 0
925 1812 936 1828 832 1883 821 1864 large-vehicle 0
651 1943 663 1962 550 2023 539 2003 large-vehicle 0
842 1795 851 1812 744 1873 732 1852 large-vehicle 0
727 1792 740 1809 629 1870 620 1851 large-vehicle 0
676 1791 684 1812 580 1868 567 1848 large-vehicle 0
850 1646 860 1664 752 1726 744 1704 large-vehicle 0
738 1646 746 1664 638 1722 628 1703 large-vehicle 0
704 1630 715 1650 606 1710 595 1692 large-vehicle 0
660 1038 668 1057 551 1096 542 1075 large-vehicle 0
1745 362 1731 348 1770 313 1781 328 large-vehicle 0
1090 1636 1100 1653 983 1716 972 1699 large-vehicle 0
1110 1654 1120 1674 1015 1731 1006 1710 large-vehicle 0
1387 1971 1399 1994 1299 2057 1287 2036 large-vehicle 0
1443 2194 1431 2213 1331 2142 1343 2121 large-vehicle 0
1388 2188 1375 2209 1272 2140 1285 2118 large-vehicle 0
1327 2180 1314 2202 1210 2133 1223 2113 large-vehicle 0
1268 2177 1259 2196 1158 2130 1170 2108 large-vehicle 0
1224 2184 1212 2201 1108 2132 1120 2109 large-vehicle 0
1168 2180 1157 2195 1050 2126 1063 2106 large-vehicle 0
1686 1994 1698 2015 1590 2073 1582 2053 large-vehicle 0
1660 1979 1671 1999 1564 2060 1552 2040 large-vehicle 0
1778 1831 1786 1848 1682 1910 1669 1887 large-vehicle 0
1166 1653 1178 1675 1070 1736 1056 1715 large-vehicle 0
1395 1826 1404 1844 1292 1907 1285 1887 large-vehicle 0
988 1803 998 1823 890 1886 878 1866 large-vehicle 0
1703 1671 1710 1687 1599 1748 1588 1728 large-vehicle 0
1532 1669 1542 1691 1435 1746 1423 1725 large-vehicle 0
1492 1657 1503 1679 1394 1738 1383 1717 large-vehicle 0
1372 1661 1384 1679 1279 1742 1266 1720 large-vehicle 0
1315 1662 1328 1683 1223 1743 1210 1722 large-vehicle 0
1280 1652 1292 1672 1168 1740 1156 1721 large-vehicle 0
1190 2774 1192 2759 1232 2765 1229 2781 small-vehicle 0
296 1123 292 1106 328 1099 331 1115 small-vehicle 0
2424 2937 2447 2940 2446 2971 2423 2971 small-vehicle 0
1941 3169 1943 3150 1981 3153 1982 3170 small-vehicle 0
1140 1960 1151 1980 995 2058 985 2036 large-vehicle 0
1515 2337 1492 2337 1492 2305 1515 2305 small-vehicle 0
1430 2427 1412 2425 1414 2396 1432 2396 small-vehicle 0
1130 2288 1149 2288 1148 2321 1128 2320 small-vehicle 0
632 2113 619 2128 595 2104 609 2090 small-vehicle 0
462 3631 465 3613 501 3618 499 3635 small-vehicle 0
459 3649 463 3631 505 3638 503 3657 small-vehicle 0
1444 4053 1444 4035 1478 4035 1478 4053 small-vehicle 0
1394 2392 1414 2393 1412 2431 1392 2429 small-vehicle 0
1340 2395 1359 2396 1357 2425 1338 2423 small-vehicle 0
1123 2382 1142 2384 1141 2415 1122 2416 small-vehicle 0
1998 2329 1974 2360 1867 2287 1890 2253 large-vehicle 0
2108 7 2123 18 2103 38 2090 26 small-vehicle 0
1957 110 1940 99 1962 73 1978 84 small-vehicle 0
1972 128 1955 114 1978 87 1996 101 small-vehicle 0
2272 2612 2271 2631 2228 2628 2228 2608 small-vehicle 0
1880 2741 1901 2735 1915 2770 1895 2777 small-vehicle 0
1939 2823 1935 2838 1898 2828 1902 2812 small-vehicle 0
1945 3220 1945 3202 1978 3205 1979 3222 small-vehicle 0
1205 1951 1215 1970 1072 2049 1062 2031 large-vehicle 0
1244 1817 1255 1834 1110 1909 1102 1891 large-vehicle 0
1295 1819 1306 1839 1167 1914 1156 1895 large-vehicle 0
2414 4018 2429 4024 2418 4051 2401 4044 small-vehicle 0
2426 3126 2426 3108 2466 3108 2466 3128 small-vehicle 0
2263 3193 2262 3173 2300 3176 2299 3195 small-vehicle 0
2458 3168 2456 3190 2420 3187 2420 3166 small-vehicle 0
2366 3097 2366 3117 2323 3116 2324 3096 small-vehicle 0
2410 3105 2410 3085 2463 3085 2463 3105 small-vehicle 0
2216 3078 2216 3096 2178 3092 2179 3075 small-vehicle 0
2445 3552 2462 3556 2456 3587 2438 3582 small-vehicle 0
2390 3539 2408 3544 2403 3574 2385 3569 small-vehicle 0
2398 4010 2414 4018 2398 4046 2382 4037 small-vehicle 0
1621 1822 1633 1843 1489 1919 1480 1899 large-vehicle 0
2347 3991 2365 4001 2350 4030 2332 4021 small-vehicle 0
2329 3977 2346 3986 2331 4016 2314 4007 small-vehicle 0
2336 3019 2335 3036 2294 3035 2294 3017 small-vehicle 0
2034 2822 2056 2822 2056 2855 2035 2855 small-vehicle 0
2242 2931 2265 2932 2263 2964 2239 2963 small-vehicle 0
2101 2123 2120 2142 2017 2250 1999 2234 large-vehicle 0
1795 1673 1805 1690 1660 1768 1651 1749 large-vehicle 0
1576 1817 1588 1840 1433 1919 1421 1894 large-vehicle 0
1943 3146 1943 3126 1983 3129 1981 3149 small-vehicle 0
1803 3140 1785 3139 1789 3103 1807 3105 small-vehicle 0
344 1129 348 1146 312 1155 308 1139 small-vehicle 0
1789 3034 1772 3033 1773 2997 1791 2998 small-vehicle 0
1589 520 1601 533 1568 557 1560 542 small-vehicle 0
1521 557 1508 543 1535 521 1547 536 small-vehicle 0
1370 631 1355 611 1465 531 1481 553 large-vehicle 0
1460 610 1473 628 1441 649 1428 631 small-vehicle 0
1371 662 1361 647 1389 628 1400 644 small-vehicle 0
1333 705 1342 720 1314 739 1303 723 small-vehicle 0
1237 764 1247 780 1204 805 1195 789 small-vehicle 0
1105 838 1113 855 1080 873 1070 857 small-vehicle 0
1298 704 1287 688 1320 665 1333 683 small-vehicle 0
1207 761 1195 745 1231 722 1241 738 small-vehicle 0
1119 812 1110 795 1144 775 1152 793 small-vehicle 0
1050 849 1042 834 1072 819 1080 834 small-vehicle 0
864 959 870 976 834 987 830 970 small-vehicle 0
887 929 882 914 915 901 921 915 small-vehicle 0
775 975 770 959 799 950 804 964 small-vehicle 0
725 998 717 981 752 968 759 984 small-vehicle 0
635 1025 627 1008 669 992 676 1009 small-vehicle 0
465 1098 469 1114 439 1122 436 1106 small-vehicle 0
173 1171 176 1187 145 1193 141 1177 small-vehicle 0
1670 452 1683 465 1655 490 1642 477 small-vehicle 0
1688 411 1673 396 1698 372 1713 386 small-vehicle 0
1798 314 1786 300 1808 277 1821 290 small-vehicle 0
1506 2431 1486 2430 1487 2397 1507 2398 small-vehicle 0
1865 3096 1866 3076 1903 3079 1903 3098 small-vehicle 0
2038 3161 2015 3161 2015 3120 2038 3120 small-vehicle 0
1868 3063 1868 3048 1899 3048 1898 3064 small-vehicle 0
1860 3176 1861 3156 1896 3160 1895 3179 small-vehicle 0
1941 3241 1942 3223 1977 3228 1975 3245 small-vehicle 0
1877 3324 1877 3342 1840 3341 1840 3321 small-vehicle 0
2036 2727 2055 2740 2034 2767 2016 2755 small-vehicle 0
1654 2799 1655 2781 1691 2786 1687 2804 small-vehicle 0
1449 2432 1432 2431 1434 2402 1452 2402 small-vehicle 0
1808 318 1828 336 1793 371 1775 351 small-vehicle 0
1653 2402 1674 2402 1671 2436 1651 2436 small-vehicle 0
1775 2445 1757 2445 1757 2410 1775 2409 small-vehicle 0
1691 2018 1743 1996 1751 2017 1701 2041 small-vehicle 0
1286 2294 1304 2295 1303 2327 1284 2325 small-vehicle 0
1940 153 1923 140 1943 114 1960 125 small-vehicle 0
2034 93 2051 105 2027 130 2011 118 small-vehicle 0
1952 180 1968 195 1945 220 1928 205 small-vehicle 0
1863 238 1851 224 1876 197 1890 212 small-vehicle 0
470 1086 465 1063 588 1024 597 1044 large-vehicle 0
