imagesource:GoogleEarth
gsd:0.284597113968
2704 4167 3056 4167 3056 4794 2704 4794 ground-track-field 0
1625 1691 1671 1717 1617 1797 1573 1770 basketball-court 0
2117 1997 2160 2024 2113 2104 2070 2079 basketball-court 0
2211 1908 2253 1932 2205 2015 2162 1989 basketball-court 0
2029 1942 2071 1968 2022 2047 1975 2020 basketball-court 0
1977 1909 2022 1936 1971 2015 1923 1989 basketball-court 0
1922 1877 1969 1904 1916 1983 1871 1957 basketball-court 0
1823 1814 1867 1841 1816 1920 1771 1892 basketball-court 0
1773 1781 1814 1809 1764 1887 1720 1859 basketball-court 0
1719 1750 1765 1777 1712 1856 1667 1829 basketball-court 0
1573 1658 1620 1687 1567 1765 1520 1738 basketball-court 0
2220 2059 2262 2087 2214 2168 2170 2143 basketball-court 0
1522 1626 1567 1653 1513 1733 1467 1705 basketball-court 0
1426 1565 1473 1593 1417 1674 1370 1647 basketball-court 0
1379 1535 1420 1560 1365 1640 1322 1614 basketball-court 0
880 709 1129 709 1129 1082 880 1082 soccer-ball-field 0
820 580 1177 580 1177 1210 820 1210 ground-track-field 0
420 781 456 782 458 860 421 860 tennis-court 0
356 781 391 781 394 858 356 858 tennis-court 0
276 761 309 774 273 848 242 831 tennis-court 0
2166 2030 2210 2055 2164 2135 2119 2111 basketball-court 0
3278 2051 3518 2051 3518 2422 3278 2422 soccer-ball-field 0
2755 4293 2994 4293 3001 4662 2761 4660 soccer-ball-field 0
3678 1329 3733 1329 3733 1431 3678 1431 basketball-court 0
3091 2063 3130 2069 3117 2153 3078 2145 tennis-court 0
3111 1936 3150 1943 3142 2025 3096 2019 tennis-court 0
3675 1683 3729 1683 3729 1783 3675 1783 basketball-court 0
3621 1683 3671 1683 3671 1784 3621 1784 basketball-court 0
3677 1571 3731 1571 3731 1676 3677 1676 basketball-court 0
3619 1572 3671 1572 3671 1673 3619 1673 basketball-court 0
3678 1441 3732 1441 3732 1541 3678 1541 basketball-court 0
3620 1440 3674 1440 3674 1541 3620 1541 basketball-court 0
3619 1328 3674 1328 3674 1429 3619 1429 basketball-court 0
3212 1915 3578 1915 3578 2552 3212 2552 ground-track-field 0
3674 2456 3724 2456 3724 2548 3674 2548 basketball-court 1
3615 2455 3670 2455 3670 2545 3615 2545 basketball-court 1
3675 2338 3728 2338 3728 2440 3675 2440 basketball-court 0
3616 2338 3672 2338 3672 2438 3616 2438 basketball-court 0
3678 2227 3726 2227 3726 2325 3678 2325 basketball-court 0
3619 2226 3671 2226 3671 2326 3619 2326 basketball-court 0
3679 2114 3728 2114 3728 2214 3679 2214 basketball-court 0
3622 2114 3673 2114 3673 2212 3622 2212 basketball-court 0
223 732 252 745 218 816 188 802 tennis-court 0
