imagesource:GoogleEarth
gsd:0.126502214447
2126 2027 2126 2014 2157 2010 2158 2025 small-vehicle 1
538 479 535 461 574 455 574 471 small-vehicle 0
408 970 423 970 429 1000 415 1004 small-vehicle 0
604 855 600 838 636 834 638 848 small-vehicle 0
592 764 591 747 626 742 628 761 small-vehicle 0
559 630 559 614 600 610 603 625 small-vehicle 0
554 577 552 560 589 553 594 570 small-vehicle 0
553 548 550 532 588 524 591 541 small-vehicle 0
542 501 539 483 570 478 574 492 small-vehicle 0
525 374 520 354 553 344 558 363 small-vehicle 0
239 422 254 422 256 453 241 454 small-vehicle 0
391 428 372 432 367 397 383 396 small-vehicle 0
367 431 351 433 347 393 362 393 small-vehicle 0
307 449 289 449 289 416 302 414 small-vehicle 0
108 713 111 733 62 741 60 720 large-vehicle 0
1966 2461 1960 2446 2005 2434 2010 2450 large-vehicle 0
2162 2182 2162 2200 2125 2207 2121 2184 small-vehicle 1
2158 2163 2160 2181 2126 2184 2122 2166 small-vehicle 1
381 971 398 967 404 999 388 1004 small-vehicle 0
173 486 158 485 156 449 173 447 small-vehicle 0
2117 2130 2119 2146 2083 2155 2079 2136 small-vehicle 1
698 1197 716 1195 719 1231 704 1233 small-vehicle 0
479 2723 463 2734 438 2703 455 2690 small-vehicle 0
202 2059 219 2058 223 2092 206 2093 small-vehicle 0
225 2048 223 2029 268 2020 270 2039 small-vehicle 0
495 1166 495 1183 460 1183 462 1166 small-vehicle 0
544 1127 540 1109 582 1105 583 1122 small-vehicle 0
555 1177 554 1160 591 1153 595 1171 small-vehicle 0
605 1214 622 1212 625 1242 610 1245 small-vehicle 0
673 1202 694 1201 696 1241 678 1241 small-vehicle 0
125 448 144 447 146 483 132 483 small-vehicle 0
632 1212 648 1209 653 1240 638 1244 small-vehicle 0
54 600 74 600 74 634 58 635 small-vehicle 0
126 610 110 612 105 581 120 579 small-vehicle 0
171 555 191 553 194 590 176 590 small-vehicle 0
291 535 309 535 311 569 295 569 small-vehicle 0
312 535 330 535 333 569 317 569 small-vehicle 0
334 541 351 541 354 574 338 577 small-vehicle 0
2158 2141 2159 2158 2120 2164 2118 2144 small-vehicle 1
1044 819 1048 834 1011 843 1005 825 large-vehicle 0
918 2509 936 2509 936 2547 918 2547 small-vehicle 0
448 1991 470 1987 494 2072 468 2079 large-vehicle 0
417 438 397 440 391 391 408 389 large-vehicle 0
331 454 314 458 304 408 322 403 large-vehicle 0
242 464 226 470 214 420 231 417 large-vehicle 0
2335 3024 2314 3028 2307 2982 2323 2978 large-vehicle 0
1952 2894 1970 2888 1982 2936 1958 2940 large-vehicle 0
510 1982 534 1979 547 2056 521 2060 large-vehicle 0
475 1983 494 1978 516 2050 494 2054 large-vehicle 0
418 1981 436 1976 458 2075 435 2080 large-vehicle 0
526 434 522 414 564 402 569 420 large-vehicle 0
389 1993 414 1990 430 2078 403 2084 large-vehicle 0
511 1751 513 1775 436 1783 434 1755 large-vehicle 0
430 1756 434 1780 360 1792 357 1763 large-vehicle 0
2258 3357 2254 3327 2367 3318 2366 3343 large-vehicle 0
2127 3374 2130 3401 2056 3415 2050 3384 large-vehicle 0
2134 3409 2138 3431 2062 3446 2057 3419 large-vehicle 0
2141 3442 2144 3465 2071 3482 2061 3455 large-vehicle 0
431 365 447 360 456 407 438 408 large-vehicle 0
532 455 524 438 567 425 574 442 large-vehicle 0
791 3191 782 3180 811 3154 822 3165 large-vehicle 0
224 546 243 547 249 591 235 592 large-vehicle 0
206 476 190 476 184 442 200 439 large-vehicle 0
97 453 114 448 127 487 110 492 large-vehicle 0
466 515 482 511 494 558 474 564 large-vehicle 0
446 524 462 521 468 562 452 563 large-vehicle 0
426 583 407 583 404 539 422 538 large-vehicle 0
355 537 373 536 379 572 362 575 large-vehicle 0
264 529 279 528 285 573 267 574 large-vehicle 0
220 589 200 589 195 543 213 540 large-vehicle 0
543 531 538 510 587 498 591 516 large-vehicle 0
148 557 168 558 172 599 154 600 large-vehicle 0
74 588 94 583 106 626 87 633 large-vehicle 0
586 809 582 790 630 782 634 802 large-vehicle 0
583 747 581 728 621 726 623 740 large-vehicle 0
573 708 567 686 612 676 615 690 large-vehicle 0
566 683 563 663 610 654 614 672 large-vehicle 0
555 609 550 590 596 579 599 595 large-vehicle 0
649 2650 632 2647 641 2612 659 2614 small-vehicle 0
495 2777 493 2797 453 2796 454 2779 small-vehicle 0
1574 2816 1589 2812 1595 2845 1580 2848 small-vehicle 1
2246 2975 2225 2978 2222 2942 2238 2939 small-vehicle 0
2143 3528 2147 3556 2097 3562 2092 3537 large-vehicle 0
2248 3098 2266 3094 2272 3129 2254 3132 small-vehicle 0
2195 3015 2213 3011 2217 3045 2200 3048 small-vehicle 0
2152 2989 2135 2994 2129 2958 2145 2954 small-vehicle 0
2177 2985 2158 2989 2152 2951 2169 2947 small-vehicle 0
2201 2982 2182 2987 2176 2946 2193 2942 small-vehicle 0
2197 2939 2215 2934 2220 2973 2204 2977 small-vehicle 0
2269 2970 2251 2974 2243 2940 2259 2937 small-vehicle 0
1616 2838 1602 2841 1597 2812 1609 2809 small-vehicle 0
2287 2910 2285 2892 2323 2888 2324 2907 small-vehicle 0
2147 2949 2126 2953 2123 2914 2139 2911 small-vehicle 0
2167 2944 2152 2946 2149 2912 2165 2909 small-vehicle 0
1829 2883 1846 2880 1853 2917 1835 2919 small-vehicle 0
1889 2837 1904 2832 1913 2869 1895 2872 small-vehicle 0
1878 2786 1898 2783 1901 2824 1882 2826 small-vehicle 0
1909 2734 1907 2716 1946 2710 1950 2726 small-vehicle 0
1787 2803 1789 2816 1763 2821 1760 2809 small-vehicle 0
1702 2826 1683 2831 1677 2792 1692 2789 small-vehicle 0
1670 2924 1654 2914 1667 2881 1681 2886 small-vehicle 0
370 2743 358 2752 336 2723 348 2714 small-vehicle 1
1937 2933 1940 2948 1906 2954 1903 2940 small-vehicle 1
1511 2540 1499 2529 1521 2507 1535 2516 small-vehicle 1
1118 3037 1114 3019 1147 3011 1152 3029 small-vehicle 1
1248 2976 1249 2991 1217 2996 1216 2981 small-vehicle 1
1133 3489 1148 3488 1150 3522 1135 3523 small-vehicle 1
1080 3495 1095 3494 1100 3533 1083 3534 small-vehicle 1
1246 3848 1249 3865 1207 3871 1205 3853 small-vehicle 1
474 1256 471 1243 506 1236 509 1249 small-vehicle 1
1724 2822 1706 2825 1700 2788 1717 2785 small-vehicle 0
1700 2333 1703 2351 1669 2355 1666 2338 small-vehicle 0
1697 2312 1702 2331 1663 2337 1660 2318 small-vehicle 0
1655 2799 1667 2795 1672 2824 1658 2826 small-vehicle 0
1968 2951 1985 2949 1986 2983 1971 2985 small-vehicle 0
1746 2971 1749 2990 1711 2994 1709 2976 small-vehicle 0
1555 3027 1539 3031 1535 2990 1552 2987 large-vehicle 0
1694 2876 1707 2882 1697 2909 1683 2904 small-vehicle 0
2123 2001 2117 1981 2155 1974 2160 1992 small-vehicle 0
1720 2912 1705 2903 1723 2871 1737 2878 small-vehicle 0
639 3140 639 3159 599 3163 596 3145 small-vehicle 0
110 3749 111 3769 74 3776 69 3760 small-vehicle 0
144 3907 146 3927 111 3928 110 3911 small-vehicle 0
136 3868 136 3890 99 3893 98 3875 small-vehicle 0
132 3850 134 3869 96 3875 93 3859 small-vehicle 0
127 3831 129 3849 92 3856 89 3840 small-vehicle 0
120 3812 122 3831 87 3836 84 3820 small-vehicle 0
78 3815 76 3799 115 3791 116 3809 small-vehicle 0
111 3770 113 3787 81 3794 76 3779 small-vehicle 0
103 3729 107 3746 70 3757 65 3742 small-vehicle 0
561 3207 542 3209 541 3178 558 3177 small-vehicle 0
94 3708 102 3725 61 3739 55 3725 small-vehicle 0
84 3690 91 3705 52 3723 45 3707 small-vehicle 0
62 3650 70 3667 37 3681 30 3667 small-vehicle 0
893 3762 876 3758 886 3723 902 3725 small-vehicle 0
834 3774 814 3767 830 3735 847 3741 small-vehicle 0
606 3507 585 3510 581 3472 599 3470 small-vehicle 0
720 3143 717 3124 752 3118 754 3138 small-vehicle 0
584 3202 566 3205 562 3174 578 3171 small-vehicle 0
384 3182 380 3166 416 3162 417 3176 small-vehicle 0
1618 2930 1619 2950 1579 2959 1576 2938 small-vehicle 0
1560 2490 1561 2465 1601 2466 1603 2486 small-vehicle 0
1741 2935 1745 2958 1704 2960 1703 2940 small-vehicle 0
1737 2915 1738 2938 1700 2940 1698 2923 small-vehicle 0
1757 2743 1734 2748 1728 2713 1749 2709 small-vehicle 0
1629 2803 1649 2794 1664 2836 1648 2844 small-vehicle 0
1580 2844 1560 2850 1553 2819 1568 2814 small-vehicle 0
1868 2515 1865 2495 1907 2491 1911 2510 small-vehicle 0
1863 2481 1860 2456 1903 2454 1906 2474 small-vehicle 0
1513 2436 1533 2427 1541 2461 1525 2468 small-vehicle 0
1447 1458 1446 1435 1490 1436 1490 1457 small-vehicle 0
1491 2436 1517 2432 1520 2464 1500 2468 small-vehicle 0
1605 1494 1619 1492 1625 1530 1609 1531 small-vehicle 0
1873 1451 1890 1447 1895 1481 1876 1481 small-vehicle 0
1716 1479 1734 1472 1741 1507 1725 1512 small-vehicle 0
1695 1475 1714 1475 1716 1510 1700 1512 small-vehicle 0
1676 1482 1694 1475 1698 1512 1680 1518 small-vehicle 0
1624 1489 1644 1487 1649 1521 1629 1527 small-vehicle 0
503 430 480 434 463 334 487 328 large-vehicle 0
