imagesource:GoogleEarth
gsd:0.116226537065
773 280 766 299 735 280 745 263 small-vehicle 0
387 3909 407 3915 395 3952 376 3945 small-vehicle 0
358 3855 379 3862 367 3902 347 3897 small-vehicle 0
337 3855 358 3862 344 3903 325 3897 small-vehicle 0
315 3844 338 3850 327 3886 306 3881 small-vehicle 0
300 3837 319 3843 307 3877 289 3871 small-vehicle 0
251 3865 269 3869 261 3905 241 3899 small-vehicle 0
271 3871 291 3876 279 3915 259 3909 small-vehicle 0
291 3875 309 3881 299 3916 282 3908 small-vehicle 0
308 3883 329 3888 316 3929 298 3923 small-vehicle 0
325 3898 344 3903 333 3936 314 3931 small-vehicle 0
348 3896 369 3903 356 3942 337 3937 small-vehicle 0
426 3921 446 3927 432 3967 414 3960 small-vehicle 0
406 3913 383 3907 395 3872 413 3876 small-vehicle 0
481 3942 463 3933 476 3894 494 3900 small-vehicle 0
615 3982 598 3975 611 3932 628 3935 small-vehicle 0
600 3978 617 3982 607 4021 588 4015 small-vehicle 0
598 3977 579 3971 593 3926 610 3931 small-vehicle 0
501 3950 479 3943 493 3902 514 3909 small-vehicle 0
232 4004 212 3998 223 3961 244 3967 small-vehicle 0
203 3954 222 3960 209 3994 192 3990 small-vehicle 0
193 3988 214 3996 201 4035 181 4029 small-vehicle 0
532 4060 551 4066 537 4106 520 4100 small-vehicle 0
212 3997 235 4007 219 4042 201 4037 small-vehicle 0
386 3908 367 3902 378 3869 397 3875 small-vehicle 0
413 3871 437 3877 425 3918 401 3910 small-vehicle 0
480 3945 499 3951 488 3990 469 3984 small-vehicle 0
1308 1021 1328 1030 1314 1068 1295 1060 small-vehicle 0
1906 5368 1911 5350 1950 5362 1944 5382 small-vehicle 0
2091 5422 2070 5436 2049 5398 2073 5386 small-vehicle 0
2040 5455 2021 5466 2006 5432 2025 5423 small-vehicle 0
1622 4672 1645 4679 1631 4717 1612 4710 small-vehicle 0
290 5419 280 5404 309 5385 317 5399 small-vehicle 0
297 5364 309 5379 269 5407 258 5393 small-vehicle 0
712 4943 694 4932 709 4901 727 4911 small-vehicle 0
701 4993 714 4971 754 4996 743 5018 small-vehicle 0
869 4617 843 4609 859 4568 881 4578 small-vehicle 0
1669 1076 1662 1100 1619 1082 1627 1058 small-vehicle 0
1594 955 1612 961 1599 996 1580 989 small-vehicle 0
484 4093 462 4087 472 4040 494 4049 small-vehicle 0
1310 940 1302 956 1273 940 1282 925 small-vehicle 0
1402 981 1391 998 1359 981 1369 963 small-vehicle 0
1399 696 1380 712 1360 680 1379 669 small-vehicle 0
1093 662 1071 651 1086 621 1106 627 small-vehicle 0
1331 643 1348 634 1365 667 1348 676 small-vehicle 0
1235 906 1227 923 1192 905 1201 890 small-vehicle 0
141 211 124 203 142 166 159 172 small-vehicle 0
197 50 182 43 194 10 211 18 small-vehicle 0
569 4078 589 4084 579 4121 559 4115 small-vehicle 0
550 4066 571 4072 558 4116 538 4111 small-vehicle 0
251 4015 269 4020 258 4061 241 4057 small-vehicle 0
463 3938 481 3943 470 3978 452 3973 small-vehicle 0
1928 5313 1936 5290 1974 5306 1965 5327 small-vehicle 0
584 3811 603 3818 594 3855 573 3849 small-vehicle 0
442 4078 464 4086 451 4122 433 4115 small-vehicle 0
401 4065 424 4072 413 4109 393 4103 small-vehicle 0
233 4200 254 4205 239 4240 224 4235 small-vehicle 0
498 4202 519 4207 509 4246 488 4241 small-vehicle 0
450 4191 469 4197 457 4233 440 4227 small-vehicle 0
434 4175 453 4182 438 4219 421 4216 small-vehicle 0
389 4164 408 4170 394 4208 375 4203 small-vehicle 0
369 4154 388 4161 371 4204 352 4195 small-vehicle 0
250 3862 229 3855 238 3816 262 3821 small-vehicle 0
627 3824 650 3831 642 3869 620 3862 small-vehicle 0
525 3793 543 3799 532 3833 513 3827 small-vehicle 0
143 4346 126 4363 100 4334 115 4318 small-vehicle 0
388 3752 407 3757 396 3793 379 3787 small-vehicle 0
367 3746 385 3751 375 3786 359 3781 small-vehicle 0
348 3740 363 3743 356 3783 338 3778 small-vehicle 0
330 3736 348 3740 336 3777 319 3773 small-vehicle 0
277 3766 260 3761 269 3716 288 3719 small-vehicle 0
512 3830 494 3825 507 3782 525 3787 small-vehicle 0
597 3621 617 3619 614 3656 597 3656 small-vehicle 0
244 1978 234 1994 200 1973 210 1955 small-vehicle 0
415 1969 395 1963 411 1919 431 1925 small-vehicle 0
276 1968 264 1990 220 1965 232 1944 small-vehicle 0
463 4094 480 4098 469 4138 451 4133 small-vehicle 0
522 4823 506 4811 522 4783 541 4794 small-vehicle 0
521 3955 538 3960 525 3997 511 3992 small-vehicle 0
242 4150 219 4144 230 4102 251 4107 small-vehicle 0
576 3976 598 3980 584 4024 564 4018 small-vehicle 0
577 3974 559 3968 571 3929 588 3934 small-vehicle 0
232 4007 251 4013 238 4051 221 4046 small-vehicle 0
308 4032 289 4026 302 3985 321 3991 small-vehicle 0
513 4056 532 4061 521 4100 504 4096 small-vehicle 0
482 4094 501 4100 490 4132 474 4127 small-vehicle 0
519 4103 538 4111 525 4144 507 4138 small-vehicle 0
160 4127 140 4121 150 4086 169 4091 small-vehicle 0
190 4135 167 4129 179 4087 200 4093 small-vehicle 0
213 4143 191 4136 204 4092 226 4099 small-vehicle 0
257 4120 277 4125 263 4169 243 4164 small-vehicle 0
591 4871 571 4860 594 4819 612 4830 small-vehicle 0
270 4023 251 4014 262 3976 282 3983 small-vehicle 0
238 3899 219 3893 230 3858 248 3863 small-vehicle 0
290 3874 269 3869 280 3833 299 3838 small-vehicle 0
269 3869 251 3864 262 3829 278 3835 small-vehicle 0
715 300 730 282 760 304 749 322 small-vehicle 0
765 200 757 215 724 195 733 180 small-vehicle 0
357 610 356 593 395 587 398 606 small-vehicle 0
1186 882 1179 899 1140 883 1148 865 small-vehicle 0
1117 851 1109 869 1073 851 1081 832 small-vehicle 0
700 5019 708 5000 751 5023 743 5044 large-vehicle 0
1911 5350 1919 5328 1958 5344 1951 5363 small-vehicle 0
2012 5315 2030 5308 2044 5340 2025 5351 small-vehicle 0
153 1801 143 1820 113 1806 121 1788 small-vehicle 0
3137 3494 3120 3492 3115 3455 3136 3453 small-vehicle 0
5825 2957 5819 2978 5780 2966 5783 2950 small-vehicle 0
5907 2983 5887 2974 5899 2941 5916 2948 small-vehicle 0
5878 3265 5902 3271 5888 3311 5868 3306 small-vehicle 0
5707 811 5696 832 5657 812 5663 791 small-vehicle 0
2763 4320 2769 4339 2725 4347 2719 4330 small-vehicle 0
2719 3544 2729 3522 2770 3542 2765 3562 small-vehicle 0
2948 3510 2949 3490 2990 3490 2992 3509 small-vehicle 0
3040 3501 3020 3500 3024 3454 3042 3454 small-vehicle 0
3094 3498 3072 3504 3066 3461 3087 3456 small-vehicle 0
3119 3498 3097 3498 3094 3455 3113 3454 small-vehicle 0
3297 3427 3281 3421 3299 3386 3313 3391 small-vehicle 0
6140 2546 6122 2541 6135 2490 6153 2496 small-vehicle 0
3355 3642 3371 3651 3356 3684 3340 3677 small-vehicle 0
3335 3543 3353 3550 3337 3587 3320 3580 small-vehicle 0
3370 3600 3393 3610 3372 3647 3353 3639 small-vehicle 0
3299 3677 3317 3683 3300 3723 3282 3715 small-vehicle 0
3085 3764 3067 3756 3080 3725 3096 3733 small-vehicle 0
3264 3692 3280 3701 3263 3738 3247 3729 small-vehicle 0
3165 3909 3182 3918 3169 3950 3150 3943 small-vehicle 0
3189 3985 3209 3995 3191 4036 3174 4029 small-vehicle 0
3143 4005 3163 4012 3148 4054 3127 4048 small-vehicle 0
2890 4313 2869 4307 2887 4263 2906 4270 small-vehicle 0
6122 2794 6119 2812 6080 2806 6082 2789 small-vehicle 0
6166 2547 6149 2542 6161 2502 6176 2508 small-vehicle 0
2588 4496 2593 4476 2630 4489 2623 4509 small-vehicle 0
5525 1903 5507 1892 5528 1855 5549 1865 small-vehicle 0
6056 1959 6050 1980 6009 1962 6017 1943 small-vehicle 0
6063 1937 6056 1960 6016 1942 6024 1920 small-vehicle 0
6043 1976 6038 1995 6001 1983 6009 1962 small-vehicle 0
6034 1994 6029 2015 5995 2002 6001 1983 small-vehicle 0
6031 2015 6024 2033 5989 2020 5995 2002 small-vehicle 0
6152 1698 6144 1717 6104 1700 6111 1682 small-vehicle 0
6161 1679 6154 1696 6114 1680 6121 1662 small-vehicle 0
6138 1931 6119 1922 6136 1885 6154 1893 small-vehicle 0
6111 1997 6090 1990 6102 1947 6123 1954 small-vehicle 0
6086 1995 6105 2002 6093 2037 6073 2030 small-vehicle 0
5547 1921 5526 1910 5557 1857 5578 1869 small-vehicle 0
5658 2869 5634 2861 5649 2813 5670 2818 small-vehicle 0
5606 1955 5585 1945 5602 1911 5620 1920 small-vehicle 0
5742 1811 5719 1802 5738 1757 5761 1765 small-vehicle 0
6087 2068 6093 2048 6125 2061 6118 2081 small-vehicle 0
6124 2082 6131 2061 6170 2075 6162 2096 small-vehicle 0
6076 2085 6057 2081 6069 2041 6088 2045 small-vehicle 0
5877 2063 5860 2058 5869 2021 5888 2024 small-vehicle 0
5832 2051 5817 2036 5840 2010 5853 2020 small-vehicle 0
5458 2548 5438 2543 5448 2508 5469 2513 small-vehicle 0
5442 2604 5462 2609 5450 2645 5430 2638 small-vehicle 0
5506 2700 5473 2693 5476 2679 5507 2683 small-vehicle 0
2706 4493 2714 4472 2756 4484 2749 4505 small-vehicle 0
2588 4517 2592 4499 2621 4511 2617 4529 small-vehicle 0
2103 5233 2087 5240 2069 5205 2085 5198 small-vehicle 0
2685 5075 2705 5084 2689 5123 2669 5113 small-vehicle 0
2610 4887 2592 4878 2612 4837 2628 4846 small-vehicle 0
2628 4840 2612 4834 2625 4801 2641 4808 small-vehicle 0
2709 4671 2690 4663 2706 4622 2724 4630 small-vehicle 0
2890 4691 2870 4685 2886 4646 2900 4651 small-vehicle 0
2865 4738 2848 4732 2864 4693 2882 4700 small-vehicle 0
2791 4855 2808 4862 2796 4896 2777 4889 small-vehicle 0
2766 4899 2786 4908 2768 4951 2747 4941 small-vehicle 0
2747 4949 2766 4958 2743 5007 2722 4996 small-vehicle 0
2684 4940 2706 4949 2690 4992 2667 4983 small-vehicle 0
2639 5061 2655 5069 2640 5107 2622 5099 small-vehicle 0
2609 5240 2631 5248 2616 5287 2595 5279 small-vehicle 0
2569 4975 2552 4965 2566 4925 2585 4935 small-vehicle 0
2591 5280 2612 5291 2592 5327 2577 5321 small-vehicle 0
2561 5216 2578 5223 2562 5263 2546 5255 small-vehicle 0
2499 5345 2520 5356 2503 5391 2485 5382 small-vehicle 0
2396 5437 2410 5445 2395 5478 2380 5471 small-vehicle 0
2199 5102 2217 5108 2204 5146 2186 5138 small-vehicle 0
2175 5099 2194 5105 2179 5141 2160 5135 small-vehicle 0
2139 5086 2160 5092 2146 5133 2127 5126 small-vehicle 0
2082 5060 2101 5068 2084 5108 2067 5102 small-vehicle 0
1996 5117 1999 5102 2036 5117 2032 5131 small-vehicle 0
2107 5277 2089 5288 2072 5249 2093 5240 small-vehicle 0
2590 4933 2572 4921 2591 4883 2608 4893 small-vehicle 0
2551 5015 2531 5003 2547 4966 2566 4977 small-vehicle 0
2581 4539 2586 4519 2620 4533 2616 4549 small-vehicle 0
2992 4906 2985 4926 2940 4907 2948 4885 small-vehicle 0
2865 4363 2842 4353 2858 4319 2877 4326 small-vehicle 0
2845 4398 2828 4389 2844 4353 2861 4364 small-vehicle 0
3074 4103 3093 4112 3078 4149 3057 4141 small-vehicle 0
2943 4147 2963 4161 2942 4201 2921 4190 small-vehicle 0
2945 4374 2963 4383 2946 4424 2925 4417 small-vehicle 0
2991 4281 3007 4290 2991 4329 2973 4321 small-vehicle 0
2937 4526 2957 4535 2936 4581 2918 4575 small-vehicle 0
2911 4585 2931 4593 2913 4634 2897 4625 small-vehicle 0
2939 4905 2931 4925 2898 4908 2904 4890 small-vehicle 0
2979 4943 2970 4961 2935 4944 2942 4925 small-vehicle 0
3008 4864 2999 4883 2961 4864 2969 4848 small-vehicle 0
2532 5058 2514 5049 2527 5013 2546 5020 small-vehicle 0
2444 4585 2463 4593 2450 4623 2435 4616 small-vehicle 0
2465 4589 2484 4597 2469 4634 2453 4626 small-vehicle 0
2489 4596 2506 4602 2496 4638 2477 4631 small-vehicle 0
2508 4608 2528 4614 2515 4655 2494 4650 small-vehicle 0
2536 4619 2556 4625 2545 4663 2526 4658 small-vehicle 0
2570 4669 2553 4659 2566 4621 2586 4629 small-vehicle 0
2596 4671 2575 4660 2584 4625 2604 4633 small-vehicle 0
2613 4693 2593 4683 2609 4636 2629 4644 small-vehicle 0
2459 5195 2440 5187 2459 5142 2478 5154 small-vehicle 0
2493 5124 2468 5115 2490 5065 2512 5073 small-vehicle 0
128 1726 119 1750 84 1738 91 1716 small-vehicle 0
173 1735 183 1713 221 1732 210 1754 small-vehicle 0
82 957 87 937 124 952 119 971 small-vehicle 0
5694 876 5687 894 5642 876 5646 858 large-vehicle 0
5526 1231 5518 1247 5470 1226 5475 1211 large-vehicle 0
5547 1216 5538 1235 5487 1211 5493 1191 large-vehicle 0
5552 1194 5543 1210 5506 1191 5511 1175 large-vehicle 0
5567 1172 5558 1191 5509 1167 5517 1150 large-vehicle 0
5576 1153 5570 1167 5520 1148 5526 1130 large-vehicle 0
5591 1128 5581 1146 5525 1124 5534 1106 large-vehicle 0
5583 1100 5576 1120 5534 1102 5542 1081 large-vehicle 0
5612 1065 5601 1081 5550 1059 5559 1042 large-vehicle 0
5635 1020 5629 1042 5572 1019 5575 1000 large-vehicle 0
5669 954 5660 968 5605 948 5614 927 large-vehicle 0
5711 853 5703 868 5648 850 5653 830 large-vehicle 0
5505 1296 5493 1314 5443 1292 5448 1275 large-vehicle 0
6045 720 6027 734 5992 692 6009 678 large-vehicle 0
6054 807 6035 818 5980 755 5995 737 large-vehicle 0
6217 827 6195 820 6224 744 6245 753 large-vehicle 0
6116 918 6095 904 6127 827 6151 836 large-vehicle 0
6150 921 6128 910 6155 847 6177 858 large-vehicle 0
6178 1155 6186 1132 6247 1156 6239 1181 large-vehicle 0
6167 1184 6175 1163 6235 1187 6227 1207 large-vehicle 0
6141 1206 6149 1183 6230 1212 6221 1234 large-vehicle 0
6142 1238 6151 1215 6233 1249 6223 1275 large-vehicle 0
6160 1315 6152 1335 6095 1313 6100 1296 large-vehicle 0
5510 1274 5503 1287 5447 1267 5453 1250 large-vehicle 0
5620 1348 5615 1367 5564 1350 5570 1334 large-vehicle 0
5961 1548 5945 1542 5964 1497 5984 1502 large-vehicle 0
5598 752 5595 734 5645 727 5645 745 large-vehicle 0
5958 154 5943 145 5964 109 5979 116 large-vehicle 0
6061 87 6074 95 6056 131 6041 123 large-vehicle 0
6070 349 6084 356 6062 392 6050 384 large-vehicle 0
5625 528 5620 512 5666 503 5670 520 large-vehicle 0
5620 562 5616 542 5664 526 5670 545 large-vehicle 0
5620 583 5617 567 5664 557 5664 575 large-vehicle 0
5626 609 5623 590 5667 578 5669 594 large-vehicle 0
5603 637 5598 618 5641 612 5643 628 large-vehicle 0
5572 691 5570 671 5617 662 5620 682 large-vehicle 0
5589 776 5588 756 5634 752 5633 771 large-vehicle 0
5615 728 5613 711 5660 704 5662 724 large-vehicle 0
5454 1379 5444 1398 5397 1373 5403 1358 large-vehicle 0
5624 706 5624 687 5672 680 5674 697 large-vehicle 0
5632 682 5630 666 5683 650 5689 667 large-vehicle 0
5646 654 5643 635 5698 621 5703 636 large-vehicle 0
5665 625 5661 605 5711 590 5716 608 large-vehicle 0
5672 599 5667 579 5711 567 5718 582 large-vehicle 0
5686 570 5682 549 5742 536 5744 556 large-vehicle 0
6188 448 6203 455 6170 512 6153 500 large-vehicle 0
5925 2070 5906 2072 5899 2026 5917 2021 large-vehicle 0
5952 2070 5930 2074 5922 2013 5943 2011 large-vehicle 0
5411 1499 5397 1518 5352 1473 5366 1458 large-vehicle 0
5892 1471 5876 1463 5892 1421 5909 1428 large-vehicle 0
5978 1602 5964 1590 5988 1555 6000 1566 large-vehicle 0
6188 354 6181 371 6139 352 6146 332 large-vehicle 0
2549 5366 2570 5377 2527 5471 2505 5459 large-vehicle 0
3151 2132 3167 2142 3142 2183 3127 2171 large-vehicle 0
3131 2120 3146 2134 3122 2169 3107 2158 large-vehicle 0
3103 2163 3085 2151 3114 2106 3129 2116 large-vehicle 0
3651 2681 3631 2672 3648 2631 3667 2638 large-vehicle 0
3045 3591 3028 3582 3046 3537 3064 3544 large-vehicle 0
3234 3891 3251 3900 3229 3948 3210 3939 large-vehicle 0
2784 1422 2774 1444 2666 1414 2671 1389 large-vehicle 0
2380 2139 2911 2315 2628 3173 2092 2999 soccer-ball-field 0
1853 3745 2352 3896 2095 4719 1592 4565 soccer-ball-field 0
2660 5135 2678 5144 2654 5194 2634 5183 large-vehicle 0
1856 5064 1942 5103 1863 5291 1774 5253 tennis-court 0
3183 2161 3203 2171 3181 2210 3163 2200 large-vehicle 0
1714 5005 1800 5043 1718 5228 1633 5190 tennis-court 0
1578 4922 1666 4961 1586 5147 1498 5107 tennis-court 0
1435 4858 1525 4897 1444 5084 1357 5046 tennis-court 0
1618 3061 1714 3087 1655 3290 1559 3261 tennis-court 0
1471 3013 1567 3045 1509 3242 1413 3211 tennis-court 0
1260 2952 1351 2979 1293 3175 1204 3149 tennis-court 0
1114 2903 1208 2934 1151 3133 1056 3104 tennis-court 0
1357 2629 1447 2658 1389 2853 1296 2830 tennis-court 0
1213 2586 1301 2615 1243 2807 1151 2783 tennis-court 0
1580 1549 2134 1731 1846 2588 1293 2406 soccer-ball-field 0
3167 2149 3181 2158 3161 2191 3146 2180 large-vehicle 0
3572 1379 3590 1388 3567 1437 3546 1427 large-vehicle 0
5996 1612 5984 1600 6011 1566 6024 1576 large-vehicle 0
5609 2242 5614 2224 5654 2238 5650 2254 large-vehicle 0
5958 1750 5942 1743 5963 1699 5979 1706 large-vehicle 0
6048 1656 6045 1641 6080 1625 6087 1638 large-vehicle 0
6043 1691 6037 1674 6087 1649 6096 1667 large-vehicle 0
6024 1727 6021 1706 6067 1693 6070 1714 large-vehicle 0
6022 1756 6018 1734 6069 1717 6074 1737 large-vehicle 0
6011 1783 6008 1763 6056 1749 6061 1767 large-vehicle 0
6002 1809 5998 1790 6048 1777 6051 1798 large-vehicle 0
5965 1894 5962 1872 6003 1864 6007 1884 large-vehicle 0
5943 1951 5941 1929 5994 1923 5995 1940 large-vehicle 0
5963 1920 5962 1900 6006 1894 6008 1912 large-vehicle 0
5754 2815 5735 2814 5740 2771 5759 2771 large-vehicle 0
4311 3419 4292 3412 4308 3378 4329 3386 large-vehicle 0
5923 3240 5918 3258 5876 3248 5882 3226 large-vehicle 0
5932 3215 5926 3232 5882 3224 5883 3201 large-vehicle 0
6090 4225 6084 4207 6125 4191 6132 4211 large-vehicle 0
6060 4216 6054 4198 6093 4183 6100 4198 large-vehicle 0
5105 1730 5116 1707 5248 1783 5234 1808 large-vehicle 0
4932 2238 4915 2230 4929 2192 4947 2200 large-vehicle 0
5068 2170 5091 2182 5058 2254 5033 2242 large-vehicle 0
4246 4761 4237 4783 4186 4771 4188 4748 large-vehicle 0
4248 4702 4245 4721 4197 4712 4201 4691 large-vehicle 0
4259 4671 4255 4690 4205 4684 4205 4667 large-vehicle 0
5914 136 5896 126 5920 86 5936 95 large-vehicle 0
5527 556 5522 536 5579 527 5582 543 large-vehicle 0
82 2611 82 2589 126 2593 125 2616 small-vehicle 0
4836 1244 4849 1260 4807 1292 4796 1277 large-vehicle 0
432 687 449 695 433 732 417 727 small-vehicle 0
589 407 607 416 590 454 574 448 small-vehicle 0
529 429 513 424 524 384 541 389 small-vehicle 0
734 41 753 55 729 87 713 74 small-vehicle 0
2343 1828 3102 2081 2672 3422 1887 3154 ground-track-field 0
5167 4158 5161 4180 5106 4162 5109 4144 large-vehicle 0
4538 850 4519 839 4559 745 4580 754 large-vehicle 0
2995 4074 2977 4069 2991 4034 3009 4042 large-vehicle 0
4621 1212 4624 1189 4686 1196 4684 1218 large-vehicle 0
4669 1292 4676 1269 4739 1291 4727 1315 large-vehicle 0
4872 1298 4883 1314 4838 1346 4829 1331 large-vehicle 0
746 621 738 640 704 624 710 608 small-vehicle 0
4773 1416 4762 1403 4812 1368 4824 1383 large-vehicle 0
4790 1444 4779 1430 4824 1394 4835 1408 large-vehicle 0
4808 1469 4799 1452 4836 1413 4851 1431 large-vehicle 0
4831 1484 4815 1474 4851 1432 4866 1447 large-vehicle 0
4856 1496 4843 1486 4871 1443 4886 1453 large-vehicle 0
4886 1508 4870 1498 4892 1455 4908 1463 large-vehicle 0
5000 1488 5008 1506 4954 1539 4944 1524 large-vehicle 0
5204 1539 5211 1518 5254 1542 5244 1558 large-vehicle 0
5164 1588 5170 1571 5232 1603 5220 1621 large-vehicle 0
5238 1488 5244 1468 5297 1493 5286 1509 large-vehicle 0
756 599 748 620 710 607 715 587 small-vehicle 0
867 744 858 763 823 744 834 725 small-vehicle 0
5286 1426 5297 1404 5343 1428 5333 1447 large-vehicle 0
456 1745 469 1761 443 1785 429 1769 small-vehicle 0
76 2638 77 2617 121 2622 120 2644 small-vehicle 0
221 2675 219 2697 187 2693 188 2671 small-vehicle 0
219 2696 219 2718 187 2715 187 2694 small-vehicle 0
83 2680 82 2665 113 2668 113 2686 small-vehicle 0
1032 2096 1013 2099 1004 2063 1022 2058 small-vehicle 0
1084 1988 1096 2004 1068 2027 1052 2010 small-vehicle 0
1023 1968 1034 1986 1001 2004 991 1986 small-vehicle 0
731 1853 746 1869 715 1888 699 1876 small-vehicle 0
538 1774 551 1794 519 1819 504 1801 small-vehicle 0
510 1758 525 1777 496 1803 482 1786 small-vehicle 0
469 1528 474 1509 507 1521 501 1538 small-vehicle 0
951 781 943 798 908 781 917 763 small-vehicle 0
475 1508 482 1489 516 1505 508 1518 small-vehicle 0
484 1490 492 1470 530 1486 521 1505 small-vehicle 0
226 1447 245 1453 235 1485 217 1479 small-vehicle 0
219 1233 237 1241 223 1276 205 1269 small-vehicle 0
458 1105 449 1126 413 1112 420 1089 small-vehicle 0
414 1009 395 1002 407 964 424 969 small-vehicle 0
286 1060 307 1069 291 1107 275 1099 small-vehicle 0
250 745 257 727 291 741 283 760 small-vehicle 0
411 750 430 757 415 792 397 785 small-vehicle 0
1015 810 1007 830 976 813 985 794 small-vehicle 0
5258 1464 5264 1448 5318 1472 5308 1492 large-vehicle 0
4965 991 4981 997 4960 1044 4943 1035 large-vehicle 0
5552 711 5528 707 5588 542 5610 549 large-vehicle 0
5463 491 5458 470 5506 458 5511 477 large-vehicle 0
5281 384 5262 377 5289 299 5311 310 large-vehicle 0
5310 441 5293 432 5310 389 5326 392 large-vehicle 0
5288 496 5270 486 5289 437 5308 447 large-vehicle 0
5434 450 5415 439 5438 377 5459 386 large-vehicle 0
5354 430 5330 421 5358 337 5383 345 large-vehicle 0
5294 546 5278 538 5310 463 5331 473 large-vehicle 0
5386 417 5366 405 5392 340 5414 351 large-vehicle 0
5344 602 5322 592 5353 511 5372 518 large-vehicle 0
5416 654 5393 646 5416 580 5436 587 large-vehicle 0
5441 581 5423 571 5438 527 5458 532 large-vehicle 0
5454 441 5451 420 5506 406 5511 428 large-vehicle 0
5143 487 5120 478 5158 395 5176 404 large-vehicle 0
5520 455 5516 435 5556 427 5561 444 large-vehicle 0
5522 479 5520 460 5567 448 5571 464 large-vehicle 0
5464 540 5459 522 5512 506 5516 527 large-vehicle 0
5527 503 5520 483 5584 470 5590 495 large-vehicle 0
5528 530 5526 511 5572 499 5576 518 large-vehicle 0
5466 565 5457 549 5506 533 5512 552 large-vehicle 0
5455 583 5452 568 5509 560 5509 579 large-vehicle 0
5443 612 5439 592 5492 584 5495 603 large-vehicle 0
5438 637 5436 620 5492 610 5496 630 large-vehicle 0
5460 672 5450 659 5486 633 5498 650 large-vehicle 0
5305 395 5288 385 5323 292 5346 302 large-vehicle 0
5151 410 5132 399 5149 355 5170 363 large-vehicle 0
4794 1111 4784 1130 4740 1108 4744 1092 large-vehicle 0
4750 853 4752 834 4812 831 4813 850 large-vehicle 0
4808 1089 4801 1108 4754 1088 4759 1071 large-vehicle 0
4841 1027 4832 1044 4776 1018 4785 1001 large-vehicle 0
4852 999 4846 1015 4792 999 4796 979 large-vehicle 0
4858 974 4851 992 4801 974 4803 958 large-vehicle 0
4827 956 4834 939 4869 960 4860 977 large-vehicle 0
4827 932 4835 913 4879 935 4872 951 large-vehicle 0
4953 232 4970 242 4950 280 4937 274 large-vehicle 0
4822 699 4820 679 4865 669 4868 691 large-vehicle 0
4804 740 4801 719 4859 714 4861 734 large-vehicle 0
4784 784 4782 760 4838 763 4837 783 large-vehicle 0
4915 846 4905 863 4869 845 4875 828 large-vehicle 0
5194 375 5176 369 5199 320 5213 327 large-vehicle 0
4862 872 4862 855 4912 864 4909 881 large-vehicle 0
4947 810 4941 828 4895 811 4900 788 large-vehicle 0
5026 588 5014 609 4941 571 4950 550 large-vehicle 0
5004 682 4996 702 4922 667 4930 645 large-vehicle 0
5008 647 5004 664 4954 648 4961 628 large-vehicle 0
5075 530 5094 539 5060 614 5040 608 large-vehicle 0
4993 475 5000 452 5091 486 5079 507 large-vehicle 0
5191 512 5174 505 5194 455 5213 460 large-vehicle 0
5216 531 5198 524 5216 476 5235 484 large-vehicle 0
5218 392 5198 384 5218 326 5239 334 large-vehicle 0
6153 1849 6171 1856 6155 1893 6138 1884 small-vehicle 0
6216 1806 6209 1824 6177 1810 6185 1792 small-vehicle 0
6210 1826 6216 1805 6254 1824 6247 1843 small-vehicle 0
2156 1196 2138 1190 2153 1153 2171 1160 small-vehicle 0
5303 1204 5298 1184 5345 1172 5351 1193 small-vehicle 0
5327 1202 5331 1219 5290 1232 5286 1212 small-vehicle 0
5414 1280 5407 1297 5375 1284 5382 1267 small-vehicle 0
5425 1263 5413 1281 5378 1263 5388 1244 small-vehicle 0
5397 1225 5405 1204 5437 1219 5427 1238 small-vehicle 0
5424 1164 5432 1148 5460 1164 5450 1180 small-vehicle 0
2573 103 2591 111 2574 149 2555 139 small-vehicle 0
2685 262 2668 251 2682 222 2699 231 small-vehicle 0
2714 103 2707 119 2675 106 2681 91 small-vehicle 0
2174 1157 2153 1149 2170 1110 2187 1119 small-vehicle 0
1925 1173 1917 1188 1884 1177 1890 1159 small-vehicle 0
5303 1274 5303 1293 5261 1294 5260 1276 small-vehicle 0
2395 1342 2390 1359 2351 1348 2356 1328 small-vehicle 0
2363 962 2356 977 2320 961 2328 943 small-vehicle 0
2027 788 2011 794 1998 764 2014 757 small-vehicle 0
1948 676 1964 665 1983 696 1968 707 small-vehicle 0
1903 615 1892 630 1859 600 1872 586 small-vehicle 0
1805 537 1792 548 1765 522 1780 506 small-vehicle 0
1805 499 1817 483 1842 508 1832 523 small-vehicle 0
2747 1372 2728 1366 2742 1324 2759 1329 small-vehicle 0
2796 1383 2774 1380 2782 1336 2802 1339 small-vehicle 0
2842 1401 2821 1393 2835 1360 2852 1366 small-vehicle 0
5319 1229 5318 1250 5280 1251 5282 1232 small-vehicle 0
5290 1294 5287 1315 5251 1316 5253 1298 small-vehicle 0
2890 1418 2876 1414 2886 1374 2902 1379 small-vehicle 0
3140 4905 3115 4894 3132 4857 3155 4865 small-vehicle 0
2672 4026 2676 4010 2715 4021 2708 4040 small-vehicle 0
2716 3991 2707 4010 2674 4000 2679 3984 small-vehicle 0
2676 3971 2681 3954 2714 3966 2708 3985 small-vehicle 0
2586 4030 2567 4042 2551 4011 2568 3997 small-vehicle 0
2545 4021 2526 4029 2510 3996 2528 3985 small-vehicle 0
2507 4008 2486 4018 2467 3981 2487 3970 small-vehicle 0
2474 3999 2454 4010 2439 3968 2455 3960 small-vehicle 0
2442 3990 2422 3997 2410 3960 2427 3953 small-vehicle 0
3070 4752 3089 4757 3075 4792 3058 4783 small-vehicle 0
3206 4771 3226 4761 3243 4793 3225 4801 small-vehicle 0
3156 4911 3137 4902 3154 4866 3175 4874 small-vehicle 0
5428 4599 5406 4594 5419 4547 5443 4552 small-vehicle 0
3181 4919 3160 4913 3173 4875 3194 4882 small-vehicle 0
3200 4927 3183 4919 3196 4885 3216 4894 small-vehicle 0
3821 4887 3817 4905 3783 4898 3785 4881 small-vehicle 0
3863 4538 3885 4544 3874 4582 3856 4577 small-vehicle 0
3877 4497 3896 4502 3882 4543 3866 4536 small-vehicle 0
3849 4536 3866 4541 3856 4577 3840 4575 small-vehicle 0
3831 4525 3853 4532 3840 4571 3823 4567 small-vehicle 0
3768 4594 3763 4613 3731 4602 3736 4586 small-vehicle 0
3934 4635 3931 4659 3893 4652 3893 4633 small-vehicle 0
3975 4927 3971 4945 3935 4937 3941 4919 small-vehicle 0
2866 1408 2850 1404 2861 1368 2877 1372 small-vehicle 0
2908 1467 2891 1461 2907 1419 2924 1426 small-vehicle 0
2813 4110 2792 4121 2775 4082 2791 4073 small-vehicle 0
4820 3747 4801 3739 4813 3707 4831 3713 small-vehicle 0
3709 68 3716 51 3746 66 3741 85 small-vehicle 0
4454 213 4442 197 4478 171 4487 182 small-vehicle 0
4483 193 4493 206 4460 232 4450 214 small-vehicle 0
4562 157 4555 172 4520 157 4528 143 small-vehicle 0
4611 187 4603 199 4570 182 4579 168 small-vehicle 0
4888 367 4907 375 4889 413 4871 407 small-vehicle 0
4906 323 4923 331 4912 362 4895 355 small-vehicle 0
4266 3042 4279 3024 4313 3048 4302 3065 small-vehicle 0
4365 3353 4347 3345 4366 3311 4382 3320 small-vehicle 0
4857 3407 4878 3416 4859 3450 4841 3443 small-vehicle 0
5014 3716 5019 3700 5060 3710 5053 3728 small-vehicle 0
3723 201 3741 207 3727 243 3710 238 small-vehicle 0
4337 3897 4355 3902 4343 3938 4327 3931 small-vehicle 0
4249 3874 4269 3883 4252 3918 4237 3911 small-vehicle 0
4273 3929 4253 3923 4268 3883 4285 3888 small-vehicle 0
4471 4886 4476 4867 4521 4879 4517 4895 small-vehicle 0
4600 4873 4583 4869 4595 4829 4612 4833 small-vehicle 0
4798 4898 4790 4916 4748 4905 4755 4885 small-vehicle 0
4409 5017 4404 5030 4369 5022 4372 5009 small-vehicle 0
6184 4251 6166 4245 6181 4203 6199 4207 small-vehicle 0
5547 3990 5529 3985 5544 3946 5559 3956 small-vehicle 0
5605 3838 5609 3818 5648 3832 5645 3849 small-vehicle 0
3769 112 3786 121 3767 158 3753 150 small-vehicle 0
3701 356 3710 367 3685 396 3673 383 small-vehicle 0
3051 1463 3034 1457 3045 1419 3062 1424 small-vehicle 0
3077 1208 3060 1202 3074 1168 3088 1176 small-vehicle 0
3098 1491 3117 1496 3106 1534 3089 1531 small-vehicle 0
3261 1545 3279 1549 3271 1584 3253 1579 small-vehicle 0
2800 1207 2782 1202 2794 1165 2811 1172 small-vehicle 0
2857 1237 2839 1230 2851 1184 2869 1186 small-vehicle 0
2898 1255 2880 1246 2892 1205 2911 1212 small-vehicle 0
2917 1261 2900 1255 2916 1210 2933 1216 small-vehicle 0
2940 1276 2924 1266 2945 1224 2962 1234 small-vehicle 0
2971 1283 2953 1277 2966 1236 2984 1241 small-vehicle 0
2978 1171 2960 1164 2973 1129 2989 1134 small-vehicle 0
3053 1157 3070 1163 3055 1197 3039 1192 small-vehicle 0
2706 924 2690 916 2704 885 2719 892 small-vehicle 0
3575 429 3576 444 3538 450 3537 434 small-vehicle 0
2774 558 2769 539 2808 534 2811 549 small-vehicle 0
2818 471 2835 455 2860 485 2844 500 small-vehicle 0
2943 369 2959 378 2944 411 2931 405 small-vehicle 0
3441 880 3448 864 3478 878 3472 895 small-vehicle 0
3241 281 3232 296 3204 281 3208 267 small-vehicle 0
3285 316 3294 298 3328 316 3321 332 small-vehicle 0
3327 333 3336 317 3372 335 3365 354 small-vehicle 0
3345 478 3361 488 3344 519 3328 512 small-vehicle 0
3376 432 3394 439 3376 481 3360 472 small-vehicle 0
3477 428 3476 445 3443 436 3445 420 small-vehicle 0
2840 4115 2823 4122 2807 4086 2824 4082 small-vehicle 0
2775 4093 2760 4107 2741 4073 2761 4064 small-vehicle 0
6216 1867 6206 1886 6171 1867 6179 1847 small-vehicle 0
5314 592 5292 580 5324 507 5347 517 large-vehicle 0
5142 373 5123 393 5047 316 5068 298 large-vehicle 0
5338 386 5313 377 5348 302 5369 313 large-vehicle 0
5245 472 5222 461 5250 390 5274 398 large-vehicle 0
5246 397 5224 386 5250 329 5270 340 large-vehicle 0
5218 453 5197 444 5217 396 5240 406 large-vehicle 0
5105 436 5088 455 5024 398 5040 380 large-vehicle 0
5083 455 5072 472 5023 438 5033 420 large-vehicle 0
5241 542 5221 533 5243 489 5261 497 large-vehicle 0
5253 582 5229 569 5260 501 5282 511 large-vehicle 0
5368 613 5346 601 5375 525 5399 533 large-vehicle 0
5378 515 5354 503 5388 426 5414 436 large-vehicle 0
5282 605 5254 594 5278 538 5300 544 large-vehicle 0
5404 534 5376 520 5411 446 5434 454 large-vehicle 0
5431 540 5406 531 5433 456 5456 461 large-vehicle 0
4454 1665 4433 1671 4423 1636 4440 1629 large-vehicle 0
4640 1247 4645 1224 4709 1241 4703 1266 large-vehicle 0
4930 825 4920 845 4866 821 4877 800 large-vehicle 0
4942 780 4932 800 4891 781 4903 759 large-vehicle 0
4965 763 4956 785 4903 757 4915 735 large-vehicle 0
4992 723 4985 747 4934 724 4942 704 large-vehicle 0
5120 503 5144 515 5112 579 5092 568 large-vehicle 0
4555 410 4563 390 4603 409 4597 426 small-vehicle 0
5347 509 5323 497 5357 426 5380 432 large-vehicle 0
4999 505 5011 484 5066 509 5057 530 large-vehicle 0
4743 1375 4730 1357 4773 1324 4786 1340 small-vehicle 0
2798 138 2791 157 2759 142 2766 127 small-vehicle 0
2003 1326 1985 1318 1998 1286 2016 1293 small-vehicle 0
1963 1276 1984 1283 1970 1320 1950 1312 small-vehicle 0
2185 1404 2164 1396 2175 1365 2193 1371 small-vehicle 0
2951 1745 2944 1769 2905 1757 2909 1734 small-vehicle 0
2942 1623 2948 1603 2989 1616 2984 1637 small-vehicle 0
2980 1649 2973 1669 2937 1655 2944 1635 small-vehicle 0
2828 254 2829 236 2866 240 2864 258 small-vehicle 0
2855 183 2863 165 2903 184 2896 201 small-vehicle 0
2851 158 2840 176 2805 160 2812 142 small-vehicle 0
2677 84 2668 105 2633 85 2641 67 small-vehicle 0
3902 1070 3909 1051 3948 1066 3938 1086 small-vehicle 0
5056 536 5041 561 4996 533 5009 511 large-vehicle 0
3425 919 3430 900 3472 905 3469 926 small-vehicle 0
3822 590 3839 595 3829 633 3812 627 small-vehicle 0
3654 507 3639 517 3625 481 3642 472 small-vehicle 0
3665 381 3676 399 3643 420 3632 405 small-vehicle 0
5167 101 5185 113 5158 133 5143 120 small-vehicle 0
5254 155 5274 167 5254 205 5234 194 small-vehicle 0
5213 125 5223 139 5190 162 5176 147 small-vehicle 0
5146 188 5140 206 5103 188 5113 167 small-vehicle 0
5175 707 5153 695 5174 653 5195 666 small-vehicle 0
5043 564 5033 588 4986 557 4997 536 large-vehicle 0
4762 1396 4747 1377 4793 1340 4805 1358 small-vehicle 0
4853 1260 4864 1279 4815 1310 4804 1293 small-vehicle 0
2702 4067 2682 4077 2663 4044 2679 4033 small-vehicle 0
2464 4043 2466 4066 2424 4067 2423 4047 small-vehicle 0
2847 4189 2850 4208 2817 4215 2814 4197 small-vehicle 0
2862 4211 2863 4232 2829 4236 2827 4218 small-vehicle 0
2804 4205 2807 4224 2767 4224 2768 4206 small-vehicle 0
2800 4224 2802 4246 2768 4249 2767 4232 small-vehicle 0
2792 4251 2798 4274 2759 4280 2754 4259 small-vehicle 0
2856 4241 2860 4266 2822 4267 2821 4247 small-vehicle 0
2844 4272 2844 4293 2808 4295 2807 4276 small-vehicle 0
2773 4288 2778 4312 2740 4314 2740 4293 small-vehicle 0
2830 4299 2833 4320 2797 4329 2792 4310 small-vehicle 0
2817 4329 2820 4347 2788 4358 2785 4339 small-vehicle 0
2507 4061 2507 4081 2468 4080 2467 4059 small-vehicle 0
2510 4709 2516 4694 2546 4708 2542 4723 small-vehicle 0
2554 4075 2554 4097 2515 4099 2512 4079 small-vehicle 0
2590 4090 2593 4115 2554 4118 2551 4093 small-vehicle 0
2636 4106 2637 4130 2599 4127 2599 4107 small-vehicle 0
2689 4120 2692 4147 2649 4145 2648 4121 small-vehicle 0
2735 4139 2739 4162 2698 4161 2695 4140 small-vehicle 0
2779 4155 2783 4175 2740 4175 2738 4158 small-vehicle 0
2823 4173 2826 4192 2786 4197 2786 4176 small-vehicle 0
2741 4080 2721 4095 2703 4063 2719 4051 small-vehicle 0
2626 4043 2610 4057 2588 4026 2604 4011 small-vehicle 0
2661 4051 2642 4063 2622 4032 2638 4019 small-vehicle 0
2548 4726 2551 4710 2585 4722 2580 4738 small-vehicle 0
2473 4699 2479 4680 2511 4694 2505 4711 small-vehicle 0
4815 1206 4827 1227 4784 1251 4776 1230 small-vehicle 0
2976 5444 2958 5438 2967 5406 2985 5412 small-vehicle 0
4428 1668 4413 1676 4403 1645 4420 1640 small-vehicle 0
3563 2072 3579 2080 3569 2111 3551 2103 small-vehicle 0
3682 1259 3669 1271 3651 1247 3663 1237 small-vehicle 0
3650 1245 3629 1246 3628 1208 3647 1207 small-vehicle 0
1989 5133 1994 5115 2031 5130 2025 5148 small-vehicle 0
2075 5266 2061 5276 2040 5237 2056 5228 small-vehicle 0
2062 5282 2045 5291 2026 5253 2044 5245 small-vehicle 0
2025 5296 2042 5289 2060 5322 2042 5332 small-vehicle 0
2793 5381 2788 5362 2829 5350 2834 5369 small-vehicle 0
2952 5441 2935 5433 2949 5398 2966 5403 small-vehicle 0
2945 5505 2946 5489 2975 5491 2974 5507 small-vehicle 0
2497 4737 2502 4722 2537 4735 2533 4751 small-vehicle 0
2936 5532 2934 5512 2970 5510 2970 5528 small-vehicle 0
2942 5563 2939 5546 2972 5538 2975 5557 small-vehicle 0
2526 4809 2508 4803 2517 4766 2535 4771 small-vehicle 0
2507 4798 2488 4792 2498 4758 2516 4762 small-vehicle 0
2482 4789 2463 4782 2480 4745 2498 4752 small-vehicle 0
2457 4776 2441 4770 2458 4734 2475 4741 small-vehicle 0
2334 4680 2341 4665 2373 4677 2369 4693 small-vehicle 0
2332 4699 2336 4682 2368 4694 2363 4710 small-vehicle 0
2436 4763 2419 4754 2438 4718 2454 4727 small-vehicle 0
2416 4750 2398 4740 2418 4702 2435 4713 small-vehicle 0
6091 3191 6110 3196 6098 3236 6083 3233 small-vehicle 0
6286 139 6297 123 6327 143 6321 159 small-vehicle 0
6274 150 6285 134 6309 153 6300 169 small-vehicle 0
4934 1918 4954 1917 4958 1960 4939 1961 small-vehicle 0
4604 1747 4622 1759 4603 1794 4586 1785 small-vehicle 0
4636 1763 4654 1773 4632 1809 4616 1799 small-vehicle 0
4732 1839 4753 1839 4757 1879 4735 1881 small-vehicle 0
4693 1804 4712 1812 4694 1850 4676 1841 small-vehicle 0
4827 1878 4846 1875 4853 1911 4835 1916 small-vehicle 0
4785 1815 4794 1798 4822 1814 4814 1831 small-vehicle 0
4867 1802 4859 1782 4892 1767 4901 1785 small-vehicle 0
4886 1817 4875 1799 4905 1782 4915 1799 small-vehicle 0
4854 1882 4874 1881 4876 1924 4857 1927 small-vehicle 0
4912 1917 4933 1915 4937 1954 4919 1957 small-vehicle 0
4906 1828 4897 1810 4929 1792 4940 1809 small-vehicle 0
4636 1656 4654 1653 4661 1691 4643 1693 small-vehicle 0
4926 1843 4914 1825 4951 1800 4962 1819 small-vehicle 0
4973 1866 4965 1845 5000 1834 5006 1852 small-vehicle 0
4918 1739 4909 1756 4875 1733 4885 1717 small-vehicle 0
5223 1518 5237 1493 5281 1520 5272 1543 small-vehicle 0
5138 1568 5122 1550 5163 1512 5179 1530 large-vehicle 0
5182 1560 5193 1534 5251 1566 5243 1591 large-vehicle 0
4910 1443 4903 1428 4931 1411 4940 1426 small-vehicle 0
5360 1571 5350 1586 5317 1556 5329 1541 small-vehicle 0
5375 1546 5360 1564 5330 1532 5347 1515 small-vehicle 0
5380 1420 5396 1403 5423 1432 5408 1449 small-vehicle 0
4519 1638 4535 1632 4549 1667 4531 1674 small-vehicle 0
4503 1669 4481 1677 4465 1638 4484 1629 small-vehicle 0
6232 1450 6226 1467 6192 1455 6199 1435 small-vehicle 0
4643 2219 4634 2204 4664 2189 4673 2204 small-vehicle 0
4605 3246 4588 3258 4567 3226 4584 3214 small-vehicle 0
4669 3172 4664 3190 4626 3182 4631 3164 small-vehicle 0
4697 3090 4692 3109 4654 3100 4661 3080 small-vehicle 0
4650 2893 4633 2884 4648 2850 4664 2857 small-vehicle 0
4709 2784 4690 2773 4711 2734 4727 2743 small-vehicle 0
4741 2724 4723 2712 4743 2674 4759 2683 small-vehicle 0
4760 2680 4744 2670 4763 2631 4778 2639 small-vehicle 0
5078 2561 5107 2568 5090 2626 5064 2619 large-vehicle 0
4892 2588 4872 2579 4888 2547 4904 2553 small-vehicle 0
4658 2230 4651 2213 4690 2200 4694 2219 small-vehicle 0
4637 2219 4653 2219 4652 2260 4634 2259 small-vehicle 0
4375 1722 4369 1743 4332 1736 4334 1715 small-vehicle 0
4619 2208 4639 2208 4636 2245 4618 2245 small-vehicle 0
4600 2202 4618 2204 4617 2242 4598 2240 small-vehicle 0
4582 2197 4600 2196 4600 2231 4582 2232 small-vehicle 0
4622 2212 4614 2195 4646 2175 4656 2191 small-vehicle 0
4731 2293 4712 2282 4733 2246 4752 2256 small-vehicle 0
4750 2256 4767 2265 4748 2304 4731 2294 small-vehicle 0
4784 2300 4763 2291 4775 2257 4794 2262 small-vehicle 0
4760 2298 4782 2309 4764 2348 4744 2339 small-vehicle 0
4582 2225 4564 2224 4563 2185 4582 2185 small-vehicle 0
4560 2217 4539 2214 4542 2179 4560 2178 small-vehicle 0
5493 1885 5474 1871 5496 1837 5514 1848 small-vehicle 0
6231 1469 6224 1492 6184 1477 6192 1454 small-vehicle 0
6262 171 6272 155 6301 172 6293 191 small-vehicle 0
6131 2057 6138 2039 6175 2055 6168 2075 small-vehicle 0
6182 1636 6175 1656 6128 1636 6133 1617 small-vehicle 0
6144 1720 6138 1734 6099 1716 6104 1700 small-vehicle 0
6137 1734 6128 1753 6092 1735 6099 1717 small-vehicle 0
6129 1755 6123 1776 6082 1761 6088 1743 small-vehicle 0
6119 1774 6113 1794 6077 1779 6084 1763 small-vehicle 0
6110 1792 6105 1811 6069 1797 6076 1781 small-vehicle 0
6107 1811 6100 1835 6062 1822 6069 1798 small-vehicle 0
6097 1833 6092 1854 6054 1840 6061 1821 small-vehicle 0
6094 1856 6086 1875 6046 1859 6054 1842 small-vehicle 0
6078 1896 6070 1918 6033 1900 6041 1880 small-vehicle 0
6145 2041 6151 2024 6187 2038 6180 2057 small-vehicle 0
6199 1595 6191 1616 6149 1598 6157 1577 small-vehicle 0
6150 2021 6159 2002 6194 2015 6187 2037 small-vehicle 0
6161 2003 6168 1983 6200 1995 6195 2015 small-vehicle 0
6118 1987 6126 1969 6163 1987 6155 2005 small-vehicle 0
6165 1983 6171 1963 6212 1974 6207 1995 small-vehicle 0
6124 1966 6131 1947 6169 1963 6163 1983 small-vehicle 0
6180 1942 6188 1922 6227 1937 6220 1957 small-vehicle 0
6143 1922 6150 1904 6182 1921 6175 1936 small-vehicle 0
6203 1880 6196 1900 6163 1886 6169 1867 small-vehicle 0
6153 1904 6161 1886 6200 1901 6194 1921 small-vehicle 0
6200 1900 6208 1883 6242 1897 6236 1915 small-vehicle 0
6190 1616 6182 1637 6142 1619 6149 1600 small-vehicle 0
6206 1575 6198 1594 6149 1576 6156 1555 small-vehicle 0
6250 1434 6242 1454 6200 1435 6207 1416 small-vehicle 0
6307 1252 6301 1268 6263 1255 6271 1236 small-vehicle 0
6262 1513 6282 1522 6264 1563 6247 1556 small-vehicle 0
6221 1491 6213 1512 6178 1497 6186 1477 small-vehicle 0
6251 1416 6243 1431 6208 1413 6215 1399 small-vehicle 0
6260 1394 6252 1413 6212 1398 6220 1380 small-vehicle 0
6264 1371 6256 1391 6220 1377 6228 1358 small-vehicle 0
6273 1354 6266 1374 6229 1355 6235 1338 small-vehicle 0
6281 1331 6273 1351 6228 1332 6236 1313 small-vehicle 0
6282 1309 6275 1327 6243 1315 6250 1295 small-vehicle 0
6294 1287 6287 1309 6249 1295 6257 1272 small-vehicle 0
6302 1268 6294 1290 6258 1274 6264 1255 small-vehicle 0
6188 1127 6197 1105 6250 1123 6243 1146 small-vehicle 0
6213 1556 6206 1575 6166 1559 6175 1538 small-vehicle 0
5807 588 5827 598 5811 629 5793 618 small-vehicle 0
5903 740 5921 751 5906 785 5887 778 small-vehicle 0
5886 732 5903 741 5886 776 5870 769 small-vehicle 0
5714 789 5703 807 5669 790 5676 772 large-vehicle 0
6000 832 5985 853 5949 813 5963 797 large-vehicle 0
6014 809 5999 826 5963 792 5980 772 large-vehicle 0
6236 950 6210 939 6232 883 6256 893 large-vehicle 0
6201 932 6176 920 6203 867 6226 879 large-vehicle 0
6220 1517 6213 1534 6172 1515 6179 1498 small-vehicle 0
6212 1533 6205 1552 6164 1536 6171 1515 small-vehicle 0
4595 3282 4575 3291 4560 3257 4578 3248 small-vehicle 0
3491 3343 3508 3352 3494 3389 3476 3382 small-vehicle 0
3471 3393 3487 3402 3473 3431 3458 3422 small-vehicle 0
5875 205 5891 215 5869 250 5852 240 small-vehicle 0
6157 190 6148 204 6119 189 6128 174 small-vehicle 0
6148 212 6140 227 6111 208 6118 194 small-vehicle 0
6136 233 6126 248 6100 226 6109 215 small-vehicle 0
6084 241 6094 228 6119 251 6109 263 small-vehicle 0
6112 269 6105 283 6079 266 6088 253 small-vehicle 0
6106 291 6097 309 6068 287 6077 273 small-vehicle 0
5885 112 5868 98 5887 74 5900 80 small-vehicle 0
5899 120 5886 112 5903 80 5916 90 small-vehicle 0
5728 99 5736 84 5768 104 5760 118 small-vehicle 0
5895 178 5887 195 5849 173 5859 158 small-vehicle 0
5884 230 5899 238 5882 269 5868 260 small-vehicle 0
6194 134 6186 148 6159 132 6168 119 small-vehicle 0
5904 239 5920 248 5903 280 5889 272 small-vehicle 0
5938 304 5925 296 5944 268 5956 278 small-vehicle 0
5960 277 5976 288 5958 320 5941 309 small-vehicle 0
5977 289 5991 299 5975 329 5960 322 small-vehicle 0
5992 305 6009 315 5995 343 5978 336 small-vehicle 0
6014 313 6029 322 6014 350 5999 342 small-vehicle 0
6031 329 6047 340 6028 367 6014 357 small-vehicle 0
6049 341 6064 351 6047 383 6029 372 small-vehicle 0
6093 359 6111 369 6087 411 6069 400 small-vehicle 0
6111 420 6092 412 6114 376 6130 384 small-vehicle 0
6183 153 6177 169 6148 150 6155 137 small-vehicle 0
6214 118 6207 132 6173 110 6184 97 small-vehicle 0
3556 3295 3575 3286 3587 3320 3570 3329 small-vehicle 0
6208 165 6224 174 6203 210 6188 200 small-vehicle 0
6256 190 6264 174 6291 192 6283 207 small-vehicle 0
6270 448 6278 432 6305 451 6297 468 small-vehicle 0
6250 468 6259 454 6293 472 6286 487 small-vehicle 0
6286 490 6275 505 6244 489 6253 475 small-vehicle 0
6130 95 6141 80 6173 102 6163 119 small-vehicle 0
6119 110 6129 96 6158 120 6151 133 small-vehicle 0
6108 135 6118 118 6148 138 6140 156 small-vehicle 0
6096 153 6105 137 6131 155 6124 170 small-vehicle 0
6059 204 6070 190 6100 211 6091 228 small-vehicle 0
6046 223 6056 207 6087 229 6079 247 small-vehicle 0
6187 367 6195 351 6222 370 6214 385 small-vehicle 0
6164 331 6177 316 6201 338 6190 350 small-vehicle 0
6257 336 6248 350 6214 328 6224 315 small-vehicle 0
6282 316 6272 335 6230 310 6242 291 small-vehicle 0
6297 293 6288 309 6246 285 6254 269 small-vehicle 0
6308 262 6297 278 6264 258 6271 244 small-vehicle 0
6241 208 6250 193 6277 211 6271 229 small-vehicle 0
6230 226 6237 210 6264 227 6259 241 small-vehicle 0
6215 248 6224 232 6255 255 6249 268 small-vehicle 0
6202 269 6212 254 6244 271 6236 286 small-vehicle 0
6195 287 6204 272 6235 291 6228 309 small-vehicle 0
6181 305 6189 288 6217 306 6210 320 small-vehicle 0
6187 532 6202 542 6185 571 6170 565 small-vehicle 0
6141 511 6156 520 6141 550 6125 538 small-vehicle 0
6153 429 6172 438 6147 482 6130 468 small-vehicle 0
3703 2902 3723 2910 3707 2944 3690 2935 small-vehicle 0
3845 2599 3864 2608 3846 2646 3829 2637 small-vehicle 0
3875 2532 3893 2539 3878 2571 3862 2564 small-vehicle 0
3734 2510 3716 2501 3728 2470 3746 2478 small-vehicle 0
3711 2561 3695 2552 3709 2518 3724 2525 small-vehicle 0
3694 2666 3677 2659 3694 2619 3711 2626 small-vehicle 0
3633 2722 3617 2713 3631 2679 3647 2686 small-vehicle 0
3346 3888 3329 3881 3345 3843 3362 3849 small-vehicle 0
3851 3768 3871 3761 3883 3794 3864 3801 small-vehicle 0
3526 2943 3509 2936 3524 2900 3542 2909 small-vehicle 0
3575 2926 3558 2915 3577 2879 3595 2889 small-vehicle 0
3688 2939 3706 2948 3690 2983 3671 2974 small-vehicle 0
6108 501 6092 490 6114 458 6126 468 small-vehicle 0
3616 3088 3633 3098 3617 3130 3600 3123 small-vehicle 0
3564 3236 3548 3226 3564 3197 3580 3205 small-vehicle 0
3637 3294 3627 3273 3662 3254 3672 3273 small-vehicle 0
3607 3282 3596 3262 3629 3241 3640 3260 small-vehicle 0
3583 3265 3576 3248 3605 3230 3615 3246 small-vehicle 0
3639 3306 3660 3306 3658 3345 3637 3345 small-vehicle 0
3611 3305 3632 3303 3635 3346 3616 3349 small-vehicle 0
3435 3466 3453 3473 3437 3510 3420 3502 small-vehicle 0
3452 3431 3470 3439 3455 3473 3437 3464 small-vehicle 0
3585 3298 3606 3296 3611 3340 3589 3343 small-vehicle 0
3941 2391 3959 2399 3941 2437 3925 2431 small-vehicle 0
3883 2094 3868 2104 3851 2075 3866 2064 small-vehicle 0
4003 1995 3984 1986 4000 1947 4019 1954 small-vehicle 0
4064 1929 4044 1919 4064 1874 4083 1881 small-vehicle 0
6073 478 6089 488 6061 526 6043 516 small-vehicle 0
4227 959 4220 973 4191 961 4195 944 small-vehicle 0
3949 1088 3956 1069 3987 1081 3981 1099 small-vehicle 0
3993 1112 4000 1092 4035 1106 4028 1124 small-vehicle 0
4053 1239 4045 1260 4009 1243 4016 1220 small-vehicle 0
4096 1260 4089 1277 4055 1263 4063 1248 small-vehicle 0
4141 1279 4134 1294 4099 1281 4105 1267 small-vehicle 0
4134 1247 4126 1260 4094 1245 4100 1232 small-vehicle 0
4212 908 4206 927 4170 914 4177 895 small-vehicle 0
4239 1285 4234 1305 4197 1291 4204 1273 small-vehicle 0
4184 1265 4178 1284 4141 1269 4147 1251 small-vehicle 0
4187 1294 4180 1313 4147 1299 4154 1281 small-vehicle 0
4532 1402 4542 1385 4579 1409 4570 1427 small-vehicle 0
4490 1378 4502 1363 4528 1383 4519 1398 small-vehicle 0
3503 2093 3488 2088 3496 2055 3512 2058 small-vehicle 0
4230 2036 4249 2044 4234 2082 4217 2073 small-vehicle 0
4204 2022 4222 2031 4207 2066 4187 2057 small-vehicle 0
3840 1950 3818 1961 3805 1922 3823 1914 small-vehicle 0
3861 2042 3843 2035 3860 1999 3875 2005 small-vehicle 0
3846 2079 3828 2073 3841 2037 3858 2042 small-vehicle 0
4057 1874 4037 1866 4054 1827 4074 1834 small-vehicle 0
1479 642 1573 682 1552 725 1467 692 swimming-pool 0
