imagesource:GoogleEarth
gsd:0.128887501957
2322 4897 2441 4897 2441 5120 2322 5120 basketball-court 0
3716 593 3792 591 3800 760 3721 761 tennis-court 0
3546 1387 3949 1387 3949 1643 3546 1643 soccer-ball-field 1
3829 850 3910 845 3921 1020 3840 1027 tennis-court 0
3730 852 3807 851 3822 1026 3736 1032 tennis-court 0
3621 856 3706 852 3717 1034 3636 1031 tennis-court 0
3518 861 3593 861 3612 1036 3529 1045 tennis-court 0
3816 584 3893 584 3907 753 3823 756 tennis-court 0
3610 597 3691 593 3695 762 3612 769 tennis-court 0
4734 3372 5009 3365 5028 3663 4747 3673 soccer-ball-field 0
3502 591 3582 590 3593 765 3512 765 tennis-court 0
936 4959 1465 4957 1469 5624 945 5615 soccer-ball-field 0
2412 2311 2532 2311 2532 2540 2412 2540 basketball-court 0
2282 2311 2400 2311 2400 2532 2282 2532 basketball-court 0
2162 2307 2269 2307 2269 2530 2162 2530 basketball-court 0
2760 861 3300 861 3300 1671 2760 1671 soccer-ball-field 0
3543 1667 3948 1667 3948 1936 3543 1936 soccer-ball-field 1
3534 1095 3943 1095 3943 1348 3534 1348 soccer-ball-field 1
3944 715 4061 715 4061 917 3944 917 basketball-court 1
4067 708 4185 708 4185 916 4067 916 basketball-court 1
4192 701 4313 701 4313 917 4192 917 basketball-court 1
3955 953 4072 953 4072 1166 3955 1166 basketball-court 1
4076 951 4197 951 4197 1164 4076 1164 basketball-court 1
4203 946 4321 946 4321 1168 4203 1168 basketball-court 1
3962 1196 4082 1196 4082 1410 3962 1410 basketball-court 1
4084 1192 4207 1192 4207 1410 4084 1410 basketball-court 1
4209 1189 4332 1189 4332 1409 4209 1409 basketball-court 1
3969 1427 4088 1427 4088 1645 3969 1645 basketball-court 1
4089 1425 4218 1425 4218 1647 4089 1647 basketball-court 1
4218 1425 4340 1425 4340 1646 4218 1646 basketball-court 1
3971 1669 4094 1669 4094 1883 3971 1883 basketball-court 1
4096 1669 4220 1669 4220 1883 4096 1883 basketball-court 1
4223 1667 4343 1667 4343 1881 4223 1881 basketball-court 1
2627 553 3420 553 3420 1964 2627 1964 ground-track-field 0
