imagesource:GoogleEarth
gsd:0.140250429953
4714 384 4456 93 4855 46 4912 163 plane 0
4747 2310 4456 2540 4268 2267 4531 2023 plane 0
4451 2559 4155 2756 3953 2526 4249 2263 plane 0
2544 4129 2258 4345 2046 4059 2305 3852 plane 0
2943 3824 2695 4017 2446 3772 2685 3519 plane 0
1642 3118 1346 3376 1121 3094 1431 2864 plane 0
2098 2958 1816 3179 1600 2883 1873 2657 plane 0
2417 2521 2150 2732 1901 2479 2178 2225 plane 0
1102 1826 806 2089 543 1784 886 1544 plane 0
1473 1567 1149 1816 966 1488 1267 1272 plane 0
1793 1323 1511 1549 1267 1253 1577 999 plane 0
3019 1126 2699 1098 2695 727 3000 713 plane 0
3460 1145 3117 1126 3136 755 3512 783 plane 0
3916 1187 3535 1149 3564 783 3958 825 plane 0
