imagesource:JL
gsd:0.72
2302 2362 2321 2362 2321 2378 2302 2378 storage-tank 0
869 2813 935 2798 963 2993 893 3005 ground-track-field 0
1773 3382 1806 3374 1813 3409 1779 3416 plane 0
1713 3052 1745 3042 1754 3077 1722 3084 plane 0
1800 2944 1824 2926 1843 2954 1818 2971 plane 0
1718 2786 1742 2783 1746 2807 1722 2810 plane 0
1790 2722 1783 2701 1810 2692 1816 2714 plane 0
1771 2659 1799 2670 1788 2696 1761 2686 plane 0
1509 2480 1529 2464 1552 2499 1530 2514 plane 0
1586 2445 1608 2418 1651 2455 1626 2483 plane 0
1751 1930 1778 1902 1805 1934 1772 1958 plane 0
2402 3471 2434 3460 2443 3494 2408 3504 plane 0
2306 2921 2330 2916 2336 2946 2312 2953 plane 0
969 2739 1010 2730 1019 2782 978 2793 baseball-diamond 0
374 96 401 118 355 188 326 173 bridge 0
2289 2337 2309 2337 2309 2352 2289 2352 storage-tank 0
442 75 483 38 545 110 506 146 bridge 0
1046 390 1125 366 1132 400 1058 421 bridge 0
1634 962 1658 971 1651 1008 1623 1000 bridge 0
2370 1228 2387 1223 2396 1284 2378 1286 bridge 0
3804 1045 3830 1048 3822 1104 3794 1100 bridge 0
2379 3294 2403 3287 2407 3302 2385 3306 plane 0
2387 3316 2405 3310 2408 3329 2390 3333 plane 0
2376 3218 2395 3215 2396 3230 2379 3234 plane 0
2321 2834 2335 2831 2338 2852 2325 2854 plane 0
2327 2712 2342 2707 2345 2724 2332 2726 plane 0
908 2754 879 2738 899 2710 930 2729 baseball-diamond 0
2286 2315 2304 2315 2304 2332 2286 2332 storage-tank 0
1829 3665 1861 3655 1871 3688 1836 3698 plane 0
