imagesource:JL
gsd:0.72
1164 2052 1203 2042 1211 2088 1171 2097 baseball-diamond 0
1199 2006 1192 1929 1247 1929 1253 2002 baseball-diamond 0
475 3382 511 3375 526 3482 488 3487 ground-track-field 0
1382 2318 1431 2278 1531 2440 1475 2480 ground-track-field 0
1852 1919 1874 1912 1880 1955 1858 1959 bridge 0
1987 1896 2009 1887 2015 1927 1992 1933 bridge 0
2449 1268 2472 1257 2487 1296 2461 1305 bridge 0
2645 1234 2664 1212 2696 1247 2674 1266 bridge 0
2720 1160 2742 1139 2770 1194 2748 1210 bridge 0
2800 1088 2823 1076 2840 1118 2821 1132 bridge 0
2886 1022 2909 1002 2929 1036 2908 1054 bridge 0
3044 770 3085 791 3076 816 3032 799 bridge 0
3058 727 3107 703 3118 733 3066 755 bridge 0
3676 373 3707 376 3690 453 3660 446 bridge 0
3297 478 3329 468 3349 553 3314 561 bridge 0
1538 2209 1594 2170 1630 2236 1576 2272 baseball-diamond 0
1618 2305 1658 2281 1671 2325 1632 2346 baseball-diamond 0
538 3282 556 3253 578 3280 559 3308 baseball-diamond 0
527 3300 552 3325 534 3351 510 3328 baseball-diamond 0
519 3288 502 3319 478 3294 494 3266 baseball-diamond 0
529 3276 504 3258 525 3224 548 3245 baseball-diamond 0
1291 2030 1284 2071 1251 2064 1257 2026 baseball-diamond 0
1521 2371 1501 2330 1532 2300 1554 2343 baseball-diamond 0
301 1009 390 992 396 1040 309 1053 bridge 0
