imagesource:JL
gsd:0.72
731 2316 768 2316 768 2352 731 2352 roundabout 0
1389 429 1419 429 1419 457 1389 457 roundabout 0
669 3650 726 3650 726 3709 669 3709 roundabout 0
1882 2555 1924 2555 1924 2600 1882 2600 roundabout 0
2203 2461 2224 2432 2274 2466 2254 2496 roundabout 0
2175 1910 2226 1910 2226 1966 2175 1966 roundabout 0
1536 685 1570 685 1570 720 1536 720 roundabout 0
1681 592 1720 592 1720 628 1681 628 roundabout 0
2285 351 2318 351 2318 382 2285 382 roundabout 0
341 2435 423 2423 438 2562 357 2575 soccer-ball-field 1
3039 816 3068 816 3068 846 3039 846 roundabout 0
2817 2208 2869 2179 2886 2208 2832 2236 roundabout 0
2979 3271 3188 3186 3239 3297 3025 3388 ground-track-field 0
3744 1941 3794 1941 3794 1992 3744 1992 roundabout 0
3686 884 3718 884 3718 914 3686 914 roundabout 0
3034 3270 3150 3219 3180 3301 3065 3351 soccer-ball-field 0
111 1452 136 1434 158 1465 134 1482 roundabout 0
