imagesource:JL
gsd:0.72
3073 14 3141 2 3159 98 3094 111 ground-track-field 1
503 2600 547 2600 547 2644 503 2644 roundabout 0
1838 265 1911 248 1927 323 1857 343 baseball-diamond 0
1712 1416 1758 1459 1709 1498 1664 1453 baseball-diamond 0
1679 1269 1667 1221 1717 1211 1729 1258 baseball-diamond 0
2150 485 2098 495 2084 433 2138 421 baseball-diamond 0
1863 396 1975 373 2032 615 1920 642 ground-track-field 0
1854 87 1911 73 1925 127 1867 143 baseball-diamond 0
964 3630 978 3689 917 3703 901 3643 baseball-diamond 0
