imagesource:JL
gsd:0.72
3870 316 3862 324 3826 286 3835 279 ship 0
3450 741 3436 732 3466 678 3482 686 ship 0
3510 529 3528 544 3470 613 3454 598 ship 0
3428 539 3446 552 3379 652 3361 637 ship 0
3746 903 3764 909 3745 974 3728 968 ship 0
3801 850 3827 858 3803 944 3778 936 ship 0
3764 954 3796 963 3749 1124 3715 1114 ship 0
3711 1021 3736 1028 3715 1119 3688 1111 ship 0
1366 1621 1445 1621 1445 1703 1366 1703 roundabout 0
3782 3035 3845 3035 3845 3102 3782 3102 roundabout 0
2516 3530 2554 3530 2554 3568 2516 3568 roundabout 0
3130 1160 3254 1160 3254 1403 3130 1403 ground-track-field 0
3112 737 3198 750 3183 854 3095 839 roundabout 0
1848 951 1926 951 1926 1032 1848 1032 roundabout 0
2172 902 2698 879 2715 1175 2184 1207 ground-track-field 0
1952 2512 1991 2499 2015 2571 1977 2586 roundabout 0
1955 3820 1915 3847 1886 3800 1929 3776 plane 0
1776 3807 1782 3834 1753 3839 1748 3811 plane 0
1796 3703 1803 3741 1765 3749 1757 3709 plane 0
1729 3779 1734 3813 1701 3819 1694 3786 plane 0
1625 3695 1630 3730 1590 3737 1584 3701 plane 0
1589 3668 1593 3699 1555 3707 1551 3673 plane 0
1138 2391 1198 2414 1160 2529 1100 2509 ground-track-field 0
3455 704 3437 696 3473 601 3491 608 ship 0
3480 684 3464 680 3492 586 3510 593 ship 0
3880 380 3891 382 3880 445 3869 442 ship 0
3683 87 3665 97 3643 56 3662 46 ship 0
3732 174 3742 163 3774 189 3765 200 ship 0
3888 290 3881 298 3845 263 3853 256 ship 0
3899 271 3892 279 3860 249 3868 242 ship 0
3750 240 3773 240 3773 261 3750 261 storage-tank 0
3748 428 3750 420 3784 427 3782 435 ship 0
3804 415 3801 429 3750 420 3754 405 ship 0
3788 440 3785 454 3749 447 3751 434 ship 0
3292 296 3345 296 3345 349 3292 349 storage-tank 0
3543 372 3551 388 3491 428 3483 416 ship 0
3728 1027 3711 1022 3729 969 3745 975 ship 0
3889 397 3905 399 3903 444 3886 442 ship 0
3888 328 3903 328 3906 364 3891 364 ship 0
3694 384 3703 369 3747 401 3737 415 ship 0
3696 372 3691 390 3634 375 3639 356 ship 0
3639 386 3644 370 3690 389 3685 404 ship 0
3561 455 3576 465 3549 505 3535 495 ship 0
3496 532 3483 521 3530 475 3541 485 ship 0
3486 519 3471 507 3520 454 3535 468 ship 0
3494 448 3508 459 3484 495 3470 484 ship 0
3796 600 3790 622 3738 602 3745 580 ship 0
3852 437 3850 458 3799 452 3801 431 ship 0
475 1567 497 1583 479 1609 456 1595 roundabout 0
