imagesource:JL
gsd:0.72
3179 3199 3122 3217 3100 3159 3158 3137 baseball-diamond 0
1929 3465 1967 3522 1914 3556 1874 3501 baseball-diamond 0
2472 688 2537 632 2563 665 2496 715 ground-track-field 1
1732 868 1782 885 1744 960 1700 940 ground-track-field 1
1987 3857 2071 3829 2082 3869 1997 3892 ground-track-field 1
41 3851 56 3861 18 3907 3 3893 bridge 0
177 3676 201 3685 180 3722 158 3711 bridge 0
3888 3347 3908 3347 3908 3370 3888 3370 storage-tank 0
3852 3361 3876 3361 3876 3381 3852 3381 storage-tank 0
3829 3414 3849 3414 3849 3432 3829 3432 storage-tank 0
1782 3448 1869 3367 1906 3401 1817 3490 ground-track-field 0
