imagesource:JL
gsd:0.72
416 1846 384 1819 405 1786 439 1806 baseball-diamond 0
1970 3541 1995 3541 1995 3568 1970 3568 storage-tank 0
560 2752 676 2680 694 2710 576 2781 bridge 0
840 3127 925 3074 944 3112 857 3163 bridge 0
952 3342 1130 3286 1152 3320 968 3376 bridge 0
1146 3825 1326 3794 1337 3855 1157 3885 bridge 0
1088 3502 1224 3435 1241 3459 1103 3521 bridge 0
1987 3011 2048 3011 2048 3064 1987 3064 roundabout 0
1990 3552 2011 3552 2011 3573 1990 3573 storage-tank 0
1152 787 1111 784 1115 738 1157 741 baseball-diamond 0
956 731 991 722 1000 756 965 762 baseball-diamond 0
433 1652 453 1672 438 1686 420 1668 baseball-diamond 0
1996 896 2016 871 2046 899 2025 924 baseball-diamond 0
2008 495 2036 494 2035 524 2008 523 baseball-diamond 0
1903 600 1930 599 1929 632 1902 632 baseball-diamond 0
1011 941 998 898 1043 894 1050 933 baseball-diamond 0
488 2476 508 2495 423 2624 407 2608 bridge 0
