imagesource:JL
gsd:0.72
3786 4793 3824 4860 3755 4897 3718 4831 baseball-diamond 0
2560 2038 2585 2053 2563 2082 2538 2065 bridge 0
2 2498 65 2482 67 2496 1 2514 bridge 0
244 2731 282 2717 301 2814 262 2819 bridge 0
613 2426 635 2420 631 2505 608 2506 bridge 0
139 4248 232 4173 260 4208 165 4282 ground-track-field 1
1646 2730 1676 2742 1631 2817 1603 2804 bridge 0
1820 2865 1843 2881 1813 2920 1786 2905 bridge 0
1889 2364 1917 2380 1750 2612 1729 2600 bridge 0
2178 1558 2199 1555 2193 1684 2172 1679 bridge 0
1725 1260 1748 1276 1691 1329 1672 1312 bridge 0
2371 1854 2397 1873 2360 1915 2330 1892 bridge 0
950 1753 1352 1534 1372 1553 965 1773 bridge 0
2877 2236 2907 2212 2929 2226 2894 2251 bridge 0
3358 2410 3378 2418 3365 2439 3347 2429 bridge 0
3198 2672 3273 2680 3256 2807 3172 2790 ground-track-field 0
2367 3285 2963 2979 2975 2998 2375 3304 bridge 0
2817 4274 3354 4149 3363 4181 2822 4305 bridge 0
3510 3948 3609 3933 3615 3984 3516 3993 ground-track-field 1
3516 2495 3550 2499 3572 2547 3534 2547 bridge 0
3821 2570 3853 2579 3844 2610 3811 2600 bridge 0
3866 2305 3955 2396 3912 2433 3826 2351 ground-track-field 0
656 290 735 212 848 325 765 407 soccer-ball-field 1
