imagesource:JL
gsd:0.72
1163 1869 1173 1882 1162 1892 1152 1882 plane 0
496 2580 500 2591 496 2592 492 2584 plane 1
2356 976 2396 988 2362 1030 2324 1012 bridge 0
365 2578 369 2573 375 2578 370 2583 plane 1
462 2591 465 2601 458 2602 454 2594 plane 1
468 2610 471 2616 464 2618 462 2612 plane 1
473 2624 476 2631 470 2634 466 2627 plane 1
488 2552 492 2562 485 2563 482 2554 plane 1
504 2598 508 2607 500 2610 498 2602 plane 1
3420 651 3452 658 3451 690 3418 684 baseball-diamond 0
509 2614 512 2623 505 2624 503 2617 plane 1
525 2573 534 2571 536 2579 527 2581 plane 1
524 2538 528 2549 521 2552 517 2544 plane 1
825 2318 840 2332 826 2342 816 2333 plane 0
1364 520 1380 520 1380 539 1364 539 storage-tank 0
1201 426 1209 426 1209 436 1201 436 storage-tank 1
2529 1264 2689 1286 2676 1315 2515 1290 bridge 0
2489 1289 2657 1320 2648 1342 2473 1313 bridge 0
3108 1356 3188 1377 3184 1396 3103 1378 bridge 0
3100 1387 3163 1402 3156 1423 3088 1409 bridge 0
3028 2308 3048 2304 3055 2320 3033 2325 bridge 0
3645 458 3819 494 3815 524 3638 490 bridge 0
3560 1434 3580 1440 3563 1488 3547 1484 bridge 0
3738 1509 3756 1514 3749 1552 3730 1544 bridge 0
3780 1523 3793 1528 3782 1568 3769 1563 bridge 0
1172 354 1221 354 1221 407 1172 407 storage-tank 0
1223 427 1267 427 1267 474 1223 474 storage-tank 0
1294 483 1333 483 1333 525 1294 525 storage-tank 0
1433 543 1472 543 1472 582 1433 582 storage-tank 0
1146 680 1198 680 1198 732 1146 732 storage-tank 0
1127 762 1158 762 1158 795 1127 795 storage-tank 0
3904 2012 3960 2012 3960 2067 3904 2067 roundabout 0
2969 510 3002 516 3000 548 2965 544 baseball-diamond 0
662 187 714 176 735 204 679 219 bridge 0
