imagesource:JL
gsd:0.72
3821 2987 3779 2960 3807 2922 3846 2947 plane 0
3781 3047 3738 3019 3764 2979 3807 3006 plane 0
2751 1636 2791 1632 2792 1672 2751 1673 storage-tank 0
2804 1627 2823 1628 2825 1646 2803 1646 storage-tank 0
2783 1613 2803 1615 2807 1637 2782 1635 storage-tank 0
2828 1595 2846 1595 2846 1618 2825 1618 storage-tank 0
2804 1581 2824 1581 2824 1608 2804 1605 storage-tank 0
2875 1466 2903 1465 2902 1491 2874 1491 storage-tank 0
3487 1440 3503 1408 3556 1433 3534 1463 plane 0
3639 3121 3668 3075 3716 3104 3684 3154 plane 0
3668 3069 3696 3030 3733 3058 3702 3101 plane 0
3683 3106 3720 3063 3760 3087 3726 3132 plane 0
3292 1323 3256 1300 3273 1264 3316 1290 plane 0
3736 3030 3780 3056 3741 3104 3702 3076 plane 0
3463 1306 3480 1262 3529 1280 3513 1325 plane 0
3741 1807 3766 1778 3800 1804 3774 1835 plane 0
3838 2807 3801 2782 3836 2730 3874 2756 plane 0
3589 2963 3624 2986 3586 3040 3553 3016 plane 0
3616 3048 3581 3023 3613 2974 3650 2998 plane 0
3635 2991 3671 3016 3633 3071 3596 3044 plane 0
3660 3089 3619 3057 3655 3009 3694 3039 plane 0
3690 3030 3656 3006 3678 2979 3711 3001 plane 0
3705 3052 3675 3026 3694 3002 3724 3025 plane 0
2728 1671 2765 1671 2765 1704 2725 1705 storage-tank 0
