imagesource:JL
gsd:0.72
1787 1627 1779 1604 1815 1596 1822 1618 plane 0
1769 1674 1722 1689 1705 1647 1754 1630 plane 0
1839 2064 1823 2125 1771 2110 1788 2048 plane 0
1654 1958 1665 1920 1702 1934 1689 1971 plane 0
1636 2009 1648 1971 1681 1982 1669 2022 plane 0
1539 3141 1531 3076 1580 3074 1586 3137 plane 0
705 2194 732 2194 732 2222 705 2222 storage-tank 0
675 2198 702 2198 702 2225 675 2225 storage-tank 0
20 2184 19 2154 47 2154 48 2185 plane 0
122 2175 121 2146 150 2145 150 2174 plane 0
119 2109 117 2081 144 2080 146 2108 plane 0
18 2123 17 2088 44 2088 45 2124 plane 0
28 2435 29 2374 78 2376 78 2436 plane 0
394 1870 432 1870 432 1908 394 1908 roundabout 0
271 1738 339 1728 349 1798 284 1809 baseball-diamond 0
