imagesource:JL
gsd:0.72
2975 502 2945 494 2952 452 2981 459 baseball-diamond 0
2922 496 3013 531 2990 686 2890 653 soccer-ball-field 1
406 1926 417 1975 374 1982 365 1931 baseball-diamond 0
301 439 288 399 322 390 331 430 baseball-diamond 0
288 441 259 455 250 416 279 407 baseball-diamond 0
385 409 354 422 344 380 374 372 baseball-diamond 0
3058 412 3092 413 3088 457 3058 456 baseball-diamond 0
2682 437 2757 363 2794 417 2724 495 soccer-ball-field 1
2536 1353 2564 1386 2537 1407 2512 1381 baseball-diamond 0
2380 1250 2424 1211 2498 1327 2455 1365 ground-track-field 0
329 2125 319 2085 354 2073 365 2111 baseball-diamond 0
120 501 116 462 151 460 155 498 baseball-diamond 0
