imagesource:JL
gsd:0.72
655 542 703 540 706 562 657 564 bridge 0
2504 1098 2542 1098 2542 1138 2504 1138 roundabout 0
400 3933 439 3933 439 3975 400 3975 roundabout 0
1435 2983 1460 2983 1460 3010 1435 3010 roundabout 0
1422 2575 1446 2575 1446 2602 1422 2602 roundabout 0
1690 2553 1714 2553 1714 2578 1690 2578 roundabout 0
1591 548 1624 548 1624 583 1591 583 storage-tank 0
1624 545 1660 545 1660 581 1624 581 storage-tank 0
2506 386 2470 400 2455 367 2495 353 plane 0
1749 1189 1793 1189 1793 1237 1749 1237 roundabout 0
1254 1846 1279 1846 1279 1873 1254 1873 roundabout 0
2546 1745 2579 1745 2579 1784 2546 1784 roundabout 0
1794 1801 1836 1801 1836 1844 1794 1844 roundabout 0
2990 2239 3116 2239 3116 2448 2990 2448 ground-track-field 1
3614 3443 3640 3443 3640 3468 3614 3468 roundabout 0
2856 3796 2886 3796 2886 3824 2856 3824 roundabout 0
789 1878 817 1878 817 1910 789 1910 roundabout 0
1224 3983 1245 3983 1245 4001 1224 4001 roundabout 1
561 1870 585 1870 585 1896 561 1896 roundabout 0
