imagesource:JL
gsd:0.72
2704 467 2721 482 2711 493 2696 478 bridge 0
3690 2104 3710 2104 3710 2126 3690 2126 storage-tank 0
2475 3242 2442 3257 2423 3217 2459 3202 plane 0
2661 3041 2657 3014 2679 3011 2682 3040 plane 0
2750 3053 2728 3049 2732 3030 2754 3034 plane 0
2717 3127 2699 3125 2700 3107 2719 3110 plane 0
2759 3101 2761 3078 2780 3081 2778 3104 plane 0
2626 3262 2623 3293 2600 3291 2603 3260 plane 0
981 2767 980 2800 955 2800 955 2768 plane 0
2555 3096 2531 3094 2533 3072 2558 3075 plane 0
2590 3077 2606 3080 2604 3094 2588 3093 plane 0
2576 3076 2589 3078 2588 3090 2576 3088 plane 1
2712 3039 2700 3024 2713 3014 2723 3026 plane 0
2716 3026 2731 3027 2731 3040 2716 3039 plane 0
2728 3128 2740 3130 2739 3145 2726 3143 plane 0
2740 3129 2752 3132 2750 3146 2738 3145 plane 1
2752 3131 2763 3132 2761 3148 2750 3148 plane 0
2765 3133 2765 3117 2778 3119 2776 3134 plane 0
2764 3115 2766 3102 2778 3104 2776 3117 plane 1
2592 3022 2594 3006 2608 3008 2605 3024 plane 0
2701 3090 2700 3108 2686 3108 2687 3088 plane 0
2742 3098 2742 3114 2730 3114 2730 3096 plane 0
2759 3137 2772 3132 2779 3144 2765 3150 plane 1
2700 3108 2698 3124 2686 3123 2688 3106 plane 0
2559 3073 2574 3074 2573 3086 2560 3086 plane 0
2218 2933 2195 2925 2203 2904 2226 2913 plane 0
2719 3108 2719 3093 2731 3094 2730 3108 plane 0
2718 3128 2718 3115 2731 3116 2730 3130 plane 1
2717 3141 2717 3128 2727 3129 2727 3142 plane 1
2537 3345 2530 3398 2484 3395 2489 3341 plane 0
