imagesource:JL
gsd:0.72
2141 2641 2179 2638 2172 2741 2138 2744 bridge 0
2566 2425 2608 2406 2642 2495 2603 2514 bridge 0
1348 1199 1370 1200 1351 1341 1330 1337 bridge 0
1846 877 1808 837 1845 800 1882 839 plane 0
1793 814 1761 783 1791 748 1825 778 plane 0
1757 756 1717 712 1753 674 1794 716 plane 0
1555 641 1585 666 1561 706 1532 682 plane 0
1218 224 1250 237 1241 275 1212 260 plane 0
1257 228 1296 243 1280 283 1238 262 plane 0
1296 223 1328 245 1309 280 1269 260 plane 0
1672 657 1712 626 1750 675 1712 712 plane 0
1682 799 1708 830 1674 855 1649 826 plane 0
1606 761 1629 733 1656 767 1627 796 plane 0
1656 1284 1674 1291 1645 1395 1627 1392 bridge 0
606 655 615 650 632 685 623 692 ship 0
563 665 597 643 648 740 604 762 harbor 0
