imagesource:GoogleEarth
gsd:0.124374474163
271 706 268 727 218 714 220 692 large-vehicle 0
660 1457 640 1453 657 1379 675 1381 large-vehicle 0
189 920 190 904 239 908 236 926 large-vehicle 0
243 926 244 910 298 910 298 929 large-vehicle 0
298 929 300 910 355 914 353 936 large-vehicle 0
536 1293 531 1317 460 1302 465 1276 large-vehicle 0
547 1320 541 1343 478 1329 481 1307 large-vehicle 0
567 1354 547 1349 561 1281 584 1288 large-vehicle 0
607 1370 582 1365 604 1290 624 1295 large-vehicle 0
607 1460 581 1453 600 1375 622 1379 large-vehicle 0
681 1379 661 1370 684 1301 703 1310 large-vehicle 0
660 1372 641 1366 660 1301 680 1308 large-vehicle 0
638 1368 615 1360 632 1296 652 1301 large-vehicle 0
633 1453 613 1446 633 1372 653 1375 large-vehicle 0
952 1730 954 1716 995 1724 994 1738 small-vehicle 0
527 1412 522 1435 444 1417 450 1395 large-vehicle 0
517 1438 511 1461 436 1445 444 1421 large-vehicle 0
508 1471 502 1489 431 1473 436 1450 large-vehicle 0
506 1495 500 1515 425 1500 429 1478 large-vehicle 0
496 1520 487 1546 415 1528 421 1502 large-vehicle 0
487 1548 481 1572 407 1555 409 1531 large-vehicle 0
486 1572 480 1600 407 1584 411 1559 large-vehicle 0
513 1612 507 1635 441 1618 451 1597 large-vehicle 0
504 1637 500 1659 454 1651 457 1629 large-vehicle 0
587 1655 576 1677 506 1659 513 1638 large-vehicle 0
804 1647 799 1668 751 1657 754 1635 large-vehicle 0
420 397 423 375 513 384 509 405 large-vehicle 0
422 428 423 404 520 415 517 440 large-vehicle 0
415 458 416 435 518 445 515 469 large-vehicle 0
415 492 419 468 511 479 509 503 large-vehicle 0
322 336 324 358 269 355 271 331 large-vehicle 0
248 430 254 403 316 411 311 436 large-vehicle 0
306 441 305 464 247 459 249 438 large-vehicle 0
242 485 241 464 304 465 302 486 large-vehicle 0
239 511 244 490 302 495 298 517 large-vehicle 0
242 537 247 518 293 526 290 545 large-vehicle 0
232 559 238 541 294 550 291 568 large-vehicle 0
232 587 240 566 289 579 282 601 large-vehicle 0
233 618 235 596 293 602 290 623 large-vehicle 0
222 642 226 621 284 628 281 648 large-vehicle 0
223 668 221 646 282 650 281 670 large-vehicle 0
226 693 227 673 277 675 273 700 large-vehicle 0
218 750 221 730 278 739 276 760 large-vehicle 0
213 779 212 753 279 757 280 784 large-vehicle 0
273 784 271 808 207 803 209 779 large-vehicle 0
457 775 451 799 370 783 376 757 large-vehicle 0
369 745 373 722 464 737 459 763 large-vehicle 0
397 719 400 697 453 707 449 727 large-vehicle 0
385 679 391 657 458 672 453 697 large-vehicle 0
387 619 391 595 484 607 482 632 large-vehicle 0
421 588 425 565 493 577 488 599 large-vehicle 0
420 557 424 533 497 542 494 568 large-vehicle 0
440 530 440 504 500 509 497 535 large-vehicle 0
643 1627 648 1606 723 1620 720 1643 large-vehicle 0
649 1599 655 1581 733 1596 728 1617 large-vehicle 0
654 1577 660 1558 736 1571 733 1593 large-vehicle 0
840 1638 816 1632 835 1557 855 1561 large-vehicle 0
956 1407 962 1384 1034 1399 1030 1422 large-vehicle 0
948 1433 953 1412 1030 1429 1025 1451 large-vehicle 0
945 1465 949 1443 1025 1457 1022 1479 large-vehicle 0
1016 1490 1015 1511 957 1501 959 1479 large-vehicle 0
932 1518 935 1500 1012 1512 1009 1531 large-vehicle 0
935 1548 938 1527 998 1538 994 1560 large-vehicle 0
198 1152 199 1137 230 1140 229 1155 small-vehicle 0
139 1359 141 1345 180 1348 177 1364 small-vehicle 0
23 1272 25 1258 57 1263 56 1276 small-vehicle 0
3 1460 4 1445 39 1449 36 1465 small-vehicle 0
79 1101 81 1085 113 1089 112 1106 small-vehicle 1
952 1731 955 1714 996 1725 993 1740 small-vehicle 0
933 1687 936 1671 974 1680 971 1695 small-vehicle 0
931 1654 934 1637 973 1644 970 1661 small-vehicle 0
981 1623 979 1639 940 1632 943 1616 small-vehicle 0
985 1564 982 1581 940 1573 944 1556 small-vehicle 0
960 1381 964 1361 1032 1372 1031 1392 large-vehicle 0
892 1534 871 1528 889 1452 911 1457 large-vehicle 0
659 1552 665 1533 741 1549 736 1572 large-vehicle 0
921 1542 898 1537 913 1458 935 1463 large-vehicle 0
664 1530 669 1508 747 1524 741 1547 large-vehicle 0
667 1506 673 1484 751 1499 746 1524 large-vehicle 0
677 1479 682 1459 760 1476 755 1499 large-vehicle 0
686 1459 691 1436 768 1453 762 1477 large-vehicle 0
691 1432 696 1415 775 1429 771 1452 large-vehicle 0
700 1415 704 1392 784 1406 780 1431 large-vehicle 0
706 1389 709 1368 789 1384 784 1406 large-vehicle 0
710 1369 715 1344 784 1361 779 1384 large-vehicle 0
720 1346 723 1321 782 1332 779 1355 large-vehicle 0
867 1393 863 1416 789 1400 792 1380 large-vehicle 0
861 1417 855 1438 789 1422 793 1403 large-vehicle 0
862 1440 857 1461 782 1445 787 1424 large-vehicle 0
853 1463 847 1484 773 1470 777 1448 large-vehicle 0
842 1487 839 1508 763 1490 766 1468 large-vehicle 0
834 1515 829 1535 757 1518 762 1497 large-vehicle 0
833 1538 829 1559 753 1542 758 1524 large-vehicle 0
828 1568 825 1590 750 1575 752 1553 large-vehicle 0
814 1592 810 1615 741 1597 746 1577 large-vehicle 0
814 1619 810 1640 740 1626 747 1604 large-vehicle 0
887 1441 867 1433 878 1361 900 1364 large-vehicle 0
866 1537 843 1530 862 1455 886 1462 large-vehicle 0
909 1353 931 1359 913 1433 891 1426 large-vehicle 0
940 1449 915 1440 935 1367 957 1372 large-vehicle 0
107 285 104 310 58 304 61 279 large-vehicle 0
