imagesource:GoogleEarth
gsd:0.113371032129
1066 964 1064 941 1133 937 1135 962 large-vehicle 0
392 670 387 647 440 632 445 659 large-vehicle 0
265 621 261 599 315 585 318 610 large-vehicle 0
205 631 201 609 261 596 264 620 large-vehicle 0
381 619 378 599 430 588 434 610 large-vehicle 0
325 633 320 612 374 599 378 621 large-vehicle 0
269 645 263 623 319 609 326 633 large-vehicle 0
211 653 206 633 263 619 268 644 large-vehicle 0
330 657 323 636 380 622 383 646 large-vehicle 0
375 598 371 578 426 567 430 590 large-vehicle 0
273 667 267 646 324 631 327 655 large-vehicle 0
216 679 214 656 268 642 273 667 large-vehicle 0
836 631 857 632 855 693 832 690 large-vehicle 0
660 729 681 732 675 791 652 789 large-vehicle 0
700 799 677 797 687 734 707 736 large-vehicle 0
28 1005 8 1001 18 951 37 954 small-vehicle 0
320 609 314 586 371 574 376 599 large-vehicle 0
205 607 202 584 256 572 259 595 large-vehicle 0
104 1024 85 1021 99 962 117 967 small-vehicle 0
883 482 880 508 789 501 793 474 large-vehicle 0
999 401 994 426 897 421 898 392 large-vehicle 0
996 430 992 460 889 451 891 421 large-vehicle 0
994 461 992 492 892 481 895 455 large-vehicle 0
992 490 989 521 888 508 891 481 large-vehicle 0
983 523 981 549 876 541 881 512 large-vehicle 0
896 547 894 574 796 570 798 539 large-vehicle 0
889 452 886 482 787 467 792 441 large-vehicle 0
263 597 258 575 310 562 316 586 large-vehicle 0
885 417 881 449 778 439 782 410 large-vehicle 0
703 350 728 351 723 452 694 449 large-vehicle 0
280 567 275 546 328 533 334 557 large-vehicle 0
340 557 336 537 387 525 392 547 large-vehicle 0
374 575 370 555 423 544 425 566 large-vehicle 0
321 583 316 564 369 552 374 577 large-vehicle 0
83 997 63 993 74 946 92 950 small-vehicle 0
46 434 42 414 103 402 107 421 small-vehicle 0
1096 987 1094 966 1164 964 1165 991 large-vehicle 0
1150 799 1152 778 1208 783 1207 807 large-vehicle 0
1043 845 1043 825 1099 824 1098 848 large-vehicle 0
1043 824 1043 803 1101 803 1101 825 large-vehicle 0
1136 885 1138 865 1196 874 1192 894 large-vehicle 0
1138 865 1141 845 1198 851 1196 875 large-vehicle 0
1143 842 1146 821 1203 829 1199 852 large-vehicle 0
1146 820 1150 801 1205 808 1203 829 large-vehicle 0
1156 777 1160 756 1211 762 1207 785 large-vehicle 0
1040 892 1038 869 1098 867 1098 892 large-vehicle 0
1158 755 1161 730 1215 738 1212 761 large-vehicle 0
1134 719 1154 723 1147 784 1125 781 large-vehicle 0
1179 721 1181 701 1234 708 1232 728 large-vehicle 0
1181 700 1183 678 1237 685 1234 708 large-vehicle 0
1087 1052 1089 1026 1159 1032 1156 1060 large-vehicle 0
1079 1019 1077 997 1146 997 1147 1021 large-vehicle 0
1042 868 1042 844 1099 846 1099 870 large-vehicle 0
1040 913 1041 891 1096 892 1096 914 large-vehicle 0
217 421 218 439 180 438 180 422 small-vehicle 0
799 302 816 302 816 339 798 339 small-vehicle 1
295 434 295 418 335 420 335 436 small-vehicle 0
745 803 742 820 704 815 707 799 small-vehicle 0
709 791 710 773 747 774 747 793 small-vehicle 0
709 765 711 745 767 748 764 771 small-vehicle 0
717 736 712 714 768 708 771 729 small-vehicle 0
742 359 759 360 756 404 738 402 small-vehicle 0
700 838 706 817 747 826 742 844 small-vehicle 1
1041 936 1041 913 1110 913 1110 939 large-vehicle 0
998 363 999 392 897 391 897 361 large-vehicle 0
