imagesource:GoogleEarth
gsd:0.118238046953
1827 2243 1820 2227 1848 2215 1855 2229 small-vehicle 0
1825 2088 1817 2074 1849 2059 1856 2074 small-vehicle 0
1141 596 1162 587 1191 649 1172 657 large-vehicle 0
1145 649 1164 640 1185 685 1164 693 large-vehicle 0
1163 694 1143 699 1124 657 1144 648 large-vehicle 0
1104 666 1123 658 1141 704 1123 710 large-vehicle 0
1083 624 1103 613 1125 656 1104 666 large-vehicle 0
1115 595 1136 583 1157 628 1139 637 large-vehicle 0
1092 546 1111 538 1133 582 1115 592 large-vehicle 0
277 1008 296 1012 286 1070 261 1064 large-vehicle 0
324 813 349 821 335 887 308 881 large-vehicle 0
290 1188 262 1185 292 1039 321 1046 large-vehicle 0
326 913 355 922 324 1043 290 1036 large-vehicle 0
277 1486 297 1476 325 1526 301 1537 large-vehicle 0
353 1597 328 1606 306 1549 331 1539 large-vehicle 0
354 1601 364 1622 313 1645 301 1624 large-vehicle 0
365 1625 376 1647 321 1670 310 1650 large-vehicle 0
334 1702 324 1679 384 1653 395 1675 large-vehicle 0
399 1681 408 1703 346 1728 337 1707 large-vehicle 0
495 1908 519 1897 544 1957 520 1968 large-vehicle 0
448 1970 436 1944 492 1915 506 1937 large-vehicle 0
499 2005 491 1979 552 1968 559 1992 large-vehicle 0
777 1852 785 1874 724 1898 713 1877 large-vehicle 0
713 1876 721 1897 666 1917 655 1893 large-vehicle 0
619 2003 610 1984 661 1964 672 1983 large-vehicle 0
690 1975 681 1955 727 1936 736 1957 large-vehicle 0
741 1989 735 1966 804 1941 814 1968 large-vehicle 0
709 2018 706 1992 781 1979 786 2005 large-vehicle 0
739 2034 737 2012 791 2005 795 2027 large-vehicle 0
1204 626 1184 635 1161 587 1180 577 large-vehicle 0
1199 616 1217 607 1244 661 1224 672 large-vehicle 0
1241 710 1265 705 1282 746 1261 751 large-vehicle 0
970 464 978 484 938 501 928 481 large-vehicle 0
584 373 566 381 540 330 560 320 large-vehicle 0
521 339 541 329 564 379 544 388 large-vehicle 0
941 230 963 219 1004 305 979 317 large-vehicle 0
893 244 911 234 936 285 917 295 large-vehicle 0
1068 549 1088 539 1113 594 1093 602 large-vehicle 0
345 947 370 952 360 1016 332 1012 large-vehicle 0
360 1048 383 1057 366 1111 339 1104 large-vehicle 0
325 1039 350 1044 335 1108 308 1105 large-vehicle 0
310 1103 333 1109 321 1169 295 1163 large-vehicle 0
906 273 916 293 861 319 850 301 large-vehicle 0
921 314 928 333 891 352 880 332 large-vehicle 0
938 328 946 346 893 374 883 355 large-vehicle 0
990 495 1000 515 963 537 952 519 large-vehicle 0
1188 735 1206 728 1227 772 1208 781 large-vehicle 0
1013 510 1021 530 973 552 963 535 large-vehicle 0
1006 536 1015 556 975 575 964 556 large-vehicle 0
1011 558 1019 577 980 594 970 577 large-vehicle 0
1017 576 1026 596 987 615 977 599 large-vehicle 0
1040 587 1049 610 996 635 985 616 large-vehicle 0
1054 624 1064 645 1012 671 1001 655 large-vehicle 0
1052 650 1061 668 1023 687 1011 669 large-vehicle 0
1088 699 1099 717 1052 741 1041 723 large-vehicle 0
1108 759 1117 779 1079 795 1069 778 large-vehicle 0
1112 771 1130 763 1151 809 1133 815 large-vehicle 0
1132 759 1149 750 1174 795 1152 804 large-vehicle 0
1170 741 1188 733 1208 779 1190 786 large-vehicle 0
742 2059 738 2038 795 2030 797 2051 large-vehicle 0
902 2117 897 2088 970 2067 979 2095 large-vehicle 0
909 2145 902 2120 982 2097 989 2126 large-vehicle 0
1632 2501 1613 2504 1604 2467 1621 2463 small-vehicle 0
1003 209 1020 202 1037 239 1021 247 small-vehicle 0
69 2539 84 2534 96 2569 79 2575 small-vehicle 0
44 2545 61 2539 73 2576 56 2581 small-vehicle 0
573 2327 556 2333 541 2303 555 2295 small-vehicle 0
450 2170 434 2178 420 2146 434 2138 small-vehicle 0
16 2108 10 2095 39 2082 45 2097 small-vehicle 0
250 1018 235 1015 242 986 256 987 small-vehicle 0
1608 2375 1624 2370 1633 2408 1616 2411 small-vehicle 0
1568 2382 1585 2378 1593 2414 1577 2418 small-vehicle 0
1685 2357 1703 2355 1711 2393 1694 2396 small-vehicle 1
1810 2340 1825 2337 1831 2372 1816 2375 small-vehicle 0
1810 2467 1792 2471 1784 2435 1802 2432 small-vehicle 0
1535 1169 1527 1154 1571 1131 1580 1148 large-vehicle 0
1740 117 1744 141 1692 149 1688 127 large-vehicle 0
1483 1204 1467 1213 1447 1176 1465 1166 large-vehicle 0
1431 1184 1445 1179 1459 1211 1445 1215 small-vehicle 0
1985 1109 2004 1105 2009 1148 1991 1151 small-vehicle 0
1970 1017 1966 1003 2006 997 2008 1012 large-vehicle 0
1999 977 2002 993 1966 999 1964 985 large-vehicle 0
1959 980 1957 965 1996 959 1997 975 large-vehicle 0
1956 960 1954 945 1996 938 1997 956 large-vehicle 0
1978 1677 1975 1697 1928 1689 1933 1668 large-vehicle 0
1982 1640 1978 1657 1944 1650 1946 1633 small-vehicle 0
1929 1729 1932 1715 1965 1721 1962 1738 small-vehicle 0
1861 2097 1869 2109 1840 2124 1833 2111 small-vehicle 0
1917 1767 1920 1750 1956 1758 1954 1774 small-vehicle 0
886 670 903 661 932 719 913 728 large-vehicle 0
1436 1594 1417 1601 1387 1547 1406 1537 large-vehicle 0
924 2172 917 2146 997 2124 1002 2150 large-vehicle 0
1604 2009 1624 2001 1658 2066 1637 2077 large-vehicle 0
983 2247 974 2224 1033 2205 1042 2228 large-vehicle 0
945 2250 961 2232 1021 2279 1004 2301 large-vehicle 0
828 2196 810 2206 788 2162 807 2152 large-vehicle 0
590 2153 579 2172 512 2130 528 2112 large-vehicle 0
519 2321 502 2331 475 2275 495 2266 large-vehicle 0
419 2354 402 2359 385 2315 402 2308 large-vehicle 0
398 2361 381 2367 366 2328 382 2321 large-vehicle 0
271 2359 294 2354 304 2399 282 2401 large-vehicle 0
783 2541 789 2561 738 2576 730 2557 large-vehicle 0
1709 2175 1731 2164 1766 2228 1741 2240 large-vehicle 0
1691 2187 1715 2180 1741 2243 1716 2252 large-vehicle 0
1650 2102 1671 2090 1701 2159 1679 2169 large-vehicle 0
1633 2010 1656 2000 1688 2068 1664 2077 large-vehicle 0
1429 1719 1412 1726 1390 1684 1409 1676 large-vehicle 0
1575 1952 1595 1944 1624 1999 1604 2009 large-vehicle 0
1591 1930 1615 1921 1648 1987 1626 2000 large-vehicle 0
1552 1971 1575 1962 1608 2028 1583 2041 large-vehicle 0
1557 2027 1576 2020 1606 2085 1585 2095 large-vehicle 0
1523 2106 1546 2095 1578 2163 1555 2172 large-vehicle 0
1492 2123 1506 2146 1451 2172 1438 2154 large-vehicle 0
1495 2032 1501 2048 1462 2066 1453 2048 large-vehicle 0
1563 1872 1583 1861 1609 1912 1586 1924 large-vehicle 0
1464 1864 1447 1870 1430 1832 1445 1823 large-vehicle 0
1364 1857 1384 1848 1406 1892 1384 1901 large-vehicle 0
1310 1899 1299 1882 1333 1858 1345 1877 large-vehicle 0
1310 1864 1299 1844 1340 1820 1350 1839 large-vehicle 0
786 273 770 281 744 226 759 218 large-vehicle 0
