imagesource:GoogleEarth
gsd:0.12436954712
450 876 463 865 487 896 474 906 small-vehicle 0
190 584 212 569 255 632 236 647 large-vehicle 0
437 595 423 575 483 527 500 545 large-vehicle 0
420 570 406 550 466 501 481 524 large-vehicle 0
406 546 392 527 450 477 467 499 large-vehicle 0
388 522 374 504 434 457 450 477 large-vehicle 0
372 504 355 484 421 438 433 458 large-vehicle 0
357 484 343 465 403 417 420 441 large-vehicle 0
338 462 322 444 387 396 401 418 large-vehicle 0
327 435 312 418 371 364 389 384 large-vehicle 0
285 374 267 355 334 308 346 329 large-vehicle 0
275 350 260 330 322 282 340 305 large-vehicle 0
254 325 238 306 302 259 317 279 large-vehicle 0
241 299 226 281 287 234 304 257 large-vehicle 0
225 275 210 255 272 210 287 233 large-vehicle 0
177 270 157 283 112 219 130 205 large-vehicle 0
201 252 179 266 135 202 156 188 large-vehicle 0
328 70 343 92 281 134 266 118 large-vehicle 0
367 1 381 19 316 63 300 43 large-vehicle 0
448 624 432 605 492 558 508 580 large-vehicle 0
296 499 311 518 256 569 237 551 large-vehicle 0
274 838 282 853 252 875 241 863 small-vehicle 0
279 475 296 494 237 546 217 530 large-vehicle 0
269 789 277 803 251 823 240 809 small-vehicle 0
153 799 140 808 116 777 130 768 small-vehicle 0
241 114 258 104 281 141 266 151 small-vehicle 0
434 689 424 675 451 656 460 670 small-vehicle 0
318 522 333 539 294 574 280 562 small-vehicle 0
324 394 314 379 350 357 358 373 small-vehicle 0
118 482 136 471 168 512 151 526 large-vehicle 0
176 445 164 432 187 405 201 418 small-vehicle 0
150 443 137 429 164 404 176 417 small-vehicle 0
65 302 53 312 32 283 45 273 small-vehicle 0
91 300 76 311 51 274 64 265 small-vehicle 0
110 282 96 293 70 260 84 248 small-vehicle 0
134 267 121 276 95 240 110 229 small-vehicle 0
399 1 422 1 439 27 423 38 small-vehicle 0
185 497 174 481 219 452 230 470 large-vehicle 0
182 357 196 377 136 426 118 408 large-vehicle 0
262 453 276 476 216 524 199 506 large-vehicle 0
161 8 175 31 112 72 96 55 large-vehicle 0
