imagesource:GoogleEarth
gsd:0.106666304917
1063 982 1049 1009 939 949 952 922 large-vehicle 0
280 637 252 626 293 541 318 552 large-vehicle 0
529 652 556 666 526 741 494 728 large-vehicle 0
470 628 494 641 461 719 435 706 large-vehicle 0
406 686 377 674 413 594 441 606 large-vehicle 0
409 550 399 578 315 543 326 518 large-vehicle 0
347 594 368 610 339 655 315 641 large-vehicle 0
306 647 282 638 326 552 350 565 large-vehicle 0
695 704 717 721 666 796 640 780 large-vehicle 0
1138 761 1151 735 1235 771 1224 799 large-vehicle 0
743 691 730 715 659 679 675 652 large-vehicle 0
939 604 949 579 1021 606 1012 632 large-vehicle 0
1687 904 1679 929 1579 890 1589 865 large-vehicle 0
1672 934 1664 960 1564 924 1571 899 large-vehicle 0
1314 832 1324 806 1408 837 1399 861 large-vehicle 0
559 651 587 665 548 748 526 739 large-vehicle 0
557 615 544 641 426 586 438 560 large-vehicle 0
754 619 746 643 657 612 666 584 large-vehicle 0
890 664 901 643 959 666 948 689 large-vehicle 0
949 620 940 641 890 618 897 597 large-vehicle 0
896 677 888 701 813 670 824 644 large-vehicle 0
906 706 917 681 1000 717 990 742 large-vehicle 0
636 647 663 668 575 804 544 789 large-vehicle 0
725 712 750 731 699 809 673 792 large-vehicle 0
752 726 777 742 728 817 700 802 large-vehicle 0
801 766 828 782 798 834 776 819 large-vehicle 0
841 761 869 780 819 859 792 840 large-vehicle 0
927 802 941 776 1026 810 1015 839 large-vehicle 0
906 791 936 808 896 888 864 876 large-vehicle 0
941 814 968 833 919 906 894 891 large-vehicle 0
973 823 1001 839 956 921 924 901 large-vehicle 0
999 838 1027 852 987 936 955 919 large-vehicle 0
1225 797 1238 772 1321 806 1312 833 large-vehicle 0
1201 919 1227 936 1185 1012 1157 993 large-vehicle 0
1137 906 1165 924 1121 1000 1090 982 large-vehicle 0
1440 878 1451 865 1480 890 1469 903 small-vehicle 1
1043 681 1032 698 991 670 1001 653 small-vehicle 0
1148 719 1150 738 1107 744 1104 725 small-vehicle 1
1319 981 1296 982 1291 937 1314 935 small-vehicle 1
1525 866 1548 870 1537 925 1514 920 small-vehicle 0
1729 960 1710 952 1726 913 1744 920 small-vehicle 1
1754 964 1737 953 1752 919 1768 926 small-vehicle 1
1489 865 1509 866 1508 904 1488 904 small-vehicle 1
1168 917 1193 935 1148 1012 1119 995 large-vehicle 0
120 1188 124 1173 164 1182 160 1199 small-vehicle 0
405 1191 385 1183 401 1141 420 1149 small-vehicle 0
281 1226 294 1211 334 1241 320 1257 small-vehicle 1
956 683 964 668 1005 688 999 703 small-vehicle 0
1186 792 1175 821 1089 786 1101 759 large-vehicle 0
1335 853 1325 877 1171 822 1185 795 large-vehicle 0
1270 731 1281 703 1390 742 1382 769 large-vehicle 0
1132 681 1142 652 1252 698 1242 724 large-vehicle 0
1016 638 1027 608 1114 643 1103 671 large-vehicle 0
1025 852 1051 864 1012 948 984 932 large-vehicle 0
1050 862 1078 878 1038 960 1012 944 large-vehicle 0
1086 874 1110 892 1070 974 1039 956 large-vehicle 0
1110 892 1136 909 1093 988 1068 972 large-vehicle 0
