imagesource:GoogleEarth
gsd:0.124292662993
6 520 1 505 37 495 42 509 small-vehicle 0
121 525 117 506 152 502 156 519 small-vehicle 0
379 528 372 506 452 486 457 508 large-vehicle 0
408 547 404 527 488 505 494 533 large-vehicle 0
410 576 402 552 487 531 493 558 large-vehicle 0
419 606 411 583 492 553 501 578 large-vehicle 0
361 606 387 599 410 669 384 681 large-vehicle 0
337 622 363 620 377 693 349 698 large-vehicle 0
307 631 337 631 346 701 323 705 large-vehicle 0
249 645 277 643 287 717 262 720 large-vehicle 0
280 641 308 636 321 708 296 714 large-vehicle 0
221 663 250 657 263 728 237 733 large-vehicle 0
175 654 182 675 109 699 103 678 large-vehicle 0
208 582 214 603 137 624 132 602 large-vehicle 0
124 603 130 627 57 646 49 623 large-vehicle 0
170 539 177 558 96 580 89 559 large-vehicle 0
226 839 245 832 262 873 240 881 large-vehicle 0
190 669 214 662 232 731 211 738 large-vehicle 0
77 830 70 814 104 803 109 819 small-vehicle 0
173 857 190 853 201 889 186 893 small-vehicle 0
177 398 193 393 209 427 190 431 small-vehicle 0
155 397 171 392 183 426 167 428 small-vehicle 0
137 401 151 398 160 427 145 431 small-vehicle 0
117 407 133 403 144 437 128 441 small-vehicle 0
169 388 155 389 148 359 163 356 small-vehicle 0
364 503 357 480 439 459 444 483 large-vehicle 0
