imagesource:GoogleEarth
gsd:0.120633452133
871 2129 864 2148 826 2128 835 2111 small-vehicle 0
612 1195 610 1174 651 1175 650 1196 small-vehicle 0
545 1064 524 1063 526 1019 543 1020 small-vehicle 0
567 1016 587 1018 586 1061 567 1060 small-vehicle 0
588 1024 608 1026 607 1062 586 1060 small-vehicle 0
664 1010 685 1013 683 1054 663 1053 small-vehicle 0
692 1012 714 1014 714 1054 694 1052 small-vehicle 0
723 1014 743 1016 742 1057 723 1057 small-vehicle 0
753 1000 751 979 791 980 791 998 small-vehicle 0
755 1031 753 1012 793 1012 795 1031 small-vehicle 0
754 1061 754 1041 793 1044 793 1063 small-vehicle 0
618 1089 618 1069 655 1072 654 1091 small-vehicle 0
524 1132 523 1113 558 1113 558 1133 small-vehicle 0
570 1117 590 1118 590 1157 570 1157 small-vehicle 0
458 1152 458 1132 499 1133 498 1154 small-vehicle 0
456 1174 457 1155 500 1157 498 1175 small-vehicle 0
558 1136 557 1153 524 1152 523 1135 small-vehicle 0
521 1172 521 1155 558 1156 557 1174 small-vehicle 0
562 1177 562 1196 523 1196 523 1176 small-vehicle 0
521 1214 520 1196 556 1197 554 1214 small-vehicle 0
455 1195 455 1175 500 1175 499 1195 small-vehicle 0
465 1211 466 1195 499 1197 498 1214 small-vehicle 0
458 1232 460 1213 500 1215 498 1237 small-vehicle 0
521 1271 519 1254 556 1255 556 1272 small-vehicle 0
611 1134 608 1115 647 1115 648 1135 small-vehicle 0
611 1155 611 1135 648 1135 648 1156 small-vehicle 0
613 1172 612 1155 646 1156 646 1173 small-vehicle 0
654 1135 652 1114 689 1116 691 1137 small-vehicle 0
654 1157 651 1138 689 1135 690 1154 small-vehicle 0
4 1113 24 1115 23 1157 3 1156 small-vehicle 0
28 1107 10 1106 10 1064 28 1064 small-vehicle 0
1558 843 1560 867 1517 866 1515 845 small-vehicle 0
1272 645 1255 644 1257 606 1275 607 small-vehicle 0
1174 980 1194 983 1194 1020 1172 1020 small-vehicle 0
1307 968 1308 986 1267 983 1266 965 small-vehicle 0
1266 965 1266 946 1311 946 1311 966 small-vehicle 0
1271 943 1270 925 1309 926 1310 945 small-vehicle 0
1271 924 1271 904 1308 905 1308 927 small-vehicle 0
1276 903 1275 883 1313 883 1313 905 small-vehicle 0
1271 883 1271 864 1311 864 1310 884 small-vehicle 0
1276 862 1276 843 1312 845 1313 864 small-vehicle 0
1274 842 1272 824 1310 825 1310 844 small-vehicle 0
1267 801 1266 781 1310 782 1309 802 small-vehicle 0
1256 754 1238 749 1246 718 1263 723 small-vehicle 0
1264 701 1246 698 1252 656 1269 659 small-vehicle 0
1277 563 1259 561 1257 522 1276 521 small-vehicle 0
1443 815 1466 816 1464 865 1442 865 small-vehicle 0
1278 494 1260 494 1258 453 1276 453 small-vehicle 0
1465 554 1447 553 1447 515 1464 515 small-vehicle 0
1517 554 1518 535 1561 540 1559 560 small-vehicle 0
1464 657 1443 657 1443 617 1464 618 small-vehicle 0
1512 622 1509 605 1548 604 1548 622 small-vehicle 0
1519 643 1518 624 1563 623 1563 643 small-vehicle 0
1445 666 1463 667 1464 706 1444 706 small-vehicle 0
1555 667 1556 687 1517 686 1515 666 small-vehicle 0
1464 778 1444 778 1443 734 1465 734 small-vehicle 0
1517 717 1519 699 1561 705 1559 724 small-vehicle 0
1522 775 1520 757 1562 759 1562 777 small-vehicle 0
1522 753 1522 735 1564 738 1564 758 small-vehicle 0
653 1174 652 1157 686 1159 686 1175 small-vehicle 0
612 1211 614 1194 646 1200 644 1217 small-vehicle 0
1154 1023 1135 1024 1134 986 1153 986 small-vehicle 0
653 1196 654 1173 689 1176 690 1197 small-vehicle 0
610 1520 595 1505 624 1475 639 1492 small-vehicle 0
639 1497 649 1514 622 1534 611 1519 small-vehicle 0
633 1551 621 1535 652 1512 665 1531 small-vehicle 0
679 1543 690 1564 654 1581 643 1565 small-vehicle 0
691 1562 700 1580 670 1598 659 1581 small-vehicle 0
701 1580 711 1598 677 1619 666 1603 small-vehicle 0
719 1613 728 1632 698 1648 689 1634 small-vehicle 0
748 1720 734 1706 764 1676 777 1689 small-vehicle 0
799 1754 780 1748 791 1706 808 1711 small-vehicle 0
850 1761 835 1759 836 1719 850 1720 small-vehicle 0
740 1133 740 1114 780 1117 780 1135 small-vehicle 0
781 1134 780 1117 821 1118 821 1136 small-vehicle 0
740 1156 741 1135 777 1137 778 1157 small-vehicle 0
785 1156 782 1135 822 1137 822 1157 small-vehicle 0
739 1175 738 1157 774 1160 774 1178 small-vehicle 0
822 1159 822 1178 783 1175 781 1158 small-vehicle 0
740 1196 739 1178 776 1178 776 1197 small-vehicle 0
781 1194 781 1177 817 1177 816 1196 small-vehicle 0
737 1214 736 1198 775 1199 775 1218 small-vehicle 0
780 1215 780 1196 816 1196 816 1216 small-vehicle 0
734 1233 734 1217 772 1218 771 1234 small-vehicle 0
773 1234 773 1218 814 1218 814 1236 small-vehicle 0
736 1255 736 1237 774 1238 774 1257 small-vehicle 0
736 1277 735 1258 777 1258 778 1278 small-vehicle 0
781 1279 779 1299 742 1293 742 1276 small-vehicle 0
822 1260 822 1280 786 1278 784 1259 small-vehicle 0
817 1279 818 1298 782 1298 781 1278 small-vehicle 0
594 1504 580 1490 607 1459 620 1472 small-vehicle 0
580 1493 563 1481 588 1446 604 1459 small-vehicle 0
559 1477 545 1468 568 1434 582 1447 small-vehicle 0
650 1271 650 1251 687 1257 684 1275 small-vehicle 0
651 1212 650 1197 692 1198 692 1217 small-vehicle 0
499 1256 499 1276 463 1275 462 1256 small-vehicle 0
499 1277 499 1294 460 1293 460 1274 small-vehicle 0
496 1315 496 1335 460 1334 460 1313 small-vehicle 0
357 1260 356 1241 400 1241 400 1261 small-vehicle 0
397 1272 398 1292 363 1289 363 1270 small-vehicle 0
359 1315 360 1298 394 1299 395 1316 small-vehicle 0
356 1350 357 1332 397 1334 398 1353 small-vehicle 0
559 1296 558 1314 523 1313 522 1294 small-vehicle 0
520 1351 518 1332 562 1331 562 1352 small-vehicle 0
650 1249 651 1228 689 1234 688 1255 small-vehicle 0
612 1272 612 1255 647 1255 646 1273 small-vehicle 0
654 1293 652 1277 687 1276 686 1291 small-vehicle 0
545 1468 526 1458 539 1419 557 1426 small-vehicle 0
611 1315 611 1295 646 1296 645 1313 small-vehicle 0
690 1298 689 1316 652 1313 652 1296 small-vehicle 0
610 1335 608 1315 649 1315 649 1335 small-vehicle 0
652 1332 651 1315 683 1316 683 1334 small-vehicle 0
608 1353 608 1336 648 1336 648 1356 small-vehicle 0
651 1357 651 1338 689 1338 690 1358 small-vehicle 0
608 1374 608 1355 648 1357 648 1374 small-vehicle 0
649 1391 650 1374 686 1377 685 1395 small-vehicle 0
681 1399 681 1420 645 1416 644 1397 small-vehicle 0
424 1438 404 1433 411 1395 428 1399 small-vehicle 0
431 1399 448 1403 443 1439 427 1437 small-vehicle 0
483 1449 466 1443 473 1408 489 1411 small-vehicle 0
1172 1022 1155 1021 1155 983 1174 983 small-vehicle 0
1112 1022 1092 1018 1094 981 1113 982 small-vehicle 0
820 1300 820 1319 780 1317 779 1298 small-vehicle 0
998 600 997 621 958 621 958 601 small-vehicle 0
789 876 810 877 809 920 789 918 small-vehicle 0
879 760 898 759 897 804 878 803 small-vehicle 0
902 760 921 764 914 807 896 802 small-vehicle 0
922 761 940 761 942 799 924 801 small-vehicle 0
964 803 946 803 946 763 965 763 small-vehicle 0
895 889 877 888 875 849 894 849 small-vehicle 0
856 891 874 892 875 928 857 927 small-vehicle 0
897 847 915 849 915 885 899 884 small-vehicle 0
879 891 898 892 898 936 880 936 small-vehicle 0
900 894 918 895 919 933 900 933 small-vehicle 0
937 891 918 889 918 848 936 849 small-vehicle 0
917 891 936 892 938 932 920 933 small-vehicle 0
957 893 937 892 937 851 956 852 small-vehicle 0
936 893 954 894 955 930 938 930 small-vehicle 0
976 894 957 894 956 854 974 855 small-vehicle 0
959 895 980 898 978 934 959 932 small-vehicle 0
31 959 12 956 16 912 37 914 small-vehicle 0
1001 421 1001 441 968 440 968 421 small-vehicle 0
1003 440 1002 460 965 460 964 439 small-vehicle 0
1003 462 1004 483 963 482 963 462 small-vehicle 0
1004 480 1003 500 963 500 962 481 small-vehicle 0
999 500 998 519 963 517 962 499 small-vehicle 0
1005 521 1005 541 958 541 958 522 small-vehicle 0
999 540 1002 559 966 563 963 544 small-vehicle 0
994 561 994 579 957 578 955 560 small-vehicle 0
876 815 859 820 849 782 867 779 small-vehicle 0
950 740 933 740 932 699 949 700 small-vehicle 0
929 740 912 739 911 695 928 695 small-vehicle 0
761 501 762 483 799 485 799 503 small-vehicle 0
414 38 412 12 504 5 506 28 large-vehicle 0
69 90 52 78 85 32 100 44 small-vehicle 0
864 137 849 138 846 95 862 95 small-vehicle 0
849 179 867 174 878 211 860 216 small-vehicle 0
873 92 890 92 892 126 874 128 small-vehicle 0
872 135 891 132 899 171 881 175 small-vehicle 0
886 190 901 183 921 220 906 226 small-vehicle 0
917 243 927 226 959 246 952 260 small-vehicle 0
871 347 889 349 888 385 869 384 small-vehicle 0
916 388 900 388 898 346 916 348 small-vehicle 0
758 418 759 401 802 405 800 423 small-vehicle 0
762 472 762 454 797 455 797 474 small-vehicle 0
762 530 762 512 798 514 797 532 small-vehicle 0
905 741 888 740 885 697 902 698 small-vehicle 0
760 591 759 572 798 574 798 594 small-vehicle 0
930 449 918 466 884 438 895 424 small-vehicle 0
893 452 895 471 863 473 859 454 small-vehicle 0
857 490 855 471 892 471 893 490 small-vehicle 0
894 492 894 511 859 510 858 490 small-vehicle 0
894 511 895 530 860 531 860 511 small-vehicle 0
894 532 894 551 858 549 857 530 small-vehicle 0
894 551 896 571 859 571 856 551 small-vehicle 0
897 571 897 591 855 589 855 570 small-vehicle 0
895 591 896 608 862 611 859 591 small-vehicle 0
901 611 900 631 856 629 856 609 small-vehicle 0
845 673 826 674 824 632 842 631 small-vehicle 0
997 580 996 601 956 601 955 581 small-vehicle 0
996 622 996 642 955 640 957 620 small-vehicle 0
1092 1024 1073 1022 1073 980 1091 980 small-vehicle 0
997 651 997 670 957 670 957 648 small-vehicle 0
998 671 998 693 951 693 951 673 small-vehicle 0
990 805 970 804 969 763 990 763 small-vehicle 0
993 764 1013 764 1012 800 993 799 small-vehicle 0
1036 805 1017 805 1018 763 1036 763 small-vehicle 0
1040 763 1057 763 1059 804 1041 806 small-vehicle 0
1062 762 1081 763 1082 800 1063 800 small-vehicle 0
1087 765 1106 766 1106 798 1088 798 small-vehicle 0
1109 764 1128 765 1128 805 1108 805 small-vehicle 0
1134 763 1153 765 1153 800 1134 798 small-vehicle 0
995 893 978 893 974 851 994 851 small-vehicle 0
1037 896 1016 894 1017 851 1037 852 small-vehicle 0
1037 850 1059 852 1056 891 1037 888 small-vehicle 0
1058 846 1078 846 1077 890 1059 889 small-vehicle 0
1078 852 1096 853 1096 889 1077 890 small-vehicle 0
996 936 977 935 980 898 995 898 small-vehicle 0
1016 934 996 935 996 893 1015 893 small-vehicle 0
1014 894 1035 896 1035 935 1015 935 small-vehicle 0
1036 894 1054 896 1052 934 1034 935 small-vehicle 0
1056 890 1077 892 1075 931 1056 930 small-vehicle 0
1077 894 1097 895 1096 934 1075 933 small-vehicle 0
1199 803 1200 822 1167 824 1165 804 small-vehicle 0
1200 824 1201 844 1160 844 1159 825 small-vehicle 0
1161 862 1161 845 1199 846 1199 865 small-vehicle 0
1156 902 1155 883 1190 885 1189 903 small-vehicle 0
1197 906 1197 925 1154 921 1155 903 small-vehicle 0
1016 978 1036 980 1035 1021 1015 1021 small-vehicle 0
1054 980 1072 982 1070 1016 1053 1016 small-vehicle 0
996 982 1014 983 1011 1019 996 1018 small-vehicle 0
875 1021 856 1023 854 981 873 980 small-vehicle 0
897 986 916 986 914 1022 895 1021 small-vehicle 0
933 1021 916 1020 916 985 933 985 small-vehicle 0
934 983 953 985 952 1018 936 1019 small-vehicle 0
954 981 973 982 974 1017 955 1017 small-vehicle 0
995 1026 974 1026 975 984 995 985 small-vehicle 0
735 1311 739 1293 776 1299 774 1316 small-vehicle 0
780 1334 779 1317 814 1318 814 1336 small-vehicle 0
877 2114 869 2129 835 2111 843 2096 small-vehicle 0
1034 1753 1014 1751 1018 1711 1036 1712 small-vehicle 0
991 1401 971 1401 970 1364 991 1365 small-vehicle 0
1073 1407 1050 1408 1050 1366 1074 1367 small-vehicle 0
1169 1410 1149 1408 1150 1371 1168 1371 small-vehicle 0
951 1409 971 1410 972 1450 950 1451 small-vehicle 0
1026 1409 1050 1408 1052 1453 1028 1454 small-vehicle 0
1071 1412 1091 1415 1087 1449 1068 1447 small-vehicle 0
1131 1455 1109 1457 1107 1407 1127 1406 small-vehicle 0
1171 1412 1191 1413 1191 1451 1170 1451 small-vehicle 0
971 1544 949 1544 948 1500 970 1501 small-vehicle 0
1170 1539 1151 1539 1151 1504 1170 1504 small-vehicle 0
1169 1503 1188 1503 1188 1541 1169 1541 small-vehicle 0
992 1578 972 1580 969 1543 990 1540 small-vehicle 0
1007 1540 1027 1540 1028 1582 1008 1582 small-vehicle 0
1030 1538 1049 1539 1047 1578 1028 1576 small-vehicle 0
1049 1540 1068 1541 1069 1578 1050 1576 small-vehicle 0
1089 1582 1068 1581 1070 1545 1088 1546 small-vehicle 0
1125 1545 1145 1546 1145 1587 1124 1587 small-vehicle 0
1170 1540 1188 1543 1187 1582 1167 1581 small-vehicle 0
967 1669 949 1669 949 1626 966 1625 small-vehicle 0
988 1671 969 1670 970 1625 989 1625 small-vehicle 0
1012 1672 993 1671 996 1628 1014 1629 small-vehicle 0
1039 1671 1020 1672 1017 1628 1037 1627 small-vehicle 0
1061 1668 1045 1667 1043 1630 1061 1630 small-vehicle 0
1083 1670 1066 1669 1066 1625 1083 1625 small-vehicle 0
1108 1673 1088 1670 1089 1628 1110 1629 small-vehicle 0
1111 1623 1130 1624 1131 1669 1111 1668 small-vehicle 0
1156 1667 1136 1665 1137 1624 1157 1625 small-vehicle 0
965 1376 948 1383 931 1345 947 1338 small-vehicle 0
1215 1309 1228 1323 1203 1351 1189 1340 small-vehicle 0
1111 1283 1130 1285 1129 1319 1112 1318 small-vehicle 0
953 1231 973 1233 973 1271 953 1272 small-vehicle 0
992 1149 973 1149 974 1111 993 1111 small-vehicle 0
974 1147 954 1146 952 1108 974 1108 small-vehicle 0
1014 1151 1033 1153 1033 1191 1014 1191 small-vehicle 0
1034 1149 1053 1150 1054 1187 1035 1187 small-vehicle 0
1053 1148 1073 1148 1073 1187 1053 1187 small-vehicle 0
1073 1152 1090 1152 1091 1192 1072 1192 small-vehicle 0
1091 1150 1109 1150 1111 1188 1091 1187 small-vehicle 0
1111 1152 1132 1152 1132 1189 1112 1189 small-vehicle 0
1133 1153 1152 1153 1152 1191 1134 1191 small-vehicle 0
1151 1151 1170 1151 1171 1190 1153 1190 small-vehicle 0
1170 1149 1190 1149 1191 1186 1172 1188 small-vehicle 0
987 1243 973 1232 995 1203 1009 1216 small-vehicle 0
1013 1282 995 1282 995 1241 1012 1241 small-vehicle 0
1110 1316 1091 1317 1088 1276 1109 1276 small-vehicle 0
1031 1277 1014 1276 1015 1237 1032 1239 small-vehicle 0
1033 1239 1051 1240 1051 1277 1033 1277 small-vehicle 0
1053 1235 1071 1236 1069 1269 1053 1269 small-vehicle 0
1071 1233 1088 1235 1089 1272 1071 1272 small-vehicle 0
1136 1242 1153 1244 1151 1278 1135 1277 small-vehicle 0
1156 1242 1174 1245 1171 1280 1153 1277 small-vehicle 0
1175 1238 1194 1240 1191 1275 1174 1276 small-vehicle 0
970 1279 989 1278 992 1316 974 1319 small-vehicle 0
991 1282 1009 1283 1009 1316 991 1317 small-vehicle 0
1012 1278 1030 1280 1030 1319 1010 1318 small-vehicle 0
1051 1277 1070 1279 1069 1317 1050 1318 small-vehicle 0
1071 1277 1089 1278 1090 1315 1073 1315 small-vehicle 0
971 1762 954 1762 952 1721 971 1720 small-vehicle 0
1253 1680 1252 1659 1296 1659 1296 1678 small-vehicle 0
1054 1146 1034 1148 1034 1105 1051 1104 small-vehicle 0
1300 1627 1302 1648 1261 1650 1258 1631 small-vehicle 0
1512 1696 1508 1677 1543 1674 1545 1692 small-vehicle 0
1547 1693 1550 1710 1516 1714 1512 1696 small-vehicle 0
1549 1714 1548 1731 1516 1726 1516 1712 small-vehicle 0
1549 1737 1549 1756 1514 1757 1512 1736 small-vehicle 0
1509 1773 1510 1754 1551 1758 1548 1776 small-vehicle 0
1452 1750 1434 1751 1433 1711 1451 1712 small-vehicle 0
1059 1753 1040 1753 1040 1711 1059 1713 small-vehicle 0
1111 1747 1093 1748 1088 1706 1106 1705 small-vehicle 0
1358 1839 1357 1860 1309 1859 1306 1837 large-vehicle 0
1170 1877 1169 1855 1211 1857 1210 1878 small-vehicle 0
1249 1755 1229 1754 1231 1693 1250 1694 small-vehicle 0
1204 1702 1221 1703 1223 1734 1207 1735 small-vehicle 0
253 1917 269 1907 290 1942 276 1951 small-vehicle 0
305 1902 323 1892 345 1929 331 1939 small-vehicle 0
294 1921 311 1912 324 1940 309 1947 small-vehicle 0
163 1922 180 1916 195 1945 179 1954 small-vehicle 0
185 1911 202 1903 219 1939 205 1946 small-vehicle 0
127 1950 110 1950 114 1911 131 1913 small-vehicle 0
164 1966 161 1982 128 1976 131 1958 small-vehicle 0
57 1968 60 1951 95 1956 93 1974 small-vehicle 0
42 1884 59 1881 67 1917 50 1922 small-vehicle 0
23 1890 41 1887 48 1927 31 1931 small-vehicle 0
907 1980 914 1965 940 1979 932 1994 small-vehicle 0
894 1999 901 1983 935 1999 927 2016 small-vehicle 0
926 2017 917 2035 883 2017 893 2001 small-vehicle 0
864 2055 871 2040 900 2056 892 2072 small-vehicle 0
889 2093 882 2109 846 2089 855 2073 small-vehicle 0
1544 1657 1546 1675 1509 1678 1505 1660 small-vehicle 0
1507 1642 1507 1624 1546 1625 1546 1644 small-vehicle 0
1507 1618 1508 1602 1545 1603 1544 1621 small-vehicle 0
1256 1618 1256 1596 1306 1597 1308 1619 small-vehicle 0
1254 1594 1254 1569 1309 1571 1308 1596 small-vehicle 0
1254 1543 1252 1523 1304 1522 1305 1541 small-vehicle 0
1251 1503 1251 1481 1306 1483 1306 1506 small-vehicle 0
1267 1441 1266 1424 1300 1424 1300 1443 small-vehicle 0
1254 1421 1252 1402 1300 1400 1301 1420 small-vehicle 0
1267 1380 1266 1360 1305 1362 1306 1381 small-vehicle 0
1248 1342 1248 1323 1306 1323 1306 1342 small-vehicle 0
1253 1249 1234 1249 1234 1213 1251 1214 small-vehicle 0
1261 1243 1262 1222 1305 1224 1305 1244 small-vehicle 0
1306 1124 1306 1146 1262 1146 1262 1123 small-vehicle 0
1266 1083 1265 1063 1307 1061 1308 1083 small-vehicle 0
1437 1604 1454 1605 1455 1639 1438 1640 small-vehicle 0
1460 1113 1438 1111 1440 1066 1459 1066 small-vehicle 0
1551 1165 1551 1183 1514 1185 1514 1166 small-vehicle 0
1440 1124 1458 1125 1457 1163 1440 1163 small-vehicle 0
1438 1169 1457 1169 1458 1206 1441 1207 small-vehicle 0
1555 1207 1555 1227 1513 1223 1513 1203 small-vehicle 0
1437 1237 1457 1239 1455 1276 1437 1276 small-vehicle 0
1553 1280 1551 1300 1513 1297 1512 1278 small-vehicle 0
1549 1382 1550 1402 1511 1400 1511 1380 small-vehicle 0
1509 1445 1508 1426 1551 1428 1550 1448 small-vehicle 0
1550 1463 1550 1481 1510 1480 1510 1461 small-vehicle 0
1435 1480 1457 1483 1456 1524 1435 1522 small-vehicle 0
1454 1598 1433 1597 1435 1555 1455 1557 small-vehicle 0
1033 1148 1015 1146 1015 1113 1034 1113 small-vehicle 0
1074 1147 1052 1144 1055 1103 1075 1105 small-vehicle 0
776 1357 776 1339 817 1340 818 1358 small-vehicle 0
874 1020 894 1021 892 1060 872 1059 small-vehicle 0
894 1022 914 1023 912 1062 895 1062 small-vehicle 0
935 1065 914 1065 916 1024 934 1025 small-vehicle 0
934 1022 955 1024 955 1062 934 1061 small-vehicle 0
956 1022 977 1023 975 1067 954 1065 small-vehicle 0
976 1026 995 1026 996 1063 978 1063 small-vehicle 0
993 1025 1013 1022 1015 1057 998 1060 small-vehicle 0
888 1189 871 1190 870 1150 886 1149 small-vehicle 0
829 1168 848 1168 849 1205 830 1206 small-vehicle 0
911 1186 892 1187 891 1146 911 1147 small-vehicle 0
933 1193 913 1192 914 1150 932 1150 small-vehicle 0
953 1187 934 1186 934 1149 951 1150 small-vehicle 0
974 1195 955 1192 953 1150 974 1150 small-vehicle 0
1012 1188 992 1187 993 1150 1012 1151 small-vehicle 0
953 1148 933 1147 931 1111 952 1110 small-vehicle 0
871 1230 889 1231 887 1264 871 1264 small-vehicle 0
891 1229 910 1231 908 1267 890 1265 small-vehicle 0
934 1274 915 1275 913 1234 929 1233 small-vehicle 0
951 1272 932 1270 934 1229 953 1232 small-vehicle 0
32 1609 13 1614 7 1578 24 1574 small-vehicle 0
80 1633 63 1627 78 1591 94 1597 small-vehicle 0
774 1571 774 1557 807 1559 807 1574 small-vehicle 0
775 1374 775 1357 817 1357 819 1376 small-vehicle 0
812 1376 812 1393 780 1391 780 1374 small-vehicle 0
779 1414 779 1395 820 1398 819 1419 small-vehicle 0
776 1434 777 1417 817 1421 815 1440 small-vehicle 0
775 1377 774 1395 737 1397 734 1377 small-vehicle 0
773 1397 773 1416 737 1415 736 1397 small-vehicle 0
776 1436 775 1453 737 1454 736 1434 small-vehicle 0
736 1474 735 1457 773 1457 773 1476 small-vehicle 0
780 1472 780 1453 819 1455 818 1473 small-vehicle 0
778 1493 777 1475 820 1476 818 1495 small-vehicle 0
780 1533 779 1515 823 1517 823 1537 small-vehicle 0
772 1596 772 1574 817 1574 817 1595 small-vehicle 0
433 1817 448 1826 432 1858 417 1851 small-vehicle 0
140 1634 123 1629 132 1596 149 1601 small-vehicle 0
412 1853 426 1862 410 1893 395 1886 small-vehicle 0
284 1636 267 1630 278 1593 294 1597 small-vehicle 0
207 1636 189 1631 199 1589 216 1593 small-vehicle 0
1108 1150 1089 1147 1094 1106 1111 1108 small-vehicle 0
892 1313 873 1313 872 1273 891 1274 small-vehicle 0
1014 1022 1034 1024 1035 1062 1014 1061 small-vehicle 0
1035 1024 1051 1025 1053 1054 1037 1054 small-vehicle 0
1055 1023 1073 1023 1074 1056 1055 1058 small-vehicle 0
1074 1027 1093 1027 1094 1061 1075 1062 small-vehicle 0
1114 1062 1094 1061 1093 1025 1114 1025 small-vehicle 0
1131 1056 1114 1055 1113 1023 1131 1024 small-vehicle 0
1134 1023 1154 1025 1153 1065 1134 1064 small-vehicle 0
1173 1062 1156 1061 1157 1028 1173 1029 small-vehicle 0
1150 1149 1132 1146 1132 1112 1152 1112 small-vehicle 0
1130 1151 1111 1150 1112 1110 1128 1110 small-vehicle 0
948 1759 929 1757 932 1713 951 1715 small-vehicle 0
929 1757 910 1757 910 1718 929 1717 small-vehicle 0
890 1759 872 1759 874 1715 892 1716 small-vehicle 0
930 1449 912 1449 913 1409 932 1409 small-vehicle 0
914 1311 897 1316 888 1276 906 1271 small-vehicle 0
912 1274 932 1276 932 1314 913 1314 small-vehicle 0
932 1275 953 1276 952 1310 933 1311 small-vehicle 0
914 1363 936 1366 932 1407 912 1406 small-vehicle 0
911 1408 892 1408 891 1365 910 1364 small-vehicle 0
889 1406 868 1406 869 1362 889 1363 small-vehicle 0
868 1407 889 1408 889 1448 870 1448 small-vehicle 0
870 1499 892 1500 891 1557 870 1557 small-vehicle 0
930 1535 910 1536 910 1495 929 1496 small-vehicle 0
910 1579 891 1579 890 1540 910 1540 small-vehicle 0
950 1581 929 1582 930 1541 951 1541 small-vehicle 0
888 1664 869 1666 865 1624 885 1621 small-vehicle 0
912 1666 893 1666 894 1621 912 1621 small-vehicle 0
945 1668 928 1667 928 1623 946 1624 small-vehicle 0
619 1 622 19 533 34 528 7 large-vehicle 0
