imagesource:GoogleEarth
gsd:0.12670049388
314 3318 304 3308 322 3292 330 3301 small-vehicle 1
923 2722 1008 2693 1067 2873 982 2904 tennis-court 0
836 2918 832 2905 861 2897 865 2908 small-vehicle 0
847 2854 853 2870 821 2881 815 2865 small-vehicle 0
793 2736 807 2732 816 2767 803 2772 small-vehicle 0
1538 791 1628 784 1644 973 1555 983 tennis-court 0
1148 2650 1233 2623 1292 2800 1206 2830 tennis-court 0
1033 2685 1119 2657 1179 2837 1094 2867 tennis-court 0
1234 2908 1319 2880 1378 3062 1292 3091 tennis-court 0
981 3255 987 3270 954 3282 949 3266 small-vehicle 0
1120 2946 1205 2919 1264 3097 1179 3128 tennis-court 0
1007 2983 1092 2954 1153 3133 1067 3164 tennis-court 0
712 2463 1124 2325 1184 2499 770 2639 soccer-ball-field 0
540 1948 954 1809 1015 1984 598 2124 soccer-ball-field 0
1027 1743 1507 1581 1760 2354 1279 2510 soccer-ball-field 0
647 549 1187 569 1163 1366 623 1350 soccer-ball-field 0
814 2887 820 2903 792 2912 786 2898 small-vehicle 0
784 3562 799 3558 806 3592 791 3595 small-vehicle 0
289 3290 278 3278 299 3260 309 3271 small-vehicle 0
1651 2599 1635 2604 1623 2573 1638 2568 small-vehicle 1
275 1245 287 1243 290 1275 278 1277 small-vehicle 0
240 1047 254 1045 260 1078 245 1081 small-vehicle 0
1850 3361 1842 3372 1817 3353 1826 3341 small-vehicle 0
1960 3154 1963 3140 1993 3146 1990 3160 small-vehicle 0
1571 2546 1556 2550 1544 2516 1557 2509 small-vehicle 1
1626 2528 1611 2531 1598 2496 1615 2490 small-vehicle 1
1635 2666 1648 2662 1656 2690 1643 2694 small-vehicle 0
325 3482 307 3486 293 3441 310 3437 large-vehicle 0
1598 2581 1610 2575 1623 2605 1610 2611 small-vehicle 0
1637 2480 1650 2476 1662 2511 1649 2517 small-vehicle 0
1661 3439 1654 3450 1625 3432 1630 3421 small-vehicle 0
1827 3394 1821 3404 1797 3387 1804 3377 small-vehicle 0
1721 3422 1735 3422 1733 3457 1718 3456 small-vehicle 0
603 3474 603 3463 631 3461 632 3473 small-vehicle 0
566 283 1273 284 1240 1648 535 1626 ground-track-field 0
