imagesource:GoogleEarth
gsd:0.120668061489
1732 421 1765 420 1769 495 1736 496 large-vehicle 0
1296 433 1276 442 1239 354 1261 343 large-vehicle 0
1551 472 1572 465 1612 557 1589 563 large-vehicle 0
1580 470 1603 462 1646 551 1621 561 large-vehicle 0
1634 453 1655 445 1700 535 1676 544 large-vehicle 0
1407 502 1399 480 1497 445 1507 469 large-vehicle 0
1197 556 1191 536 1290 510 1297 530 large-vehicle 0
1005 599 996 577 1099 544 1108 569 large-vehicle 0
988 577 992 600 906 617 899 593 large-vehicle 0
1030 509 1039 532 944 562 933 535 large-vehicle 0
1075 516 1070 490 1177 471 1184 503 large-vehicle 0
1198 492 1192 472 1289 444 1295 470 large-vehicle 0
1404 390 1383 402 1343 317 1368 305 large-vehicle 0
1379 402 1357 413 1322 332 1344 322 large-vehicle 0
1352 414 1331 424 1297 337 1318 328 large-vehicle 0
1324 425 1302 433 1269 343 1293 336 large-vehicle 0
1243 448 1219 458 1187 373 1209 364 large-vehicle 0
758 568 737 577 708 481 730 475 large-vehicle 0
1211 454 1189 462 1161 376 1182 368 large-vehicle 0
1187 459 1167 464 1135 374 1156 368 large-vehicle 0
1161 462 1139 471 1109 378 1130 370 large-vehicle 0
1123 468 1103 471 1081 381 1105 376 large-vehicle 0
1095 474 1073 479 1051 386 1076 380 large-vehicle 0
1067 485 1047 490 1017 395 1042 389 large-vehicle 0
1034 504 1013 508 986 412 1009 405 large-vehicle 0
978 518 955 524 932 431 956 425 large-vehicle 0
948 523 927 527 903 436 929 428 large-vehicle 0
880 545 889 569 798 600 784 576 large-vehicle 0
890 528 870 533 851 437 873 432 large-vehicle 0
866 534 845 539 821 443 847 438 large-vehicle 0
841 545 817 549 792 459 818 451 large-vehicle 0
811 556 791 561 767 470 792 465 large-vehicle 0
1519 462 1548 454 1577 545 1553 551 large-vehicle 0
1496 480 1519 475 1553 566 1530 574 large-vehicle 0
1470 489 1496 482 1528 575 1504 582 large-vehicle 0
1445 501 1467 494 1501 586 1480 594 large-vehicle 0
1031 802 1007 811 979 720 1000 711 large-vehicle 0
1004 809 986 818 956 726 976 719 large-vehicle 0
985 823 965 831 932 741 952 732 large-vehicle 0
961 833 939 842 908 753 928 743 large-vehicle 0
933 842 912 849 877 755 902 748 large-vehicle 0
793 666 820 660 852 755 825 764 large-vehicle 0
823 660 843 655 874 748 854 755 large-vehicle 0
848 652 868 647 899 741 881 749 large-vehicle 0
874 647 899 643 926 740 902 743 large-vehicle 0
896 630 917 624 949 720 931 724 large-vehicle 0
921 623 941 618 975 712 954 719 large-vehicle 0
946 618 967 614 998 707 975 715 large-vehicle 0
970 611 992 606 1024 699 1002 706 large-vehicle 0
1000 612 1020 606 1058 699 1036 707 large-vehicle 0
1029 604 1048 599 1079 693 1062 697 large-vehicle 0
1052 595 1071 590 1104 682 1086 687 large-vehicle 0
1080 582 1103 577 1131 669 1111 676 large-vehicle 0
1109 572 1131 567 1160 661 1137 667 large-vehicle 0
1137 565 1159 559 1190 651 1167 658 large-vehicle 0
1169 570 1189 565 1221 657 1199 663 large-vehicle 0
1198 568 1219 562 1253 657 1232 664 large-vehicle 0
1229 565 1250 559 1280 652 1258 659 large-vehicle 0
1256 559 1275 554 1310 646 1288 653 large-vehicle 0
1284 552 1302 547 1335 638 1315 644 large-vehicle 0
1308 541 1330 533 1364 623 1342 631 large-vehicle 0
1338 537 1361 531 1393 619 1370 626 large-vehicle 0
1365 527 1384 520 1422 609 1402 619 large-vehicle 0
1390 519 1412 512 1450 600 1427 608 large-vehicle 0
1417 510 1441 503 1476 591 1453 601 large-vehicle 0
783 562 761 569 736 477 759 470 large-vehicle 0
730 567 708 577 677 486 704 477 large-vehicle 0
1521 456 1513 439 1556 422 1564 441 small-vehicle 0
546 205 524 212 493 118 514 113 large-vehicle 0
996 142 977 147 952 55 974 49 large-vehicle 0
971 147 947 151 926 59 948 54 large-vehicle 0
908 154 886 159 869 65 891 59 large-vehicle 0
941 151 914 157 894 61 922 54 large-vehicle 0
881 159 858 163 840 67 865 61 large-vehicle 0
852 161 834 164 812 71 834 66 large-vehicle 0
795 172 774 177 757 84 778 80 large-vehicle 0
766 167 746 173 724 81 748 77 large-vehicle 0
739 173 714 179 687 84 715 77 large-vehicle 0
685 171 659 178 631 80 658 73 large-vehicle 0
654 184 632 188 605 91 628 86 large-vehicle 0
629 193 606 198 579 102 604 97 large-vehicle 0
596 188 577 191 552 98 575 92 large-vehicle 0
573 196 549 202 519 110 542 100 large-vehicle 0
519 211 497 218 464 124 489 116 large-vehicle 0
1035 177 1031 155 1137 141 1140 166 large-vehicle 0
496 222 465 231 436 138 463 128 large-vehicle 0
843 330 866 324 896 417 875 424 large-vehicle 0
819 335 840 330 871 423 851 428 large-vehicle 0
793 343 816 335 848 429 823 436 large-vehicle 0
764 350 786 344 819 436 795 445 large-vehicle 0
736 353 756 348 787 440 767 447 large-vehicle 0
712 373 733 367 763 457 741 463 large-vehicle 0
630 389 650 382 681 472 660 480 large-vehicle 0
684 378 705 373 734 462 714 468 large-vehicle 0
656 380 676 376 707 465 686 472 large-vehicle 0
570 433 580 454 500 487 488 466 large-vehicle 0
553 409 563 428 481 462 473 442 large-vehicle 0
530 356 540 375 459 412 449 392 large-vehicle 0
514 322 522 344 442 380 431 359 large-vehicle 0
1025 132 1000 139 974 42 998 34 large-vehicle 0
1009 56 1031 49 1066 141 1043 148 large-vehicle 0
1120 136 1099 141 1067 50 1093 43 large-vehicle 0
1149 123 1126 130 1092 31 1118 22 large-vehicle 0
882 286 888 310 803 328 798 303 large-vehicle 0
704 200 707 225 613 237 610 209 large-vehicle 0
790 216 797 241 708 261 701 236 large-vehicle 0
901 198 907 221 816 238 811 211 large-vehicle 0
1012 155 1017 180 920 193 915 167 large-vehicle 0
803 184 803 209 711 216 710 189 large-vehicle 0
909 169 914 192 818 209 816 185 large-vehicle 0
991 261 996 287 903 306 895 279 large-vehicle 0
1113 241 1116 265 1016 279 1011 257 large-vehicle 0
952 301 976 296 1002 391 978 397 large-vehicle 0
992 291 1016 284 1042 379 1015 384 large-vehicle 0
1023 286 1048 282 1074 376 1047 383 large-vehicle 0
1055 282 1081 277 1104 372 1079 377 large-vehicle 0
1109 271 1133 267 1158 359 1132 366 large-vehicle 0
1137 265 1159 260 1184 354 1160 358 large-vehicle 0
1163 261 1184 256 1210 350 1187 356 large-vehicle 0
1188 255 1210 251 1232 345 1212 349 large-vehicle 0
1213 249 1234 242 1260 338 1240 343 large-vehicle 0
1241 241 1265 237 1287 328 1261 335 large-vehicle 0
1267 234 1291 228 1320 323 1294 330 large-vehicle 0
1299 222 1323 220 1341 314 1317 317 large-vehicle 0
1326 210 1352 209 1368 303 1341 307 large-vehicle 0
1434 23 1466 25 1458 126 1429 126 large-vehicle 0
1383 110 1358 114 1337 35 1367 28 large-vehicle 0
1332 116 1310 121 1284 26 1310 20 large-vehicle 0
1303 121 1276 126 1252 33 1278 27 large-vehicle 0
1244 125 1220 132 1195 30 1221 24 large-vehicle 0
1212 128 1185 133 1160 35 1189 28 large-vehicle 0
1175 116 1154 122 1123 28 1147 21 large-vehicle 0
1090 794 1065 800 1033 712 1059 703 large-vehicle 0
1059 794 1040 803 1005 711 1029 703 large-vehicle 0
1116 785 1094 793 1065 705 1086 696 large-vehicle 0
622 628 611 613 651 582 664 601 small-vehicle 0
1092 1000 1112 992 1136 1036 1116 1046 small-vehicle 0
1066 1011 1084 1004 1110 1054 1092 1063 small-vehicle 0
1045 1035 1057 1029 1074 1059 1064 1065 small-vehicle 0
1015 1042 1035 1031 1059 1075 1038 1087 small-vehicle 0
992 1057 1008 1047 1036 1092 1018 1101 small-vehicle 0
932 1077 949 1069 972 1111 956 1120 small-vehicle 0
902 1083 917 1072 944 1118 928 1130 small-vehicle 0
872 1092 888 1084 911 1131 893 1137 small-vehicle 0
845 1071 856 1087 819 1114 807 1098 small-vehicle 0
823 1047 834 1059 806 1092 791 1078 small-vehicle 0
587 472 593 487 553 506 543 489 small-vehicle 0
590 501 598 516 552 538 543 518 small-vehicle 0
618 519 628 533 592 560 579 546 small-vehicle 0
598 594 586 576 633 542 646 561 small-vehicle 0
613 623 598 637 562 591 580 577 small-vehicle 0
1142 777 1122 787 1091 697 1114 688 large-vehicle 0
640 647 658 635 688 675 670 685 small-vehicle 0
678 699 694 689 723 728 706 740 small-vehicle 0
719 759 738 745 761 779 743 791 small-vehicle 0
759 813 778 799 800 832 781 845 small-vehicle 0
864 863 877 881 842 909 825 890 small-vehicle 0
876 893 887 911 852 936 837 918 small-vehicle 0
893 918 904 933 862 956 852 940 small-vehicle 0
907 936 918 956 876 978 866 960 small-vehicle 0
919 958 930 980 889 1003 877 982 small-vehicle 0
792 990 801 1007 762 1031 750 1013 small-vehicle 0
780 960 792 979 752 1004 740 988 small-vehicle 0
767 940 776 953 737 981 728 967 small-vehicle 0
742 885 756 901 713 937 698 920 small-vehicle 0
718 864 731 875 701 910 687 899 small-vehicle 0
1116 986 1135 979 1158 1028 1140 1036 small-vehicle 0
1141 980 1159 971 1184 1017 1166 1026 small-vehicle 0
1766 529 1782 527 1788 564 1774 568 small-vehicle 0
1779 465 1776 451 1812 445 1814 459 small-vehicle 0
944 888 943 869 982 870 984 887 small-vehicle 0
482 410 488 429 448 442 442 422 small-vehicle 0
532 390 540 410 499 428 491 406 small-vehicle 0
1309 524 1302 505 1360 488 1369 510 small-vehicle 0
1089 135 1071 140 1055 95 1074 88 small-vehicle 0
1430 132 1410 131 1411 83 1430 84 small-vehicle 0
1408 125 1386 126 1383 79 1405 78 small-vehicle 0
1269 126 1248 129 1240 78 1261 76 small-vehicle 0
1352 105 1334 109 1324 64 1343 62 small-vehicle 0
1246 161 1245 142 1313 136 1315 155 small-vehicle 0
1461 175 1459 157 1497 156 1497 174 small-vehicle 0
1444 213 1428 215 1419 166 1436 162 small-vehicle 0
1464 198 1464 180 1516 180 1517 198 small-vehicle 0
1457 224 1456 205 1520 204 1521 224 small-vehicle 0
1645 289 1667 287 1676 379 1653 382 large-vehicle 0
1622 297 1644 299 1648 396 1621 395 large-vehicle 0
1482 243 1504 242 1507 286 1484 286 small-vehicle 0
1516 273 1533 273 1535 315 1521 317 small-vehicle 0
1540 286 1557 286 1559 329 1540 329 small-vehicle 0
1564 289 1582 291 1582 335 1565 334 small-vehicle 0
1756 293 1779 294 1779 341 1758 342 small-vehicle 0
1718 290 1740 290 1744 337 1722 337 small-vehicle 0
1668 290 1685 291 1686 334 1670 334 small-vehicle 0
1792 311 1790 296 1828 289 1832 303 small-vehicle 0
1794 339 1790 323 1830 317 1833 333 small-vehicle 0
1750 344 1766 356 1745 387 1730 377 small-vehicle 0
1804 411 1802 395 1848 394 1848 411 small-vehicle 0
1787 434 1786 419 1821 416 1823 434 small-vehicle 0
1784 491 1782 477 1817 468 1821 486 small-vehicle 0
700 847 710 863 675 889 664 873 small-vehicle 0
666 808 680 823 648 856 632 837 small-vehicle 0
648 786 661 802 626 833 612 814 small-vehicle 0
1382 816 1402 808 1437 902 1419 909 large-vehicle 0
1408 807 1432 800 1468 897 1443 903 large-vehicle 0
1437 796 1460 791 1494 881 1473 890 large-vehicle 0
1469 787 1491 780 1530 868 1506 878 large-vehicle 0
1496 777 1517 772 1556 861 1534 869 large-vehicle 0
1523 770 1543 764 1581 855 1560 862 large-vehicle 0
1547 750 1568 744 1605 835 1587 845 large-vehicle 0
1600 741 1623 733 1658 824 1635 832 large-vehicle 0
1628 731 1651 723 1691 816 1670 824 large-vehicle 0
1668 705 1691 700 1722 794 1698 798 large-vehicle 0
1696 700 1720 694 1755 787 1729 794 large-vehicle 0
1831 671 1810 680 1772 594 1800 583 large-vehicle 0
1676 642 1652 652 1618 564 1647 556 large-vehicle 0
1648 652 1626 660 1592 570 1615 562 large-vehicle 0
1610 643 1584 652 1557 559 1580 552 large-vehicle 0
1577 660 1554 667 1528 579 1552 572 large-vehicle 0
1554 675 1529 681 1501 592 1523 584 large-vehicle 0
1526 686 1503 693 1474 606 1500 598 large-vehicle 0
1495 694 1470 700 1447 609 1472 603 large-vehicle 0
1468 701 1442 706 1418 614 1443 608 large-vehicle 0
1439 710 1414 714 1393 629 1418 622 large-vehicle 0
1410 718 1384 723 1365 634 1388 628 large-vehicle 0
1385 726 1366 733 1332 644 1356 635 large-vehicle 0
1341 732 1316 745 1287 658 1312 650 large-vehicle 0
1311 737 1286 748 1259 667 1284 657 large-vehicle 0
1283 746 1258 752 1234 671 1256 662 large-vehicle 0
1254 750 1231 757 1202 670 1228 662 large-vehicle 0
1224 745 1199 752 1168 666 1194 657 large-vehicle 0
1194 756 1174 764 1143 676 1165 668 large-vehicle 0
1169 766 1148 776 1117 686 1137 678 large-vehicle 0
1352 824 1376 817 1411 910 1389 917 large-vehicle 0
1327 833 1349 826 1387 917 1364 928 large-vehicle 0
615 741 627 758 590 786 576 767 small-vehicle 0
1303 839 1329 835 1356 929 1335 933 large-vehicle 0
595 715 606 731 566 763 551 745 small-vehicle 0
582 692 594 708 556 734 542 716 small-vehicle 0
563 669 575 686 539 712 525 695 small-vehicle 0
542 651 552 665 515 698 502 684 small-vehicle 0
523 630 535 645 499 676 486 659 small-vehicle 0
481 574 492 590 459 615 446 599 small-vehicle 0
448 533 460 551 429 578 413 560 small-vehicle 0
431 509 442 525 408 551 397 533 small-vehicle 0
403 496 414 509 378 534 366 519 small-vehicle 0
384 468 394 486 360 510 344 489 small-vehicle 0
365 443 375 458 335 482 325 462 small-vehicle 0
340 423 351 437 314 462 302 444 small-vehicle 0
327 395 337 413 294 434 285 413 small-vehicle 0
314 367 324 385 282 404 272 386 small-vehicle 0
304 342 314 361 270 382 260 362 small-vehicle 0
264 219 272 239 233 256 221 236 small-vehicle 0
435 200 415 206 377 116 400 108 large-vehicle 0
395 205 373 209 349 118 372 112 large-vehicle 0
309 286 314 306 225 325 219 303 large-vehicle 0
307 255 312 274 221 288 215 269 large-vehicle 0
1443 161 1432 140 1527 103 1536 124 large-vehicle 0
900 319 922 312 951 404 928 409 large-vehicle 0
873 326 893 319 923 411 904 417 large-vehicle 0
1129 934 1137 952 1051 988 1042 966 large-vehicle 0
1167 906 1186 901 1218 993 1195 1001 large-vehicle 0
1200 898 1222 889 1253 977 1235 985 large-vehicle 0
1230 879 1248 874 1283 967 1265 973 large-vehicle 0
1251 868 1269 864 1310 958 1289 964 large-vehicle 0
1276 860 1299 853 1334 944 1314 951 large-vehicle 0
505 296 514 316 431 353 419 332 large-vehicle 0
