imagesource:GoogleEarth
gsd:0.511295224814
2834 1455 2798 1478 2760 1423 2798 1400 plane 0
1383 1657 1306 1652 1312 1563 1384 1567 plane 0
1429 884 1498 899 1484 980 1415 963 plane 0
1538 879 1606 913 1563 994 1499 958 plane 0
1596 892 1661 895 1665 981 1594 981 plane 0
1689 895 1754 909 1738 993 1673 976 plane 0
1756 945 1826 944 1833 1032 1763 1036 plane 0
1987 923 2050 954 2003 1046 1942 1015 plane 0
2142 919 2193 921 2192 996 2141 993 plane 0
2218 923 2293 927 2291 1006 2216 1000 plane 0
2335 919 2404 923 2406 1004 2336 1002 plane 0
947 1621 872 1624 866 1553 941 1547 plane 0
1021 1631 946 1629 944 1559 1019 1561 plane 0
1128 1646 1053 1640 1052 1554 1127 1557 plane 0
1215 1637 1141 1634 1141 1550 1214 1552 plane 0
1297 1649 1221 1643 1222 1558 1300 1561 plane 0
1466 1657 1391 1650 1395 1558 1470 1563 plane 0
1251 885 1314 887 1316 962 1252 960 plane 0
1571 1656 1495 1653 1496 1566 1573 1566 plane 0
1654 1661 1581 1662 1577 1562 1657 1566 plane 0
2116 1678 2038 1675 2039 1591 2116 1594 plane 0
2201 1691 2121 1686 2122 1584 2203 1591 plane 0
2306 1689 2229 1690 2230 1595 2308 1597 plane 0
2392 1695 2317 1684 2323 1592 2398 1598 plane 0
2476 1693 2404 1687 2407 1606 2479 1611 plane 0
2592 1697 2535 1690 2536 1618 2595 1623 plane 0
2676 1699 2605 1693 2608 1620 2682 1626 plane 0
2735 1682 2687 1682 2690 1621 2737 1621 plane 0
2794 1686 2749 1683 2748 1628 2794 1629 plane 0
2913 1585 2862 1580 2863 1517 2914 1519 plane 0
2969 1580 2922 1580 2920 1520 2969 1520 plane 0
3032 1584 2988 1583 2987 1526 3031 1526 plane 0
1329 892 1399 895 1400 967 1332 964 plane 0
1161 877 1233 882 1232 966 1159 961 plane 0
2474 1205 2476 1260 2403 1258 2402 1202 plane 0
2784 381 2712 376 2719 288 2788 291 plane 0
1144 220 1202 222 1205 293 1146 293 plane 0
1223 220 1287 225 1288 298 1223 296 plane 0
1702 415 1628 420 1618 335 1695 333 plane 0
1544 231 1609 237 1608 310 1541 306 plane 0
1475 415 1479 482 1400 483 1398 416 plane 0
1537 538 1525 617 1422 599 1440 518 plane 0
1794 607 1719 605 1718 530 1794 532 plane 0
2206 255 2272 259 2273 337 2206 337 plane 0
2299 265 2348 268 2349 342 2300 342 plane 0
2405 267 2456 270 2456 338 2405 338 plane 0
2492 274 2535 277 2534 346 2489 344 plane 0
2562 276 2624 279 2627 352 2562 349 plane 0
2710 338 2641 337 2637 240 2708 242 plane 0
2445 627 2379 656 2348 587 2414 559 plane 0
3427 611 3427 657 3364 653 3364 607 plane 0
2253 792 2185 742 2238 674 2303 724 plane 0
3420 712 3419 770 3347 767 3349 708 plane 0
3408 808 3410 855 3341 853 3342 807 plane 0
3413 893 3412 961 3338 958 3339 889 plane 0
211 1222 134 1223 134 1142 212 1142 plane 0
1159 733 1083 729 1083 651 1162 653 plane 0
1240 730 1166 724 1170 657 1243 661 plane 0
1322 736 1249 731 1252 661 1326 666 plane 0
1406 733 1337 729 1340 667 1409 668 plane 0
1600 747 1526 743 1524 674 1599 676 plane 0
1681 742 1615 739 1613 665 1683 667 plane 0
1804 775 1743 716 1812 644 1873 700 plane 0
2044 765 1960 756 1962 683 2047 689 plane 0
2120 765 2048 754 2056 683 2125 690 plane 0
2186 777 2114 746 2142 673 2214 706 plane 0
3106 1699 3042 1694 3042 1621 3107 1624 plane 0
3170 1702 3110 1701 3113 1626 3174 1626 plane 0
3234 1705 3175 1699 3178 1625 3239 1629 plane 0
3349 2838 3348 2909 3271 2903 3272 2833 plane 0
1018 1845 1090 1850 1089 1944 1014 1938 plane 0
850 1825 926 1845 903 1947 828 1923 plane 0
1129 2856 1169 2914 1104 2955 1061 2897 plane 0
1238 2888 1319 2911 1300 2986 1217 2962 plane 0
1515 2885 1575 2926 1527 2993 1465 2953 plane 0
1558 2900 1632 2905 1634 2983 1559 2983 plane 0
1929 2900 1993 2945 1946 3016 1879 2973 plane 0
1995 2916 2064 2920 2066 2997 1993 2997 plane 0
2074 2915 2147 2920 2147 3000 2075 2998 plane 0
2274 2905 2338 2933 2299 3033 2232 3004 plane 0
2418 2919 2482 2923 2484 2993 2416 2991 plane 0
2336 2916 2402 2923 2400 3020 2330 3015 plane 0
2448 2762 2379 2730 2418 2637 2487 2671 plane 0
3352 2740 3352 2831 3248 2826 3248 2732 plane 0
2781 3029 2781 2985 2821 2985 2822 3029 plane 0
3215 1769 3215 1718 3276 1720 3276 1772 plane 0
2782 2979 2782 2938 2825 2939 2825 2980 plane 0
2960 2749 2960 2695 3031 2699 3032 2754 plane 0
2784 2927 2785 2883 2826 2884 2825 2928 plane 0
2786 2879 2786 2838 2827 2839 2827 2880 plane 0
2789 2825 2790 2792 2831 2792 2831 2827 plane 0
2790 2775 2791 2740 2833 2742 2834 2777 plane 0
2792 2725 2792 2692 2836 2693 2838 2728 plane 0
2794 2677 2795 2641 2840 2645 2839 2682 plane 0
2668 2628 2638 2597 2665 2573 2697 2603 plane 0
2668 2678 2635 2648 2662 2622 2693 2653 plane 0
2660 2726 2634 2704 2660 2673 2687 2699 plane 0
2743 2757 2712 2783 2684 2751 2717 2725 plane 0
2663 2776 2634 2750 2659 2727 2687 2753 plane 0
2740 2805 2710 2832 2685 2805 2717 2777 plane 0
1108 1852 1181 1856 1179 1945 1106 1940 plane 0
1222 1865 1295 1871 1295 1947 1216 1942 plane 0
1314 1866 1384 1870 1385 1952 1313 1949 plane 0
1402 1866 1480 1869 1479 1966 1399 1959 plane 0
3177 1830 3179 1782 3233 1784 3232 1835 plane 0
3284 1840 3265 1785 3326 1772 3343 1827 plane 0
3249 1844 3251 1893 3194 1892 3191 1842 plane 0
3015 1906 2957 1903 2955 1836 3014 1834 plane 0
3182 1974 3127 1972 3130 1899 3183 1900 plane 0
3219 1986 3170 1968 3193 1897 3242 1913 plane 0
3247 1983 3221 1945 3269 1908 3295 1946 plane 0
3229 2020 3224 1974 3282 1971 3289 2015 plane 0
3224 2037 3255 2005 3300 2049 3268 2080 plane 0
3192 2041 3229 2031 3251 2086 3215 2099 plane 0
3148 2032 3195 2036 3194 2106 3147 2103 plane 0
3090 2026 3136 2029 3134 2103 3089 2100 plane 0
2978 2028 3025 2032 3024 2097 2977 2094 plane 0
2922 2023 2965 2025 2965 2083 2923 2082 plane 0
2850 2107 2895 2125 2869 2194 2823 2174 plane 0
2806 1927 2854 1931 2854 2004 2807 1999 plane 0
2736 1932 2795 1935 2795 2005 2736 2001 plane 0
2673 1920 2726 1925 2727 1996 2673 1993 plane 0
2606 1921 2660 1927 2658 1993 2604 1990 plane 0
2579 2268 2519 2241 2544 2177 2605 2205 plane 0
2470 1910 2521 1914 2518 1982 2468 1978 plane 0
2405 1910 2455 1913 2452 1979 2403 1974 plane 0
2315 1901 2387 1906 2385 2001 2311 1997 plane 0
2206 1900 2282 1905 2279 1997 2204 1992 plane 0
2096 2040 2174 2044 2177 2144 2094 2142 plane 0
2353 2205 2355 2274 2279 2274 2276 2202 plane 0
2138 2207 2142 2261 2074 2259 2074 2206 plane 0
1940 2408 1940 2368 1975 2369 1975 2408 plane 0
1645 1840 1776 1850 1774 1987 1640 1979 plane 0
1059 214 1122 217 1121 291 1056 286 plane 0
