imagesource:GoogleEarth
gsd:0.569769139736
5819 368 5874 419 5816 492 5762 442 plane 0
3541 2800 3411 2812 3396 2671 3526 2662 plane 0
2868 2475 2903 2445 2944 2490 2913 2522 plane 0
2974 2523 2918 2521 2913 2462 2972 2460 plane 0
2963 2479 2978 2451 3015 2474 3000 2504 plane 0
3001 2465 3030 2452 3047 2479 3019 2493 plane 0
3050 2448 3078 2466 3060 2495 3034 2476 plane 0
3006 2458 3062 2457 3064 2518 3011 2520 plane 0
3163 2848 3042 2822 3097 2717 3201 2767 plane 1
3105 2456 3143 2454 3146 2499 3111 2501 plane 0
3134 2454 3184 2455 3189 2519 3136 2520 plane 0
3189 2464 3224 2464 3227 2497 3192 2499 plane 0
3219 2451 3259 2456 3257 2516 3215 2511 plane 0
3264 2471 3298 2472 3300 2504 3266 2503 plane 0
3169 2637 3059 2639 3047 2525 3161 2522 plane 0
3293 2647 3174 2646 3167 2515 3283 2517 plane 0
3405 2639 3283 2637 3281 2504 3401 2509 plane 0
2835 2469 2870 2464 2879 2507 2844 2511 plane 0
3327 2373 3330 2407 3306 2406 3304 2372 plane 0
2799 2464 2837 2465 2838 2510 2799 2509 plane 0
2142 1810 2156 1887 2078 1896 2064 1820 plane 0
1459 1580 1525 1580 1529 1658 1459 1659 plane 0
1786 1821 1790 1899 1712 1900 1708 1820 plane 0
2450 1366 2500 1419 2447 1478 2393 1426 plane 0
2601 1518 2653 1566 2603 1622 2549 1574 plane 0
2450 1737 2406 1688 2460 1632 2506 1683 plane 0
2243 1620 2211 1684 2148 1646 2183 1585 plane 0
2417 2442 2399 2466 2375 2446 2394 2422 plane 0
2796 2527 2747 2524 2747 2469 2798 2471 plane 0
2260 2481 2301 2482 2302 2528 2261 2529 plane 0
2332 2489 2361 2474 2377 2502 2351 2517 plane 0
2329 2509 2361 2493 2383 2528 2351 2545 plane 0
2390 2480 2426 2482 2426 2527 2388 2524 plane 0
2604 2541 2552 2511 2580 2457 2633 2485 plane 0
2617 2499 2642 2482 2666 2510 2641 2530 plane 0
3088 2756 3087 2644 3227 2644 3231 2764 plane 0
3609 2704 3594 2582 3729 2574 3750 2695 plane 0
5502 56 5535 4 5596 41 5562 94 plane 0
3458 2181 3454 2112 3546 2112 3551 2179 plane 0
4428 910 4383 968 4317 912 4362 855 plane 0
4597 1127 4645 1016 4761 1072 4714 1184 plane 0
4837 829 4960 799 5001 941 4877 974 plane 0
5417 1748 5423 1821 5336 1827 5333 1750 plane 0
6024 1733 6029 1818 5952 1821 5948 1737 plane 0
6099 1967 6061 1966 6060 1888 6097 1887 plane 1
5885 898 5876 951 5820 941 5829 885 plane 0
5381 1024 5442 1011 5463 1080 5401 1097 plane 0
5434 968 5475 905 5534 949 5493 1013 plane 0
5494 880 5513 813 5583 835 5566 903 plane 0
5437 786 5390 741 5436 687 5487 732 plane 0
5337 712 5275 671 5314 603 5378 644 plane 0
5205 538 5199 466 5278 466 5284 535 plane 0
5270 382 5298 316 5372 354 5344 419 plane 0
5362 310 5394 248 5450 284 5418 345 plane 0
4618 718 4574 771 4507 710 4552 654 plane 0
4634 635 4589 685 4531 625 4575 576 plane 0
4448 637 4391 595 4436 523 4494 564 plane 0
4220 1152 4290 1248 4178 1337 4105 1237 plane 0
4193 1777 4201 1848 4125 1857 4116 1782 plane 0
4821 1761 4835 1833 4753 1849 4738 1773 plane 0
4395 2351 4429 2336 4456 2384 4423 2399 plane 0
3936 1504 3871 1448 3938 1355 4009 1412 plane 0
3804 1361 3665 1304 3720 1166 3860 1225 plane 0
4154 1120 4145 1196 4066 1180 4076 1103 plane 0
4275 1200 4382 1271 4324 1372 4215 1299 plane 0
5277 1014 5395 1056 5356 1196 5235 1155 plane 0
4361 1216 4472 1217 4481 1347 4369 1352 plane 0
4495 1251 4562 1235 4591 1319 4521 1335 plane 0
4672 1403 4718 1462 4648 1522 4602 1462 plane 0
5003 1354 5005 1425 4926 1424 4921 1354 plane 0
5131 1485 5027 1404 5112 1290 5215 1381 plane 0
5002 1376 4910 1294 4981 1207 5072 1287 plane 0
1317 1585 1381 1585 1385 1659 1318 1659 plane 0
