imagesource:GoogleEarth
gsd:0.138395197388
382 1615 384 1601 418 1607 416 1621 small-vehicle 0
326 792 316 774 387 740 395 758 large-vehicle 0
184 711 166 725 124 652 140 641 large-vehicle 0
189 681 171 691 131 620 146 608 large-vehicle 0
198 643 179 656 136 586 153 575 large-vehicle 0
202 606 185 618 139 541 156 531 large-vehicle 0
247 756 240 737 311 708 318 727 large-vehicle 0
254 727 246 708 315 678 322 697 large-vehicle 0
455 752 474 741 516 804 499 817 large-vehicle 0
168 777 150 790 108 720 126 709 large-vehicle 0
462 718 478 707 520 768 502 780 large-vehicle 0
470 687 486 677 527 740 511 749 large-vehicle 0
332 763 322 741 391 709 401 729 large-vehicle 0
337 734 327 714 398 679 406 699 large-vehicle 0
344 705 335 684 404 651 414 670 large-vehicle 0
260 697 252 676 321 650 329 668 large-vehicle 0
176 746 158 758 114 683 132 673 large-vehicle 0
242 784 233 764 304 736 311 756 large-vehicle 0
274 638 266 618 337 587 345 606 large-vehicle 0
231 845 223 823 293 795 301 816 large-vehicle 0
143 916 126 929 79 857 94 845 large-vehicle 0
147 878 131 893 84 818 99 807 large-vehicle 0
155 844 136 856 95 784 112 774 large-vehicle 0
161 811 143 821 97 747 116 736 large-vehicle 0
222 903 212 882 284 851 292 870 large-vehicle 0
225 875 215 856 285 826 293 846 large-vehicle 0
303 908 292 889 361 853 371 873 large-vehicle 0
236 814 228 793 298 766 306 786 large-vehicle 0
309 878 298 861 368 826 377 844 large-vehicle 0
314 852 304 833 371 798 381 816 large-vehicle 0
432 855 451 843 491 906 473 916 large-vehicle 0
439 821 457 808 501 869 484 880 large-vehicle 0
448 785 466 773 504 837 487 846 large-vehicle 0
319 820 310 802 379 768 387 788 large-vehicle 0
266 668 257 647 331 620 338 640 large-vehicle 0
279 610 269 590 339 560 346 578 large-vehicle 0
383 1593 385 1579 416 1585 414 1598 small-vehicle 0
520 408 507 389 581 341 591 359 large-vehicle 0
297 520 289 500 360 471 367 491 large-vehicle 0
367 439 374 458 303 485 296 466 large-vehicle 0
280 442 295 451 266 519 249 512 large-vehicle 0
231 480 215 489 172 418 189 409 large-vehicle 0
237 442 218 455 176 382 195 373 large-vehicle 0
255 377 236 387 198 316 215 306 large-vehicle 0
485 401 473 386 529 341 541 358 large-vehicle 0
291 550 282 530 354 501 361 520 large-vehicle 0
454 392 439 376 501 330 511 347 large-vehicle 0
414 386 401 368 465 326 475 342 large-vehicle 0
381 382 370 362 438 313 449 330 large-vehicle 0
341 375 329 357 399 309 410 326 large-vehicle 0
314 367 292 362 308 279 327 283 large-vehicle 0
292 353 273 350 287 268 306 271 large-vehicle 0
380 526 371 506 441 474 449 494 large-vehicle 0
226 506 208 520 157 449 176 436 large-vehicle 0
409 623 419 641 351 676 341 657 large-vehicle 0
501 526 516 512 567 563 554 578 large-vehicle 0
414 595 423 612 356 648 346 631 large-vehicle 0
362 617 352 599 421 562 430 581 large-vehicle 0
475 651 493 640 533 703 516 715 large-vehicle 0
480 619 498 607 541 670 523 681 large-vehicle 0
486 580 503 569 542 633 524 643 large-vehicle 0
494 552 511 541 552 603 534 614 large-vehicle 0
506 497 520 480 580 527 567 540 large-vehicle 0
219 539 201 552 152 478 170 467 large-vehicle 0
508 472 521 455 583 500 572 518 large-vehicle 0
519 445 531 428 589 471 578 487 large-vehicle 0
371 586 360 567 431 533 439 551 large-vehicle 0
373 556 364 538 434 504 441 524 large-vehicle 0
285 577 279 557 349 530 356 548 large-vehicle 0
211 576 194 586 151 516 166 505 large-vehicle 0
211 931 205 911 279 885 284 903 large-vehicle 0
297 938 285 919 354 883 364 903 large-vehicle 0
417 921 436 909 477 972 461 984 large-vehicle 0
520 1110 516 1123 485 1112 490 1099 small-vehicle 0
459 1241 463 1224 502 1232 499 1249 small-vehicle 0
473 1220 476 1204 504 1211 500 1226 small-vehicle 0
474 1199 475 1184 508 1188 504 1204 small-vehicle 0
470 1175 472 1159 506 1166 504 1181 small-vehicle 0
477 1156 479 1142 514 1148 511 1161 small-vehicle 0
481 1136 483 1119 523 1126 519 1142 small-vehicle 0
489 1097 492 1081 530 1089 527 1104 small-vehicle 0
440 1284 448 1267 493 1286 487 1301 small-vehicle 0
494 1076 496 1062 534 1068 530 1083 small-vehicle 0
502 1054 505 1038 540 1045 537 1060 small-vehicle 0
559 932 558 945 523 943 525 930 small-vehicle 0
302 1355 321 1361 306 1436 284 1432 large-vehicle 0
271 1350 293 1354 277 1431 255 1425 large-vehicle 0
255 1332 277 1337 255 1424 233 1419 large-vehicle 0
451 1264 454 1248 490 1256 486 1270 small-vehicle 0
444 1309 446 1293 482 1301 479 1316 small-vehicle 0
411 954 427 941 467 1006 452 1019 large-vehicle 0
334 1502 340 1484 385 1502 380 1516 small-vehicle 0
385 1564 389 1551 423 1561 419 1573 small-vehicle 0
330 1571 331 1555 375 1562 373 1576 small-vehicle 0
388 1549 392 1529 429 1540 425 1558 small-vehicle 0
331 1529 336 1511 381 1525 376 1541 small-vehicle 0
391 1525 395 1510 430 1522 427 1537 small-vehicle 0
398 1508 401 1493 437 1502 433 1516 small-vehicle 0
309 1508 292 1504 300 1463 317 1465 small-vehicle 0
436 1324 442 1307 479 1321 473 1337 small-vehicle 0
348 1478 352 1464 390 1477 386 1491 small-vehicle 0
401 1491 405 1475 442 1483 438 1499 small-vehicle 0
404 1470 407 1454 442 1464 438 1479 small-vehicle 0
352 1461 354 1446 396 1454 392 1470 small-vehicle 0
356 1442 359 1428 399 1437 397 1450 small-vehicle 0
403 1254 423 1257 416 1293 396 1290 small-vehicle 0
151 1316 172 1319 156 1408 135 1401 large-vehicle 0
91 1305 85 1326 14 1302 19 1283 large-vehicle 0
112 1263 132 1268 106 1346 86 1339 large-vehicle 0
205 961 196 942 269 914 275 933 large-vehicle 0
119 999 115 1020 54 1006 57 985 large-vehicle 0
123 972 107 984 65 921 82 909 large-vehicle 0
137 949 117 963 69 890 86 879 large-vehicle 0
143 1026 123 1022 140 947 158 951 large-vehicle 0
195 1022 185 1003 256 973 263 993 large-vehicle 0
200 990 191 970 265 944 271 963 large-vehicle 0
341 941 352 962 283 995 275 974 large-vehicle 0
97 1282 90 1301 19 1276 25 1257 large-vehicle 0
350 911 360 930 291 966 282 945 large-vehicle 0
411 1161 431 1169 406 1249 387 1241 large-vehicle 0
401 1087 419 1082 443 1161 421 1166 large-vehicle 0
412 1045 432 1038 453 1109 434 1116 large-vehicle 0
390 1008 410 1012 397 1098 374 1093 large-vehicle 0
406 992 422 981 464 1041 448 1056 large-vehicle 0
189 1056 181 1036 251 1009 258 1028 large-vehicle 0
332 1002 343 1020 268 1053 260 1034 large-vehicle 0
337 970 346 989 275 1022 265 1004 large-vehicle 0
324 1028 335 1047 266 1081 254 1061 large-vehicle 0
318 1060 327 1077 256 1110 246 1091 large-vehicle 0
311 1087 321 1106 251 1141 241 1120 large-vehicle 0
330 1103 339 1123 260 1161 251 1142 large-vehicle 0
109 1115 87 1108 113 1029 133 1036 large-vehicle 0
221 1164 199 1169 191 1090 210 1087 large-vehicle 0
221 1138 242 1136 249 1211 228 1214 large-vehicle 0
252 1166 274 1166 273 1255 251 1256 large-vehicle 0
276 1193 296 1192 293 1268 274 1267 large-vehicle 0
280 1164 295 1151 339 1210 326 1224 large-vehicle 0
129 1158 125 1179 49 1159 53 1140 large-vehicle 0
122 1184 116 1204 43 1182 49 1163 large-vehicle 0
112 1231 107 1252 33 1232 37 1213 large-vehicle 0
106 1259 99 1278 16 1251 22 1232 large-vehicle 0
265 341 245 354 205 290 223 277 large-vehicle 0
