imagesource:GoogleEarth
gsd:0.240001985697
382 233 389 225 401 238 395 246 small-vehicle 0
386 224 394 216 408 231 402 238 small-vehicle 0
656 286 663 278 715 321 709 330 large-vehicle 0
170 36 161 31 169 15 177 19 small-vehicle 0
188 24 196 29 186 49 178 43 small-vehicle 0
243 47 251 50 243 68 235 65 small-vehicle 0
163 449 169 436 192 450 187 461 small-vehicle 0
215 461 222 449 240 464 234 473 small-vehicle 0
26 465 15 461 25 441 35 445 small-vehicle 0
35 470 27 467 34 448 41 451 small-vehicle 0
48 475 38 472 46 453 54 456 small-vehicle 0
59 478 50 476 56 459 63 461 small-vehicle 0
89 477 85 486 66 475 71 466 small-vehicle 0
92 468 87 477 71 465 76 456 small-vehicle 0
99 460 93 468 76 455 81 447 small-vehicle 0
104 448 100 457 82 449 85 440 small-vehicle 0
135 470 125 464 135 445 144 450 small-vehicle 0
607 338 617 346 576 393 566 385 large-vehicle 0
562 298 571 306 530 354 520 346 large-vehicle 0
563 258 574 265 539 323 529 316 large-vehicle 0
399 529 389 521 429 472 439 481 large-vehicle 0
301 443 293 452 240 408 248 398 large-vehicle 0
291 460 283 469 230 421 238 413 large-vehicle 0
264 524 273 533 229 585 220 577 large-vehicle 0
340 480 331 471 371 423 381 432 large-vehicle 0
375 510 365 501 406 453 416 461 large-vehicle 0
388 519 378 511 418 462 427 471 large-vehicle 0
420 550 411 542 451 493 460 500 large-vehicle 0
527 268 537 276 497 325 488 317 large-vehicle 0
456 579 445 571 486 523 496 531 large-vehicle 0
340 571 350 580 305 633 295 625 large-vehicle 0
401 633 412 643 368 694 358 686 large-vehicle 0
455 277 446 268 493 218 501 226 large-vehicle 0
495 240 504 248 462 295 453 288 large-vehicle 0
516 259 526 267 485 315 476 306 large-vehicle 0
143 474 135 469 144 450 152 455 small-vehicle 0
153 480 144 475 152 457 161 462 small-vehicle 0
159 486 151 481 163 461 171 466 small-vehicle 0
276 790 269 797 257 779 265 773 small-vehicle 0
56 499 50 510 33 501 39 490 small-vehicle 0
32 615 21 611 28 593 38 597 small-vehicle 0
69 647 60 645 66 625 74 626 small-vehicle 0
93 691 85 679 113 657 121 667 small-vehicle 0
139 710 129 702 145 686 153 693 small-vehicle 0
260 775 251 781 238 761 246 756 small-vehicle 0
501 52 511 48 520 69 510 74 small-vehicle 0
109 506 117 509 110 527 102 524 small-vehicle 0
475 39 484 35 490 53 483 58 small-vehicle 0
520 39 512 43 503 24 511 21 small-vehicle 0
521 43 530 40 537 62 528 65 small-vehicle 0
530 39 539 35 547 54 538 58 small-vehicle 0
582 76 580 87 559 82 560 72 small-vehicle 0
579 64 578 73 563 71 564 62 small-vehicle 0
100 499 109 504 101 523 91 519 small-vehicle 0
118 511 127 515 121 531 111 528 small-vehicle 0
170 490 162 485 174 463 181 468 small-vehicle 0
236 524 226 519 236 497 245 502 small-vehicle 0
179 495 169 490 180 469 188 473 small-vehicle 0
189 498 180 493 191 475 199 479 small-vehicle 0
199 504 190 498 199 478 209 483 small-vehicle 0
207 509 198 503 209 481 217 486 small-vehicle 0
217 513 208 508 217 489 225 494 small-vehicle 0
227 518 219 514 228 492 235 496 small-vehicle 0
197 538 206 541 201 560 192 557 small-vehicle 0
128 514 137 518 130 536 121 532 small-vehicle 0
186 536 195 539 188 559 181 556 small-vehicle 0
177 531 185 533 179 551 172 549 small-vehicle 0
166 530 175 534 169 550 161 548 small-vehicle 0
159 524 167 526 160 545 151 542 small-vehicle 0
148 520 157 523 150 539 142 536 small-vehicle 0
138 513 148 516 141 536 132 534 small-vehicle 0
324 266 312 256 363 209 372 220 large-vehicle 0
