imagesource:GoogleEarth
gsd:0.11640571934
681 173 684 190 651 197 647 180 small-vehicle 0
1073 251 1080 271 984 301 977 279 large-vehicle 0
603 927 596 905 695 875 701 896 large-vehicle 0
612 952 605 932 703 904 709 925 large-vehicle 0
620 979 612 959 712 930 719 952 large-vehicle 0
626 1004 619 985 720 953 726 975 large-vehicle 0
783 388 777 369 872 341 878 359 large-vehicle 0
789 419 780 399 879 366 886 387 large-vehicle 0
797 445 789 425 887 392 893 413 large-vehicle 0
1079 279 1087 299 993 328 985 309 large-vehicle 0
588 871 580 851 679 824 685 843 large-vehicle 0
1086 307 1091 326 1001 355 994 334 large-vehicle 0
1093 331 1100 353 1007 381 1000 359 large-vehicle 0
1103 359 1109 379 1015 407 1010 385 large-vehicle 0
1111 382 1118 403 1025 433 1017 414 large-vehicle 0
805 471 797 452 895 418 901 438 large-vehicle 0
1115 410 1123 431 1031 459 1023 438 large-vehicle 0
813 499 805 479 903 449 911 469 large-vehicle 0
595 898 588 878 689 850 694 870 large-vehicle 0
581 846 573 827 672 798 678 818 large-vehicle 0
643 183 646 200 612 209 607 191 small-vehicle 0
525 660 518 641 616 613 622 632 large-vehicle 0
240 547 245 568 149 599 142 578 large-vehicle 0
247 574 254 595 156 627 150 602 large-vehicle 0
257 598 263 619 167 651 158 631 large-vehicle 0
390 1063 396 1084 299 1112 291 1091 large-vehicle 0
397 1088 402 1109 307 1136 299 1116 large-vehicle 0
534 616 514 623 483 527 505 519 large-vehicle 0
563 609 542 617 511 519 531 512 large-vehicle 0
534 690 527 668 622 636 630 657 large-vehicle 0
571 818 564 798 663 771 670 790 large-vehicle 0
821 561 827 581 730 609 722 588 large-vehicle 0
828 587 836 607 737 634 729 613 large-vehicle 0
836 615 843 637 746 661 737 639 large-vehicle 0
541 713 533 693 631 663 638 684 large-vehicle 0
549 742 542 720 639 691 644 710 large-vehicle 0
556 767 549 746 648 718 654 738 large-vehicle 0
564 793 557 774 655 746 661 764 large-vehicle 0
821 526 813 504 911 475 918 495 large-vehicle 0
1131 435 1138 455 1040 485 1033 464 large-vehicle 0
836 581 829 559 927 529 934 549 large-vehicle 0
963 994 970 1014 872 1044 866 1025 large-vehicle 0
1026 852 1033 873 936 902 928 882 large-vehicle 0
1034 880 1041 900 944 928 936 907 large-vehicle 0
929 916 934 935 835 966 829 946 large-vehicle 0
1045 907 1050 926 973 950 967 931 large-vehicle 0
1233 794 1241 814 1147 846 1140 826 large-vehicle 0
1239 821 1246 841 1153 868 1146 848 large-vehicle 0
1231 850 1237 868 1162 893 1155 873 large-vehicle 0
115 313 119 329 85 340 80 324 small-vehicle 0
1145 487 1152 507 1056 535 1049 516 large-vehicle 0
63 303 66 320 40 325 36 311 small-vehicle 0
206 257 210 276 173 286 166 267 small-vehicle 0
332 252 328 233 364 226 367 243 small-vehicle 0
396 215 392 197 426 191 429 208 small-vehicle 0
514 196 519 214 484 222 478 204 small-vehicle 0
536 119 531 98 566 89 571 108 small-vehicle 0
806 35 798 14 833 5 839 23 small-vehicle 0
921 890 927 911 828 939 822 920 large-vehicle 0
911 865 919 886 823 914 815 894 large-vehicle 0
1017 825 1023 845 927 875 921 854 large-vehicle 0
903 837 910 859 814 887 806 867 large-vehicle 0
846 606 839 586 938 556 945 576 large-vehicle 0
855 633 847 614 947 583 953 602 large-vehicle 0
863 659 857 639 956 611 961 633 large-vehicle 0
1135 545 1143 564 1065 593 1057 571 large-vehicle 0
1146 572 1152 591 1077 616 1069 596 large-vehicle 0
1166 595 1172 615 1086 640 1079 620 large-vehicle 0
1184 619 1190 640 1095 667 1088 647 large-vehicle 0
1193 644 1199 665 1103 695 1096 672 large-vehicle 0
1200 670 1206 691 1109 718 1104 698 large-vehicle 0
1210 691 1216 713 1118 743 1111 722 large-vehicle 0
1215 720 1222 740 1125 768 1119 748 large-vehicle 0
1222 745 1228 765 1131 793 1125 773 large-vehicle 0
1230 766 1235 786 1141 818 1134 797 large-vehicle 0
1009 797 1015 818 920 846 912 824 large-vehicle 0
1126 850 1112 866 1039 795 1054 779 large-vehicle 0
226 501 233 523 134 549 129 527 large-vehicle 0
