imagesource:GoogleEarth
gsd:0.126314043201
552 396 551 375 652 374 653 395 large-vehicle 0
536 420 535 400 638 401 638 421 large-vehicle 0
437 527 438 505 537 506 535 528 large-vehicle 0
483 475 483 454 581 452 582 473 large-vehicle 0
460 502 460 481 561 479 561 499 large-vehicle 0
380 546 365 531 432 460 448 475 large-vehicle 0
326 556 310 540 375 476 391 492 large-vehicle 0
337 500 316 501 311 401 330 399 large-vehicle 0
366 472 343 474 335 376 355 372 large-vehicle 0
454 470 438 455 509 380 525 393 large-vehicle 0
393 450 372 453 356 353 375 350 large-vehicle 0
411 474 394 460 461 385 477 401 large-vehicle 0
413 411 391 414 383 323 403 322 large-vehicle 0
437 401 416 401 407 306 426 304 large-vehicle 0
534 386 516 371 583 305 597 321 large-vehicle 0
511 375 496 360 564 290 578 303 large-vehicle 0
461 370 437 371 433 273 452 272 large-vehicle 0
413 553 414 531 512 534 512 553 large-vehicle 0
385 577 385 555 485 562 483 582 large-vehicle 0
360 601 361 580 462 586 461 608 large-vehicle 0
292 674 293 652 393 661 392 680 large-vehicle 0
508 449 507 425 605 424 605 446 large-vehicle 0
90 1012 72 997 141 926 157 941 large-vehicle 0
171 929 155 915 224 843 239 855 large-vehicle 0
265 824 251 808 314 739 329 756 large-vehicle 0
169 714 154 731 78 666 90 650 large-vehicle 0
278 702 279 678 379 685 377 706 large-vehicle 0
316 651 316 629 420 637 418 658 large-vehicle 0
259 636 242 621 311 547 325 561 large-vehicle 0
339 626 340 603 445 611 443 631 large-vehicle 0
216 637 193 640 190 529 212 528 large-vehicle 0
241 611 218 614 214 503 235 502 large-vehicle 0
267 577 245 577 237 480 261 479 large-vehicle 0
289 547 271 549 265 451 283 451 large-vehicle 0
314 518 294 519 292 424 311 423 large-vehicle 0
486 346 462 348 455 258 477 255 large-vehicle 0
