imagesource:GoogleEarth
gsd:0.271637536936
870 1372 1016 1320 1063 1456 923 1512 baseball-diamond 0
517 651 800 533 1054 1147 774 1270 ground-track-field 0
627 750 787 679 948 1055 787 1124 soccer-ball-field 0
311 179 522 92 687 481 475 570 soccer-ball-field 1
373 1292 397 1204 488 1228 458 1316 baseball-diamond 0
332 659 372 642 407 722 367 740 tennis-court 0
282 679 322 663 357 744 318 761 tennis-court 0
279 535 319 517 354 599 314 617 tennis-court 0
229 556 269 539 304 620 265 637 tennis-court 0
180 577 220 560 254 640 215 658 tennis-court 0
130 599 170 581 205 662 165 679 tennis-court 0
227 411 267 394 302 474 262 492 tennis-court 0
177 432 217 415 252 496 213 514 tennis-court 0
