imagesource:GoogleEarth
gsd:0.126479906914
835 1353 818 1346 832 1311 848 1317 small-vehicle 0
250 917 262 934 190 991 177 976 large-vehicle 0
485 761 499 776 400 876 386 860 large-vehicle 0
137 779 150 795 80 852 68 837 large-vehicle 0
169 819 182 835 111 894 96 876 large-vehicle 0
188 835 203 853 130 911 117 893 large-vehicle 0
202 858 215 875 144 931 132 916 large-vehicle 0
217 879 231 896 157 952 146 936 large-vehicle 0
264 938 278 953 207 1011 196 996 large-vehicle 0
453 718 466 732 369 831 354 818 large-vehicle 0
282 955 296 972 225 1029 211 1014 large-vehicle 0
310 985 325 1002 254 1062 241 1046 large-vehicle 0
327 1006 341 1024 270 1082 254 1066 large-vehicle 0
344 1026 357 1044 283 1101 270 1084 large-vehicle 0
356 1049 371 1067 299 1126 285 1109 large-vehicle 0
501 786 515 801 417 900 402 887 large-vehicle 0
466 738 482 754 384 854 370 839 large-vehicle 0
437 695 449 708 353 807 337 794 large-vehicle 0
535 829 549 845 451 944 437 929 large-vehicle 0
487 509 469 497 522 432 538 445 large-vehicle 0
357 336 339 324 389 257 403 267 large-vehicle 0
373 352 356 340 407 275 421 286 large-vehicle 0
401 392 383 377 436 313 451 327 large-vehicle 0
442 450 426 438 478 374 493 386 large-vehicle 0
455 470 441 458 495 394 507 406 large-vehicle 0
471 492 451 479 505 414 521 426 large-vehicle 0
507 557 490 544 551 470 568 484 large-vehicle 0
421 673 435 688 335 786 320 771 large-vehicle 0
299 520 315 536 256 594 243 581 large-vehicle 0
312 551 326 564 267 621 254 608 large-vehicle 0
331 570 345 582 286 641 274 628 large-vehicle 0
383 630 401 644 301 744 287 730 large-vehicle 0
133 683 153 692 111 782 91 774 large-vehicle 0
401 655 415 669 316 768 303 752 large-vehicle 0
520 806 532 822 434 920 420 906 large-vehicle 0
551 850 566 863 471 965 456 951 large-vehicle 0
956 795 943 807 920 776 935 766 small-vehicle 0
521 280 504 289 485 257 500 248 small-vehicle 0
738 1111 746 1092 831 1128 826 1146 large-vehicle 0
722 1135 730 1116 816 1151 806 1171 large-vehicle 0
685 1207 693 1187 778 1227 768 1246 large-vehicle 0
673 1234 680 1212 765 1251 756 1271 large-vehicle 0
373 74 357 85 339 55 353 46 small-vehicle 0
453 122 436 133 412 96 427 86 small-vehicle 0
662 425 646 437 621 406 636 395 small-vehicle 0
756 1057 765 1037 851 1076 844 1094 large-vehicle 0
664 333 681 321 701 352 686 363 small-vehicle 0
657 207 642 192 666 171 677 185 small-vehicle 0
845 173 855 194 810 216 799 195 small-vehicle 0
809 521 826 510 844 537 829 547 small-vehicle 0
888 704 871 717 843 683 860 670 small-vehicle 0
961 760 946 772 920 737 935 726 small-vehicle 0
749 1087 755 1068 840 1102 833 1123 large-vehicle 0
763 1031 773 1012 858 1051 852 1070 large-vehicle 0
569 874 584 888 486 988 471 975 large-vehicle 0
717 706 732 719 673 791 658 779 large-vehicle 0
404 1108 418 1126 346 1185 331 1168 large-vehicle 0
445 1173 460 1190 396 1240 383 1224 large-vehicle 0
592 539 608 555 550 626 531 611 large-vehicle 0
608 559 625 571 564 645 549 632 large-vehicle 0
672 638 691 651 631 726 616 712 large-vehicle 0
704 683 721 695 663 768 646 756 large-vehicle 0
736 724 751 738 693 809 678 796 large-vehicle 0
632 1004 646 1018 589 1079 575 1065 large-vehicle 0
750 747 766 759 712 824 697 813 large-vehicle 0
761 774 776 784 726 850 710 838 large-vehicle 0
776 792 793 806 740 871 724 858 large-vehicle 0
547 1001 534 985 598 921 612 935 large-vehicle 0
727 921 745 911 791 983 774 992 large-vehicle 0
607 988 622 1001 557 1072 541 1054 large-vehicle 0
341 311 327 299 371 240 385 253 large-vehicle 0
