imagesource:GoogleEarth
gsd:0.266962642342
878 714 1179 723 1142 1397 839 1382 ground-track-field 0
389 1241 429 1243 424 1335 382 1333 tennis-court 0
280 1233 320 1234 315 1326 272 1325 tennis-court 0
331 1236 375 1239 366 1329 326 1326 tennis-court 0
410 951 455 954 450 1045 407 1043 tennis-court 0
355 948 398 949 394 1042 347 1038 tennis-court 0
299 943 342 946 336 1036 292 1034 tennis-court 0
329 669 748 694 741 881 316 856 soccer-ball-field 0
914 841 1129 850 1110 1268 893 1256 soccer-ball-field 0
522 978 762 988 744 1403 503 1388 soccer-ball-field 1
1282 1541 1284 1440 1379 1445 1379 1541 baseball-diamond 0
326 482 330 326 488 329 489 485 baseball-diamond 0
