imagesource:GoogleEarth
gsd:0.282106879927
282 122 294 121 296 142 284 143 small-vehicle 0
212 122 221 122 223 141 214 141 small-vehicle 0
212 688 205 680 240 656 246 664 large-vehicle 0
153 141 143 142 141 119 151 119 small-vehicle 0
174 125 183 125 184 145 174 144 small-vehicle 0
184 121 194 121 194 137 184 137 small-vehicle 0
194 121 203 120 203 139 194 139 small-vehicle 0
203 122 213 122 213 143 204 143 small-vehicle 0
222 123 233 123 234 143 222 143 small-vehicle 0
39 642 39 651 1 652 1 641 large-vehicle 0
232 122 244 122 244 141 234 142 small-vehicle 0
244 123 255 123 255 143 245 143 small-vehicle 0
177 179 177 188 158 187 158 178 small-vehicle 0
201 179 201 188 180 189 179 179 small-vehicle 0
208 188 207 179 226 178 226 187 small-vehicle 0
214 232 214 241 194 241 194 231 small-vehicle 0
46 658 47 667 3 672 2 662 large-vehicle 0
175 560 175 549 220 550 220 559 large-vehicle 0
273 120 283 120 282 138 273 138 small-vehicle 0
172 398 172 389 217 389 218 397 large-vehicle 0
272 244 271 234 347 230 348 241 large-vehicle 0
168 295 168 285 213 285 213 295 large-vehicle 0
166 316 166 307 212 304 213 315 large-vehicle 0
169 348 171 337 217 341 217 351 large-vehicle 0
258 351 273 350 275 391 259 390 large-vehicle 0
171 381 170 372 216 368 216 378 large-vehicle 0
174 412 173 403 219 403 219 412 large-vehicle 0
177 544 176 534 221 534 222 543 large-vehicle 0
172 428 172 419 220 418 219 427 large-vehicle 0
172 446 173 437 220 436 220 447 large-vehicle 0
173 460 173 451 219 450 219 459 large-vehicle 0
172 476 172 467 218 466 218 475 large-vehicle 0
174 493 173 483 220 482 220 492 large-vehicle 0
180 529 180 519 226 519 226 528 large-vehicle 0
214 244 214 253 196 253 196 244 small-vehicle 0
201 265 200 255 218 255 218 264 small-vehicle 0
112 272 102 271 103 250 113 251 small-vehicle 0
361 688 361 678 382 679 381 689 small-vehicle 0
253 720 252 710 273 710 272 720 small-vehicle 0
293 700 294 688 310 690 310 700 small-vehicle 0
231 709 232 698 255 698 255 709 small-vehicle 0
296 688 296 678 315 679 315 688 small-vehicle 0
316 689 317 679 334 681 334 690 small-vehicle 0
359 698 359 689 376 689 375 697 small-vehicle 0
380 696 379 687 397 686 397 696 small-vehicle 0
116 483 107 483 108 463 117 463 small-vehicle 0
358 678 357 668 378 669 377 678 small-vehicle 0
380 668 380 658 399 660 399 669 small-vehicle 0
358 667 358 657 377 657 377 666 small-vehicle 0
297 669 297 658 314 660 314 669 small-vehicle 0
255 121 265 122 264 140 255 140 small-vehicle 0
264 121 275 122 274 138 264 138 small-vehicle 0
317 715 317 705 338 707 338 715 small-vehicle 0
316 726 316 716 335 717 335 727 small-vehicle 0
380 707 380 698 398 699 398 706 small-vehicle 0
403 708 403 716 378 716 378 708 small-vehicle 0
401 717 402 726 382 727 380 717 small-vehicle 0
382 735 381 726 401 727 401 736 small-vehicle 0
380 745 380 736 400 737 400 745 small-vehicle 0
317 755 317 747 335 747 335 755 small-vehicle 0
335 757 335 764 318 765 317 757 small-vehicle 0
382 755 381 746 401 747 401 755 small-vehicle 0
400 766 400 774 381 774 381 765 small-vehicle 0
401 783 401 792 381 793 381 782 small-vehicle 0
236 797 234 786 257 787 258 796 small-vehicle 0
233 747 233 737 253 739 253 748 small-vehicle 0
185 758 185 748 203 750 203 759 small-vehicle 0
131 747 124 754 111 736 119 731 small-vehicle 0
117 507 107 506 108 488 118 489 small-vehicle 0
210 269 210 278 170 280 169 269 large-vehicle 0
