imagesource:GoogleEarth
gsd:0.126701867541
1895 1739 1895 1720 1930 1725 1928 1742 small-vehicle 0
77 445 62 440 70 408 86 413 small-vehicle 0
115 462 97 456 108 417 129 424 small-vehicle 0
155 472 137 467 147 431 164 436 small-vehicle 0
196 486 177 481 189 441 208 447 small-vehicle 0
381 689 387 671 423 687 416 704 small-vehicle 0
389 671 395 652 434 668 428 684 small-vehicle 0
357 766 365 747 402 766 395 781 small-vehicle 0
341 806 349 786 383 803 376 820 small-vehicle 0
339 825 345 808 380 822 374 839 small-vehicle 0
331 848 338 828 378 843 371 863 small-vehicle 0
366 863 360 878 325 865 332 848 small-vehicle 0
241 852 259 856 248 893 229 887 small-vehicle 0
199 840 216 843 207 879 192 875 small-vehicle 0
161 835 180 833 181 873 162 873 small-vehicle 0
14 780 32 787 20 818 2 814 small-vehicle 0
159 938 175 944 163 978 146 973 small-vehicle 0
216 965 233 970 220 1006 202 1000 small-vehicle 0
240 1016 220 1009 234 973 250 979 small-vehicle 0
257 977 275 982 264 1017 246 1012 small-vehicle 0
282 1026 264 1020 277 982 293 988 small-vehicle 0
300 985 320 992 304 1034 284 1025 small-vehicle 0
89 1082 94 1062 134 1072 129 1091 small-vehicle 0
98 457 81 452 89 413 104 416 small-vehicle 0
40 433 23 429 31 392 47 397 small-vehicle 0
47 1092 48 1073 89 1076 86 1095 small-vehicle 0
21 430 2 424 12 388 30 393 small-vehicle 0
337 140 317 134 327 95 346 101 small-vehicle 0
334 88 316 84 329 37 348 45 small-vehicle 0
303 82 287 74 311 33 327 44 small-vehicle 0
398 111 384 106 397 69 411 76 small-vehicle 0
428 122 409 116 420 76 436 81 small-vehicle 0
163 218 171 197 214 212 207 232 small-vehicle 0
250 249 255 226 311 243 304 264 small-vehicle 0
154 250 162 229 204 243 198 264 small-vehicle 0
146 271 155 250 188 264 180 282 small-vehicle 0
134 292 142 271 186 290 177 310 small-vehicle 0
50 282 32 279 41 239 58 243 small-vehicle 0
19 234 40 236 30 275 11 270 small-vehicle 0
36 375 19 369 31 333 49 340 small-vehicle 0
15 368 1 361 12 328 28 333 small-vehicle 0
111 402 93 402 96 359 113 360 small-vehicle 0
131 410 114 408 119 365 135 367 small-vehicle 0
151 415 134 409 144 369 162 374 small-vehicle 0
173 420 156 417 165 374 182 377 small-vehicle 0
196 426 179 422 187 381 203 384 small-vehicle 0
218 436 200 430 208 391 227 396 small-vehicle 0
239 444 220 436 235 397 252 404 small-vehicle 0
48 1072 48 1055 88 1055 85 1072 small-vehicle 0
44 1116 46 1096 85 1100 82 1118 small-vehicle 0
275 70 258 67 266 29 282 33 small-vehicle 0
44 1508 41 1525 4 1523 5 1505 small-vehicle 0
37 1531 35 1549 5 1548 6 1530 small-vehicle 0
1 1567 6 1550 42 1560 35 1578 small-vehicle 0
534 8 551 15 535 53 518 46 small-vehicle 0
551 17 570 20 558 56 540 52 small-vehicle 0
716 186 724 167 762 184 754 201 small-vehicle 0
702 205 712 186 751 207 741 222 small-vehicle 0
697 229 707 208 746 228 736 247 small-vehicle 0
691 277 697 259 731 273 725 289 small-vehicle 0
658 315 639 313 648 270 667 273 small-vehicle 0
677 319 681 301 719 312 713 329 small-vehicle 0
622 354 604 350 615 311 632 316 small-vehicle 0
647 370 629 366 640 326 657 331 small-vehicle 0
562 400 579 404 566 452 549 447 small-vehicle 0
585 409 602 414 587 461 567 455 small-vehicle 0
628 430 635 413 671 431 665 445 small-vehicle 0
465 445 483 450 468 493 450 489 small-vehicle 0
607 488 613 468 655 481 648 499 small-vehicle 0
591 507 599 487 646 509 634 528 small-vehicle 0
519 555 537 559 526 597 507 592 small-vehicle 0
478 539 498 544 485 584 467 578 small-vehicle 0
445 630 440 644 396 632 402 614 small-vehicle 0
41 1548 42 1528 81 1533 78 1552 small-vehicle 0
3 1496 5 1476 40 1484 38 1500 small-vehicle 0
38 1137 41 1117 85 1123 82 1141 small-vehicle 0
9 1473 13 1455 49 1466 46 1482 small-vehicle 0
36 1159 39 1141 76 1147 74 1165 small-vehicle 0
37 1185 38 1165 74 1167 73 1187 small-vehicle 0
86 1205 88 1186 132 1189 129 1209 small-vehicle 0
40 1230 44 1208 86 1217 83 1237 small-vehicle 0
88 1234 91 1216 128 1223 124 1239 small-vehicle 0
303 1206 311 1185 357 1202 350 1220 small-vehicle 0
306 1228 313 1211 347 1226 340 1241 small-vehicle 0
289 1254 294 1234 336 1245 332 1264 small-vehicle 0
82 1262 85 1242 125 1251 119 1268 small-vehicle 0
38 1258 42 1240 78 1247 73 1264 small-vehicle 0
32 1285 33 1264 73 1270 70 1287 small-vehicle 0
72 1312 79 1293 116 1304 110 1322 small-vehicle 0
29 1307 34 1287 72 1292 70 1311 small-vehicle 0
29 1332 34 1312 72 1320 68 1337 small-vehicle 0
286 1275 291 1258 326 1268 320 1284 small-vehicle 0
273 1299 280 1279 326 1292 318 1312 small-vehicle 0
264 1347 269 1327 308 1339 301 1357 small-vehicle 0
21 1423 23 1405 58 1412 56 1428 small-vehicle 0
66 1453 66 1436 109 1439 107 1457 small-vehicle 0
12 1447 16 1428 59 1438 55 1455 small-vehicle 0
53 1483 59 1462 93 1470 88 1490 small-vehicle 0
265 80 283 86 268 126 249 120 small-vehicle 0
254 69 236 63 247 26 263 31 small-vehicle 0
434 688 440 668 479 684 473 703 small-vehicle 0
533 1425 542 1402 628 1438 622 1459 large-vehicle 0
502 1495 511 1474 599 1509 590 1532 large-vehicle 0
452 1497 473 1507 405 1637 383 1627 large-vehicle 0
366 1444 390 1453 337 1590 315 1581 large-vehicle 0
492 1520 501 1499 586 1535 578 1556 large-vehicle 0
475 1545 483 1522 572 1555 565 1578 large-vehicle 0
461 1569 469 1547 561 1582 552 1601 large-vehicle 0
596 1547 615 1560 571 1644 554 1633 large-vehicle 0
451 1593 459 1570 549 1601 541 1625 large-vehicle 0
436 1620 444 1595 536 1628 528 1651 large-vehicle 0
419 1638 430 1615 518 1651 510 1673 large-vehicle 0
630 1619 651 1634 575 1757 554 1742 large-vehicle 0
676 1649 690 1625 768 1681 756 1701 large-vehicle 0
409 1660 419 1638 506 1677 496 1699 large-vehicle 0
398 1683 407 1660 493 1699 485 1722 large-vehicle 0
386 1709 395 1685 484 1721 476 1746 large-vehicle 0
373 1732 382 1708 468 1744 461 1767 large-vehicle 0
360 1756 368 1733 457 1769 447 1793 large-vehicle 0
596 1817 610 1795 693 1839 683 1861 large-vehicle 0
341 1807 350 1782 438 1818 428 1840 large-vehicle 0
197 1887 212 1867 291 1915 277 1935 large-vehicle 0
252 1926 271 1940 188 2056 172 2044 large-vehicle 0
524 1452 531 1428 622 1464 613 1486 large-vehicle 0
545 1403 555 1381 641 1415 632 1436 large-vehicle 0
189 1916 211 1928 159 2007 139 1994 large-vehicle 0
559 1380 567 1358 658 1393 650 1415 large-vehicle 0
648 589 671 597 622 733 600 725 large-vehicle 0
601 732 621 741 572 876 552 867 large-vehicle 0
549 875 571 882 521 1018 502 1010 large-vehicle 0
574 880 594 886 544 1025 527 1015 large-vehicle 0
522 1019 547 1027 495 1166 473 1156 large-vehicle 0
498 1014 519 1021 469 1158 449 1150 large-vehicle 0
445 1155 467 1161 418 1299 398 1290 large-vehicle 0
472 1162 493 1168 444 1308 422 1299 large-vehicle 0
420 1303 441 1312 392 1448 369 1439 large-vehicle 0
394 1295 416 1303 368 1440 345 1432 large-vehicle 0
563 1216 585 1229 516 1360 494 1347 large-vehicle 0
588 1231 609 1241 544 1370 521 1357 large-vehicle 0
521 1364 542 1374 474 1504 453 1493 large-vehicle 0
630 1239 636 1216 724 1247 717 1268 large-vehicle 0
780 1140 800 1148 767 1238 747 1229 large-vehicle 0
616 1257 623 1235 710 1268 702 1290 large-vehicle 0
736 1279 759 1289 719 1376 697 1365 large-vehicle 0
607 1286 616 1263 703 1295 694 1317 large-vehicle 0
594 1307 602 1287 689 1318 682 1339 large-vehicle 0
583 1332 590 1311 676 1344 668 1364 large-vehicle 0
570 1355 578 1330 665 1367 658 1388 large-vehicle 0
209 1941 227 1951 174 2028 156 2017 large-vehicle 0
244 1981 265 1991 216 2072 194 2059 large-vehicle 0
235 67 254 70 243 109 224 104 small-vehicle 0
767 973 777 949 862 985 854 1005 large-vehicle 0
757 996 766 975 853 1007 845 1029 large-vehicle 0
747 1019 757 996 842 1030 834 1052 large-vehicle 0
739 1046 746 1022 839 1057 831 1076 large-vehicle 0
732 1070 737 1047 827 1078 820 1101 large-vehicle 0
858 1015 882 1022 847 1113 822 1102 large-vehicle 0
842 1147 866 1155 828 1248 805 1239 large-vehicle 0
1178 2563 1193 2543 1257 2592 1245 2611 large-vehicle 0
1199 2539 1213 2516 1293 2572 1282 2591 large-vehicle 0
1214 2519 1228 2498 1309 2549 1296 2570 large-vehicle 0
1226 2499 1242 2474 1323 2529 1309 2549 large-vehicle 0
1150 2428 1128 2414 1213 2287 1234 2303 large-vehicle 0
1238 2298 1215 2285 1298 2166 1319 2181 large-vehicle 0
1808 1424 1833 1442 1745 1561 1719 1542 large-vehicle 0
1718 1546 1741 1564 1658 1684 1634 1669 large-vehicle 0
1634 1672 1658 1687 1576 1805 1553 1788 large-vehicle 0
1549 1793 1573 1811 1490 1933 1467 1917 large-vehicle 0
1464 1918 1490 1936 1406 2053 1383 2036 large-vehicle 0
1380 2043 1402 2058 1321 2177 1299 2164 large-vehicle 0
1311 2553 1325 2530 1405 2582 1393 2605 large-vehicle 0
93 67 114 72 97 110 78 103 small-vehicle 0
213 62 232 69 217 108 197 100 small-vehicle 0
664 955 670 934 761 973 752 993 large-vehicle 0
672 935 681 911 773 948 762 969 large-vehicle 0
290 1954 312 1966 234 2087 213 2074 large-vehicle 0
732 927 739 905 875 958 868 979 large-vehicle 0
336 1987 357 1999 280 2124 258 2110 large-vehicle 0
378 2016 398 2031 318 2156 296 2143 large-vehicle 0
378 2119 404 2116 417 2216 390 2219 large-vehicle 0
581 2205 567 2227 485 2169 500 2150 large-vehicle 0
648 987 656 965 749 997 742 1019 large-vehicle 0
1002 320 1025 330 993 421 970 410 large-vehicle 0
1026 333 1047 339 1015 429 995 424 large-vehicle 0
1073 353 1095 362 1063 451 1042 443 large-vehicle 0
966 420 988 425 956 516 935 508 large-vehicle 0
1015 438 1038 444 1004 535 983 527 large-vehicle 0
1039 447 1060 455 1029 543 1006 535 large-vehicle 0
1064 454 1087 462 1055 550 1030 542 large-vehicle 0
1032 548 1055 556 1021 644 1001 636 large-vehicle 0
1004 543 1028 550 996 639 973 631 large-vehicle 0
980 532 1004 539 973 630 951 622 large-vehicle 0
998 642 1020 652 988 741 967 730 large-vehicle 0
1076 745 1089 725 1207 807 1196 826 large-vehicle 0
1091 798 1101 777 1182 823 1171 844 large-vehicle 0
1077 820 1088 801 1167 848 1156 869 large-vehicle 0
813 848 824 825 908 861 899 884 large-vehicle 0
804 875 812 850 899 884 890 908 large-vehicle 0
403 654 410 636 439 650 434 667 small-vehicle 0
549 648 556 634 592 653 586 666 small-vehicle 0
1906 1760 1911 1744 1954 1758 1949 1774 small-vehicle 0
1435 126 1423 113 1445 90 1458 104 small-vehicle 0
1349 187 1333 181 1349 144 1363 150 small-vehicle 0
1299 212 1279 208 1296 159 1314 166 small-vehicle 0
1279 203 1259 199 1271 154 1290 159 small-vehicle 0
1297 158 1281 153 1292 115 1308 119 small-vehicle 0
1326 132 1344 138 1333 179 1315 173 small-vehicle 0
1244 192 1227 186 1239 144 1258 149 small-vehicle 0
1279 152 1262 146 1272 114 1287 119 small-vehicle 0
1226 182 1209 179 1220 144 1237 150 small-vehicle 0
1241 142 1225 139 1236 103 1251 109 small-vehicle 0
1260 143 1246 137 1253 107 1268 112 small-vehicle 0
1385 52 1402 59 1386 96 1371 90 small-vehicle 0
1407 101 1390 95 1404 60 1419 66 small-vehicle 0
1370 86 1353 80 1365 47 1381 53 small-vehicle 0
1346 41 1362 47 1351 81 1335 75 small-vehicle 0
1334 74 1318 68 1329 36 1344 42 small-vehicle 0
1315 69 1298 60 1314 28 1329 35 small-vehicle 0
1297 58 1281 51 1296 19 1311 27 small-vehicle 0
1276 58 1255 51 1274 10 1293 16 small-vehicle 0
1814 133 1803 118 1833 95 1843 110 small-vehicle 0
1858 206 1846 187 1874 168 1886 185 small-vehicle 0
1903 203 1916 219 1886 245 1874 230 small-vehicle 0
1371 193 1353 189 1367 155 1381 162 small-vehicle 0
1444 144 1429 132 1465 99 1478 112 small-vehicle 0
1910 1580 1911 1561 1943 1563 1943 1581 small-vehicle 0
1464 156 1449 141 1476 116 1488 131 small-vehicle 0
1466 291 1454 278 1479 252 1491 265 small-vehicle 0
1452 281 1438 267 1461 243 1474 255 small-vehicle 0
1426 313 1410 297 1434 271 1449 286 small-vehicle 0
1412 296 1399 285 1424 262 1433 272 small-vehicle 0
1439 267 1425 254 1448 229 1460 242 small-vehicle 0
1396 280 1383 266 1407 243 1419 256 small-vehicle 0
1423 254 1409 240 1435 213 1448 229 small-vehicle 0
1586 277 1572 264 1598 237 1610 251 small-vehicle 0
1567 250 1553 236 1577 212 1589 225 small-vehicle 0
1545 242 1528 228 1565 191 1578 207 small-vehicle 0
1533 222 1520 210 1548 178 1562 191 small-vehicle 0
1411 240 1398 224 1420 199 1432 212 small-vehicle 0
1379 269 1368 257 1390 231 1402 243 small-vehicle 0
1367 258 1354 244 1377 220 1388 233 small-vehicle 0
1392 228 1381 213 1405 187 1417 201 small-vehicle 0
1347 246 1336 232 1361 204 1373 216 small-vehicle 0
1378 214 1367 201 1391 177 1402 189 small-vehicle 0
1522 208 1508 195 1531 167 1545 181 small-vehicle 0
1506 195 1492 181 1518 155 1530 170 small-vehicle 0
1494 179 1478 167 1501 141 1514 153 small-vehicle 0
1479 167 1464 154 1490 127 1502 143 small-vehicle 0
1922 214 1904 202 1928 172 1942 181 small-vehicle 0
1642 2086 1656 2095 1637 2125 1622 2118 small-vehicle 0
1481 305 1469 292 1494 265 1508 278 small-vehicle 0
1775 1899 1790 1909 1770 1938 1755 1930 small-vehicle 0
1728 1918 1711 1904 1737 1872 1754 1885 small-vehicle 0
1802 1858 1819 1869 1790 1909 1775 1898 small-vehicle 0
1818 1868 1836 1876 1820 1909 1804 1900 small-vehicle 0
1912 1853 1908 1867 1866 1857 1872 1841 small-vehicle 0
1771 1891 1758 1881 1777 1853 1789 1865 small-vehicle 0
1758 1876 1742 1864 1762 1838 1777 1850 small-vehicle 0
1739 1865 1723 1856 1744 1825 1760 1837 small-vehicle 0
1717 1864 1732 1875 1710 1905 1697 1894 small-vehicle 0
1699 1852 1716 1862 1698 1892 1680 1881 small-vehicle 0
1723 1812 1739 1824 1718 1858 1701 1848 small-vehicle 0
1681 1840 1696 1847 1679 1878 1664 1869 small-vehicle 0
1659 1827 1678 1837 1656 1867 1639 1856 small-vehicle 0
1688 1786 1708 1798 1681 1836 1663 1825 small-vehicle 0
1702 1804 1716 1816 1700 1842 1684 1831 small-vehicle 0
1850 1788 1866 1799 1847 1828 1832 1819 small-vehicle 0
1830 1778 1847 1787 1824 1820 1808 1809 small-vehicle 0
1810 1765 1826 1777 1805 1807 1789 1796 small-vehicle 0
1793 1754 1810 1765 1789 1791 1772 1779 small-vehicle 0
1776 1741 1791 1753 1772 1780 1756 1771 small-vehicle 0
1751 1765 1736 1755 1757 1725 1771 1735 small-vehicle 0
1731 1753 1715 1744 1736 1712 1750 1721 small-vehicle 0
1750 1933 1734 1924 1758 1889 1770 1899 small-vehicle 0
1834 1936 1842 1917 1879 1936 1869 1951 small-vehicle 0
1664 2101 1677 2111 1658 2136 1645 2127 small-vehicle 0
1633 1904 1651 1918 1625 1958 1606 1946 small-vehicle 0
1680 2152 1663 2141 1681 2110 1697 2123 small-vehicle 0
1709 2169 1694 2160 1709 2123 1726 2133 small-vehicle 0
1773 2126 1781 2104 1832 2124 1823 2142 small-vehicle 0
1775 2210 1769 2225 1737 2216 1742 2200 small-vehicle 0
1678 2161 1692 2171 1671 2204 1656 2192 small-vehicle 0
1693 2174 1709 2184 1691 2213 1674 2204 small-vehicle 0
1784 2069 1793 2047 1833 2066 1826 2084 small-vehicle 0
1923 2047 1940 2055 1925 2089 1908 2081 small-vehicle 0
1738 2038 1754 2049 1731 2080 1715 2070 small-vehicle 0
1759 2003 1774 2015 1754 2045 1739 2034 small-vehicle 0
1855 1992 1848 2007 1812 1991 1819 1977 small-vehicle 0
1741 1987 1757 1995 1738 2029 1723 2022 small-vehicle 0
1699 2009 1714 2019 1695 2049 1679 2040 small-vehicle 0
1679 1996 1697 2006 1676 2036 1660 2029 small-vehicle 0
1703 1966 1718 1974 1697 2006 1683 1997 small-vehicle 0
1718 2015 1701 2005 1721 1976 1736 1986 small-vehicle 0
1687 1949 1701 1960 1681 1987 1668 1977 small-vehicle 0
1671 1937 1685 1947 1659 1983 1645 1972 small-vehicle 0
1639 1977 1655 1988 1636 2019 1620 2009 small-vehicle 0
1622 1964 1638 1977 1619 2004 1601 1993 small-vehicle 0
1649 1923 1665 1935 1647 1963 1630 1953 small-vehicle 0
1440 328 1426 314 1449 286 1461 299 small-vehicle 0
1458 336 1443 322 1467 296 1479 309 small-vehicle 0
564 602 547 597 556 564 572 567 small-vehicle 0
1166 169 1147 161 1165 120 1181 129 small-vehicle 0
1201 134 1184 125 1200 87 1215 93 small-vehicle 0
1219 138 1203 129 1215 96 1230 103 small-vehicle 0
1192 168 1171 159 1186 125 1204 133 small-vehicle 0
1204 138 1220 144 1207 177 1191 170 small-vehicle 0
1062 180 1079 185 1067 228 1050 223 small-vehicle 0
1080 188 1099 197 1084 233 1065 225 small-vehicle 0
1104 242 1086 235 1099 191 1118 199 small-vehicle 0
1121 202 1140 208 1124 250 1105 243 small-vehicle 0
1156 214 1174 222 1158 262 1140 255 small-vehicle 0
1190 228 1212 236 1192 281 1173 274 small-vehicle 0
1215 284 1198 278 1211 245 1227 253 small-vehicle 0
1016 971 1001 959 1022 928 1036 939 small-vehicle 0
1036 979 1021 967 1041 939 1055 952 small-vehicle 0
1069 1006 1054 995 1080 963 1092 976 small-vehicle 0
972 993 958 979 981 951 994 964 small-vehicle 0
992 1002 978 990 996 964 1009 976 small-vehicle 0
1030 1022 1015 1011 1034 984 1048 995 small-vehicle 0
1154 1165 1145 1181 1103 1155 1114 1139 small-vehicle 0
877 2411 895 2412 894 2449 875 2449 small-vehicle 0
826 2382 845 2381 844 2418 826 2418 small-vehicle 0
1485 2517 1501 2527 1479 2556 1465 2543 small-vehicle 0
1184 123 1168 117 1179 84 1194 91 small-vehicle 0
1080 143 1073 162 1033 143 1044 125 small-vehicle 0
1567 2521 1587 2524 1575 2567 1556 2561 small-vehicle 0
1044 124 1051 107 1082 123 1076 136 small-vehicle 0
539 694 548 675 585 693 576 707 small-vehicle 0
524 732 531 712 569 727 563 743 small-vehicle 0
406 739 413 720 452 737 443 754 small-vehicle 0
515 754 524 733 561 748 554 768 small-vehicle 0
515 774 520 757 556 768 553 784 small-vehicle 0
500 794 506 775 548 790 540 807 small-vehicle 0
538 810 531 827 493 813 500 797 small-vehicle 0
489 831 497 813 533 831 524 847 small-vehicle 0
458 887 466 865 506 881 500 902 small-vehicle 0
456 906 463 887 500 902 493 918 small-vehicle 0
479 961 472 977 430 961 438 946 small-vehicle 0
464 998 457 1014 420 1004 426 986 small-vehicle 0
440 1055 425 1065 391 1017 404 1008 small-vehicle 0
635 2247 656 2246 655 2289 633 2286 small-vehicle 0
662 2270 681 2269 679 2311 660 2310 small-vehicle 0
459 2545 464 2526 500 2533 498 2550 small-vehicle 0
465 2567 471 2548 508 2561 503 2578 small-vehicle 0
464 2590 467 2570 497 2574 496 2593 small-vehicle 0
1068 47 1076 31 1112 48 1105 63 small-vehicle 0
1061 71 1069 53 1105 69 1099 85 small-vehicle 0
1047 108 1054 89 1097 103 1091 121 small-vehicle 0
1504 2530 1518 2540 1502 2565 1486 2556 small-vehicle 0
1375 2440 1391 2453 1370 2484 1353 2476 small-vehicle 0
1470 349 1457 335 1479 311 1491 324 small-vehicle 0
1592 2049 1605 2060 1585 2086 1571 2076 small-vehicle 0
1584 1936 1599 1948 1579 1976 1564 1964 small-vehicle 0
1613 1895 1630 1907 1604 1945 1586 1934 small-vehicle 0
1604 1948 1621 1961 1600 1990 1582 1977 small-vehicle 0
1463 472 1448 453 1481 432 1492 449 small-vehicle 0
1477 486 1466 471 1490 449 1502 464 small-vehicle 0
1435 443 1422 429 1444 404 1458 419 small-vehicle 0
1419 435 1405 423 1429 396 1442 408 small-vehicle 0
1375 393 1359 378 1384 350 1398 365 small-vehicle 0
1360 377 1349 365 1369 344 1379 356 small-vehicle 0
1346 367 1332 351 1356 325 1370 340 small-vehicle 0
1331 351 1318 338 1342 313 1353 326 small-vehicle 0
1316 336 1303 323 1323 305 1332 317 small-vehicle 0
1540 367 1551 379 1530 405 1518 393 small-vehicle 0
1514 392 1499 379 1519 356 1532 368 small-vehicle 0
1557 375 1543 362 1566 336 1580 349 small-vehicle 0
1506 339 1520 352 1498 378 1484 365 small-vehicle 0
1537 365 1523 349 1548 325 1560 339 small-vehicle 0
1523 349 1510 336 1536 311 1547 324 small-vehicle 0
1512 334 1500 322 1524 296 1536 308 small-vehicle 0
1484 362 1471 351 1495 323 1508 334 small-vehicle 0
1497 320 1482 304 1506 280 1518 294 small-vehicle 0
1613 2051 1631 2065 1607 2101 1587 2088 small-vehicle 0
1569 2074 1555 2063 1575 2036 1589 2047 small-vehicle 0
1325 2403 1339 2413 1319 2441 1304 2432 small-vehicle 0
1554 2057 1538 2046 1556 2015 1572 2026 small-vehicle 0
1305 2391 1318 2402 1300 2429 1284 2419 small-vehicle 0
1279 2383 1297 2395 1277 2420 1259 2409 small-vehicle 0
1345 2369 1361 2381 1340 2408 1323 2398 small-vehicle 0
1611 2374 1633 2388 1613 2432 1587 2417 small-vehicle 0
1475 2297 1492 2310 1470 2341 1451 2330 small-vehicle 0
1419 2257 1436 2269 1418 2297 1402 2288 small-vehicle 0
1351 2309 1338 2298 1356 2271 1369 2281 small-vehicle 0
1624 2281 1638 2291 1616 2325 1600 2317 small-vehicle 0
1564 2248 1581 2259 1559 2290 1542 2280 small-vehicle 0
1545 2235 1560 2246 1538 2278 1523 2268 small-vehicle 0
1533 2171 1550 2183 1526 2216 1510 2205 small-vehicle 0
1514 2162 1527 2172 1509 2202 1494 2192 small-vehicle 0
1495 2153 1510 2164 1494 2190 1480 2181 small-vehicle 0
1452 2171 1465 2179 1448 2211 1433 2203 small-vehicle 0
1436 2162 1449 2171 1429 2199 1413 2189 small-vehicle 0
1457 2123 1473 2137 1453 2166 1436 2156 small-vehicle 0
1568 2085 1585 2096 1564 2127 1548 2117 small-vehicle 0
1549 2073 1566 2085 1543 2115 1525 2105 small-vehicle 0
1526 2093 1512 2080 1533 2056 1547 2067 small-vehicle 0
1506 2047 1520 2058 1500 2084 1486 2073 small-vehicle 0
1523 2054 1509 2043 1535 1999 1550 2011 small-vehicle 0
702 446 721 453 673 591 653 581 large-vehicle 0
