imagesource:GoogleEarth
gsd:0.274755249613
20 402 10 398 15 374 25 375 small-vehicle 0
104 520 115 523 110 543 100 540 small-vehicle 0
98 310 89 305 110 265 119 268 large-vehicle 0
127 317 118 314 135 272 143 276 large-vehicle 0
140 319 130 316 147 275 155 278 large-vehicle 0
178 337 168 332 185 292 193 295 large-vehicle 0
205 341 196 337 211 297 220 300 large-vehicle 0
153 325 144 321 160 280 168 283 large-vehicle 0
112 313 104 309 121 268 129 272 large-vehicle 0
123 525 136 530 130 551 117 546 small-vehicle 0
91 516 102 518 98 539 87 538 small-vehicle 0
38 405 27 402 30 377 42 377 small-vehicle 0
81 515 90 517 87 538 77 536 small-vehicle 0
72 512 82 514 76 536 66 534 small-vehicle 0
59 509 70 512 65 534 54 530 small-vehicle 0
22 504 33 507 27 526 16 524 small-vehicle 0
134 428 121 427 123 405 136 406 small-vehicle 0
109 424 98 422 103 399 114 402 small-vehicle 0
87 418 77 417 82 393 92 395 small-vehicle 0
49 410 38 406 46 380 57 383 small-vehicle 0
85 317 75 313 90 275 99 279 large-vehicle 1
