imagesource:GoogleEarth
gsd:0.139009506146
645 70 645 85 609 83 610 65 small-vehicle 0
300 924 301 948 209 956 207 933 large-vehicle 0
468 673 467 697 375 689 376 668 large-vehicle 0
280 688 281 710 189 718 188 696 large-vehicle 0
282 712 283 734 192 739 190 718 large-vehicle 0
281 734 280 758 191 762 191 741 large-vehicle 0
285 773 285 796 194 801 192 779 large-vehicle 0
284 799 285 821 196 828 195 806 large-vehicle 0
389 778 412 777 421 909 396 908 large-vehicle 0
294 841 293 862 203 868 201 847 large-vehicle 0
292 863 292 885 202 892 201 869 large-vehicle 0
470 963 471 982 379 985 377 965 large-vehicle 0
337 1481 318 1483 312 1391 334 1390 large-vehicle 0
305 996 306 1019 212 1022 211 1000 large-vehicle 0
249 1050 272 1046 286 1177 264 1181 large-vehicle 0
221 1055 248 1051 262 1182 236 1187 large-vehicle 0
266 1187 289 1182 298 1271 277 1276 large-vehicle 0
241 1190 266 1186 275 1276 250 1279 large-vehicle 0
294 1298 318 1292 330 1383 307 1386 large-vehicle 0
379 1282 400 1283 391 1415 369 1413 large-vehicle 0
411 1280 435 1283 417 1415 393 1411 large-vehicle 0
432 1283 456 1286 449 1419 425 1418 large-vehicle 0
467 651 466 672 377 664 378 643 large-vehicle 0
469 628 469 651 380 643 381 622 large-vehicle 0
472 599 471 621 377 614 379 592 large-vehicle 0
488 517 488 544 387 542 388 518 large-vehicle 0
343 225 320 224 324 132 345 133 large-vehicle 0
366 225 345 223 351 133 371 134 large-vehicle 0
387 233 366 231 372 140 393 141 large-vehicle 0
411 224 389 223 395 133 416 134 large-vehicle 0
454 230 432 227 439 138 461 138 large-vehicle 0
479 230 457 230 461 141 481 141 large-vehicle 0
501 231 480 231 481 141 503 141 large-vehicle 0
285 221 276 240 196 200 205 182 large-vehicle 0
276 249 265 267 188 223 197 205 large-vehicle 0
268 274 257 294 180 249 190 230 large-vehicle 0
264 299 254 317 177 273 186 254 large-vehicle 0
268 367 260 389 178 347 186 327 large-vehicle 0
412 416 414 391 504 399 501 421 large-vehicle 0
402 457 403 435 491 437 490 459 large-vehicle 0
187 376 197 357 278 396 268 415 large-vehicle 0
190 406 200 387 279 431 267 450 large-vehicle 0
269 476 260 495 179 451 189 433 large-vehicle 0
267 501 256 520 177 476 188 457 large-vehicle 0
266 546 254 564 176 524 186 505 large-vehicle 0
430 1429 453 1436 431 1525 410 1521 large-vehicle 0
310 1480 286 1476 290 1386 314 1386 large-vehicle 0
489 58 488 79 444 77 444 55 small-vehicle 0
687 1342 706 1344 701 1379 681 1376 small-vehicle 0
721 1479 705 1479 705 1436 723 1437 small-vehicle 0
738 1478 723 1477 727 1439 742 1441 small-vehicle 0
793 1478 777 1478 781 1440 795 1441 small-vehicle 0
517 1340 532 1341 530 1374 516 1373 small-vehicle 0
537 1337 553 1339 552 1374 535 1372 small-vehicle 0
557 1338 572 1339 569 1366 555 1364 small-vehicle 0
574 1339 591 1339 588 1374 569 1371 small-vehicle 0
628 1346 647 1347 643 1384 626 1382 small-vehicle 0
647 1346 667 1346 666 1379 649 1377 small-vehicle 0
708 1346 726 1348 723 1387 707 1385 small-vehicle 0
216 76 228 91 196 114 185 99 small-vehicle 0
663 298 649 296 652 261 667 262 small-vehicle 0
704 302 688 302 689 265 706 266 small-vehicle 0
727 302 709 301 708 261 728 263 small-vehicle 0
763 303 746 302 748 263 764 265 small-vehicle 0
571 182 553 180 556 146 572 147 small-vehicle 0
606 189 591 187 594 153 610 154 small-vehicle 0
662 190 642 189 646 150 665 153 small-vehicle 0
683 185 664 183 668 153 684 153 small-vehicle 0
735 197 721 196 724 161 739 164 small-vehicle 0
667 1437 689 1439 687 1479 668 1477 small-vehicle 0
649 1441 668 1443 664 1478 646 1475 small-vehicle 0
611 1441 629 1442 626 1477 610 1474 small-vehicle 0
575 1435 593 1436 592 1470 573 1468 small-vehicle 0
268 41 267 57 233 54 235 37 small-vehicle 0
89 831 65 832 63 763 85 763 small-vehicle 0
527 1559 545 1561 541 1594 525 1593 small-vehicle 0
561 1599 547 1598 550 1566 564 1568 small-vehicle 0
617 1609 602 1607 607 1570 622 1573 small-vehicle 0
621 1567 640 1567 637 1608 620 1607 small-vehicle 0
675 1610 659 1605 670 1567 686 1572 small-vehicle 0
714 1609 696 1608 698 1569 715 1571 small-vehicle 0
750 1610 735 1609 738 1573 755 1576 small-vehicle 0
741 1481 756 1481 754 1519 740 1518 small-vehicle 0
776 1516 759 1515 760 1479 776 1481 small-vehicle 0
700 1514 685 1511 688 1477 703 1479 small-vehicle 0
644 1515 627 1512 631 1478 646 1479 small-vehicle 0
612 1477 628 1478 625 1513 609 1511 small-vehicle 0
591 1475 610 1475 607 1512 589 1511 small-vehicle 0
574 1471 592 1471 590 1509 572 1508 small-vehicle 0
553 1474 569 1474 567 1507 551 1506 small-vehicle 0
533 1471 551 1471 546 1504 531 1502 small-vehicle 0
553 1433 571 1433 570 1466 552 1464 small-vehicle 0
319 222 298 222 302 132 322 131 large-vehicle 0
