imagesource:GoogleEarth
gsd:0.134634990711
718 82 698 82 701 36 719 36 small-vehicle 0
745 319 723 322 723 280 742 280 small-vehicle 0
151 417 165 398 237 458 223 477 large-vehicle 0
162 388 175 370 241 422 228 440 large-vehicle 0
166 357 176 340 244 391 231 409 large-vehicle 0
576 271 600 271 596 352 575 350 large-vehicle 0
553 275 575 276 572 357 551 355 large-vehicle 0
531 274 555 276 551 355 527 353 large-vehicle 0
507 273 531 275 527 355 504 354 large-vehicle 0
483 271 508 273 502 352 478 351 large-vehicle 0
459 271 485 270 480 352 456 351 large-vehicle 0
406 265 437 265 433 349 405 346 large-vehicle 0
381 265 407 264 406 347 380 347 large-vehicle 0
167 324 180 308 228 348 215 365 large-vehicle 0
167 293 183 274 253 334 239 352 large-vehicle 0
175 261 188 244 257 300 245 319 large-vehicle 0
171 223 184 205 254 265 240 283 large-vehicle 0
174 192 186 174 258 233 245 251 large-vehicle 0
171 154 185 137 255 198 242 216 large-vehicle 0
176 124 190 105 263 166 249 185 large-vehicle 0
177 91 192 75 263 131 251 149 large-vehicle 0
149 483 163 465 232 521 216 541 large-vehicle 0
146 512 161 494 229 553 214 571 large-vehicle 0
142 549 156 530 227 587 213 606 large-vehicle 0
600 272 625 272 620 354 596 352 large-vehicle 0
724 318 700 321 700 271 722 270 small-vehicle 0
694 222 694 244 650 244 651 221 small-vehicle 0
645 193 644 217 594 212 596 188 small-vehicle 0
597 77 576 75 582 32 603 35 small-vehicle 0
545 71 523 70 527 34 547 36 small-vehicle 0
424 69 402 69 404 26 426 27 small-vehicle 0
195 42 195 24 252 26 251 43 large-vehicle 0
624 280 650 279 648 357 623 356 large-vehicle 0
617 561 638 560 636 637 615 636 large-vehicle 0
343 558 368 559 361 638 339 636 large-vehicle 0
594 555 617 556 611 636 588 634 large-vehicle 0
567 556 591 556 589 635 565 633 large-vehicle 0
544 557 570 557 566 635 541 634 large-vehicle 0
521 550 546 552 542 633 519 633 large-vehicle 0
495 554 521 554 517 633 491 632 large-vehicle 0
422 540 450 540 446 632 420 631 large-vehicle 0
396 553 421 552 417 631 394 630 large-vehicle 0
371 551 396 552 391 631 366 628 large-vehicle 0
178 62 189 44 266 96 254 114 large-vehicle 0
