imagesource:GoogleEarth
gsd:0.241300486787
6795 3031 6883 3292 6580 3391 6482 3144 plane 0
1589 2622 1565 2732 1437 2706 1457 2592 plane 0
1939 4124 1934 4241 1806 4230 1812 4116 plane 0
1660 3982 1694 4064 1585 4113 1549 4034 plane 0
1250 3878 1392 3838 1441 4016 1296 4060 plane 0
1601 3722 1693 3709 1714 3858 1622 3869 plane 0
1528 3582 1408 3601 1387 3469 1505 3449 plane 0
1972 3434 1867 3460 1830 3332 1934 3304 plane 0
2039 2912 2040 2992 1919 2990 1918 2910 plane 0
1755 2845 1822 2889 1756 2993 1692 2946 plane 0
1565 2825 1682 2901 1604 3013 1491 2946 plane 0
1298 2849 1134 2855 1140 2681 1302 2682 plane 0
1510 2142 1364 2176 1338 2032 1490 2002 plane 0
2881 4099 2876 4186 2763 4178 2766 4093 plane 0
1797 1631 1765 1768 1627 1731 1659 1594 plane 0
1514 1692 1402 1670 1432 1537 1543 1560 plane 0
1872 1313 1848 1419 1712 1382 1735 1281 plane 0
1962 924 1939 1075 1762 1042 1788 885 plane 0
1435 747 1286 766 1264 623 1414 602 plane 0
2582 530 2479 523 2483 394 2589 400 plane 0
2773 537 2628 530 2632 365 2771 372 plane 0
2908 535 2814 526 2821 395 2915 402 plane 0
2651 3414 2662 3502 2554 3509 2543 3423 plane 0
2472 3689 2382 3692 2379 3575 2471 3575 plane 0
1928 4273 1924 4390 1786 4382 1790 4266 plane 0
2041 4679 2135 4685 2131 4810 2037 4805 plane 0
1934 4662 2019 4687 1987 4810 1901 4787 plane 0
1004 3987 1102 3954 1142 4077 1043 4108 plane 0
1029 742 899 672 972 541 1099 616 plane 0
1107 841 1023 727 1163 622 1244 747 plane 0
606 775 712 872 595 1003 492 911 plane 0
752 1037 676 1143 542 1049 622 934 plane 0
951 1298 979 1156 1149 1197 1118 1338 plane 0
742 1167 692 1307 540 1249 588 1110 plane 0
831 1738 859 1574 1072 1619 1044 1783 plane 0
532 1696 474 1944 209 1889 264 1641 plane 0
812 2008 840 1872 992 1906 966 2042 plane 0
1204 1952 1107 1928 1132 1798 1227 1819 plane 0
473 1989 418 2237 152 2192 201 1936 plane 0
723 2224 764 2031 989 2080 946 2276 plane 0
668 2442 704 2278 918 2329 887 2489 plane 0
660 2661 686 2520 859 2557 830 2691 plane 0
916 2874 863 2792 981 2722 1030 2806 plane 0
370 2917 442 3000 353 3086 278 3001 plane 0
477 2961 580 2973 560 3107 455 3096 plane 0
511 3340 484 3236 615 3201 641 3301 plane 0
917 3490 874 3348 1018 3308 1059 3445 plane 0
1065 3732 938 3753 902 3572 1036 3547 plane 0
1202 3652 1094 3662 1079 3524 1192 3514 plane 0
2746 3597 2782 3672 2679 3722 2640 3644 plane 0
2568 4132 2661 4135 2661 4263 2564 4261 plane 0
7188 4545 7301 4552 7297 4708 7179 4698 plane 0
4744 5027 4575 5025 4678 4854 4799 4937 plane 1
4117 4385 4071 4262 4232 4192 4283 4317 plane 0
4883 4151 4994 4250 4888 4381 4770 4285 plane 0
4705 4005 4822 4086 4731 4219 4617 4144 plane 0
4065 4167 4086 4022 4285 4052 4271 4189 plane 0
4753 3817 4529 3716 4636 3482 4862 3579 plane 0
4232 3596 4111 3532 4185 3367 4309 3427 plane 0
4128 3065 4205 3019 4264 3117 4189 3166 plane 0
4535 2897 4627 2912 4611 3022 4519 3011 plane 0
4940 3035 5039 3066 5006 3193 4904 3164 plane 0
4300 4941 4315 4787 4494 4813 4478 4953 plane 0
4988 4439 5130 4488 5076 4643 4933 4595 plane 0
2198 4284 2199 4164 2341 4167 2332 4284 plane 0
5190 4371 5339 4337 5374 4499 5227 4532 plane 0
5582 4201 5312 4170 5339 3852 5615 3889 plane 0
5181 4032 5013 3862 5207 3682 5378 3857 plane 0
5024 3905 4801 3823 4889 3582 5116 3675 plane 0
5459 3279 5559 3292 5542 3417 5444 3402 plane 0
5352 3210 5435 3242 5392 3359 5313 3325 plane 0
5076 3087 5169 3103 5142 3237 5049 3219 plane 0
5572 3054 5565 3122 5507 3117 5514 3049 plane 0
5862 3207 5774 3204 5779 3120 5866 3122 plane 0
6946 4452 7139 4632 6944 4815 6755 4649 plane 0
4099 4500 4124 4363 4295 4392 4268 4526 plane 0
3173 470 3087 466 3092 339 3179 342 plane 0
3052 503 2964 502 2971 368 3062 374 plane 0
3962 3229 3978 3145 4091 3173 4078 3256 plane 0
2843 4358 2806 4432 2703 4373 2742 4299 plane 0
2851 4442 2844 4525 2724 4516 2725 4432 plane 0
2832 4575 2812 4652 2700 4615 2722 4538 plane 0
2797 4648 2824 4729 2728 4763 2699 4681 plane 0
2778 4755 2817 4840 2721 4890 2678 4811 plane 0
2888 4772 2939 4838 2848 4912 2793 4847 plane 0
3056 4782 3111 4854 3018 4924 2964 4854 plane 0
3224 4764 3299 4833 3223 4934 3145 4871 plane 0
3130 4698 3187 4605 3308 4682 3254 4773 plane 0
3234 4627 3216 4515 3358 4494 3375 4601 plane 0
3865 4472 3858 4617 3678 4606 3684 4459 plane 0
3865 4302 3865 4451 3682 4449 3685 4296 plane 0
3102 4528 3084 4422 3225 4404 3242 4506 plane 0
3452 4345 3352 4339 3360 4203 3459 4210 plane 0
3164 3975 3202 3882 3336 3939 3300 4029 plane 0
3126 3892 3130 3792 3283 3802 3279 3905 plane 0
3881 3791 3857 3936 3699 3910 3724 3766 plane 0
3143 3722 3192 3657 3297 3739 3251 3799 plane 0
3402 3494 3496 3458 3538 3583 3444 3620 plane 0
3582 3357 3681 3378 3656 3503 3556 3483 plane 0
3767 3423 3829 3498 3725 3585 3663 3504 plane 0
1200 247 1206 408 1029 414 1017 261 plane 0
