imagesource:GoogleEarth
gsd:0.134478037387
634 491 651 477 746 609 729 622 large-vehicle 0
971 1005 986 995 1006 1029 992 1039 small-vehicle 0
650 1091 663 1080 688 1113 674 1123 small-vehicle 0
672 1130 658 1141 637 1110 649 1101 small-vehicle 0
1029 976 1042 967 1059 995 1047 1004 small-vehicle 0
1005 985 1020 976 1041 1008 1027 1017 small-vehicle 0
1091 1040 1077 1047 1058 1019 1071 1010 small-vehicle 0
1072 1049 1057 1058 1035 1026 1050 1015 small-vehicle 0
989 998 1002 989 1025 1022 1011 1031 small-vehicle 0
956 1022 971 1014 987 1039 974 1049 small-vehicle 0
719 1095 707 1104 688 1079 700 1069 small-vehicle 0
904 1055 919 1045 944 1079 931 1089 small-vehicle 0
857 1091 871 1082 889 1109 877 1119 small-vehicle 0
916 1105 932 1095 954 1131 940 1140 small-vehicle 0
902 1119 915 1111 933 1137 920 1145 small-vehicle 0
885 1130 901 1120 924 1155 909 1165 small-vehicle 0
844 1104 856 1096 879 1127 866 1136 small-vehicle 0
870 1141 883 1133 898 1156 887 1165 small-vehicle 0
702 1100 689 1110 672 1084 684 1075 small-vehicle 1
736 1085 723 1093 702 1062 714 1053 small-vehicle 0
1442 1542 1456 1532 1482 1570 1469 1580 small-vehicle 0
570 1027 555 1035 531 1000 546 991 small-vehicle 0
682 1010 668 1019 643 982 656 974 small-vehicle 0
641 987 626 997 606 964 620 955 small-vehicle 0
622 999 606 1007 580 971 594 961 small-vehicle 0
648 1031 634 1040 610 1008 623 999 small-vehicle 0
629 1045 617 1053 591 1018 603 1008 small-vehicle 0
609 1052 597 1060 578 1033 592 1024 small-vehicle 0
592 1057 579 1067 560 1041 573 1032 small-vehicle 0
538 1050 524 1058 500 1024 513 1015 small-vehicle 0
749 1069 737 1078 718 1053 730 1043 small-vehicle 0
513 1069 503 1083 470 1054 480 1040 small-vehicle 0
547 1107 531 1116 508 1078 522 1069 small-vehicle 0
530 1114 515 1123 492 1090 505 1082 small-vehicle 0
496 1098 481 1108 455 1071 468 1061 small-vehicle 1
804 1039 790 1049 770 1021 784 1012 small-vehicle 0
783 1045 769 1053 752 1027 766 1019 small-vehicle 0
770 1061 755 1069 732 1037 747 1025 small-vehicle 0
825 1117 840 1106 865 1141 850 1152 small-vehicle 0
855 1154 868 1146 885 1172 872 1180 small-vehicle 0
811 1127 823 1118 843 1146 831 1156 small-vehicle 0
1042 1199 1055 1188 1077 1219 1063 1227 small-vehicle 0
965 1239 953 1249 933 1224 946 1214 small-vehicle 0
944 1205 960 1193 983 1228 969 1237 small-vehicle 0
989 1230 1001 1221 1025 1250 1013 1260 small-vehicle 0
981 1179 995 1170 1014 1201 1001 1210 small-vehicle 0
1008 1215 1019 1206 1038 1234 1027 1244 small-vehicle 0
1000 1175 1013 1165 1032 1194 1019 1203 small-vehicle 0
1024 1204 1035 1196 1055 1225 1043 1234 small-vehicle 0
1030 1148 1044 1139 1065 1169 1051 1179 small-vehicle 0
790 1134 803 1125 825 1155 812 1166 small-vehicle 0
1093 1208 1082 1217 1063 1197 1075 1186 small-vehicle 1
1075 1175 1088 1165 1108 1194 1095 1204 small-vehicle 0
1126 1184 1112 1191 1091 1160 1106 1151 small-vehicle 0
1107 1148 1119 1139 1142 1172 1129 1179 small-vehicle 0
1079 1112 1092 1103 1115 1133 1101 1142 small-vehicle 0
1097 1096 1111 1088 1134 1124 1119 1133 small-vehicle 0
1125 1135 1138 1126 1156 1151 1144 1161 small-vehicle 0
912 1228 926 1219 947 1248 934 1259 small-vehicle 0
896 1239 910 1229 931 1260 918 1269 small-vehicle 0
936 1264 952 1253 971 1281 958 1291 small-vehicle 0
878 1251 893 1241 920 1279 906 1291 small-vehicle 0
773 1148 788 1139 813 1174 798 1186 small-vehicle 0
786 1197 799 1187 821 1218 808 1229 small-vehicle 0
757 1157 770 1148 794 1184 780 1195 small-vehicle 0
743 1171 757 1163 778 1195 764 1205 small-vehicle 0
725 1181 740 1171 758 1202 744 1211 small-vehicle 0
749 1223 764 1212 785 1245 772 1255 small-vehicle 0
689 1210 706 1199 731 1234 714 1244 small-vehicle 0
719 1245 734 1235 757 1269 742 1278 small-vehicle 0
717 1392 730 1384 749 1416 736 1424 small-vehicle 0
797 1361 812 1352 830 1378 817 1389 small-vehicle 0
793 1310 808 1300 833 1335 818 1346 small-vehicle 0
853 1322 868 1313 888 1341 874 1350 small-vehicle 0
832 1287 847 1278 865 1306 853 1315 small-vehicle 0
850 1283 863 1274 883 1302 869 1311 small-vehicle 0
861 1264 877 1253 901 1290 887 1300 small-vehicle 0
697 995 683 1006 664 977 676 968 small-vehicle 0
715 986 701 996 675 961 688 950 small-vehicle 0
749 961 734 969 715 940 727 932 small-vehicle 0
523 556 536 547 560 581 546 592 small-vehicle 0
277 403 266 389 295 367 304 381 small-vehicle 0
266 459 255 446 290 421 300 435 small-vehicle 0
344 410 354 426 319 450 309 435 small-vehicle 0
359 434 368 450 329 477 319 462 small-vehicle 0
374 459 382 472 354 494 343 481 small-vehicle 0
357 515 349 501 379 481 387 494 small-vehicle 0
393 496 401 509 372 529 363 516 small-vehicle 0
504 566 519 556 544 593 529 604 small-vehicle 0
228 757 243 748 268 782 253 794 small-vehicle 0
489 579 503 568 525 603 511 612 small-vehicle 0
472 590 486 580 505 611 492 621 small-vehicle 0
473 639 461 649 437 614 449 604 small-vehicle 0
403 635 416 625 441 660 427 668 small-vehicle 0
321 695 337 686 358 722 345 732 small-vehicle 0
325 743 311 751 292 726 305 716 small-vehicle 0
309 756 294 765 273 731 286 721 small-vehicle 0
479 484 468 468 499 447 508 463 small-vehicle 0
513 459 504 446 536 425 544 439 small-vehicle 0
504 441 493 426 528 400 539 416 small-vehicle 0
449 452 439 438 474 414 482 427 small-vehicle 0
406 160 394 144 441 107 453 125 large-vehicle 0
483 228 473 214 507 187 517 202 small-vehicle 0
437 170 428 157 457 135 466 149 small-vehicle 0
499 239 490 225 518 204 528 216 small-vehicle 0
519 273 509 259 539 237 549 252 small-vehicle 0
532 290 522 277 547 259 556 272 small-vehicle 0
553 318 542 305 568 282 578 295 small-vehicle 0
563 340 552 329 584 300 594 313 small-vehicle 0
585 362 576 349 604 330 612 342 small-vehicle 0
599 383 586 368 621 339 632 354 small-vehicle 0
444 285 454 300 422 324 411 311 small-vehicle 0
475 340 485 354 452 378 442 364 small-vehicle 0
498 370 505 383 481 399 474 389 small-vehicle 0
403 385 392 372 428 345 437 359 small-vehicle 0
462 394 472 409 444 430 434 416 small-vehicle 0
251 741 267 731 288 768 273 777 small-vehicle 0
574 631 589 622 613 658 598 668 small-vehicle 0
665 909 678 901 699 932 687 941 small-vehicle 0
440 945 425 954 406 924 418 914 small-vehicle 0
591 842 578 851 555 820 568 811 small-vehicle 0
574 853 559 864 534 827 549 816 small-vehicle 0
598 889 585 898 564 866 577 858 small-vehicle 0
582 898 568 907 548 877 561 867 small-vehicle 0
566 913 553 923 525 887 540 875 small-vehicle 0
511 900 496 911 472 879 486 867 small-vehicle 0
499 959 485 969 462 937 476 927 small-vehicle 0
409 976 396 985 370 950 383 940 small-vehicle 0
562 646 575 636 594 668 582 677 small-vehicle 0
451 999 437 1009 417 980 429 971 small-vehicle 0
742 870 755 862 773 888 759 897 small-vehicle 0
758 903 744 913 723 883 737 873 small-vehicle 0
797 926 786 934 764 901 775 894 small-vehicle 0
740 912 726 923 705 893 720 883 small-vehicle 0
766 952 753 961 728 928 741 918 small-vehicle 0
686 900 698 892 721 925 707 935 small-vehicle 0
617 880 602 888 580 853 594 843 small-vehicle 0
633 867 619 876 598 844 612 836 small-vehicle 0
649 856 637 865 615 835 628 827 small-vehicle 0
626 825 614 833 593 804 606 795 small-vehicle 0
640 696 626 706 603 672 615 663 small-vehicle 0
622 709 609 719 586 687 600 677 small-vehicle 0
605 720 593 729 568 694 581 684 small-vehicle 0
549 705 534 716 510 680 524 672 small-vehicle 0
588 733 576 741 554 710 565 701 small-vehicle 0
575 742 561 753 536 718 550 708 small-vehicle 0
556 756 542 765 516 730 529 720 small-vehicle 0
540 771 525 782 502 744 515 734 small-vehicle 0
444 730 458 721 478 749 464 759 small-vehicle 0
447 778 434 787 413 759 426 749 small-vehicle 0
692 772 679 782 654 749 669 740 small-vehicle 0
702 821 686 830 665 798 680 788 small-vehicle 0
661 798 647 808 628 781 642 773 small-vehicle 0
610 788 624 780 643 808 629 818 small-vehicle 0
667 845 654 855 634 825 647 816 small-vehicle 0
1114 1080 1126 1069 1152 1102 1138 1112 small-vehicle 0
1200 1197 1213 1187 1237 1221 1223 1231 small-vehicle 0
1229 1238 1244 1230 1267 1266 1253 1275 small-vehicle 0
1058 349 1071 340 1090 368 1078 377 small-vehicle 0
1080 454 1094 445 1116 479 1103 489 small-vehicle 0
1130 465 1119 474 1098 448 1111 438 small-vehicle 0
1149 453 1137 461 1117 433 1131 424 small-vehicle 0
1139 469 1154 459 1176 491 1162 500 small-vehicle 0
1198 478 1184 487 1161 456 1175 448 small-vehicle 0
1214 400 1204 386 1234 363 1243 377 small-vehicle 0
1189 366 1177 352 1218 324 1228 338 small-vehicle 0
1036 320 1050 311 1066 335 1054 345 small-vehicle 0
952 421 967 412 987 444 973 452 small-vehicle 0
981 350 994 341 1015 373 1001 381 small-vehicle 0
1081 392 1065 403 1039 364 1053 354 small-vehicle 0
1043 411 1029 419 1006 387 1019 376 small-vehicle 0
964 361 976 352 995 377 982 387 small-vehicle 0
1025 420 1011 428 989 396 1001 388 small-vehicle 0
949 373 961 365 976 386 966 395 small-vehicle 0
1007 432 995 439 972 409 985 400 small-vehicle 0
1063 466 1077 457 1096 486 1083 497 small-vehicle 0
1142 518 1131 526 1109 496 1122 487 small-vehicle 1
1128 530 1112 539 1089 504 1102 495 small-vehicle 0
1105 536 1092 546 1068 515 1082 505 small-vehicle 0
906 686 891 696 865 657 879 647 small-vehicle 0
944 661 930 671 908 639 922 629 small-vehicle 0
839 618 854 609 877 643 864 652 small-vehicle 0
861 611 876 601 897 632 882 643 small-vehicle 0
877 597 891 588 915 624 901 633 small-vehicle 0
897 586 910 578 931 609 919 618 small-vehicle 0
918 577 930 569 948 599 936 606 small-vehicle 0
935 568 948 559 966 586 952 596 small-vehicle 0
983 576 970 586 950 555 963 547 small-vehicle 0
966 543 979 535 997 561 984 570 small-vehicle 0
1048 528 1035 537 1013 507 1026 497 small-vehicle 0
1074 563 1060 572 1036 540 1048 530 small-vehicle 0
1008 614 996 623 977 594 988 585 small-vehicle 0
1024 600 1013 608 994 581 1006 573 small-vehicle 0
1092 555 1077 564 1053 527 1068 518 small-vehicle 0
966 405 952 415 932 384 944 375 small-vehicle 0
977 462 961 471 938 433 952 424 small-vehicle 0
984 799 971 808 944 772 959 762 small-vehicle 0
1035 248 1022 256 998 226 1010 215 small-vehicle 0
812 356 825 348 844 376 832 386 small-vehicle 0
829 340 841 331 857 355 845 364 small-vehicle 0
861 320 876 312 898 343 883 352 small-vehicle 0
946 309 934 320 912 291 925 281 small-vehicle 0
945 261 959 252 983 284 969 294 small-vehicle 0
960 248 974 239 996 269 982 278 small-vehicle 0
977 236 991 226 1015 261 1001 270 small-vehicle 0
1127 281 1116 266 1148 243 1158 257 small-vehicle 0
917 398 929 390 946 417 935 426 small-vehicle 0
1116 264 1107 251 1144 225 1152 237 small-vehicle 0
1108 249 1098 234 1135 208 1144 223 small-vehicle 0
1096 233 1085 218 1124 193 1132 207 small-vehicle 0
1089 206 1080 191 1109 172 1118 186 small-vehicle 1
1070 193 1060 179 1094 154 1105 168 small-vehicle 1
68 1149 52 1150 54 1114 68 1114 small-vehicle 0
83 1109 99 1113 89 1153 72 1149 small-vehicle 0
775 377 788 367 810 397 798 407 small-vehicle 0
758 387 772 377 792 407 780 417 small-vehicle 0
743 399 757 390 777 421 764 431 small-vehicle 0
726 411 741 404 760 432 746 440 small-vehicle 0
898 409 912 401 934 434 921 444 small-vehicle 0
960 472 946 483 921 446 935 437 small-vehicle 0
883 419 896 411 916 442 902 451 small-vehicle 0
943 486 928 495 905 459 918 450 small-vehicle 0
924 495 911 504 890 474 902 464 small-vehicle 0
905 504 892 512 873 484 888 476 small-vehicle 0
891 516 878 526 857 494 868 486 small-vehicle 0
833 458 847 450 866 481 854 491 small-vehicle 0
817 467 831 457 851 487 836 497 small-vehicle 0
860 541 847 549 825 518 838 509 small-vehicle 0
800 479 813 470 836 503 823 512 small-vehicle 0
783 494 795 485 819 516 805 525 small-vehicle 0
760 502 776 492 799 530 786 540 small-vehicle 0
827 570 814 580 789 543 802 534 small-vehicle 0
701 422 716 412 741 446 725 458 small-vehicle 0
1015 770 1001 778 981 747 993 738 small-vehicle 0
921 732 933 724 958 761 945 770 small-vehicle 0
1176 1210 1191 1200 1217 1237 1202 1250 small-vehicle 0
1236 1406 1250 1395 1274 1426 1261 1437 small-vehicle 0
938 1559 952 1549 975 1582 961 1592 small-vehicle 0
957 1543 972 1532 995 1568 981 1577 small-vehicle 0
978 1530 993 1519 1018 1552 1004 1563 small-vehicle 0
1060 1474 1073 1465 1095 1493 1081 1504 small-vehicle 0
1087 1441 1104 1431 1129 1470 1114 1480 small-vehicle 0
1118 1431 1131 1422 1150 1450 1137 1459 small-vehicle 0
1179 1395 1193 1386 1210 1413 1197 1421 small-vehicle 0
1227 1358 1239 1350 1258 1377 1246 1386 small-vehicle 0
1201 847 1216 838 1239 870 1224 880 small-vehicle 0
1270 1383 1282 1374 1301 1400 1289 1410 small-vehicle 0
1261 1330 1275 1320 1298 1357 1284 1365 small-vehicle 0
1306 1355 1321 1345 1344 1381 1331 1391 small-vehicle 0
1412 1571 1426 1561 1444 1587 1431 1596 small-vehicle 0
1332 1638 1343 1626 1368 1648 1358 1658 small-vehicle 0
1441 813 1455 804 1475 835 1461 844 small-vehicle 0
1573 771 1557 781 1531 745 1547 735 small-vehicle 0
857 1439 870 1431 887 1459 874 1466 small-vehicle 0
884 1414 901 1404 924 1444 908 1454 small-vehicle 0
903 1402 915 1393 941 1428 928 1438 small-vehicle 0
941 1376 955 1367 974 1397 961 1405 small-vehicle 0
1241 1280 1228 1288 1207 1252 1221 1243 small-vehicle 0
1159 1226 1174 1216 1197 1251 1183 1261 small-vehicle 0
1225 1290 1211 1300 1187 1267 1200 1256 small-vehicle 0
1143 1241 1159 1231 1184 1267 1168 1277 small-vehicle 0
1153 1287 1166 1278 1186 1309 1173 1317 small-vehicle 0
1110 1259 1124 1249 1149 1284 1134 1294 small-vehicle 0
1094 1270 1108 1262 1130 1295 1116 1305 small-vehicle 0
1079 1285 1093 1276 1115 1309 1101 1320 small-vehicle 0
1098 1332 1112 1321 1138 1353 1122 1364 small-vehicle 0
1059 1298 1075 1287 1099 1322 1086 1332 small-vehicle 0
1027 1319 1040 1311 1061 1342 1050 1351 small-vehicle 0
1011 1330 1023 1321 1046 1355 1032 1365 small-vehicle 0
992 1341 1007 1332 1027 1362 1012 1373 small-vehicle 0
976 1355 989 1346 1014 1380 999 1391 small-vehicle 0
959 1365 973 1356 992 1386 980 1396 small-vehicle 0
1552 732 1566 724 1591 759 1576 768 small-vehicle 0
1184 862 1197 854 1218 885 1206 895 small-vehicle 0
971 698 986 687 1010 721 996 732 small-vehicle 0
1100 601 1115 592 1141 624 1125 635 small-vehicle 0
1192 544 1207 535 1227 565 1214 575 small-vehicle 0
1239 619 1226 630 1201 593 1217 585 small-vehicle 0
1193 595 1181 603 1160 571 1173 564 small-vehicle 0
1185 605 1198 596 1215 622 1203 632 small-vehicle 0
1139 583 1156 573 1176 604 1161 614 small-vehicle 0
1166 615 1183 606 1206 641 1192 651 small-vehicle 0
1187 657 1173 667 1148 631 1161 623 small-vehicle 0
1167 663 1152 672 1133 642 1146 634 small-vehicle 0
1165 871 1177 863 1201 892 1188 904 small-vehicle 0
1150 672 1138 680 1117 651 1130 643 small-vehicle 0
1101 666 1115 659 1132 692 1117 700 small-vehicle 0
1055 641 1070 632 1092 663 1078 673 small-vehicle 0
1043 657 1057 648 1076 677 1062 687 small-vehicle 0
1025 666 1038 656 1061 688 1048 698 small-vehicle 0
1053 708 1067 698 1086 726 1073 735 small-vehicle 0
1055 752 1040 761 1018 726 1032 717 small-vehicle 0
1259 605 1242 615 1219 581 1233 571 small-vehicle 0
1335 565 1326 554 1354 533 1364 545 small-vehicle 0
1345 583 1337 572 1366 551 1375 564 small-vehicle 0
1355 607 1343 594 1379 567 1388 579 small-vehicle 0
1149 885 1163 876 1186 906 1171 915 small-vehicle 0
1127 893 1143 884 1166 918 1153 929 small-vehicle 0
1109 908 1122 899 1148 935 1134 946 small-vehicle 0
1090 846 1075 856 1052 819 1066 809 small-vehicle 0
1107 829 1094 838 1072 808 1085 798 small-vehicle 0
1142 808 1128 817 1103 780 1117 770 small-vehicle 0
1179 788 1165 797 1139 762 1152 751 small-vehicle 0
1205 758 1192 766 1167 733 1180 723 small-vehicle 0
1224 744 1211 752 1186 717 1199 708 small-vehicle 0
1240 729 1226 741 1201 705 1215 696 small-vehicle 0
1239 688 1253 679 1272 709 1260 718 small-vehicle 0
1289 703 1277 713 1259 683 1271 674 small-vehicle 0
1314 688 1300 697 1276 659 1288 650 small-vehicle 0
1291 644 1306 636 1330 671 1314 681 small-vehicle 0
1368 625 1357 612 1392 584 1403 599 small-vehicle 0
371 154 360 139 422 91 434 105 large-vehicle 0
