imagesource:GoogleEarth
gsd:0.249143411262
302 270 316 278 302 308 288 301 swimming-pool 0
1340 704 1370 704 1370 736 1340 736 swimming-pool 0
894 183 932 183 932 218 894 218 swimming-pool 0
252 405 293 405 293 439 252 439 swimming-pool 0
429 541 465 541 465 579 429 579 swimming-pool 0
216 857 249 857 249 892 216 892 swimming-pool 0
560 1043 590 1043 590 1076 560 1076 swimming-pool 0
707 673 730 673 730 695 707 695 swimming-pool 0
472 456 494 456 494 476 472 476 swimming-pool 0
569 310 585 310 585 328 569 328 swimming-pool 0
973 235 1006 235 1006 267 973 267 swimming-pool 0
1242 227 1276 227 1276 264 1242 264 swimming-pool 0
1312 277 1346 277 1346 313 1312 313 swimming-pool 0
1395 359 1426 359 1426 387 1395 387 swimming-pool 0
965 413 991 413 991 435 965 435 swimming-pool 0
962 566 997 566 997 601 962 601 swimming-pool 0
1033 1005 1059 1005 1059 1035 1033 1035 swimming-pool 0
1068 1031 1099 1031 1099 1066 1068 1066 swimming-pool 0
1533 919 1565 919 1565 952 1533 952 swimming-pool 0
1798 1225 1833 1225 1833 1255 1798 1255 swimming-pool 0
370 499 400 517 388 535 358 518 swimming-pool 0
821 402 835 410 822 436 807 431 swimming-pool 0
1121 623 1140 640 1134 651 1111 633 swimming-pool 0
634 1074 672 1100 660 1118 621 1093 swimming-pool 0
835 658 851 671 830 700 813 690 swimming-pool 0
1060 123 1083 126 1077 172 1054 169 swimming-pool 0
1562 446 1592 466 1580 484 1551 461 swimming-pool 0
1582 1023 1598 1033 1574 1069 1556 1056 swimming-pool 0
1380 1201 1393 1211 1375 1243 1357 1235 swimming-pool 0
489 93 521 93 521 118 489 118 swimming-pool 0
