imagesource:GoogleEarth
gsd:0.130575705918
998 1133 985 1144 962 1119 975 1108 small-vehicle 0
178 1042 168 1027 196 1008 204 1023 small-vehicle 0
84 904 72 889 105 867 115 882 small-vehicle 0
96 922 84 906 118 885 127 898 small-vehicle 0
127 903 138 919 106 941 95 925 small-vehicle 0
235 878 245 893 216 914 204 900 small-vehicle 0
247 896 255 910 228 928 217 915 small-vehicle 0
257 915 267 931 242 946 230 932 small-vehicle 0
269 934 280 948 248 970 236 954 small-vehicle 0
284 951 293 965 259 986 249 971 small-vehicle 0
141 920 153 936 118 956 108 941 small-vehicle 0
151 938 160 953 129 975 119 959 small-vehicle 0
103 941 114 958 80 980 68 965 small-vehicle 0
147 989 137 974 165 952 177 966 small-vehicle 0
132 975 142 990 116 1009 105 996 small-vehicle 0
120 1028 109 1013 139 993 149 1008 small-vehicle 0
155 1008 145 992 175 972 185 988 small-vehicle 0
275 1003 266 987 295 966 304 980 small-vehicle 0
293 1018 280 1001 310 981 320 998 small-vehicle 0
22 895 11 879 48 854 57 869 small-vehicle 0
90 852 101 867 72 887 61 873 small-vehicle 0
60 868 51 852 85 831 93 846 small-vehicle 0
353 851 424 804 527 954 457 1004 tennis-court 0
302 550 371 504 473 652 404 699 tennis-court 0
511 408 581 360 682 510 612 558 tennis-court 0
614 339 684 290 787 440 718 487 tennis-court 0
460 780 527 734 629 883 560 930 tennis-court 0
564 711 633 662 734 812 664 860 tennis-court 0
772 570 840 523 944 672 874 718 tennis-court 0
404 477 476 430 579 581 507 630 tennis-court 0
667 639 737 592 840 742 769 790 tennis-court 0
212 846 221 861 191 880 180 867 small-vehicle 0
290 258 279 267 259 234 271 225 small-vehicle 0
21 723 34 712 55 745 40 754 small-vehicle 0
156 758 163 773 132 794 122 781 small-vehicle 0
166 775 175 789 148 808 138 795 small-vehicle 0
176 790 186 804 157 823 147 810 small-vehicle 0
184 811 195 825 167 844 158 830 small-vehicle 0
201 827 211 843 180 863 169 848 small-vehicle 0
165 1025 156 1010 188 988 197 1002 small-vehicle 0
189 1058 179 1044 206 1025 213 1038 small-vehicle 0
1011 1117 1001 1130 974 1103 986 1090 small-vehicle 0
137 1046 128 1032 155 1011 164 1026 small-vehicle 0
984 948 997 936 1021 963 1010 975 small-vehicle 0
969 966 983 951 1010 982 999 993 small-vehicle 0
954 979 969 966 994 997 982 1009 small-vehicle 0
939 994 952 981 978 1007 965 1021 small-vehicle 0
953 1040 935 1054 906 1014 922 1001 small-vehicle 0
922 1068 909 1082 878 1048 893 1036 small-vehicle 0
903 1082 888 1095 860 1060 876 1048 small-vehicle 0
887 1096 873 1108 849 1077 863 1066 small-vehicle 0
1074 1058 1062 1071 1034 1041 1047 1030 small-vehicle 0
1105 1090 1094 1103 1062 1073 1074 1060 small-vehicle 0
1058 1071 1046 1084 1020 1053 1033 1042 small-vehicle 0
1090 1104 1079 1116 1049 1086 1060 1074 small-vehicle 0
1075 1117 1064 1130 1033 1101 1046 1089 small-vehicle 0
1043 1088 1031 1100 1006 1073 1020 1061 small-vehicle 0
1028 1104 1017 1115 987 1087 1000 1074 small-vehicle 0
1061 1133 1049 1147 1019 1119 1032 1106 small-vehicle 0
1042 1146 1031 1158 1003 1131 1017 1119 small-vehicle 0
1000 934 1012 922 1038 948 1026 962 small-vehicle 0
1014 920 1028 906 1051 936 1041 948 small-vehicle 0
1107 943 1095 929 1119 908 1130 920 small-vehicle 0
234 1057 245 1074 216 1094 205 1080 small-vehicle 0
15 1052 3 1037 31 1017 41 1032 small-vehicle 0
35 1087 25 1071 58 1050 66 1065 small-vehicle 0
45 1104 35 1088 67 1069 74 1084 small-vehicle 0
149 1064 138 1050 164 1032 172 1045 small-vehicle 0
151 1087 138 1070 172 1046 182 1063 small-vehicle 0
168 1098 158 1084 191 1062 198 1080 small-vehicle 0
201 1079 190 1062 222 1041 230 1056 small-vehicle 0
230 1108 222 1093 252 1076 259 1093 small-vehicle 0
1089 929 1076 915 1104 890 1116 905 small-vehicle 0
78 1086 88 1103 55 1127 43 1109 small-vehicle 0
200 1080 210 1095 183 1115 171 1100 small-vehicle 0
216 1096 226 1113 197 1132 184 1117 small-vehicle 0
92 1104 101 1121 71 1140 60 1125 small-vehicle 0
103 1125 110 1139 78 1157 69 1145 small-vehicle 0
117 1133 127 1149 90 1174 78 1158 small-vehicle 0
1031 904 1043 892 1069 924 1059 934 small-vehicle 0
197 621 266 572 369 723 299 771 tennis-court 0
