imagesource:GoogleEarth
gsd:0.260163273512
460 278 453 279 444 234 453 232 large-vehicle 0
415 289 406 242 416 239 426 285 large-vehicle 0
591 312 603 310 613 351 603 354 large-vehicle 0
581 324 591 319 601 358 591 360 large-vehicle 0
594 371 605 369 614 403 603 406 large-vehicle 0
581 372 593 370 601 410 589 413 large-vehicle 0
569 384 579 382 586 419 575 420 large-vehicle 0
527 389 539 387 545 431 533 432 large-vehicle 0
489 368 499 366 506 404 494 405 large-vehicle 0
446 370 456 367 466 412 456 415 large-vehicle 0
409 230 406 219 449 212 451 222 large-vehicle 0
463 510 473 509 479 552 469 553 large-vehicle 0
404 218 404 208 447 199 449 209 large-vehicle 0
409 196 406 186 444 178 446 189 large-vehicle 0
401 182 398 172 440 162 443 172 large-vehicle 0
400 169 398 158 439 150 441 161 large-vehicle 0
379 429 369 426 386 386 396 390 large-vehicle 0
251 86 253 101 162 112 160 97 large-vehicle 0
178 171 189 168 204 252 192 255 large-vehicle 0
151 167 162 165 173 249 162 251 large-vehicle 0
546 379 555 375 568 411 558 416 large-vehicle 0
474 511 486 510 492 550 482 552 large-vehicle 0
580 105 590 104 596 137 586 139 large-vehicle 0
539 155 542 164 507 175 504 166 large-vehicle 0
600 236 609 234 615 269 605 271 large-vehicle 0
337 215 340 225 262 243 259 232 large-vehicle 0
555 247 557 259 521 266 519 256 large-vehicle 0
553 221 556 232 516 239 515 229 large-vehicle 0
550 199 553 210 513 219 511 208 large-vehicle 0
548 182 553 192 513 203 509 192 large-vehicle 0
546 169 549 179 509 189 505 180 large-vehicle 0
543 126 546 138 502 147 498 136 large-vehicle 0
539 112 540 123 499 131 497 120 large-vehicle 0
500 512 509 509 516 552 506 554 large-vehicle 0
539 141 543 152 504 161 500 151 large-vehicle 0
540 97 543 108 498 117 495 106 large-vehicle 0
586 151 599 150 603 189 593 190 large-vehicle 0
616 482 626 480 634 518 623 521 large-vehicle 0
603 483 614 482 622 525 610 528 large-vehicle 0
566 499 576 497 584 532 573 534 large-vehicle 0
538 504 549 503 555 536 543 538 large-vehicle 0
513 512 522 510 528 545 519 546 large-vehicle 0
93 180 106 177 123 269 107 271 large-vehicle 0
