imagesource:GoogleEarth
gsd:0.132401671031
1 1092 1 1075 27 1094 17 1104 small-vehicle 0
21 1106 28 1095 59 1113 50 1124 small-vehicle 0
424 431 433 417 464 437 456 450 small-vehicle 0
389 408 398 394 430 415 423 429 small-vehicle 0
354 385 361 374 392 392 386 403 small-vehicle 0
501 455 508 443 539 463 532 474 small-vehicle 0
470 434 478 423 508 441 501 453 small-vehicle 0
433 412 442 399 475 420 467 433 small-vehicle 0
401 390 408 378 441 398 433 410 small-vehicle 0
361 367 370 355 405 375 396 388 small-vehicle 0
509 435 518 423 548 442 540 455 small-vehicle 0
475 412 483 400 514 420 506 432 small-vehicle 0
442 391 450 378 482 399 473 411 small-vehicle 0
407 368 416 356 449 378 440 390 small-vehicle 0
375 347 384 335 413 354 403 366 small-vehicle 0
523 419 532 406 558 424 549 436 small-vehicle 0
485 394 493 381 526 401 519 415 small-vehicle 0
467 356 475 344 508 365 501 377 small-vehicle 0
401 316 411 303 438 320 429 332 small-vehicle 0
546 382 555 370 587 390 580 403 small-vehicle 0
513 361 522 349 552 369 545 381 small-vehicle 0
480 338 487 326 520 347 511 359 small-vehicle 0
527 343 536 330 568 350 560 363 small-vehicle 0
459 452 467 438 496 457 486 469 small-vehicle 0
488 471 498 458 528 480 520 491 small-vehicle 0
473 491 482 478 513 497 506 510 small-vehicle 0
332 499 341 486 373 508 365 520 small-vehicle 0
290 553 301 540 330 557 321 572 small-vehicle 0
424 611 432 598 462 617 455 630 small-vehicle 0
396 594 406 580 432 598 423 611 small-vehicle 0
368 576 377 564 403 580 396 593 small-vehicle 0
314 539 322 527 356 546 348 558 small-vehicle 0
275 515 284 502 311 520 302 532 small-vehicle 0
416 580 424 567 454 587 446 598 small-vehicle 0
382 558 391 546 422 566 413 579 small-vehicle 0
348 538 357 526 386 543 379 556 small-vehicle 0
294 476 303 465 334 485 325 496 small-vehicle 0
329 421 336 409 369 429 360 440 small-vehicle 0
437 543 447 531 475 550 468 561 small-vehicle 0
407 522 417 510 446 527 439 540 small-vehicle 0
452 526 460 513 490 532 483 545 small-vehicle 0
416 504 425 490 457 510 449 524 small-vehicle 0
385 482 394 470 423 489 415 502 small-vehicle 0
353 459 360 448 391 467 382 479 small-vehicle 0
465 510 472 496 503 516 496 527 small-vehicle 0
430 488 439 475 469 495 461 507 small-vehicle 0
361 442 369 430 402 451 395 462 small-vehicle 0
561 342 570 329 603 350 595 363 small-vehicle 0
435 260 443 248 476 269 468 280 small-vehicle 0
572 321 579 308 610 328 602 339 small-vehicle 0
552 78 561 64 596 86 586 101 small-vehicle 0
543 150 552 137 579 156 570 168 small-vehicle 0
514 130 524 117 550 136 541 148 small-vehicle 0
597 157 607 145 641 167 632 181 small-vehicle 0
540 94 548 82 581 105 572 116 small-vehicle 0
649 166 658 153 691 175 683 188 small-vehicle 0
686 190 695 177 727 198 720 212 small-vehicle 0
685 164 693 152 723 172 715 183 small-vehicle 0
651 141 659 129 690 149 680 161 small-vehicle 0
589 103 599 90 627 108 618 120 small-vehicle 0
631 104 641 91 675 113 666 127 small-vehicle 0
504 151 512 138 544 157 537 169 small-vehicle 0
708 126 715 115 742 132 735 143 small-vehicle 0
672 105 679 93 711 112 704 122 small-vehicle 0
638 83 646 72 676 91 668 101 small-vehicle 0
682 85 690 72 724 94 715 107 small-vehicle 0
647 63 655 52 685 70 678 81 small-vehicle 0
576 42 584 31 614 51 605 62 small-vehicle 0
663 48 671 35 704 58 696 68 small-vehicle 0
617 42 624 31 653 48 645 59 small-vehicle 0
584 23 593 11 621 28 614 39 small-vehicle 0
662 229 672 216 706 237 698 251 small-vehicle 0
538 172 547 160 576 177 568 190 small-vehicle 0
542 304 552 291 577 307 570 321 small-vehicle 0
620 276 629 264 660 285 651 297 small-vehicle 0
512 284 522 271 550 290 542 302 small-vehicle 0
482 263 491 250 521 270 512 281 small-vehicle 0
588 307 597 295 625 313 617 325 small-vehicle 0
559 286 568 273 595 292 587 303 small-vehicle 0
527 267 536 254 567 274 557 286 small-vehicle 0
495 246 505 233 534 253 526 264 small-vehicle 0
540 248 548 237 576 254 569 266 small-vehicle 0
503 227 512 213 549 235 538 248 small-vehicle 0
468 202 476 191 506 210 496 222 small-vehicle 0
583 252 591 240 625 261 617 274 small-vehicle 0
495 169 503 157 530 174 522 185 small-vehicle 0
547 229 556 215 590 237 582 250 small-vehicle 0
510 204 519 192 552 214 543 226 small-vehicle 0
480 186 487 174 517 191 509 203 small-vehicle 0
610 245 617 232 645 251 637 262 small-vehicle 0
581 227 589 213 617 231 607 244 small-vehicle 0
639 239 646 226 675 246 667 258 small-vehicle 0
605 216 613 203 642 223 634 234 small-vehicle 0
553 207 561 195 590 212 582 224 small-vehicle 0
522 187 531 174 559 193 549 206 small-vehicle 0
323 572 332 559 360 576 352 588 small-vehicle 0
352 591 361 577 394 597 384 611 small-vehicle 0
387 613 394 601 424 620 416 631 small-vehicle 0
141 914 151 901 181 921 173 935 small-vehicle 0
298 968 312 977 295 1006 280 1000 small-vehicle 0
143 967 153 954 181 973 171 987 small-vehicle 0
129 934 138 920 171 942 162 955 small-vehicle 0
97 910 106 899 137 920 127 931 small-vehicle 0
69 891 79 880 106 898 96 910 small-vehicle 0
33 871 42 858 75 880 67 891 small-vehicle 0
43 851 52 840 84 860 76 872 small-vehicle 0
77 873 85 862 117 880 110 891 small-vehicle 0
113 896 121 884 149 901 140 913 small-vehicle 0
173 937 182 923 215 946 207 957 small-vehicle 0
252 1040 265 1050 248 1077 233 1071 small-vehicle 0
185 917 195 905 226 926 217 938 small-vehicle 0
151 895 158 883 189 903 182 916 small-vehicle 0
121 877 129 864 157 881 149 893 small-vehicle 0
88 855 96 843 129 862 121 875 small-vehicle 0
57 835 67 821 96 841 86 854 small-vehicle 0
103 838 112 827 143 846 136 859 small-vehicle 0
138 862 145 849 173 867 165 879 small-vehicle 0
167 880 174 868 206 887 198 900 small-vehicle 0
198 902 207 889 239 910 229 922 small-vehicle 0
273 1008 287 1018 268 1045 255 1038 small-vehicle 0
230 1073 242 1083 223 1107 212 1100 small-vehicle 0
114 821 123 809 153 829 146 841 small-vehicle 0
126 1009 136 997 164 1015 156 1027 small-vehicle 0
1 1067 2 1051 30 1070 22 1079 small-vehicle 0
26 1084 34 1071 66 1091 58 1103 small-vehicle 0
59 1105 67 1093 97 1112 89 1124 small-vehicle 0
38 1067 47 1055 80 1075 72 1087 small-vehicle 0
6 1045 17 1032 46 1053 36 1066 small-vehicle 0
1 1015 2 999 32 1018 23 1028 small-vehicle 0
25 1031 33 1020 64 1038 54 1050 small-vehicle 0
55 1053 64 1039 92 1055 83 1068 small-vehicle 0
86 1072 95 1060 125 1079 116 1092 small-vehicle 0
94 986 103 973 135 996 125 1008 small-vehicle 0
20 887 30 876 57 893 47 906 small-vehicle 0
59 963 68 952 100 974 91 986 small-vehicle 0
26 943 35 931 66 951 57 963 small-vehicle 0
103 967 112 954 142 974 133 987 small-vehicle 0
68 944 75 931 108 951 100 963 small-vehicle 0
36 924 46 912 74 931 64 943 small-vehicle 0
7 903 18 890 45 909 36 922 small-vehicle 0
114 947 122 936 149 953 142 965 small-vehicle 0
78 924 88 912 116 931 108 943 small-vehicle 0
50 906 61 893 86 912 75 923 small-vehicle 0
82 798 91 786 122 806 112 818 small-vehicle 0
147 843 156 831 186 849 177 862 small-vehicle 0
352 618 360 604 392 624 384 636 small-vehicle 0
212 602 219 590 252 612 242 623 small-vehicle 0
166 674 175 662 210 685 200 697 small-vehicle 0
213 680 222 666 257 690 248 702 small-vehicle 0
177 656 188 643 220 666 209 678 small-vehicle 0
289 702 298 691 331 712 322 725 small-vehicle 0
256 683 265 670 295 689 287 702 small-vehicle 0
221 659 231 647 262 668 253 680 small-vehicle 0
183 633 192 622 227 645 218 657 small-vehicle 0
336 710 345 697 376 717 368 729 small-vehicle 0
303 687 312 675 343 696 334 708 small-vehicle 0
248 626 258 614 290 635 282 647 small-vehicle 0
239 725 248 711 281 731 271 744 small-vehicle 0
284 649 294 637 326 659 318 671 small-vehicle 0
320 673 327 660 362 681 353 694 small-vehicle 0
363 677 372 663 406 684 397 698 small-vehicle 0
331 655 338 642 369 661 361 673 small-vehicle 0
297 633 305 620 338 641 330 653 small-vehicle 0
261 610 269 598 301 619 294 630 small-vehicle 0
224 585 232 572 266 594 259 606 small-vehicle 0
377 660 386 647 422 669 413 681 small-vehicle 0
341 637 351 624 383 644 375 656 small-vehicle 0
205 700 214 687 246 709 237 721 small-vehicle 0
272 745 280 732 311 751 305 764 small-vehicle 0
180 864 187 852 219 871 210 882 small-vehicle 0
105 763 113 751 142 771 134 783 small-vehicle 0
216 886 224 873 256 893 248 907 small-vehicle 0
226 867 233 854 265 875 258 886 small-vehicle 0
194 847 201 835 230 853 222 865 small-vehicle 0
162 825 169 812 201 832 192 845 small-vehicle 0
127 803 137 790 168 812 157 825 small-vehicle 0
92 780 100 768 134 789 125 801 small-vehicle 0
207 832 215 819 244 838 237 850 small-vehicle 0
174 809 183 797 212 817 205 828 small-vehicle 0
139 784 147 773 179 795 171 805 small-vehicle 0
250 833 260 821 287 839 278 852 small-vehicle 0
305 766 313 753 347 775 339 787 small-vehicle 0
215 811 223 798 256 817 248 830 small-vehicle 0
181 789 189 776 219 795 212 806 small-vehicle 0
151 768 159 757 188 776 181 787 small-vehicle 0
118 745 126 734 158 753 149 765 small-vehicle 0
260 813 267 800 296 818 287 830 small-vehicle 0
228 792 235 780 267 798 260 810 small-vehicle 0
198 773 207 761 233 778 225 790 small-vehicle 0
168 751 176 741 206 761 198 771 small-vehicle 0
131 727 140 716 173 738 165 750 small-vehicle 0
630 28 638 16 669 35 659 47 small-vehicle 0
