imagesource:GoogleEarth
gsd:0.262811637799
564 421 553 421 556 400 565 401 small-vehicle 0
378 242 379 252 349 251 348 242 large-vehicle 0
502 337 492 338 492 305 502 305 large-vehicle 0
573 343 562 343 562 297 572 297 large-vehicle 0
587 344 576 343 577 297 587 297 large-vehicle 0
613 346 602 347 603 312 613 312 large-vehicle 0
657 344 646 345 644 297 656 297 large-vehicle 0
382 280 382 290 338 293 337 282 large-vehicle 0
381 266 381 277 338 279 338 269 large-vehicle 0
377 252 380 263 337 267 337 256 large-vehicle 0
381 227 382 239 350 240 349 229 large-vehicle 0
233 384 234 392 208 393 208 386 large-vehicle 0
382 201 382 212 339 213 339 201 large-vehicle 0
383 187 383 198 340 199 340 189 large-vehicle 0
381 173 381 185 339 186 338 173 large-vehicle 0
384 161 384 173 352 173 351 162 large-vehicle 0
281 190 282 179 320 179 319 190 large-vehicle 0
284 177 284 166 326 164 327 175 large-vehicle 0
287 160 287 148 322 147 322 159 large-vehicle 0
198 408 197 418 163 415 164 405 large-vehicle 0
491 336 479 336 479 303 491 302 large-vehicle 0
451 334 442 336 441 302 452 302 large-vehicle 0
642 169 632 169 630 129 640 129 large-vehicle 0
630 167 620 167 617 127 627 127 large-vehicle 0
527 220 539 220 539 267 527 267 large-vehicle 0
540 220 552 220 552 267 540 267 large-vehicle 0
553 223 564 223 564 263 553 263 large-vehicle 0
566 223 577 223 577 265 566 265 large-vehicle 0
578 226 591 226 591 268 578 268 large-vehicle 0
591 222 605 222 605 267 591 267 large-vehicle 0
603 229 616 229 616 272 603 272 large-vehicle 0
616 226 631 226 631 271 616 271 large-vehicle 0
632 227 643 227 643 269 632 269 large-vehicle 0
457 160 446 160 447 113 458 112 large-vehicle 0
471 161 459 161 462 120 472 121 large-vehicle 0
483 163 473 163 473 121 483 122 large-vehicle 0
496 163 486 164 488 119 498 120 large-vehicle 0
523 164 512 165 514 120 525 121 large-vehicle 0
575 164 566 163 566 121 577 121 large-vehicle 0
589 167 579 166 579 134 589 134 large-vehicle 0
602 161 592 161 593 120 604 120 large-vehicle 0
231 402 231 411 205 411 206 401 large-vehicle 0
234 369 235 379 212 380 212 371 large-vehicle 0
467 391 478 390 477 416 466 415 small-vehicle 0
639 344 627 344 629 296 640 297 large-vehicle 0
288 266 289 255 328 257 328 267 large-vehicle 0
289 248 290 239 329 241 329 251 large-vehicle 0
345 332 346 323 382 322 383 332 large-vehicle 0
346 348 346 338 383 337 383 348 large-vehicle 0
229 335 229 346 183 346 182 336 large-vehicle 0
283 204 283 194 322 194 321 204 large-vehicle 0
598 345 588 345 590 299 600 299 large-vehicle 0
464 337 453 336 454 302 465 302 large-vehicle 0
216 139 217 128 237 131 236 141 small-vehicle 0
222 355 222 366 177 365 177 355 large-vehicle 1
291 115 292 104 310 106 309 116 small-vehicle 0
165 314 175 315 172 334 162 332 small-vehicle 0
202 364 202 375 178 376 178 365 small-vehicle 0
203 375 202 385 178 384 179 375 small-vehicle 0
283 399 295 400 294 420 283 420 small-vehicle 0
378 385 388 385 388 407 378 406 small-vehicle 0
408 385 415 385 416 406 408 406 small-vehicle 0
419 386 429 387 429 409 419 409 small-vehicle 0
286 278 289 268 327 269 327 280 large-vehicle 0
288 305 288 295 327 296 326 306 large-vehicle 0
288 331 287 320 325 316 326 326 large-vehicle 0
653 168 643 169 643 128 654 128 large-vehicle 0
227 321 227 332 189 331 188 321 large-vehicle 0
231 301 232 310 195 310 195 300 large-vehicle 0
228 275 226 284 188 279 191 270 large-vehicle 0
231 215 232 226 193 226 193 217 large-vehicle 0
231 199 231 208 193 209 193 199 large-vehicle 0
229 186 229 197 191 197 192 186 large-vehicle 0
234 172 234 184 197 184 197 174 large-vehicle 0
236 161 235 172 197 169 197 159 large-vehicle 0
162 215 162 226 131 228 131 218 large-vehicle 0
164 173 164 183 127 186 127 176 large-vehicle 0
164 161 164 171 126 170 126 159 large-vehicle 0
549 164 538 163 538 128 548 127 large-vehicle 0
561 165 551 164 553 129 563 129 large-vehicle 0
615 167 606 167 606 134 615 134 large-vehicle 0
624 347 616 346 617 312 625 312 large-vehicle 0
484 218 495 218 494 263 484 262 large-vehicle 0
166 231 166 240 128 242 127 232 large-vehicle 0
456 217 467 217 467 265 456 265 large-vehicle 0
