imagesource:GoogleEarth
gsd:0.267277817229
132 731 584 694 601 840 135 841 ground-track-field 1
239 537 286 533 293 625 249 629 tennis-court 0
187 542 232 539 241 630 196 634 tennis-court 0
134 547 180 542 189 634 143 640 tennis-court 0
83 552 128 547 136 640 91 645 tennis-court 0
237 400 282 396 290 487 244 493 tennis-court 0
182 404 231 400 237 492 191 497 tennis-court 0
132 410 178 406 186 497 140 501 tennis-court 0
79 413 125 410 132 501 88 505 tennis-court 0
529 2 531 100 411 102 410 1 baseball-diamond 0
456 246 551 237 558 296 459 306 basketball-court 0
340 256 440 246 445 309 346 319 basketball-court 0
