imagesource:GoogleEarth
gsd:0.266557914478
583 496 594 494 602 529 593 532 large-vehicle 0
287 205 279 213 249 183 256 176 large-vehicle 0
256 214 249 221 221 193 229 185 large-vehicle 0
241 216 235 223 202 197 209 189 large-vehicle 0
323 258 325 268 287 274 285 265 large-vehicle 0
161 243 155 250 122 227 128 219 large-vehicle 0
165 260 160 268 126 249 130 242 large-vehicle 0
172 281 167 289 132 271 137 262 large-vehicle 0
183 303 178 312 142 296 147 287 large-vehicle 0
191 325 186 334 153 316 157 308 large-vehicle 0
205 346 200 355 166 340 169 330 large-vehicle 0
214 365 210 375 174 359 178 350 large-vehicle 0
227 386 224 394 187 380 190 372 large-vehicle 0
255 421 251 431 213 418 216 409 large-vehicle 0
242 404 240 413 201 401 203 393 large-vehicle 0
271 441 269 450 231 439 233 430 large-vehicle 0
288 458 286 467 248 459 249 449 large-vehicle 0
321 490 320 500 281 494 283 484 large-vehicle 0
339 506 338 515 298 509 299 500 large-vehicle 0
358 523 357 534 317 525 318 516 large-vehicle 0
381 543 380 553 341 546 342 536 large-vehicle 0
272 210 265 216 235 189 242 181 large-vehicle 0
301 199 295 207 267 179 275 173 large-vehicle 0
312 402 320 400 329 440 319 443 large-vehicle 0
317 196 310 204 279 176 286 169 large-vehicle 0
199 133 209 134 202 175 192 174 large-vehicle 0
215 131 225 132 216 173 206 170 large-vehicle 0
228 128 239 129 234 170 223 168 large-vehicle 0
246 122 256 125 249 165 238 162 large-vehicle 0
259 118 270 120 264 161 253 160 large-vehicle 0
288 109 299 111 295 153 284 152 large-vehicle 0
304 105 314 107 309 149 298 147 large-vehicle 0
315 100 328 102 324 142 313 141 large-vehicle 0
332 95 343 97 337 139 327 137 large-vehicle 0
347 90 357 91 352 133 341 131 large-vehicle 0
360 87 371 88 368 128 357 127 large-vehicle 0
374 82 385 83 382 123 372 122 large-vehicle 0
389 74 400 76 396 116 384 114 large-vehicle 0
406 69 416 71 411 110 401 109 large-vehicle 0
393 175 388 182 356 154 363 147 large-vehicle 0
376 181 370 188 341 157 349 150 large-vehicle 0
360 182 354 189 325 164 331 156 large-vehicle 0
344 186 339 193 310 168 317 161 large-vehicle 0
331 193 324 199 296 172 303 164 large-vehicle 0
300 410 309 408 316 448 307 450 large-vehicle 0
322 398 331 395 339 435 331 437 large-vehicle 0
572 503 581 501 590 536 581 539 large-vehicle 0
465 441 474 439 483 477 475 480 large-vehicle 0
490 430 499 428 509 464 500 468 large-vehicle 0
501 424 511 422 521 460 512 463 large-vehicle 0
528 413 538 412 546 449 536 451 large-vehicle 0
543 407 552 406 558 443 549 446 large-vehicle 0
579 399 586 392 611 414 606 421 large-vehicle 0
585 423 590 416 617 440 611 447 large-vehicle 0
593 448 599 442 624 466 617 473 large-vehicle 0
416 568 426 566 433 605 424 607 large-vehicle 0
430 563 439 560 447 599 438 600 large-vehicle 0
444 558 453 558 458 595 448 596 large-vehicle 0
456 550 466 549 472 587 463 589 large-vehicle 0
466 547 477 545 487 582 477 585 large-vehicle 0
481 540 490 537 499 575 490 577 large-vehicle 0
496 533 505 532 511 570 502 573 large-vehicle 0
507 528 516 526 526 564 516 567 large-vehicle 0
521 523 529 522 539 560 529 562 large-vehicle 0
532 517 542 515 552 553 542 556 large-vehicle 0
545 514 555 512 565 548 556 551 large-vehicle 0
559 507 568 505 577 541 567 543 large-vehicle 0
478 437 487 434 495 473 485 474 large-vehicle 0
452 447 460 444 470 482 461 484 large-vehicle 0
336 390 344 388 355 429 344 431 large-vehicle 0
440 452 449 449 458 488 448 492 large-vehicle 0
349 386 358 383 366 424 357 426 large-vehicle 0
359 383 369 379 380 416 371 421 large-vehicle 0
374 374 384 373 390 412 380 414 large-vehicle 0
387 369 396 367 404 405 394 408 large-vehicle 0
399 362 409 361 416 400 407 401 large-vehicle 0
411 358 422 356 429 394 419 396 large-vehicle 0
424 352 434 350 443 388 433 390 large-vehicle 0
436 347 446 344 454 382 444 385 large-vehicle 0
449 340 460 339 467 376 457 379 large-vehicle 0
462 334 473 332 481 371 470 373 large-vehicle 0
476 328 486 327 494 366 484 367 large-vehicle 0
489 321 498 319 505 357 495 360 large-vehicle 0
500 316 511 315 519 353 509 355 large-vehicle 0
514 312 524 310 532 348 521 350 large-vehicle 0
374 485 384 482 395 518 386 521 large-vehicle 0
389 475 397 473 406 513 397 515 large-vehicle 0
402 471 410 469 419 507 409 510 large-vehicle 0
412 463 423 461 431 501 421 502 large-vehicle 0
426 458 436 456 444 495 435 497 large-vehicle 0
183 136 193 138 186 179 175 176 large-vehicle 0
