imagesource:GoogleEarth
gsd:0.265980237959
140 387 175 417 114 485 79 456 tennis-court 0
183 422 216 452 155 521 120 493 tennis-court 0
237 470 270 499 212 570 176 539 tennis-court 0
282 508 316 538 258 608 223 578 tennis-court 0
326 546 362 578 302 645 268 618 tennis-court 0
428 428 463 458 405 528 370 499 tennis-court 0
383 390 417 419 358 489 322 461 tennis-court 0
339 350 374 382 314 452 277 421 tennis-court 0
284 304 318 335 259 405 222 374 tennis-court 0
243 267 277 299 215 368 182 338 tennis-court 0
199 232 236 262 175 333 137 302 tennis-court 0
98 351 134 381 73 451 37 420 tennis-court 0
