imagesource:GoogleEarth
gsd:0.241282498188
704 411 711 401 762 431 756 441 large-vehicle 0
241 657 236 647 280 624 285 634 large-vehicle 1
262 397 254 391 284 352 291 359 large-vehicle 1
365 412 372 418 344 460 334 454 large-vehicle 0
451 556 442 550 479 500 487 506 large-vehicle 0
514 594 504 586 538 542 547 548 large-vehicle 0
166 552 162 541 210 518 215 527 large-vehicle 1
156 606 152 595 199 573 203 583 large-vehicle 1
254 585 249 576 293 553 298 562 large-vehicle 1
248 620 243 611 286 588 291 598 large-vehicle 1
332 632 341 625 372 660 364 668 large-vehicle 1
684 140 672 138 687 70 699 72 large-vehicle 0
236 693 229 683 273 661 279 671 large-vehicle 1
161 754 165 764 124 785 119 775 large-vehicle 0
295 806 305 800 340 837 331 845 large-vehicle 1
344 556 352 549 385 587 376 595 large-vehicle 1
549 618 541 611 575 567 582 572 large-vehicle 0
564 622 555 615 586 576 594 583 large-vehicle 1
588 640 579 634 609 593 618 600 large-vehicle 0
597 652 587 645 619 604 628 612 large-vehicle 1
247 53 250 42 308 54 306 65 large-vehicle 1
