imagesource:GoogleEarth
gsd:0.25468021793
1452 180 1462 190 1441 218 1429 208 ship 0
1392 164 1387 172 1371 160 1376 153 small-vehicle 0
430 1208 416 1191 456 1155 469 1172 ship 0
434 1142 450 1155 415 1194 401 1178 ship 0
478 1090 494 1104 461 1146 443 1131 ship 0
462 1075 476 1086 443 1128 428 1117 ship 0
730 1132 744 1144 715 1176 701 1165 ship 0
714 1114 727 1125 700 1162 685 1152 ship 0
685 1144 671 1132 701 1097 715 1110 ship 0
683 1085 693 1097 663 1130 651 1119 ship 0
643 1060 656 1070 634 1104 619 1095 ship 0
601 1073 588 1062 616 1025 629 1038 ship 0
586 1060 574 1051 600 1014 614 1025 ship 0
546 1041 533 1028 567 986 580 1000 ship 0
600 947 612 959 587 990 574 979 ship 0
650 983 663 994 637 1032 621 1021 ship 0
683 1011 694 1021 668 1058 656 1050 ship 0
689 1075 675 1062 702 1027 715 1041 ship 0
722 1103 709 1093 731 1057 747 1067 ship 0
848 1227 859 1237 837 1270 824 1260 ship 0
902 1258 888 1247 921 1210 933 1223 ship 0
516 1117 532 1130 499 1171 482 1157 ship 0
449 1225 436 1208 477 1172 489 1189 ship 0
485 1252 472 1240 509 1201 521 1215 ship 0
379 1413 392 1427 359 1463 345 1448 ship 0
321 1238 339 1254 298 1304 277 1291 ship 0
263 1292 287 1313 236 1360 214 1343 ship 0
351 1259 367 1273 326 1322 310 1310 ship 0
365 1283 377 1295 344 1336 330 1324 ship 0
385 1302 399 1311 357 1357 345 1347 ship 0
290 1393 276 1374 317 1334 333 1354 ship 0
312 1407 297 1392 328 1358 343 1371 ship 0
327 1420 315 1407 351 1367 365 1382 ship 0
431 1428 417 1415 456 1375 468 1388 ship 0
562 1238 548 1224 580 1190 594 1203 ship 0
596 1345 606 1330 653 1369 641 1383 ship 0
614 1329 624 1318 667 1352 659 1363 ship 0
638 1302 651 1284 705 1329 694 1344 ship 0
608 1292 622 1306 587 1344 575 1332 ship 0
571 1323 558 1307 593 1278 604 1292 ship 0
635 1225 651 1237 615 1282 598 1268 ship 0
556 1309 543 1296 577 1259 591 1273 ship 0
515 1220 531 1229 506 1268 489 1258 ship 0
903 1193 919 1204 890 1244 872 1230 ship 0
873 1223 859 1209 886 1177 899 1192 ship 0
859 1210 845 1199 872 1165 884 1176 ship 0
794 884 807 892 784 926 770 915 ship 0
894 1019 883 1009 910 971 923 981 ship 0
891 955 906 966 880 1005 865 994 ship 0
840 1046 829 1033 861 1000 871 1012 ship 0
825 977 838 988 815 1020 800 1010 ship 0
830 965 817 954 849 920 861 931 ship 0
796 1008 781 996 812 961 824 975 ship 0
828 910 838 919 816 951 804 943 ship 0
749 961 739 949 765 923 775 935 ship 0
1130 1009 1141 1019 1112 1048 1101 1036 ship 0
922 987 935 996 911 1031 897 1020 ship 0
1096 984 1108 991 1087 1024 1074 1016 ship 0
1079 969 1093 978 1070 1013 1055 1003 ship 0
1057 998 1043 989 1064 956 1077 966 ship 0
1049 945 1062 952 1041 986 1027 979 ship 0
1024 977 1011 969 1037 929 1051 937 ship 0
1080 904 1094 913 1072 946 1058 937 ship 0
1051 878 1066 889 1039 923 1025 912 ship 0
985 897 999 906 979 937 964 928 ship 0
875 1016 888 1030 862 1059 847 1046 ship 0
873 1074 860 1063 891 1027 905 1038 ship 0
841 1201 826 1186 856 1148 872 1162 ship 0
1061 1153 1075 1165 1047 1199 1032 1187 ship 0
816 1198 827 1208 799 1242 787 1231 ship 0
836 1141 849 1149 824 1187 809 1176 ship 0
767 1216 752 1205 782 1165 796 1180 ship 0
817 1129 831 1140 803 1172 789 1161 ship 0
747 1207 732 1194 768 1154 782 1167 ship 0
799 1116 814 1127 789 1159 774 1148 ship 0
745 1144 760 1151 733 1191 720 1182 ship 0
1063 1212 1048 1200 1082 1159 1095 1173 ship 0
1047 1121 1055 1102 1099 1132 1090 1148 ship 0
904 1040 916 1052 885 1089 874 1078 ship 0
999 1092 1014 1104 986 1142 971 1131 ship 0
950 1145 934 1134 968 1091 984 1105 ship 0
1005 1048 1018 1059 989 1097 973 1086 ship 0
935 1069 947 1078 928 1111 912 1102 ship 0
983 1035 998 1045 976 1086 959 1074 ship 0
957 1070 945 1059 975 1027 984 1038 ship 0
901 1106 886 1092 922 1052 936 1066 ship 0
953 1011 969 1023 942 1057 925 1046 ship 0
255 1263 273 1282 219 1342 198 1327 ship 0
1374 180 1367 186 1355 173 1363 167 small-vehicle 0
1461 196 1471 205 1447 235 1436 228 ship 0
1365 198 1359 206 1341 189 1348 183 small-vehicle 0
303 610 310 603 322 615 315 623 small-vehicle 0
311 604 318 596 330 608 324 615 small-vehicle 0
382 625 375 633 361 620 369 612 small-vehicle 0
389 616 384 624 369 612 374 604 small-vehicle 0
379 596 387 585 404 599 396 608 small-vehicle 0
417 586 410 593 394 579 402 572 small-vehicle 0
357 548 365 540 375 551 369 559 small-vehicle 1
305 530 312 537 300 552 292 546 small-vehicle 0
404 569 411 562 423 575 417 580 small-vehicle 0
411 562 416 555 430 568 425 574 small-vehicle 0
415 553 421 545 434 557 428 564 small-vehicle 0
396 526 392 533 378 523 384 515 small-vehicle 0
449 542 443 550 430 538 436 531 small-vehicle 0
394 423 402 428 390 446 382 441 small-vehicle 0
451 460 445 468 431 457 436 449 small-vehicle 0
489 494 484 502 469 490 476 483 small-vehicle 0
570 516 578 522 565 538 558 532 small-vehicle 0
553 527 546 522 557 505 564 510 small-vehicle 0
546 519 539 513 550 498 556 503 small-vehicle 0
296 619 302 612 314 624 308 630 small-vehicle 0
362 645 356 653 342 641 348 634 small-vehicle 0
291 629 297 622 308 633 302 639 small-vehicle 0
247 679 254 672 267 687 260 695 small-vehicle 0
1449 649 1407 709 1078 447 1126 390 harbor 0
1438 815 1388 878 987 556 1048 485 harbor 0
1359 934 1307 1007 911 687 966 607 harbor 0
1415 1167 1358 1243 815 811 872 735 harbor 0
1116 1144 1044 1219 632 873 697 797 harbor 0
936 1223 875 1295 521 1009 597 931 harbor 0
719 1293 647 1387 388 1174 469 1071 harbor 0
483 1388 376 1493 198 1329 304 1224 harbor 0
274 673 267 681 254 669 260 660 small-vehicle 0
302 639 296 647 282 636 288 628 small-vehicle 0
262 662 269 654 281 667 275 674 small-vehicle 0
315 702 312 708 299 697 303 692 small-vehicle 0
324 695 319 703 303 690 309 683 small-vehicle 0
311 681 318 673 331 685 325 691 small-vehicle 0
320 666 327 659 340 672 334 680 small-vehicle 0
333 654 341 645 355 660 348 666 small-vehicle 0
290 656 284 664 270 652 276 645 small-vehicle 0
295 647 289 654 276 643 281 636 small-vehicle 0
542 492 550 497 539 514 531 508 small-vehicle 0
529 507 522 501 533 487 540 493 small-vehicle 0
515 492 508 487 519 471 526 476 small-vehicle 0
1299 158 1293 166 1280 154 1286 146 small-vehicle 0
1227 141 1235 131 1248 146 1241 154 small-vehicle 0
1241 154 1236 162 1219 147 1225 139 small-vehicle 0
1229 170 1223 179 1208 168 1214 159 small-vehicle 0
1276 186 1271 194 1256 181 1262 173 small-vehicle 0
1270 197 1278 188 1291 203 1285 210 small-vehicle 0
1290 179 1297 169 1312 185 1305 193 small-vehicle 0
1283 177 1276 185 1262 171 1270 163 small-vehicle 0
1271 161 1278 153 1294 169 1287 177 small-vehicle 0
1300 168 1306 159 1320 173 1313 180 small-vehicle 0
1275 127 1265 135 1248 110 1258 104 small-vehicle 0
1310 151 1303 159 1285 140 1292 133 small-vehicle 0
1319 138 1312 147 1292 131 1298 122 small-vehicle 0
1302 125 1309 116 1325 129 1318 139 small-vehicle 0
1322 139 1329 129 1348 144 1341 154 small-vehicle 0
1313 248 1308 256 1296 245 1302 238 small-vehicle 0
1326 239 1320 247 1304 229 1311 223 small-vehicle 0
1325 236 1314 222 1319 217 1331 230 small-vehicle 0
1342 223 1337 231 1319 217 1327 210 small-vehicle 0
1262 125 1257 135 1241 123 1247 115 small-vehicle 0
1307 77 1300 87 1280 72 1288 62 small-vehicle 0
610 462 617 467 604 483 598 479 small-vehicle 0
625 339 633 333 643 351 635 355 small-vehicle 0
646 512 639 507 652 489 658 496 small-vehicle 0
598 474 590 468 604 450 611 457 small-vehicle 0
580 434 588 441 574 454 567 448 small-vehicle 0
566 421 573 427 557 443 551 437 small-vehicle 0
581 406 575 413 560 398 567 392 small-vehicle 0
596 391 590 398 577 384 585 377 small-vehicle 0
621 368 615 375 602 361 608 355 small-vehicle 0
556 335 565 327 576 343 566 349 small-vehicle 0
660 332 654 340 639 326 646 319 small-vehicle 0
579 159 587 151 600 169 592 175 small-vehicle 0
609 284 618 278 630 292 623 298 small-vehicle 0
674 316 664 321 652 302 663 297 small-vehicle 0
691 305 682 313 667 296 677 288 small-vehicle 0
705 289 698 295 686 283 693 276 small-vehicle 0
660 260 653 267 642 254 649 247 small-vehicle 0
657 238 664 231 677 245 669 251 small-vehicle 0
765 230 758 237 744 220 751 214 small-vehicle 0
715 183 722 175 735 188 729 196 small-vehicle 0
973 886 985 897 960 924 946 912 ship 0
1011 894 997 884 1022 850 1035 862 ship 0
993 885 981 875 1007 839 1020 848 ship 0
991 828 1002 837 977 872 963 863 ship 0
1269 548 1259 539 1278 513 1289 524 ship 0
1242 586 1228 579 1250 543 1263 554 ship 0
1255 536 1246 527 1265 506 1275 514 ship 0
1226 529 1237 536 1216 563 1206 555 ship 0
1246 529 1237 522 1253 495 1262 502 ship 0
1432 539 1443 548 1427 568 1418 561 ship 0
1473 558 1464 550 1477 530 1487 539 ship 0
1461 547 1453 540 1468 517 1476 523 ship 0
1411 519 1421 525 1406 550 1394 544 ship 0
1434 491 1443 497 1428 520 1417 514 ship 0
1395 538 1385 530 1400 510 1410 517 ship 0
1404 504 1395 497 1411 470 1420 478 ship 0
1391 489 1384 482 1400 467 1405 473 ship 0
1380 484 1373 478 1386 459 1394 466 ship 0
1375 494 1385 499 1371 524 1360 517 ship 0
1357 514 1347 505 1368 482 1377 489 ship 0
1352 473 1361 481 1344 505 1333 497 ship 0
1231 519 1220 510 1243 485 1251 494 ship 0
1217 516 1226 522 1205 552 1197 546 ship 0
1282 553 1273 547 1290 523 1299 532 ship 0
1261 560 1273 567 1257 593 1245 586 ship 0
1303 532 1314 541 1295 567 1283 560 ship 0
1403 612 1414 620 1392 648 1382 638 ship 0
1191 680 1202 688 1180 715 1169 707 ship 0
1209 679 1199 670 1221 644 1229 654 ship 0
1172 671 1182 679 1158 708 1148 701 ship 0
1161 657 1171 663 1148 696 1138 689 ship 0
1135 684 1123 675 1144 639 1159 648 ship 0
1149 634 1139 626 1162 597 1173 606 ship 0
1135 622 1125 612 1149 582 1161 590 ship 0
1430 676 1419 668 1439 643 1448 651 ship 0
1364 635 1374 644 1354 672 1343 664 ship 0
1304 577 1295 568 1315 541 1323 549 ship 0
1353 626 1364 633 1342 659 1333 650 ship 0
1352 614 1343 607 1365 581 1373 589 ship 0
1338 614 1347 621 1329 649 1318 642 ship 0
1325 603 1337 612 1314 641 1303 631 ship 0
1346 605 1335 598 1352 572 1361 580 ship 0
1289 621 1280 615 1302 586 1309 593 ship 0
1331 595 1321 587 1342 558 1351 565 ship 0
1331 548 1341 556 1319 584 1310 578 ship 0
1194 544 1183 538 1203 507 1213 515 ship 0
1191 500 1199 507 1178 533 1170 526 ship 0
1196 490 1186 483 1204 456 1213 463 ship 0
1442 284 1451 293 1429 321 1418 313 ship 0
1401 303 1411 313 1389 343 1377 334 ship 0
1411 317 1422 327 1400 353 1390 347 ship 0
1431 318 1443 327 1416 368 1403 357 ship 0
1440 342 1451 351 1429 376 1420 368 ship 0
1438 380 1446 368 1481 394 1472 407 ship 0
1491 377 1484 390 1447 366 1457 353 ship 0
1467 307 1477 318 1454 348 1441 337 ship 0
1464 282 1476 292 1450 328 1437 317 ship 0
1430 274 1440 285 1417 312 1406 303 ship 0
1374 288 1381 296 1361 320 1352 313 ship 0
1421 253 1435 264 1410 301 1395 291 ship 0
1404 250 1415 261 1387 296 1374 285 ship 0
1388 248 1398 257 1377 283 1366 274 ship 0
1421 217 1432 226 1406 254 1396 245 ship 0
1432 228 1441 236 1422 260 1412 253 ship 0
1455 225 1464 233 1443 260 1433 252 ship 0
1458 246 1466 252 1444 283 1433 272 ship 0
1470 255 1478 264 1455 291 1446 282 ship 0
1389 291 1399 302 1373 333 1361 322 ship 0
1363 277 1373 285 1353 310 1344 303 ship 0
1153 469 1164 477 1145 503 1132 495 ship 0
1168 329 1177 338 1160 359 1149 351 ship 0
1180 477 1171 468 1196 445 1203 454 ship 0
1179 440 1189 447 1170 471 1160 461 ship 0
1158 461 1149 451 1170 427 1179 435 ship 0
1113 443 1122 449 1112 469 1100 463 ship 0
1105 429 1116 434 1095 462 1086 455 ship 0
1092 424 1100 431 1084 455 1075 448 ship 0
1122 431 1111 424 1130 397 1140 405 ship 0
1143 409 1151 414 1133 440 1124 433 ship 0
1205 347 1196 342 1213 321 1220 328 ship 0
1355 257 1369 268 1340 303 1325 292 ship 0
1192 348 1199 353 1180 378 1172 372 ship 0
1214 364 1223 369 1206 396 1197 391 ship 0
1226 374 1236 381 1219 404 1209 398 ship 0
1270 362 1281 370 1264 394 1255 385 ship 0
1274 404 1265 398 1281 374 1288 382 ship 0
1285 416 1294 425 1278 449 1267 441 ship 0
1310 429 1301 421 1317 401 1325 408 ship 0
1342 419 1351 426 1334 449 1324 441 ship 0
1222 690 1211 682 1233 653 1243 663 ship 0
1200 692 1213 697 1196 726 1183 721 ship 0
1221 747 1209 739 1232 709 1244 719 ship 0
1105 609 1114 616 1093 648 1082 641 ship 0
994 692 983 686 1003 651 1015 658 ship 0
967 724 957 716 978 689 987 699 ship 0
952 717 937 706 958 677 972 686 ship 0
976 635 984 644 964 669 954 661 ship 0
929 710 918 699 946 664 958 675 ship 0
931 652 944 663 921 692 906 681 ship 0
962 612 976 622 950 656 936 647 ship 0
1118 621 1127 629 1108 655 1099 648 ship 0
1089 596 1099 605 1079 635 1067 627 ship 0
990 756 980 747 1005 711 1017 721 ship 0
1060 574 1070 582 1051 610 1041 602 ship 0
1049 562 1061 572 1037 600 1026 590 ship 0
1020 586 1011 577 1034 547 1043 557 ship 0
994 563 984 555 1010 524 1019 534 ship 0
1039 485 1051 495 1027 529 1014 520 ship 0
1049 508 1061 518 1039 543 1028 533 ship 0
1064 513 1075 523 1053 553 1039 544 ship 0
1080 526 1092 537 1066 565 1055 556 ship 0
978 739 967 728 988 700 998 711 ship 0
1034 677 1045 687 1023 716 1011 707 ship 0
1104 595 1097 583 1123 560 1131 572 ship 0
883 797 872 786 894 756 908 767 ship 0
943 913 930 903 958 866 972 877 ship 0
944 857 957 867 929 901 917 890 ship 0
928 844 938 853 911 886 899 876 ship 0
944 793 957 802 931 836 918 826 ship 0
895 822 905 828 885 858 876 851 ship 0
881 809 892 816 865 853 853 844 ship 0
834 771 847 780 822 819 807 810 ship 0
900 810 889 802 911 773 921 783 ship 0
1137 822 1146 831 1126 860 1115 852 ship 0
1037 726 1025 716 1048 685 1060 697 ship 0
1124 811 1133 820 1112 848 1102 838 ship 0
1066 811 1056 803 1077 772 1087 783 ship 0
1095 728 1105 736 1080 766 1072 754 ship 0
1124 800 1113 790 1140 756 1151 768 ship 0
1038 740 1046 747 1019 777 1012 768 ship 0
1006 762 995 753 1020 724 1030 734 ship 0
1067 701 1075 709 1053 740 1041 732 ship 0
1084 707 1093 714 1067 752 1056 743 ship 0
1108 552 1118 563 1096 584 1086 574 ship 0
1137 577 1146 586 1124 610 1114 601 ship 0
1278 688 1289 697 1266 728 1256 719 ship 0
1324 773 1313 767 1331 738 1340 743 ship 0
1322 834 1307 824 1332 790 1345 801 ship 0
1362 864 1353 856 1375 828 1385 835 ship 0
1361 817 1372 825 1354 855 1339 845 ship 0
1409 842 1400 833 1418 802 1429 810 ship 0
1392 828 1380 820 1403 789 1416 799 ship 0
1356 765 1368 774 1350 798 1340 788 ship 0
1308 813 1300 803 1320 781 1327 790 ship 0
1339 778 1328 770 1348 743 1358 751 ship 0
1304 773 1315 780 1298 806 1288 798 ship 0
1227 832 1239 841 1216 874 1201 865 ship 0
1286 761 1297 768 1277 798 1265 790 ship 0
1151 836 1162 842 1139 873 1128 866 ship 0
1154 824 1142 813 1166 783 1180 793 ship 0
1141 811 1131 805 1154 772 1161 778 ship 0
1308 760 1294 751 1319 722 1331 733 ship 0
1304 713 1316 721 1293 751 1281 741 ship 0
1257 737 1270 744 1251 777 1238 770 ship 0
1246 725 1259 733 1238 764 1226 757 ship 0
1197 860 1186 850 1209 820 1222 831 ship 0
1392 841 1402 848 1386 873 1375 865 ship 0
1395 1155 1415 1168 1367 1231 1347 1216 ship 0
1176 1035 1164 1023 1191 993 1203 1004 ship 0
1291 1082 1306 1093 1274 1130 1261 1118 ship 0
1261 1068 1274 1080 1242 1121 1228 1109 ship 0
1252 1039 1265 1050 1241 1083 1227 1072 ship 0
1223 1067 1213 1056 1237 1027 1247 1037 ship 0
1190 1057 1201 1064 1174 1099 1165 1089 ship 0
1209 1057 1197 1047 1220 1018 1230 1027 ship 0
1167 1044 1185 1052 1163 1089 1146 1080 ship 0
1142 1074 1131 1061 1159 1031 1170 1041 ship 0
1160 1020 1150 1008 1177 978 1187 987 ship 0
1240 893 1231 887 1253 860 1262 868 ship 0
1128 1059 1117 1050 1143 1018 1153 1027 ship 0
1284 943 1295 952 1271 981 1260 973 ship 0
1330 971 1316 963 1348 923 1358 933 ship 0
1308 907 1322 917 1303 945 1289 936 ship 0
1267 932 1279 942 1259 969 1248 961 ship 0
1238 907 1250 913 1230 946 1217 938 ship 0
1259 909 1247 900 1269 870 1281 881 ship 0
1199 924 1186 917 1211 883 1221 891 ship 0
1491 539 1461 587 1152 355 1195 302 harbor 0
