imagesource:GoogleEarth
gsd:0.281139858924
941 20 980 20 980 40 941 40 swimming-pool 0
565 541 663 540 663 597 565 597 soccer-ball-field 0
266 172 302 175 297 192 262 189 swimming-pool 0
61 173 98 173 99 191 61 194 swimming-pool 0
583 191 603 191 603 210 583 210 swimming-pool 0
59 411 76 411 76 440 59 440 swimming-pool 0
24 533 56 533 56 548 24 548 swimming-pool 0
29 621 49 621 49 655 29 655 swimming-pool 0
58 992 74 992 74 1021 58 1021 swimming-pool 0
49 892 73 892 73 930 49 930 swimming-pool 0
536 586 394 584 403 447 541 449 baseball-diamond 0
221 457 407 273 512 377 325 561 soccer-ball-field 0
534 271 676 272 675 353 535 353 soccer-ball-field 0
535 369 676 369 676 450 536 450 soccer-ball-field 0
565 467 662 466 662 523 564 522 soccer-ball-field 0
566 732 712 739 702 1000 555 994 soccer-ball-field 0
720 716 1010 716 1010 1346 720 1346 ground-track-field 0
213 705 386 678 424 913 249 941 soccer-ball-field 0
330 1059 700 1072 695 1293 322 1280 soccer-ball-field 0
424 873 543 879 537 1048 416 1044 soccer-ball-field 0
172 1121 289 1124 284 1297 166 1294 soccer-ball-field 0
179 936 297 941 290 1116 172 1113 soccer-ball-field 0
527 696 521 829 395 822 408 681 baseball-diamond 0
786 900 826 900 824 986 784 985 tennis-court 0
834 901 876 901 875 986 833 986 tennis-court 0
884 902 926 902 923 988 883 987 tennis-court 0
700 306 921 307 922 666 699 666 soccer-ball-field 0
783 1035 823 1037 822 1123 780 1122 tennis-court 0
834 1037 873 1038 871 1124 831 1123 tennis-court 0
883 1037 924 1040 922 1125 880 1124 tennis-court 0
129 174 164 172 158 190 127 190 swimming-pool 0
