imagesource:GoogleEarth
gsd:0.566503731265
5263 856 5296 856 5296 889 5263 889 storage-tank 0
4082 1631 4083 1626 4100 1633 4097 1639 large-vehicle 1
1734 1152 1713 1147 1719 1117 1739 1122 helicopter 0
1254 1457 1271 1457 1271 1472 1254 1472 storage-tank 0
1536 1808 1562 1808 1562 1827 1536 1827 storage-tank 0
3510 1621 3504 1615 3528 1598 3532 1605 large-vehicle 0
4011 1596 4015 1600 3999 1614 3995 1609 large-vehicle 0
4014 1602 4017 1606 4003 1619 4000 1615 large-vehicle 0
4019 1606 4021 1610 4006 1623 4003 1619 large-vehicle 0
4021 1611 4025 1615 4009 1627 4007 1623 large-vehicle 0
4026 1616 4028 1619 4013 1631 4009 1627 large-vehicle 0
4028 1620 4031 1625 4016 1636 4013 1631 large-vehicle 0
4036 1629 4039 1634 4024 1646 4021 1641 large-vehicle 0
4040 1635 4042 1640 4027 1651 4024 1647 large-vehicle 0
4043 1640 4046 1645 4031 1656 4028 1651 large-vehicle 1
4046 1645 4050 1650 4034 1661 4031 1656 large-vehicle 1
4082 1623 4079 1629 4060 1619 4063 1613 large-vehicle 1
5201 826 5234 826 5234 862 5201 862 storage-tank 0
4057 1673 4062 1676 4058 1688 4052 1685 large-vehicle 1
4067 1676 4073 1678 4069 1693 4063 1690 large-vehicle 0
4074 1679 4079 1681 4074 1695 4068 1692 large-vehicle 1
3538 1610 3541 1613 3529 1624 3526 1618 large-vehicle 0
4078 1682 4083 1683 4079 1697 4073 1695 large-vehicle 1
4084 1682 4089 1684 4086 1698 4080 1696 large-vehicle 1
4090 1683 4096 1684 4091 1699 4086 1697 large-vehicle 0
4095 1684 4100 1685 4097 1701 4091 1700 large-vehicle 0
4100 1686 4106 1687 4103 1701 4097 1699 large-vehicle 1
4111 1689 4116 1690 4114 1703 4108 1702 large-vehicle 1
4117 1690 4121 1690 4120 1705 4115 1704 large-vehicle 0
4364 1423 4389 1430 4375 1482 4349 1475 tennis-court 0
4391 1430 4416 1436 4402 1489 4376 1481 tennis-court 0
5148 790 5181 790 5181 824 5148 824 storage-tank 0
1379 1069 1355 1067 1359 1036 1384 1039 helicopter 0
