imagesource:GoogleEarth
gsd:0.141262920557
989 1135 988 1151 900 1150 900 1133 large-vehicle 0
376 841 377 823 464 830 463 847 large-vehicle 0
361 1005 362 987 449 991 448 1009 large-vehicle 0
364 978 365 961 452 965 451 982 large-vehicle 0
366 950 367 931 454 936 453 954 large-vehicle 0
368 924 369 907 455 910 454 927 large-vehicle 0
372 897 373 878 459 882 459 899 large-vehicle 0
373 869 374 851 462 855 461 872 large-vehicle 0
378 816 378 799 464 802 464 820 large-vehicle 0
360 1061 360 1043 448 1046 447 1065 large-vehicle 0
379 788 380 770 467 773 467 791 large-vehicle 0
381 761 381 743 468 747 467 764 large-vehicle 0
377 734 380 716 467 725 466 742 large-vehicle 0
384 683 384 664 471 667 470 684 large-vehicle 0
386 655 388 636 476 641 474 658 large-vehicle 0
389 603 391 584 478 589 477 606 large-vehicle 0
366 1032 367 1013 454 1017 453 1035 large-vehicle 0
734 1000 735 1018 649 1026 648 1006 large-vehicle 0
1122 1045 1120 1060 1080 1058 1080 1043 small-vehicle 0
757 323 756 342 678 337 680 318 large-vehicle 0
747 512 747 530 677 529 677 512 large-vehicle 0
748 457 747 475 679 474 679 457 large-vehicle 0
757 433 757 450 678 449 678 431 large-vehicle 0
758 408 757 424 678 423 678 406 large-vehicle 0
752 378 752 395 673 394 673 376 large-vehicle 0
760 351 759 370 681 364 682 346 large-vehicle 0
746 623 745 640 677 639 677 620 large-vehicle 0
740 962 738 980 653 978 655 960 large-vehicle 0
744 649 744 667 676 666 676 648 large-vehicle 0
742 676 740 695 672 691 673 673 large-vehicle 0
742 700 741 717 671 717 672 698 large-vehicle 0
742 731 740 747 670 742 673 725 large-vehicle 0
741 755 740 772 671 768 672 751 large-vehicle 0
738 782 738 800 668 797 668 780 large-vehicle 0
388 575 389 557 476 560 476 577 large-vehicle 0
393 546 394 528 481 531 481 548 large-vehicle 0
392 493 393 474 481 479 478 496 large-vehicle 0
310 469 308 488 219 482 221 463 large-vehicle 0
298 710 298 729 209 725 209 706 large-vehicle 0
301 686 300 705 212 702 213 684 large-vehicle 0
302 657 301 677 213 671 214 652 large-vehicle 0
303 630 302 649 213 646 214 627 large-vehicle 0
305 575 304 592 215 589 216 572 large-vehicle 0
309 493 309 513 221 513 221 494 large-vehicle 0
313 440 313 459 223 457 224 440 large-vehicle 0
398 466 399 448 486 454 485 472 large-vehicle 0
314 413 313 432 225 428 225 409 large-vehicle 0
317 387 317 406 227 399 228 381 large-vehicle 0
318 359 316 377 227 375 228 357 large-vehicle 0
318 333 317 351 229 348 230 329 large-vehicle 0
322 306 321 325 233 320 233 303 large-vehicle 0
322 281 321 300 232 293 234 275 large-vehicle 0
298 735 297 754 207 749 209 731 large-vehicle 0
296 765 295 784 206 781 207 763 large-vehicle 0
295 794 294 812 205 806 206 787 large-vehicle 0
294 817 294 837 204 835 204 817 large-vehicle 0
292 845 291 865 202 861 203 842 large-vehicle 0
290 901 289 921 198 912 201 894 large-vehicle 0
288 927 287 945 198 940 198 923 large-vehicle 0
285 980 285 999 195 993 197 974 large-vehicle 0
280 1006 278 1025 195 1021 196 1002 large-vehicle 0
283 1032 282 1051 192 1047 193 1029 large-vehicle 0
283 1060 281 1079 192 1073 194 1055 large-vehicle 0
280 1087 280 1106 190 1101 191 1083 large-vehicle 0
289 1114 288 1132 197 1129 198 1111 large-vehicle 0
405 357 406 339 492 344 492 361 large-vehicle 0
404 384 404 366 491 368 491 386 large-vehicle 0
401 412 402 394 489 395 489 413 large-vehicle 0
401 440 401 422 488 424 487 442 large-vehicle 0
751 488 750 504 681 503 682 485 large-vehicle 0
748 539 747 557 678 555 679 536 large-vehicle 0
1003 341 1020 346 993 430 973 425 large-vehicle 0
1092 718 1092 704 1128 709 1128 721 small-vehicle 0
996 869 1011 869 1011 898 995 898 small-vehicle 0
956 865 971 866 971 897 954 896 small-vehicle 0
928 896 912 895 912 860 928 861 small-vehicle 0
1094 760 1094 743 1131 746 1130 763 small-vehicle 0
1094 799 1096 785 1127 788 1126 802 small-vehicle 0
1097 827 1098 813 1133 815 1133 829 small-vehicle 0
1163 503 1147 502 1149 467 1163 466 small-vehicle 0
547 968 546 985 458 982 459 965 large-vehicle 0
1158 558 1144 556 1146 521 1161 521 small-vehicle 0
1157 615 1142 614 1142 584 1155 584 small-vehicle 0
917 637 917 624 956 626 957 639 small-vehicle 0
786 698 768 698 768 661 783 658 small-vehicle 0
543 1049 542 1066 454 1065 454 1046 large-vehicle 0
544 1020 544 1037 456 1036 456 1019 large-vehicle 0
1018 869 1034 869 1033 901 1016 899 small-vehicle 0
1059 871 1076 872 1074 901 1057 901 small-vehicle 0
1079 872 1097 874 1096 905 1078 903 small-vehicle 0
1100 870 1116 871 1115 905 1099 903 small-vehicle 0
1137 176 1136 162 1170 162 1172 176 small-vehicle 0
1129 162 1131 177 1094 176 1094 163 small-vehicle 0
1003 164 1003 175 972 174 970 162 small-vehicle 0
965 114 964 126 930 123 928 111 small-vehicle 0
956 165 958 176 924 176 924 163 small-vehicle 0
911 162 911 173 875 172 873 160 small-vehicle 0
868 153 864 164 828 157 832 146 small-vehicle 0
791 153 788 166 746 161 748 147 small-vehicle 0
699 139 707 127 734 144 729 156 small-vehicle 0
635 28 650 33 633 67 620 62 small-vehicle 0
618 10 632 13 618 53 606 50 small-vehicle 0
701 118 689 125 673 102 684 94 small-vehicle 0
999 1049 997 1034 1035 1036 1035 1049 small-vehicle 0
545 994 544 1012 456 1005 458 987 large-vehicle 0
549 942 547 960 460 955 461 937 large-vehicle 0
1064 354 1078 364 1034 434 1018 422 large-vehicle 0
900 480 916 487 885 562 868 554 large-vehicle 0
587 429 586 446 499 444 499 427 large-vehicle 0
589 403 588 421 502 417 502 398 large-vehicle 0
592 372 591 389 504 386 504 368 large-vehicle 0
594 347 593 365 505 361 506 345 large-vehicle 0
989 946 990 964 901 963 901 945 large-vehicle 0
864 465 880 473 839 545 824 536 large-vehicle 0
931 480 947 488 913 563 896 553 large-vehicle 0
551 913 550 930 462 928 462 910 large-vehicle 0
964 481 979 490 940 562 923 552 large-vehicle 0
1010 484 1026 492 989 566 974 557 large-vehicle 0
1042 481 1058 489 1020 563 1004 554 large-vehicle 0
1092 492 1108 502 1066 573 1051 561 large-vehicle 0
850 345 864 355 826 419 812 411 large-vehicle 0
903 343 920 352 879 424 864 415 large-vehicle 0
585 458 584 475 497 467 498 449 large-vehicle 0
584 484 583 502 495 497 496 480 large-vehicle 0
575 510 573 529 486 522 487 503 large-vehicle 0
572 535 572 553 484 550 484 532 large-vehicle 0
572 563 572 580 483 578 483 560 large-vehicle 0
571 590 570 607 482 603 482 585 large-vehicle 0
569 618 568 635 481 630 481 613 large-vehicle 0
567 645 567 664 480 658 480 640 large-vehicle 0
565 673 564 691 476 684 477 666 large-vehicle 0
564 700 562 717 475 711 477 694 large-vehicle 0
565 725 564 742 476 739 477 722 large-vehicle 0
564 753 564 770 476 765 477 748 large-vehicle 0
561 780 560 797 472 793 474 776 large-vehicle 0
558 807 557 824 469 819 470 802 large-vehicle 0
556 832 555 849 467 848 468 830 large-vehicle 0
554 859 553 877 465 874 465 856 large-vehicle 0
553 888 552 906 463 900 465 881 large-vehicle 0
324 253 322 271 233 264 234 245 large-vehicle 0
