imagesource:GoogleEarth
gsd:0.285372044152
658 882 652 891 634 880 639 870 large-vehicle 0
535 881 540 892 520 900 514 892 large-vehicle 0
82 75 116 75 116 97 82 97 swimming-pool 0
981 780 979 876 878 871 880 771 baseball-diamond 0
1124 713 1131 602 1214 609 1212 726 baseball-diamond 0
988 592 916 630 879 559 949 517 baseball-diamond 0
413 1184 407 1303 291 1292 299 1182 baseball-diamond 0
514 1201 620 1202 619 1304 513 1304 baseball-diamond 0
445 1005 321 1048 278 918 402 876 baseball-diamond 0
566 1088 568 998 658 1003 655 1089 baseball-diamond 0
663 579 645 681 542 666 555 561 baseball-diamond 0
534 355 552 210 696 226 681 374 baseball-diamond 0
949 305 1034 305 1034 382 949 382 storage-tank 0
