imagesource:GoogleEarth
gsd:0.282958472981
1754 1649 1801 1602 1851 1657 1800 1704 plane 0
834 2068 806 2040 827 2018 855 2048 plane 0
660 2769 692 2740 716 2769 685 2795 plane 0
730 2024 759 2050 741 2068 714 2043 plane 0
756 2054 788 2082 768 2103 739 2075 plane 0
788 2084 817 2109 799 2131 770 2107 plane 0
795 1962 823 1989 802 2011 775 1986 plane 0
823 1992 853 2020 833 2041 804 2013 plane 0
855 2022 883 2050 862 2072 836 2045 plane 0
890 1983 856 1955 877 1931 910 1959 plane 0
951 2039 920 2014 939 1991 968 2019 plane 0
678 2084 708 2109 691 2129 661 2101 plane 0
1614 1845 1644 1819 1665 1843 1636 1872 plane 0
806 2037 777 2009 797 1990 824 2018 plane 0
1453 1808 1432 1829 1412 1809 1435 1787 plane 0
1519 1750 1494 1777 1468 1750 1493 1724 plane 0
1548 1714 1523 1742 1502 1722 1526 1695 plane 0
1578 1683 1550 1714 1525 1692 1556 1662 plane 0
1554 1633 1533 1656 1515 1637 1535 1615 plane 0
1101 1524 1161 1483 1199 1543 1143 1584 plane 0
1636 1483 1674 1444 1710 1485 1677 1518 plane 0
1320 1313 1354 1283 1391 1324 1355 1355 plane 0
735 2697 769 2668 791 2696 760 2724 plane 0
760 2646 797 2612 832 2654 795 2684 plane 0
813 2612 849 2576 879 2608 841 2642 plane 0
847 2456 786 2396 854 2327 911 2387 plane 0
739 1231 748 1239 689 1298 679 1288 large-vehicle 0
810 992 799 979 852 928 862 938 large-vehicle 0
1161 644 1152 634 1206 581 1215 591 large-vehicle 0
1813 138 1819 144 1761 203 1752 194 large-vehicle 0
1615 194 1603 185 1660 125 1671 133 large-vehicle 0
90 3148 96 3156 67 3186 58 3178 large-vehicle 0
102 3160 108 3167 82 3192 73 3185 large-vehicle 0
76 3135 82 3142 60 3162 53 3156 large-vehicle 0
301 369 384 289 464 372 384 453 baseball-diamond 0
181 487 263 568 177 648 102 566 baseball-diamond 0
116 3186 147 3221 107 3258 72 3223 plane 0
207 3294 129 3281 148 3208 218 3220 plane 0
211 3236 240 3209 257 3229 228 3256 plane 0
248 3203 274 3176 293 3196 266 3223 plane 0
457 2653 489 2685 464 2711 432 2679 plane 0
498 2681 541 2721 503 2760 460 2720 plane 0
504 2663 539 2634 564 2665 532 2691 plane 0
596 2674 546 2627 598 2574 649 2622 plane 0
544 2532 598 2482 648 2539 594 2585 plane 0
1232 1404 1270 1364 1308 1405 1267 1445 plane 0
1192 1447 1226 1411 1262 1449 1230 1484 plane 0
1163 1481 1197 1450 1231 1489 1194 1523 plane 0
2445 663 2475 693 2456 715 2423 685 plane 0
2574 506 2610 542 2578 576 2543 540 plane 0
2430 345 2455 371 2437 388 2412 365 plane 0
2448 361 2492 401 2454 444 2408 403 plane 0
2493 413 2539 456 2505 493 2460 452 plane 0
2448 495 2406 452 2446 418 2483 459 plane 0
2776 306 2748 334 2727 312 2758 283 plane 0
2743 338 2715 365 2695 342 2725 317 plane 0
2685 400 2650 436 2626 410 2660 375 plane 0
2359 396 2295 338 2352 281 2414 337 plane 0
2465 189 2502 225 2457 268 2420 229 plane 0
2413 147 2496 135 2508 219 2424 233 plane 0
2496 272 2464 241 2505 196 2539 226 plane 0
2538 308 2511 281 2541 247 2569 272 plane 0
2569 343 2540 310 2579 273 2610 305 plane 0
2892 588 2873 667 2772 641 2793 565 plane 0
2844 620 2848 552 2922 559 2916 626 plane 0
2885 572 2881 484 2968 490 2970 568 plane 0
2830 490 2842 416 2914 435 2901 501 plane 0
2985 3120 3002 3123 2985 3184 2972 3177 large-vehicle 0
2624 548 2663 583 2616 632 2580 599 plane 0
2409 624 2438 653 2418 676 2387 649 plane 0
1457 1104 1450 1147 1420 1142 1429 1098 plane 0
2370 580 2402 610 2378 635 2345 605 plane 0
1522 1134 1483 1124 1490 1098 1530 1111 plane 0
1519 1194 1555 1178 1564 1203 1530 1219 plane 0
1548 1178 1574 1152 1592 1170 1566 1195 plane 0
1798 988 1804 995 1778 1020 1771 1012 large-vehicle 0
1810 1001 1819 1009 1794 1037 1785 1029 large-vehicle 0
1761 1033 1768 1039 1746 1065 1737 1058 large-vehicle 0
1788 1059 1795 1066 1776 1088 1769 1081 large-vehicle 0
1906 1073 1979 1145 1899 1224 1830 1157 plane 0
1843 1023 1898 1072 1843 1131 1793 1083 plane 0
1733 1271 1669 1207 1737 1141 1797 1205 plane 0
1802 1376 1732 1299 1807 1227 1881 1303 plane 0
2040 936 2099 995 2023 1067 1967 1011 plane 0
2108 1006 2166 1071 2114 1117 2062 1066 plane 0
2183 815 2249 872 2183 946 2122 892 plane 0
2250 883 2304 930 2247 993 2196 945 plane 0
2304 709 2349 749 2310 794 2265 753 plane 0
1903 270 1893 261 1921 232 1930 241 large-vehicle 0
2251 470 2282 496 2260 520 2230 496 plane 0
2294 504 2325 530 2307 553 2275 524 plane 0
183 250 102 166 183 90 263 171 baseball-diamond 0
