imagesource:GoogleEarth
gsd:0.27312967427
59 735 63 745 45 753 39 746 small-vehicle 0
44 716 51 727 34 734 29 723 small-vehicle 0
893 581 858 594 847 567 881 553 plane 0
841 602 806 615 796 589 831 576 plane 0
787 627 751 638 742 610 778 598 plane 0
738 645 702 658 691 630 726 617 plane 0
690 664 650 679 637 650 677 633 plane 0
638 687 599 702 589 674 626 658 plane 0
586 709 547 723 536 694 576 681 plane 0
483 752 443 765 434 736 474 722 plane 0
389 749 352 762 341 736 379 721 plane 0
388 621 424 608 435 639 397 651 plane 0
755 577 741 539 766 529 780 566 plane 0
715 488 752 475 761 503 724 515 plane 0
808 451 845 438 854 463 819 478 plane 0
901 413 937 399 947 426 910 440 plane 0
854 329 822 346 808 320 842 303 plane 0
741 378 705 392 695 365 731 351 plane 0
692 399 656 411 646 385 682 371 plane 0
644 418 611 431 601 404 636 391 plane 0
552 455 516 468 507 442 542 428 plane 0
480 486 446 498 436 471 471 459 plane 0
445 339 417 353 405 327 433 314 plane 0
399 356 367 370 356 348 390 332 plane 0
359 378 318 395 307 364 350 348 plane 0
310 397 274 412 263 385 301 370 plane 0
217 274 201 232 228 222 244 265 plane 0
199 223 185 190 210 178 225 213 plane 0
161 134 146 100 172 88 188 124 plane 0
941 559 908 574 895 548 930 531 plane 0
995 540 961 556 947 527 981 511 plane 0
1071 777 1085 813 1059 823 1045 786 plane 0
191 572 186 563 204 555 208 565 small-vehicle 0
118 758 123 769 103 777 97 767 small-vehicle 0
111 738 116 748 99 755 92 746 small-vehicle 0
135 740 139 751 122 758 118 747 small-vehicle 0
132 731 135 739 120 746 114 737 small-vehicle 0
310 775 298 777 291 759 302 753 large-vehicle 0
186 731 192 743 171 752 165 741 small-vehicle 0
129 710 130 718 109 728 102 717 small-vehicle 0
36 687 40 696 21 705 17 693 small-vehicle 0
92 649 95 662 69 672 63 661 large-vehicle 0
141 618 145 627 127 634 123 626 small-vehicle 0
215 588 218 598 202 605 197 597 small-vehicle 0
206 567 209 577 195 585 189 575 small-vehicle 0
146 552 160 547 166 566 154 571 small-vehicle 0
344 226 329 232 317 206 329 201 large-vehicle 0
138 556 144 552 154 569 141 573 small-vehicle 0
127 559 136 555 143 574 134 577 small-vehicle 0
111 567 119 562 131 582 122 587 small-vehicle 0
101 574 109 568 117 586 106 591 small-vehicle 0
78 579 88 576 92 591 84 594 small-vehicle 0
68 583 76 578 83 597 76 601 small-vehicle 0
65 572 66 581 50 587 46 579 small-vehicle 0
61 559 64 569 44 576 40 567 small-vehicle 0
41 518 44 527 30 533 26 523 small-vehicle 0
38 507 44 517 28 523 23 515 small-vehicle 0
34 496 37 505 21 511 19 501 small-vehicle 0
318 236 308 241 295 211 305 209 large-vehicle 0
125 32 114 6 135 1 145 25 plane 0
