imagesource:GoogleEarth
gsd:0.270569072061
2432 435 2391 430 2394 397 2436 403 plane 0
2940 778 2939 788 2906 783 2908 773 large-vehicle 0
3011 480 3032 485 3023 527 3003 522 helicopter 0
3718 511 3700 549 3674 536 3691 496 plane 0
2628 578 2630 540 2660 542 2657 581 plane 0
2619 624 2623 582 2652 583 2650 627 plane 0
2607 589 2607 633 2578 633 2578 588 plane 0
2727 544 2733 589 2704 593 2698 549 plane 0
2728 626 2751 627 2749 658 2727 657 helicopter 0
2820 653 2860 650 2861 679 2821 681 plane 0
2862 650 2907 654 2903 686 2858 681 plane 0
2905 658 2941 659 2941 687 2906 686 plane 0
2954 658 2992 662 2990 694 2951 691 plane 0
2938 801 2937 810 2905 806 2908 796 large-vehicle 0
2564 452 2523 444 2529 412 2571 420 plane 0
3049 654 3043 691 3017 687 3022 649 plane 0
3045 695 3038 733 3009 729 3016 691 plane 0
3034 740 3027 775 3001 770 3008 733 plane 0
3028 781 3023 818 2993 814 2998 776 plane 0
3358 637 3345 709 3269 697 3284 623 plane 0
3496 758 3503 717 3541 724 3533 766 plane 0
3510 660 3541 638 3557 660 3526 683 plane 0
3541 632 3572 610 3590 637 3559 659 plane 0
3603 614 3644 622 3638 652 3596 644 plane 0
3648 621 3691 628 3686 655 3644 648 plane 0
3694 627 3735 633 3731 665 3689 657 plane 0
2903 469 2926 473 2918 515 2893 509 helicopter 0
2520 445 2479 438 2482 409 2524 416 plane 0
2422 373 2464 380 2457 412 2417 404 plane 0
1891 298 1933 304 1929 335 1886 328 plane 0
1306 215 1355 221 1350 260 1300 252 plane 0
1294 252 1332 256 1328 285 1291 281 plane 0
1394 222 1444 234 1437 272 1385 260 plane 0
1500 292 1458 285 1461 255 1505 261 plane 0
1637 317 1588 312 1593 276 1641 282 plane 0
1680 320 1642 312 1648 284 1686 291 plane 0
1758 272 1799 279 1796 308 1754 301 plane 0
1769 334 1727 327 1732 297 1774 304 plane 0
1856 347 1819 341 1823 312 1861 319 plane 0
1847 290 1889 296 1885 324 1844 320 plane 0
1901 359 1859 352 1864 319 1907 327 plane 0
1934 304 1975 312 1970 342 1929 336 plane 0
2389 429 2343 423 2346 388 2393 393 plane 0
1981 307 2025 314 2020 344 1978 337 plane 0
1989 366 1954 360 1958 333 1994 338 plane 0
1945 364 1909 357 1913 330 1948 334 plane 0
1536 370 1584 378 1578 416 1529 408 plane 0
1633 392 1679 397 1676 426 1631 420 plane 0
1827 419 1866 426 1863 452 1823 446 plane 0
1874 424 1917 433 1911 464 1869 456 plane 0
1920 432 1966 439 1961 469 1917 462 plane 0
2364 551 2358 630 2250 618 2258 543 plane 0
2185 597 2238 600 2235 661 2184 660 plane 0
2328 360 2374 364 2371 395 2325 392 plane 0
3592 876 3633 848 3651 875 3613 905 plane 0
3639 843 3681 822 3699 856 3656 877 plane 0
3728 816 3758 856 3713 889 3681 850 plane 0
735 1237 779 1236 781 1273 737 1274 plane 0
413 861 380 885 362 858 396 835 plane 0
456 831 426 853 407 826 437 803 plane 0
537 868 574 905 526 950 489 915 plane 0
597 842 561 885 514 844 551 803 plane 0
586 761 584 716 619 715 620 760 plane 0
586 804 584 765 617 766 618 803 plane 0
724 1023 724 983 757 982 757 1025 plane 0
774 1170 732 1172 730 1133 773 1133 plane 0
743 1230 729 1193 758 1182 772 1219 plane 0
131 1216 125 1260 88 1255 93 1211 plane 0
723 786 726 750 756 752 754 789 plane 0
1348 231 1398 233 1396 271 1346 269 plane 0
3756 857 3796 905 3753 941 3713 893 plane 0
1445 228 1487 236 1482 265 1441 258 plane 0
1491 234 1532 242 1526 271 1485 264 plane 0
2789 490 2747 482 2753 449 2795 456 plane 0
2734 422 2771 426 2767 457 2729 453 plane 0
2745 477 2704 475 2707 447 2747 449 plane 0
2698 470 2657 466 2660 438 2702 442 plane 0
2645 409 2684 414 2681 442 2642 437 plane 0
2652 467 2613 462 2616 434 2656 439 plane 0
2603 406 2635 410 2630 438 2599 433 plane 0
2611 457 2568 451 2573 420 2615 426 plane 0
2510 392 2550 398 2546 425 2507 418 plane 0
372 888 370 928 337 928 337 887 plane 0
360 943 358 981 333 981 333 943 plane 0
348 1052 347 1095 318 1096 319 1052 plane 0
363 1107 365 1157 317 1160 315 1109 plane 0
3803 910 3833 951 3788 987 3756 945 plane 0
3840 951 3877 1001 3828 1039 3792 992 plane 0
3900 1042 3934 1078 3883 1124 3848 1088 plane 0
3986 1172 4018 1211 3987 1236 3955 1199 plane 0
4062 1256 4114 1306 4063 1362 4010 1314 plane 0
3177 1004 3086 1001 3089 926 3180 928 plane 0
2927 1004 2928 1042 2900 1043 2898 1004 plane 0
2891 1076 2889 1037 2922 1036 2924 1073 plane 0
2928 1073 2926 1108 2896 1104 2899 1069 plane 0
2888 1142 2884 1107 2917 1104 2919 1139 plane 0
2925 1141 2924 1179 2895 1177 2895 1140 plane 0
2892 1215 2890 1172 2923 1171 2924 1215 plane 0
2805 1198 2792 1158 2822 1147 2837 1187 plane 0
2469 1167 2438 1144 2456 1122 2486 1146 plane 0
2924 1275 2925 1316 2896 1314 2897 1274 plane 0
1622 1055 1580 1055 1580 1024 1622 1026 plane 0
127 1275 128 1318 89 1319 88 1275 plane 0
203 1246 181 1284 148 1265 171 1226 plane 0
299 1280 299 1324 261 1326 262 1279 plane 0
160 1187 111 1187 112 1151 160 1151 plane 0
214 1189 165 1188 167 1150 216 1153 plane 0
268 1186 222 1186 222 1147 268 1148 plane 0
321 1186 274 1185 277 1147 322 1149 plane 0
1272 232 1311 237 1307 263 1268 259 plane 0
