imagesource:GoogleEarth
gsd:0.288828009611
294 1069 530 1075 518 1429 291 1422 soccer-ball-field 0
297 1270 522 1275 518 1415 293 1409 soccer-ball-field 0
294 1084 528 1092 524 1255 293 1249 soccer-ball-field 0
611 1060 848 1067 840 1468 601 1464 soccer-ball-field 0
685 959 594 983 581 888 668 874 baseball-diamond 0
660 646 657 778 524 774 528 640 baseball-diamond 0
338 601 421 600 420 693 335 689 baseball-diamond 0
640 489 533 486 537 383 643 384 baseball-diamond 0
181 416 235 417 232 517 179 517 basketball-court 0
286 419 341 420 340 519 285 518 basketball-court 0
291 287 344 289 341 389 288 389 basketball-court 0
185 285 238 287 236 386 182 386 basketball-court 0
