imagesource:GoogleEarth
gsd:0.575231223352
942 542 918 500 964 482 986 523 baseball-diamond 0
12 679 295 679 295 814 12 814 ground-track-field 0
483 717 500 717 503 757 483 757 tennis-court 0
534 713 554 713 556 754 536 754 tennis-court 0
510 715 530 714 532 756 513 755 tennis-court 0
562 711 583 710 585 753 564 754 tennis-court 0
586 711 605 709 608 749 588 750 tennis-court 0
615 709 635 707 639 749 618 749 tennis-court 0
639 707 657 706 661 746 641 746 tennis-court 0
69 1001 99 999 102 1048 70 1050 basketball-court 0
104 999 134 997 137 1046 106 1048 basketball-court 0
811 957 848 952 856 1002 819 1006 basketball-court 0
697 427 840 436 854 740 718 740 ground-track-field 0
718 487 827 481 839 683 728 687 soccer-ball-field 1
806 370 762 305 833 267 869 336 baseball-diamond 0
951 739 971 738 974 778 951 780 basketball-court 1
976 738 995 736 997 776 979 776 basketball-court 1
459 719 478 717 480 759 459 759 tennis-court 0
