imagesource:GoogleEarth
gsd:0.532459760246
531 1067 530 1084 382 1078 382 1065 harbor 0
394 983 396 996 358 1002 355 988 harbor 0
88 773 106 773 106 784 88 784 swimming-pool 0
9 785 24 785 24 796 9 796 swimming-pool 0
167 756 188 756 188 772 167 772 swimming-pool 0
55 602 69 602 69 629 55 629 swimming-pool 0
174 424 189 424 189 445 174 445 swimming-pool 0
104 332 115 326 128 345 117 354 swimming-pool 0
86 340 96 334 107 350 97 354 swimming-pool 0
413 796 411 787 447 782 448 791 large-vehicle 0
3060 478 3059 472 3095 467 3096 474 large-vehicle 0
1824 625 3126 448 3131 471 1826 648 bridge 0
2507 574 3131 477 3139 517 2511 609 bridge 0
1856 649 2503 573 2509 613 1862 685 bridge 0
261 803 523 765 525 787 262 823 bridge 0
256 840 528 805 531 824 260 862 bridge 0
493 334 492 350 414 347 414 330 harbor 0
527 382 531 407 455 422 449 395 harbor 0
473 563 472 566 414 559 415 553 harbor 0
445 626 444 630 363 621 364 618 harbor 0
406 644 405 663 349 662 349 642 harbor 0
416 720 416 738 367 741 367 721 harbor 0
400 921 400 934 377 935 377 922 harbor 0
56 663 67 663 67 684 56 684 swimming-pool 0
