imagesource:GoogleEarth
gsd:0.284819796196
2870 554 2878 550 2889 578 2879 582 ship 0
1509 1002 1524 1003 1520 1036 1506 1033 ship 0
1473 989 1489 990 1486 1030 1469 1029 ship 1
1458 994 1470 995 1468 1028 1454 1026 ship 1
1455 1025 1441 1025 1439 989 1455 988 ship 0
1417 1020 1405 1019 1410 986 1423 986 ship 0
1394 984 1406 986 1402 1018 1388 1015 ship 0
1373 980 1386 982 1384 1022 1368 1020 ship 0
1366 1015 1354 1015 1353 978 1366 977 ship 0
1338 969 1353 970 1349 1013 1331 1009 ship 0
1309 968 1324 970 1318 1009 1302 1006 ship 0
1283 969 1298 969 1300 1008 1285 1009 ship 0
1265 966 1279 966 1284 1007 1267 1009 ship 0
1236 1014 1226 1016 1221 987 1233 984 ship 0
1177 1018 1166 1019 1163 984 1174 984 ship 0
1144 981 1159 980 1162 1027 1146 1028 ship 0
1137 1025 1126 1030 1112 997 1123 992 ship 0
1096 992 1110 989 1121 1033 1105 1037 ship 0
1099 1032 1088 1035 1076 997 1086 993 ship 0
1069 1009 1080 1009 1084 1038 1072 1038 ship 0
1070 1041 1048 1041 1046 1003 1070 1003 ship 0
1881 1167 1892 1168 1889 1198 1876 1197 ship 0
1900 1169 1909 1169 1910 1197 1900 1198 ship 0
1696 1102 1686 1097 1696 1069 1705 1072 ship 0
1700 1024 1712 1023 1711 1056 1698 1055 ship 0
1738 1028 1749 1028 1748 1064 1737 1062 ship 1
1755 1026 1769 1025 1769 1066 1755 1066 ship 0
1773 1029 1785 1028 1788 1065 1777 1067 ship 0
1802 1067 1791 1066 1791 1033 1804 1033 ship 1
1494 993 1506 995 1504 1034 1489 1033 ship 0
1538 1007 1553 1009 1550 1039 1535 1036 ship 1
1825 1034 1837 1035 1836 1070 1822 1069 ship 0
1556 997 1579 997 1578 1038 1555 1040 ship 0
438 1248 461 1247 467 1313 442 1315 ship 0
433 1317 412 1317 414 1264 432 1265 ship 1
356 1278 377 1279 378 1328 356 1328 ship 1
328 1282 345 1282 347 1327 329 1327 ship 0
323 1232 331 1244 277 1279 269 1266 ship 0
313 1213 316 1228 267 1236 266 1219 ship 0
308 1181 309 1201 264 1203 263 1184 ship 1
323 1140 325 1162 262 1166 262 1144 ship 0
1074 1095 1061 1097 1057 1061 1071 1059 ship 0
1106 1092 1092 1096 1085 1063 1099 1059 ship 0
1107 1050 1119 1048 1128 1086 1115 1089 ship 0
1170 1081 1157 1084 1148 1042 1162 1040 ship 0
1176 1040 1191 1038 1196 1072 1182 1074 ship 0
1218 1075 1205 1077 1196 1036 1211 1033 ship 0
1235 1069 1221 1074 1212 1036 1225 1031 ship 0
1262 1068 1249 1075 1230 1032 1244 1027 ship 0
1278 1065 1262 1064 1264 1023 1279 1024 ship 0
1330 1028 1344 1030 1340 1066 1326 1066 ship 0
1364 1058 1352 1059 1353 1030 1365 1030 ship 0
1396 1076 1380 1072 1388 1033 1405 1035 ship 0
1407 1035 1419 1039 1411 1074 1398 1070 ship 0
1437 1084 1419 1081 1427 1042 1443 1044 ship 0
1449 1041 1459 1044 1452 1070 1442 1066 ship 0
1468 1086 1450 1080 1459 1041 1477 1044 ship 0
1477 1046 1498 1048 1496 1084 1474 1081 ship 1
1510 1086 1497 1086 1498 1049 1510 1049 ship 0
1523 1084 1511 1082 1518 1046 1530 1049 ship 0
1817 1072 1806 1070 1809 1035 1821 1036 ship 0
1841 1033 1854 1033 1855 1074 1838 1073 ship 0
496 1248 514 1247 520 1301 498 1304 ship 0
1781 1082 1791 1085 1781 1118 1769 1112 ship 0
1752 1109 1742 1108 1742 1077 1755 1078 ship 0
1732 1111 1718 1108 1725 1073 1737 1075 ship 0
1710 1073 1721 1072 1721 1105 1710 1105 ship 0
2099 193 2092 194 2086 171 2096 168 ship 0
2109 186 2100 187 2099 167 2107 167 ship 0
2120 186 2110 187 2107 165 2117 163 ship 0
2130 184 2121 185 2118 162 2127 161 ship 0
2138 182 2130 183 2127 159 2136 158 ship 0
2150 184 2142 184 2141 161 2150 161 ship 0
2161 188 2152 188 2151 166 2160 164 ship 0
2171 186 2163 186 2161 161 2170 161 ship 0
2183 184 2174 185 2172 157 2181 157 ship 0
2226 175 2218 177 2212 150 2221 147 ship 0
2205 177 2194 180 2189 148 2200 146 ship 0
2234 169 2226 171 2222 146 2232 144 ship 0
2257 178 2248 179 2243 144 2255 143 ship 0
2258 153 2265 152 2266 171 2259 172 ship 1
2288 165 2279 166 2275 142 2285 140 ship 0
2311 167 2304 169 2295 140 2305 136 ship 0
2300 167 2292 168 2285 143 2295 140 ship 0
2351 151 2343 153 2337 131 2348 128 ship 1
2361 145 2353 147 2347 126 2357 123 ship 0
2372 147 2364 149 2358 128 2367 125 ship 0
2384 146 2375 149 2367 124 2378 120 ship 0
2395 147 2387 150 2379 123 2389 120 ship 0
2405 141 2396 144 2388 121 2398 117 ship 0
2417 142 2409 145 2399 119 2409 115 ship 0
1761 1122 1748 1117 1759 1077 1773 1079 ship 0
1806 1117 1794 1118 1789 1084 1801 1082 ship 0
1876 1046 1886 1045 1890 1080 1878 1081 ship 0
1809 1088 1818 1089 1813 1126 1801 1123 ship 0
1894 1055 1904 1054 1910 1080 1898 1084 ship 0
1920 1055 1929 1058 1927 1085 1916 1084 ship 0
1948 1080 1941 1082 1932 1057 1944 1053 ship 0
1956 1087 1945 1084 1951 1057 1961 1058 ship 1
1986 1062 1997 1063 1997 1091 1986 1091 ship 0
2014 1093 2005 1094 2000 1064 2009 1061 ship 0
2017 1062 2030 1061 2036 1094 2022 1096 ship 0
2051 1097 2043 1098 2040 1072 2049 1072 ship 0
2067 1102 2057 1101 2058 1072 2072 1073 ship 0
2082 1063 2096 1065 2088 1106 2073 1103 ship 0
2106 1104 2094 1105 2095 1074 2106 1072 ship 0
2109 1077 2121 1081 2113 1109 2102 1106 ship 1
2116 1151 2106 1152 2103 1122 2114 1120 ship 0
2092 1154 2080 1150 2089 1119 2101 1122 ship 0
2077 1150 2066 1148 2069 1117 2082 1117 ship 0
2050 1112 2062 1113 2058 1144 2045 1142 ship 0
2036 1111 2046 1113 2038 1143 2026 1138 ship 0
2015 1109 2025 1112 2018 1141 2005 1136 ship 0
2001 1152 1991 1148 2002 1110 2012 1113 ship 1
1984 1107 1992 1109 1985 1134 1974 1130 ship 0
1970 1135 1961 1133 1967 1100 1978 1102 ship 0
1911 1101 1923 1100 1925 1138 1909 1138 ship 0
1899 1124 1889 1126 1886 1098 1897 1096 ship 0
1875 1127 1864 1124 1873 1092 1885 1095 ship 0
1857 1128 1843 1125 1851 1087 1866 1090 ship 0
1837 1087 1846 1087 1846 1119 1836 1118 ship 0
1829 1123 1818 1121 1825 1087 1835 1088 ship 0
467 1251 488 1248 494 1307 472 1311 ship 0
831 1147 821 1146 821 1112 831 1113 ship 0
2854 547 2864 543 2877 582 2864 585 ship 0
1744 935 1726 928 1745 884 1760 890 ship 0
1833 937 1817 931 1825 896 1842 898 ship 1
1852 939 1837 934 1847 898 1861 900 ship 0
1874 949 1853 946 1862 899 1879 901 ship 0
1909 946 1895 942 1901 903 1917 905 ship 0
1922 928 1934 931 1930 968 1916 965 ship 0
1988 923 1998 926 1993 953 1980 951 ship 1
2004 942 2014 944 2011 969 2000 968 ship 1
2072 962 2057 959 2068 924 2084 926 ship 0
2110 934 2120 936 2113 965 2103 962 ship 0
2129 974 2113 968 2120 933 2140 936 ship 0
2154 980 2135 977 2141 937 2159 940 ship 0
2162 940 2173 941 2169 976 2156 975 ship 1
2181 987 2167 982 2178 940 2193 943 ship 0
2216 997 2198 996 2199 945 2217 946 ship 0
2227 952 2235 947 2247 971 2239 976 ship 1
2240 1013 2238 1021 2214 1018 2214 1008 ship 0
2212 1035 2214 1026 2240 1030 2239 1040 ship 0
2205 1045 2206 1035 2238 1041 2237 1051 ship 0
2203 1055 2204 1046 2232 1050 2231 1060 ship 0
2203 1061 2206 1055 2235 1062 2231 1072 ship 0
2205 1079 2205 1068 2234 1070 2232 1081 ship 0
2206 1083 2210 1076 2231 1086 2229 1093 ship 0
2198 1100 2200 1084 2231 1093 2228 1105 ship 0
2197 1112 2197 1102 2226 1104 2226 1114 ship 0
2201 1131 2203 1122 2229 1127 2228 1136 ship 0
2198 1143 2200 1132 2227 1137 2227 1146 ship 0
2202 1154 2206 1146 2229 1153 2224 1162 ship 1
1798 842 1810 843 1807 870 1795 869 ship 0
1712 935 1696 932 1700 882 1718 883 ship 0
2190 1182 2193 1173 2222 1181 2219 1192 ship 0
1696 925 1682 926 1681 880 1698 881 ship 0
1008 854 1009 862 973 868 971 858 ship 1
1032 888 1019 885 1024 850 1037 852 ship 1
1059 886 1045 887 1043 848 1057 847 ship 0
1076 885 1063 885 1064 848 1078 849 ship 0
1124 883 1110 884 1109 846 1123 844 ship 0
1129 840 1143 838 1148 875 1133 878 ship 0
1198 865 1183 865 1181 824 1197 822 ship 0
1219 858 1204 857 1205 820 1221 818 ship 0
1262 874 1246 869 1257 830 1271 834 ship 0
1282 877 1267 874 1272 838 1288 837 ship 0
1302 870 1289 866 1293 835 1305 837 ship 0
1320 870 1308 870 1310 837 1323 837 ship 0
1338 867 1322 862 1326 838 1342 841 ship 1
1401 813 1409 814 1409 844 1396 844 ship 0
1383 814 1393 816 1390 845 1378 844 ship 1
1424 850 1437 852 1431 890 1417 886 ship 1
1449 895 1434 891 1443 851 1458 855 ship 0
1466 891 1455 888 1465 856 1477 859 ship 0
1483 900 1472 896 1484 859 1496 862 ship 0
1503 900 1487 895 1500 858 1514 861 ship 1
1520 908 1506 902 1519 862 1534 867 ship 0
1538 906 1526 903 1538 863 1550 867 ship 0
1562 911 1547 909 1552 866 1567 868 ship 0
1596 908 1581 903 1592 867 1607 872 ship 0
1616 917 1598 912 1609 873 1628 878 ship 0
1661 915 1645 916 1648 877 1663 878 ship 0
1357 879 1339 877 1344 843 1361 845 ship 0
2195 1165 2196 1156 2221 1160 2220 1169 ship 0
2170 1190 2177 1185 2195 1208 2187 1213 ship 0
829 1104 815 1104 814 1061 829 1061 ship 0
1534 1193 1550 1188 1558 1230 1541 1236 ship 1
1496 1184 1512 1184 1513 1230 1494 1230 ship 0
1468 1173 1485 1173 1485 1225 1469 1225 ship 0
1455 1176 1469 1178 1467 1224 1448 1221 ship 0
1403 1167 1421 1169 1422 1221 1403 1218 ship 1
1382 1164 1401 1165 1401 1217 1382 1217 ship 0
1361 1162 1376 1162 1376 1213 1358 1214 ship 0
1345 1152 1362 1155 1353 1210 1335 1208 ship 0
1353 1122 1344 1120 1346 1098 1355 1099 ship 0
1334 1132 1324 1131 1325 1104 1336 1104 ship 0
1301 1159 1316 1158 1316 1208 1301 1207 ship 0
1252 1164 1264 1163 1274 1209 1258 1214 ship 1
1200 1184 1214 1180 1225 1218 1209 1222 ship 0
1142 1192 1157 1188 1176 1229 1159 1236 ship 0
1128 1205 1141 1202 1151 1239 1136 1243 ship 0
1098 1198 1117 1193 1129 1246 1111 1251 ship 0
1075 1206 1093 1203 1103 1251 1085 1256 ship 0
1052 1205 1071 1204 1081 1261 1062 1265 ship 0
1030 1223 1045 1221 1053 1269 1035 1271 ship 0
1004 1219 1022 1216 1029 1271 1009 1275 ship 0
977 1241 993 1245 983 1289 965 1285 ship 0
978 1188 979 1201 950 1205 950 1191 ship 0
979 1170 981 1181 948 1189 946 1175 ship 0
944 1168 942 1158 972 1154 973 1164 ship 0
968 1085 971 1096 940 1107 936 1093 ship 0
935 1086 933 1072 978 1068 978 1083 ship 0
960 1018 964 1032 925 1045 921 1029 ship 0
924 1020 917 1006 952 991 961 1003 ship 1
1518 1176 1540 1179 1535 1233 1513 1230 ship 0
1558 1183 1576 1183 1575 1240 1557 1238 ship 1
2160 1202 2168 1196 2184 1220 2174 1225 ship 0
1587 1182 1606 1183 1601 1238 1581 1236 ship 0
2172 1227 2166 1233 2152 1214 2157 1209 ship 0
2160 1232 2152 1236 2138 1214 2147 1209 ship 0
2127 1227 2132 1219 2152 1236 2147 1244 ship 0
2123 1238 2128 1234 2141 1249 2134 1255 ship 0
2131 1256 2125 1261 2112 1246 2119 1239 ship 0
2101 1246 2107 1242 2126 1262 2119 1268 ship 0
2110 1272 2099 1276 2088 1242 2098 1239 ship 0
2067 1258 2082 1260 2080 1299 2065 1298 ship 0
2050 1254 2065 1254 2064 1296 2049 1295 ship 0
2034 1259 2046 1260 2047 1294 2033 1294 ship 0
2015 1252 2030 1253 2029 1292 2015 1292 ship 0
1987 1255 1999 1256 1997 1289 1984 1288 ship 0
1969 1243 1984 1245 1980 1287 1964 1286 ship 0
1939 1241 1952 1242 1946 1282 1933 1281 ship 0
1921 1244 1934 1244 1932 1280 1918 1279 ship 0
1906 1239 1920 1242 1914 1280 1898 1277 ship 0
1899 1272 1889 1269 1893 1242 1905 1244 ship 0
1866 1234 1880 1233 1879 1273 1866 1271 ship 0
1855 1237 1866 1238 1865 1271 1853 1271 ship 0
1842 1232 1854 1233 1849 1272 1834 1270 ship 0
1796 1218 1809 1222 1800 1266 1785 1264 ship 0
1773 1219 1788 1222 1782 1264 1770 1261 ship 0
1739 1211 1757 1211 1754 1260 1736 1258 ship 0
1726 1208 1740 1212 1733 1253 1718 1249 ship 0
1707 1205 1725 1205 1718 1258 1701 1256 ship 0
1691 1210 1707 1211 1702 1252 1685 1250 ship 0
1628 1194 1646 1193 1644 1240 1625 1240 ship 1
2436 139 2427 141 2424 116 2433 115 ship 0
2446 135 2438 136 2433 113 2442 111 ship 0
2458 137 2449 138 2443 114 2452 112 ship 0
2205 498 2196 493 2213 465 2224 471 ship 0
1943 404 1943 416 1913 414 1915 402 ship 1
2005 415 2004 425 1977 422 1979 410 ship 0
1934 438 1937 427 1968 432 1967 444 ship 0
1933 476 1933 463 1964 466 1962 477 ship 0
1972 473 1974 455 2021 461 2019 479 ship 0
1970 493 1973 477 2016 482 2014 501 ship 0
2011 614 2021 615 2019 642 2007 641 ship 0
2005 669 1997 670 1994 645 2003 644 ship 1
2080 781 2080 772 2107 775 2106 786 ship 1
1665 367 1654 368 1648 338 1660 337 ship 0
1724 352 1716 352 1714 324 1725 324 ship 0
1747 358 1734 356 1737 324 1751 324 ship 0
1790 352 1780 351 1780 322 1793 322 ship 0
1811 349 1799 347 1801 325 1814 326 ship 0
1832 352 1823 352 1824 325 1835 327 ship 0
1126 556 1133 557 1132 571 1124 570 ship 1
1135 554 1139 554 1140 570 1134 570 ship 0
1145 552 1153 555 1144 572 1138 569 ship 0
1133 534 1140 534 1139 548 1132 547 ship 1
1143 529 1148 530 1147 547 1140 545 ship 0
1154 517 1162 518 1161 538 1153 538 ship 0
1217 512 1221 506 1245 522 1240 531 ship 0
1219 503 1222 496 1245 506 1242 514 ship 0
1217 490 1222 483 1247 494 1243 503 ship 0
1233 471 1232 462 1255 461 1256 469 ship 0
1232 461 1232 452 1254 451 1254 459 ship 1
1233 450 1232 442 1253 440 1254 448 ship 0
2196 446 2210 456 2184 491 2172 481 ship 0
2254 550 2254 537 2288 538 2289 551 ship 0
1226 418 1227 408 1254 409 1253 417 ship 0
2151 605 2140 603 2144 581 2154 583 ship 1
2361 470 2366 477 2353 488 2347 481 ship 0
2381 500 2387 509 2367 521 2361 510 ship 0
2386 522 2392 528 2378 542 2371 534 ship 0
2394 532 2399 536 2386 547 2382 540 ship 0
2411 545 2416 553 2393 566 2388 556 ship 0
2415 556 2419 563 2399 574 2395 566 ship 0
2424 563 2429 570 2407 585 2401 576 ship 0
2479 637 2489 632 2503 664 2493 668 ship 0
2495 639 2503 635 2515 662 2507 665 ship 0
2505 631 2515 627 2531 662 2517 667 ship 0
2520 626 2529 624 2539 655 2529 658 ship 0
2534 632 2541 628 2553 654 2542 657 ship 0
2547 623 2557 621 2561 644 2552 647 ship 0
2569 616 2578 613 2588 643 2577 645 ship 0
2582 612 2590 608 2599 636 2589 639 ship 0
2592 605 2601 601 2615 636 2604 639 ship 0
2605 604 2614 601 2628 633 2617 637 ship 0
2614 599 2625 594 2638 625 2627 629 ship 0
2682 583 2691 581 2699 613 2689 616 ship 0
2671 590 2681 588 2687 616 2675 618 ship 0
2641 596 2651 592 2663 624 2650 627 ship 0
2233 658 2245 659 2242 679 2230 678 ship 0
2250 645 2249 657 2226 654 2227 643 ship 0
2158 610 2158 600 2183 602 2183 612 ship 0
2160 597 2161 589 2186 592 2184 601 ship 0
2160 588 2160 579 2189 581 2190 592 ship 0
2162 579 2163 570 2188 572 2187 582 ship 0
1232 428 1231 419 1254 418 1254 428 ship 0
1227 406 1228 397 1252 399 1251 408 ship 0
2468 129 2460 133 2452 111 2461 108 ship 0
2790 272 2783 265 2803 248 2810 257 ship 0
2803 295 2795 288 2818 268 2827 275 ship 0
2806 304 2802 295 2828 281 2834 291 ship 0
2815 314 2812 305 2834 294 2836 305 ship 0
2833 335 2828 326 2858 311 2862 319 ship 0
2755 309 2764 320 2726 350 2715 337 ship 0
2730 370 2721 358 2763 329 2770 344 ship 0
2745 421 2736 410 2765 391 2772 403 ship 0
2762 447 2754 437 2784 415 2793 425 ship 0
2782 468 2774 459 2800 441 2807 450 ship 0
2844 372 2837 362 2866 347 2872 356 ship 0
2853 382 2847 376 2866 362 2871 368 ship 0
2860 393 2855 382 2886 369 2889 379 ship 0
2860 409 2855 397 2888 385 2890 395 ship 0
2872 443 2869 433 2894 426 2898 436 ship 0
2873 458 2870 448 2900 439 2901 449 ship 0
2890 480 2886 470 2909 461 2914 470 ship 0
2890 495 2887 484 2916 475 2919 486 ship 0
2898 504 2897 494 2926 489 2926 499 ship 0
2904 517 2901 507 2929 499 2933 509 ship 0
2949 516 2959 512 2975 556 2962 561 ship 0
2733 567 2741 567 2748 608 2737 609 ship 0
2746 574 2754 573 2762 607 2751 608 ship 0
2757 569 2766 567 2775 603 2763 604 ship 0
2794 567 2805 563 2817 599 2804 603 ship 0
2807 563 2815 559 2829 594 2817 596 ship 0
2819 559 2829 556 2841 589 2828 593 ship 0
2849 559 2857 558 2861 586 2852 587 ship 1
2793 282 2790 274 2815 255 2822 265 ship 0
2778 264 2774 250 2808 240 2810 251 ship 0
1230 395 1230 387 1254 388 1253 397 ship 0
2772 253 2766 244 2792 226 2797 234 ship 0
1226 386 1226 376 1252 375 1252 385 ship 0
1222 375 1222 367 1248 366 1249 374 ship 0
1222 364 1222 355 1250 353 1250 364 ship 0
1224 353 1223 345 1247 343 1248 352 ship 0
1218 343 1218 332 1250 329 1251 342 ship 0
1284 329 1285 338 1258 340 1257 332 ship 0
1293 342 1293 350 1261 352 1260 343 ship 0
1288 351 1288 359 1261 361 1260 353 ship 0
1296 362 1296 372 1262 374 1261 363 ship 0
1291 372 1291 384 1263 385 1262 375 ship 0
1296 388 1295 396 1267 395 1267 386 ship 0
1293 398 1294 405 1273 407 1271 399 ship 0
1300 421 1300 431 1263 432 1263 420 ship 0
1299 408 1298 420 1264 419 1264 408 ship 1
1284 434 1284 442 1266 442 1266 433 ship 0
1302 441 1304 453 1274 457 1271 443 ship 0
1300 456 1301 467 1264 469 1263 458 ship 1
1306 468 1306 478 1283 479 1283 468 ship 1
1197 511 1212 507 1220 537 1201 539 ship 1
2199 647 2200 656 2176 659 2175 648 ship 0
972 1385 973 1395 944 1399 943 1388 ship 0
2717 138 2712 128 2737 114 2743 123 ship 0
2727 174 2721 165 2748 153 2751 163 ship 0
2735 186 2730 177 2751 163 2756 174 ship 1
2750 206 2743 196 2767 182 2773 193 ship 0
2756 218 2748 209 2775 190 2782 200 ship 0
2770 238 2763 230 2787 213 2793 223 ship 0
2351 469 2355 474 2342 486 2336 478 ship 1
2337 457 2342 463 2329 475 2323 468 ship 1
2331 450 2336 456 2323 468 2318 460 ship 1
2502 211 2508 218 2482 235 2476 226 ship 0
2518 229 2523 237 2495 255 2489 246 ship 0
2534 265 2540 275 2518 289 2512 280 ship 1
2524 240 2530 249 2503 271 2495 258 ship 0
2556 282 2563 291 2535 310 2527 299 ship 0
2583 312 2588 321 2562 336 2556 325 ship 1
2589 324 2593 333 2567 350 2561 339 ship 0
2511 333 2505 326 2526 310 2532 318 ship 0
2515 345 2509 336 2534 320 2541 327 ship 0
2524 350 2519 342 2540 328 2546 337 ship 0
2531 371 2525 362 2549 350 2554 358 ship 0
2541 379 2535 371 2554 358 2559 367 ship 0
2561 411 2555 403 2575 389 2580 397 ship 0
2575 434 2570 425 2592 413 2597 421 ship 0
2579 444 2575 435 2598 422 2602 430 ship 0
2583 455 2578 446 2605 430 2612 438 ship 0
2591 466 2586 459 2608 442 2615 450 ship 0
2597 478 2591 471 2613 454 2618 461 ship 0
2606 488 2600 480 2622 463 2629 472 ship 0
2461 252 2456 244 2473 233 2478 240 ship 1
2466 261 2461 254 2478 242 2483 249 ship 0
2471 270 2467 263 2483 251 2489 259 ship 0
2478 278 2472 270 2490 259 2495 268 ship 0
2484 288 2479 281 2496 268 2502 276 ship 0
2493 296 2488 290 2503 279 2507 286 ship 1
2605 504 2599 494 2628 474 2634 485 ship 0
2596 334 2601 342 2574 362 2568 351 ship 0
2599 347 2605 356 2579 371 2575 361 ship 0
2510 220 2516 229 2490 244 2485 234 ship 0
2688 372 2680 362 2707 342 2715 351 ship 0
2292 405 2298 413 2280 428 2272 420 ship 0
2700 321 2707 331 2675 358 2664 344 ship 0
2478 129 2469 130 2464 106 2474 104 ship 0
2499 124 2490 127 2481 102 2491 98 ship 0
2509 125 2500 126 2495 101 2506 99 ship 0
2522 121 2511 124 2505 100 2516 96 ship 0
2550 111 2543 95 2612 73 2618 94 ship 1
2541 132 2536 123 2568 111 2572 121 ship 0
2627 105 2632 116 2596 134 2589 119 ship 0
2590 167 2583 156 2641 124 2647 134 ship 0
2578 130 2584 141 2546 159 2537 144 ship 0
2556 174 2551 166 2575 150 2580 160 ship 0
2601 156 2611 170 2554 203 2543 187 ship 1
2495 189 2502 199 2472 217 2467 206 ship 0
2645 145 2651 156 2616 174 2609 163 ship 1
2651 160 2657 167 2631 186 2625 176 ship 0
2665 171 2674 182 2643 205 2633 194 ship 0
2675 193 2684 202 2654 226 2644 213 ship 0
2620 171 2627 184 2578 214 2569 199 ship 0
2641 209 2650 221 2608 248 2598 236 ship 0
2619 273 2609 260 2646 232 2655 246 ship 0
2655 250 2648 239 2688 212 2697 227 ship 0
2668 270 2660 257 2703 230 2712 244 ship 0
2633 285 2623 275 2653 255 2661 267 ship 0
2706 256 2712 268 2682 285 2677 273 ship 0
2642 303 2634 294 2667 271 2673 281 ship 0
2649 322 2641 312 2675 289 2681 300 ship 0
2716 271 2723 280 2687 305 2678 295 ship 0
2688 302 2697 315 2664 340 2655 325 ship 0
2615 369 2620 377 2596 391 2591 380 ship 0
2619 379 2626 388 2596 411 2588 399 ship 0
2075 258 2085 260 2079 294 2068 292 ship 0
2090 262 2098 265 2089 293 2079 289 ship 0
2454 390 2459 397 2440 412 2433 403 ship 0
2460 397 2467 406 2449 421 2441 412 ship 0
2473 413 2481 421 2457 439 2451 429 ship 0
2490 443 2495 449 2477 461 2472 452 ship 0
2483 420 2489 427 2465 446 2460 438 ship 0
2500 450 2505 457 2482 471 2477 461 ship 0
2504 459 2508 468 2484 479 2480 470 ship 0
2536 512 2541 520 2517 535 2512 526 ship 0
2529 501 2535 508 2510 526 2505 518 ship 0
2495 572 2491 563 2519 547 2523 557 ship 0
2472 539 2466 530 2496 514 2501 525 ship 0
2465 528 2461 521 2488 504 2494 514 ship 0
2461 515 2456 507 2483 490 2488 500 ship 1
2455 505 2449 495 2475 481 2480 491 ship 0
2447 495 2442 485 2468 472 2473 482 ship 0
2442 480 2438 472 2458 459 2465 470 ship 0
2426 461 2421 451 2446 436 2452 446 ship 0
2433 474 2426 465 2452 447 2457 457 ship 0
2423 450 2417 443 2436 427 2444 435 ship 0
2411 441 2405 434 2430 416 2437 426 ship 0
2401 432 2396 423 2422 407 2429 414 ship 0
2399 418 2392 410 2414 394 2421 402 ship 0
2226 344 2234 350 2219 374 2210 368 ship 0
2244 358 2251 363 2234 387 2226 380 ship 0
2249 369 2257 374 2242 395 2235 389 ship 0
2274 373 2282 381 2261 405 2252 397 ship 0
2281 382 2289 388 2269 412 2262 405 ship 0
2448 381 2453 388 2429 404 2425 395 ship 0
2444 371 2448 379 2427 391 2423 383 ship 0
2443 358 2449 367 2426 380 2420 371 ship 0
2362 225 2368 233 2348 248 2342 240 ship 0
2096 272 2106 276 2098 298 2089 294 ship 0
2107 274 2117 277 2107 304 2097 299 ship 0
2116 280 2125 283 2117 309 2107 305 ship 1
2127 284 2136 288 2128 310 2118 306 ship 0
2137 289 2147 292 2138 317 2129 312 ship 0
2189 287 2185 297 2163 286 2168 274 ship 0
2195 266 2190 276 2170 264 2176 253 ship 0
2206 261 2201 270 2174 253 2178 245 ship 0
2211 251 2207 260 2180 246 2184 237 ship 0
2322 218 2325 231 2279 247 2274 234 ship 0
2287 260 2282 248 2323 233 2327 243 ship 0
2356 214 2362 221 2338 241 2333 232 ship 0
2369 245 2376 253 2356 267 2349 256 ship 1
2424 339 2430 347 2408 364 2401 354 ship 0
2333 307 2327 298 2357 278 2364 286 ship 0
2318 296 2310 280 2348 260 2356 275 ship 0
2392 282 2397 289 2373 305 2372 293 ship 0
2402 290 2406 297 2385 311 2380 302 ship 0
2404 300 2408 308 2390 320 2385 311 ship 0
2353 347 2347 335 2380 315 2387 327 ship 0
2407 310 2411 318 2393 330 2389 321 ship 0
2415 331 2420 337 2402 348 2397 341 ship 1
2364 355 2359 348 2381 335 2386 343 ship 0
2371 369 2365 361 2392 342 2398 352 ship 0
2377 386 2371 378 2395 362 2401 370 ship 0
2383 401 2377 392 2401 373 2407 382 ship 0
945 864 947 883 870 892 866 872 ship 1
