imagesource:GoogleEarth
gsd:0.592672481612
1686 1514 1703 1517 1700 1531 1683 1526 plane 0
628 3568 605 3555 615 3537 638 3550 plane 0
589 3307 579 3322 564 3312 574 3296 plane 0
603 3286 590 3305 574 3294 588 3274 plane 0
620 3233 625 3259 606 3263 600 3238 plane 0
773 3216 778 3185 801 3189 797 3221 plane 0
1040 2692 1043 2669 1057 2672 1054 2695 plane 0
815 2641 828 2599 856 2611 842 2653 plane 0
852 2551 860 2528 877 2532 868 2557 plane 0
902 2523 919 2537 908 2550 891 2536 plane 0
942 2587 903 2575 916 2540 955 2551 plane 0
906 2577 861 2565 872 2518 919 2531 plane 0
526 3485 517 3513 492 3505 501 3477 plane 0
947 2547 988 2557 979 2599 936 2588 plane 0
880 2647 906 2604 942 2625 918 2668 plane 0
850 2622 868 2575 908 2592 888 2639 plane 0
897 2619 906 2575 970 2592 958 2637 plane 0
800 2685 815 2647 855 2660 840 2698 plane 0
572 3353 560 3386 529 3376 541 3341 plane 0
574 3409 557 3461 508 3446 525 3393 plane 0
748 2916 741 2948 711 2943 716 2911 plane 0
652 3044 666 2994 724 3013 708 3061 plane 0
740 2792 778 2798 772 2837 735 2830 plane 0
776 2796 827 2813 809 2866 758 2849 plane 0
1187 2264 1200 2236 1234 2251 1220 2279 plane 0
658 3569 629 3568 629 3545 659 3545 plane 0
877 3484 884 3456 905 3461 899 3488 plane 0
1670 1510 1685 1503 1690 1513 1674 1521 plane 1
916 3364 902 3384 886 3372 901 3353 plane 0
1656 1504 1670 1511 1663 1528 1649 1521 plane 0
1679 1501 1678 1481 1692 1481 1692 1501 plane 0
1659 1501 1661 1481 1674 1482 1672 1503 plane 0
1637 1494 1654 1504 1646 1521 1630 1512 plane 0
1621 1486 1639 1495 1631 1511 1614 1502 plane 0
1668 1456 1673 1483 1657 1488 1649 1463 plane 0
1648 1465 1656 1489 1634 1498 1626 1473 plane 0
1584 1853 1557 1838 1567 1821 1595 1838 plane 0
1566 1868 1561 1843 1580 1839 1584 1865 plane 0
1425 2005 1446 2004 1448 2020 1426 2021 plane 0
976 3121 992 3105 1003 3117 986 3133 plane 0
991 3050 983 3027 1000 3022 1007 3045 plane 0
974 3152 981 3128 995 3134 988 3156 plane 0
987 3214 964 3210 967 3194 989 3200 plane 0
1099 3126 1105 3146 1091 3150 1084 3131 plane 0
1096 3116 1095 3135 1079 3133 1080 3115 plane 0
1110 3177 1114 3204 1092 3207 1088 3180 plane 0
971 3388 945 3376 953 3357 980 3373 plane 0
1088 3498 1066 3495 1067 3481 1090 3485 plane 0
1071 3494 1048 3495 1048 3477 1071 3477 plane 0
1045 3509 1066 3511 1064 3527 1045 3525 plane 0
1056 3808 1035 3808 1032 3792 1056 3791 plane 0
1062 3636 1039 3633 1040 3615 1064 3617 plane 0
898 2862 924 2867 920 2893 894 2889 plane 0
