imagesource:GoogleEarth
gsd:0.295931120155
496 2013 542 1956 1038 2354 990 2411 harbor 0
830 1868 843 1878 811 1919 797 1907 ship 0
1129 1932 1116 1923 1144 1891 1153 1901 ship 0
1137 1961 1123 1948 1162 1900 1174 1912 ship 0
1162 1971 1148 1961 1182 1918 1196 1930 ship 0
1180 1986 1164 1974 1198 1932 1212 1945 ship 0
1192 2012 1178 2002 1220 1946 1234 1958 ship 0
778 1826 791 1835 758 1874 747 1866 ship 1
790 1836 801 1846 772 1886 758 1875 ship 1
808 1852 821 1862 790 1900 777 1890 ship 0
852 1879 864 1888 829 1933 816 1924 ship 0
1082 1916 1067 1905 1108 1854 1119 1864 ship 0
872 1891 887 1904 850 1954 835 1942 ship 0
685 1884 671 1874 700 1839 712 1850 ship 0
688 1928 669 1915 715 1861 730 1874 ship 0
723 1946 709 1934 748 1889 762 1900 ship 0
738 1966 723 1955 764 1906 778 1918 ship 0
776 1967 764 1958 790 1924 801 1932 ship 0
782 1996 766 1984 803 1941 816 1950 ship 0
801 2014 785 2001 826 1952 842 1964 ship 0
1097 1930 1084 1919 1125 1870 1136 1880 ship 0
1056 1909 1039 1894 1088 1839 1101 1851 ship 0
950 1966 965 1977 934 2018 918 2007 ship 0
1075 1735 1088 1744 1059 1780 1047 1771 ship 0
1225 1859 1240 1871 1205 1916 1192 1904 ship 0
1213 1839 1226 1850 1189 1901 1171 1888 ship 0
1190 1825 1205 1837 1168 1886 1153 1874 ship 0
1168 1814 1182 1823 1149 1870 1134 1858 ship 0
1146 1807 1158 1816 1134 1847 1122 1837 ship 0
1142 1771 1157 1781 1110 1841 1094 1827 ship 0
1099 1785 1112 1795 1090 1824 1079 1814 ship 0
1092 1752 1105 1760 1078 1796 1067 1786 ship 0
1013 1692 1027 1703 996 1742 980 1730 ship 0
1022 1862 1010 1852 1038 1818 1050 1829 ship 0
996 1672 1010 1683 974 1730 960 1720 ship 0
984 1652 998 1662 954 1714 941 1703 ship 0
873 1772 856 1757 905 1694 924 1708 ship 0
900 1785 884 1772 932 1713 948 1726 ship 0
925 1793 910 1782 950 1733 964 1743 ship 0
966 1817 952 1805 990 1760 1004 1772 ship 0
985 1827 972 1819 1004 1781 1015 1790 ship 0
1006 1847 991 1838 1018 1803 1032 1813 ship 0
826 2018 811 2007 847 1968 860 1977 ship 0
1014 2006 1028 2018 991 2066 974 2054 ship 0
1617 1188 1618 1167 1836 1172 1835 1194 harbor 0
105 2760 90 2765 79 2732 94 2726 ship 0
915 2275 929 2286 895 2327 881 2316 ship 0
936 2287 952 2297 917 2342 901 2330 ship 0
986 2334 997 2341 973 2374 961 2365 ship 0
992 2360 1001 2367 989 2385 980 2378 ship 0
37 3076 19 3081 7 3054 22 3047 ship 1
235 3046 216 3054 198 3008 217 3000 ship 0
392 2938 376 2948 355 2909 371 2898 ship 0
149 2924 133 2930 116 2889 134 2882 ship 0
162 2629 193 2623 201 2667 169 2674 ship 1
862 2230 874 2239 843 2279 830 2269 ship 0
588 1837 582 1845 559 1829 568 1819 ship 0
580 1853 573 1862 548 1843 556 1834 ship 0
537 1904 528 1917 499 1894 509 1882 ship 0
498 1977 488 1989 456 1965 467 1953 ship 0
488 1708 498 1716 478 1742 467 1733 ship 1
480 1694 489 1702 470 1729 461 1722 ship 1
465 1689 476 1696 457 1725 446 1718 ship 1
457 1675 467 1682 448 1711 438 1702 ship 1
892 2273 903 2281 880 2311 868 2302 ship 0
842 2216 855 2226 822 2266 809 2254 ship 0
1044 2048 1058 2058 1028 2097 1015 2089 ship 0
1288 2138 1268 2162 1220 2126 1241 2100 ship 1
1072 2074 1086 2083 1059 2120 1046 2110 ship 0
895 2060 882 2051 912 2016 923 2025 ship 0
900 2091 886 2082 926 2033 938 2044 ship 0
920 2121 901 2108 950 2049 967 2064 ship 0
938 2136 921 2123 969 2064 986 2079 ship 0
966 2136 950 2126 990 2082 1005 2092 ship 0
981 2166 962 2154 1009 2096 1025 2108 ship 0
1021 2174 1010 2166 1037 2124 1050 2134 ship 0
1160 2473 1175 2452 1224 2488 1208 2508 ship 0
820 2205 832 2214 807 2250 793 2240 ship 0
1154 2551 1168 2534 1220 2573 1206 2593 ship 0
1195 2599 1202 2589 1220 2604 1212 2613 ship 1
1167 2600 1178 2588 1210 2613 1201 2624 ship 1
1145 2626 1155 2611 1188 2638 1178 2653 ship 0
1100 2591 1112 2576 1151 2606 1138 2622 ship 0
797 2145 780 2133 820 2086 834 2096 ship 0
768 2147 780 2157 746 2199 733 2189 ship 0
788 2202 799 2208 781 2232 770 2223 ship 0
1270 1876 1287 1890 1244 1948 1228 1934 ship 0
1309 1754 1293 1740 1346 1681 1360 1692 ship 0
1328 1676 1336 1681 1321 1703 1312 1695 ship 0
1832 1868 1848 1870 1849 1907 1831 1908 ship 0
1792 1978 1770 1979 1769 1924 1790 1923 ship 0
1747 1981 1727 1980 1726 1924 1748 1924 ship 0
1722 1971 1703 1971 1705 1924 1723 1924 ship 0
1704 1972 1683 1971 1684 1923 1705 1922 ship 0
1677 1981 1659 1980 1658 1926 1676 1926 ship 0
1629 1971 1611 1972 1612 1925 1630 1924 ship 0
1583 1989 1560 1989 1562 1923 1584 1924 ship 0
1560 1982 1541 1982 1541 1924 1562 1923 ship 0
1809 1851 1830 1852 1829 1911 1808 1910 ship 0
1852 1969 1834 1967 1833 1925 1851 1924 ship 0
1779 1855 1797 1854 1796 1909 1778 1909 ship 0
1726 1838 1749 1838 1749 1912 1724 1911 ship 0
1699 1837 1723 1836 1722 1908 1698 1906 ship 0
1651 1846 1672 1845 1671 1905 1650 1905 ship 0
1622 1836 1646 1836 1645 1907 1622 1907 ship 0
1595 1836 1618 1836 1618 1907 1597 1906 ship 0
1572 1859 1590 1858 1589 1908 1571 1908 ship 0
1547 1852 1567 1851 1566 1909 1544 1908 ship 0
1830 1973 1812 1972 1810 1923 1833 1922 ship 0
1882 1974 1862 1974 1862 1927 1880 1927 ship 0
1286 1710 1268 1697 1309 1649 1325 1663 ship 0
2358 1319 2343 1323 2327 1284 2345 1278 ship 0
1375 2140 1374 2122 1493 2124 1493 2142 harbor 0
1433 1998 1438 1830 1888 1830 1890 1995 harbor 0
637 1902 742 1776 1122 2076 1016 2212 harbor 0
842 1764 961 1608 1321 1880 1203 2039 harbor 0
1009 1511 1136 1361 1477 1650 1349 1793 harbor 0
1125 1266 1254 1129 1610 1457 1479 1596 harbor 0
1388 1005 1374 1020 1260 905 1275 889 harbor 0
778 2656 827 2596 1004 2715 961 2774 roundabout 0
1844 2074 1871 2074 1872 2150 1847 2150 ship 0
1508 2086 1525 2086 1527 2148 1508 2148 ship 0
1771 2097 1791 2097 1790 2151 1772 2150 ship 0
1743 2081 1765 2081 1768 2150 1745 2149 ship 0
1690 2080 1710 2082 1709 2153 1688 2153 ship 0
1662 2100 1681 2101 1681 2150 1660 2150 ship 0
1613 2091 1631 2090 1634 2152 1613 2150 ship 0
1590 2091 1609 2092 1610 2150 1590 2148 ship 0
1562 2088 1582 2088 1582 2150 1561 2149 ship 0
1538 2086 1560 2087 1558 2148 1538 2148 ship 0
1486 1984 1468 1984 1468 1924 1486 1923 ship 0
1460 1950 1443 1950 1444 1891 1461 1892 ship 1
1749 1752 1748 1728 1851 1728 1851 1755 ship 0
1358 1626 1373 1635 1350 1666 1336 1655 ship 0
1467 1546 1450 1531 1493 1483 1508 1494 ship 0
1513 1500 1528 1511 1478 1574 1464 1561 ship 0
1128 1386 1142 1395 1099 1457 1084 1445 ship 0
1158 1438 1170 1448 1139 1487 1125 1475 ship 0
1218 1472 1235 1484 1198 1536 1181 1523 ship 0
1279 1532 1294 1543 1255 1589 1240 1576 ship 1
1321 1555 1336 1567 1296 1621 1280 1608 ship 0
1328 1591 1341 1600 1314 1634 1300 1624 ship 0
1384 1634 1395 1644 1366 1680 1354 1671 ship 0
1656 1746 1656 1723 1747 1723 1748 1749 ship 0
1424 1620 1438 1630 1390 1693 1375 1681 ship 0
1445 1641 1460 1652 1410 1718 1392 1705 ship 0
1044 1509 1035 1502 1071 1456 1081 1464 ship 1
1056 1520 1042 1510 1082 1466 1093 1475 ship 1
1091 1545 1078 1534 1115 1491 1129 1500 ship 0
1183 1629 1168 1620 1201 1582 1215 1595 ship 0
1195 1676 1175 1662 1226 1598 1243 1614 ship 0
1238 1651 1224 1640 1253 1603 1264 1613 ship 0
1435 1502 1420 1488 1456 1449 1470 1461 ship 0
1404 1494 1387 1481 1433 1433 1446 1444 ship 0
1358 1478 1341 1466 1392 1406 1408 1418 ship 0
1339 1449 1324 1435 1364 1396 1377 1408 ship 0
1660 1710 1660 1687 1755 1688 1755 1714 ship 0
1530 1752 1530 1722 1642 1724 1640 1754 ship 0
1753 1626 1753 1596 1846 1598 1845 1628 ship 0
1750 1586 1749 1560 1844 1559 1844 1585 ship 0
1700 1375 1700 1347 1816 1349 1817 1379 ship 0
1758 1331 1758 1310 1838 1313 1838 1334 ship 0
1677 1333 1677 1312 1748 1313 1747 1331 ship 0
1416 1311 1433 1324 1396 1370 1380 1356 ship 1
1443 1342 1455 1352 1425 1394 1412 1384 ship 0
1156 1271 1140 1258 1202 1192 1217 1207 ship 0
1172 1294 1159 1282 1199 1236 1214 1246 ship 0
1208 1336 1192 1324 1238 1271 1252 1282 ship 0
1564 1440 1580 1454 1537 1508 1519 1494 ship 0
1279 1372 1263 1359 1300 1320 1313 1329 ship 0
1298 1382 1285 1373 1317 1335 1329 1344 ship 0
1306 1418 1289 1405 1336 1352 1352 1364 ship 0
1337 1416 1325 1408 1358 1366 1369 1376 ship 0
392 1688 403 1679 428 1708 417 1717 ship 1
