imagesource:GoogleEarth
gsd:0.521405268176
1730 601 1795 550 1825 589 1755 640 soccer-ball-field 0
1634 724 1658 719 1666 764 1641 769 tennis-court 0
1157 578 1457 614 1408 1037 1105 977 ground-track-field 0
1198 636 1384 659 1343 985 1148 955 ground-track-field 0
1401 571 1663 400 1770 546 1489 721 ground-track-field 0
1461 565 1645 449 1721 559 1545 679 soccer-ball-field 0
707 1590 756 1579 788 1804 743 1804 bridge 0
1571 1276 1618 1286 1604 1344 1556 1336 soccer-ball-field 0
1273 1249 1392 1270 1375 1345 1254 1315 ground-track-field 0
1712 666 1736 660 1744 709 1722 713 tennis-court 0
1745 659 1768 655 1777 701 1755 706 tennis-court 0
1785 652 1810 648 1819 697 1794 701 tennis-court 0
1818 648 1842 642 1851 692 1828 696 tennis-court 0
1726 748 1750 741 1757 790 1736 793 tennis-court 0
1756 741 1788 736 1794 786 1768 790 tennis-court 0
1799 735 1826 730 1834 780 1808 781 tennis-court 0
1834 730 1857 726 1866 774 1842 778 tennis-court 0
1223 692 1352 709 1324 934 1189 904 soccer-ball-field 0
