imagesource:GoogleEarth
gsd:0.559911086741
1953 1848 1997 1852 1994 1880 1950 1878 basketball-court 0
1955 1810 2000 1813 1998 1838 1953 1837 basketball-court 0
1909 1850 1942 1853 1940 1869 1908 1870 basketball-court 0
1908 1814 1942 1814 1940 1830 1905 1830 basketball-court 0
1812 1850 1852 1850 1852 1870 1810 1870 basketball-court 0
1749 1845 1799 1845 1800 1873 1748 1873 basketball-court 0
1813 1812 1852 1810 1850 1829 1814 1830 basketball-court 0
1750 1807 1804 1807 1804 1834 1750 1834 basketball-court 0
