imagesource:GoogleEarth
gsd:0.273417040106
2674 1150 2804 1201 2744 1361 2608 1299 plane 0
3274 1324 3505 1314 3533 1556 3290 1566 plane 0
2967 1266 3099 1321 3044 1446 2911 1380 plane 0
3027 3055 3072 2942 3181 2989 3132 3101 plane 0
2979 3166 3017 3072 3125 3121 3082 3210 plane 0
2925 3285 2961 3196 3070 3239 3031 3334 plane 0
3604 3342 3552 3471 3412 3410 3466 3280 plane 0
1600 3704 1464 3651 1521 3523 1655 3569 plane 0
1336 3541 1194 3479 1249 3334 1389 3387 plane 0
919 3447 777 3386 834 3265 967 3310 plane 0
151 2567 294 2612 234 2765 85 2711 plane 0
1398 1972 1270 1920 1316 1802 1448 1856 plane 0
1691 2096 1566 2040 1614 1917 1746 1974 plane 0
2009 2677 2140 2731 2085 2867 1954 2802 plane 0
2260 34 2215 135 2082 71 2127 20 plane 1
3127 2803 3168 2689 3262 2725 3222 2840 plane 0
1760 3839 1626 3785 1667 3654 1811 3706 plane 0
4326 3963 4366 4072 4266 4114 4217 3994 plane 0
4170 2002 4127 2131 3965 2064 4012 1940 plane 0
1754 377 1525 461 1436 204 1665 132 plane 0
1637 654 1677 855 1473 875 1420 682 plane 0
3649 3467 3737 3496 3709 3608 3612 3572 plane 0
2049 878 2175 931 2131 1055 2010 1005 plane 0
2823 1210 2943 1255 2889 1407 2767 1362 plane 0
3083 2928 3110 2829 3235 2870 3200 2975 plane 0
946 396 1087 445 1040 583 885 525 plane 0
1899 825 2027 874 1978 1011 1841 951 plane 0
3547 3500 3508 3605 3386 3548 3430 3447 plane 0
2344 1007 2470 1067 2415 1194 2280 1126 plane 0
