imagesource:GoogleEarth
gsd:0.243530960115
3 799 192 982 27 1162 1 1136 soccer-ball-field 1
905 634 939 664 875 741 839 711 tennis-court 0
960 909 996 940 929 1016 892 984 tennis-court 0
813 781 852 812 785 888 749 856 tennis-court 0
757 731 794 763 728 839 692 806 tennis-court 0
829 1048 866 1080 801 1153 764 1123 tennis-court 0
771 998 806 1029 741 1105 706 1074 tennis-court 0
700 938 737 968 672 1045 634 1014 tennis-court 0
643 888 680 917 615 997 579 965 tennis-court 0
590 840 626 874 557 944 520 913 tennis-court 0
382 357 595 541 333 864 107 671 soccer-ball-field 0
