imagesource:GoogleEarth
gsd:0.232440653281
1131 1466 1128 1475 1110 1469 1113 1459 small-vehicle 0
1191 1550 1199 1547 1207 1566 1199 1570 small-vehicle 0
657 462 1046 604 959 846 569 710 soccer-ball-field 0
162 1024 181 1022 184 1040 163 1042 storage-tank 0
184 1029 202 1024 206 1048 186 1052 storage-tank 0
206 1036 227 1033 229 1053 209 1058 storage-tank 0
177 1049 199 1046 201 1066 179 1070 storage-tank 0
199 1054 219 1050 225 1071 205 1075 storage-tank 0
1280 515 1548 597 1429 983 1164 902 soccer-ball-field 0
1257 336 1631 441 1418 1161 1054 1038 ground-track-field 0
1014 1068 1060 1084 1028 1183 982 1169 tennis-court 1
1077 1090 1121 1104 1088 1204 1042 1189 tennis-court 0
1151 1115 1198 1132 1166 1231 1120 1215 tennis-court 0
1217 1136 1264 1153 1233 1252 1184 1236 tennis-court 0
957 1236 1001 1253 969 1348 923 1332 tennis-court 0
1018 1258 1064 1273 1032 1371 983 1355 tennis-court 0
1097 1283 1144 1298 1112 1397 1066 1383 tennis-court 0
1163 1304 1211 1319 1179 1420 1131 1404 tennis-court 0
1638 401 1697 402 1697 441 1639 438 tennis-court 1
809 1418 819 1413 845 1448 835 1454 large-vehicle 0
725 1349 729 1336 812 1361 808 1375 large-vehicle 0
1054 1482 1065 1486 1046 1552 1031 1547 large-vehicle 0
1178 1555 1188 1552 1194 1573 1186 1576 small-vehicle 0
274 477 552 568 406 1009 123 916 soccer-ball-field 0
