imagesource:GoogleEarth
gsd:0.243543577237
1266 670 1275 669 1278 689 1269 690 small-vehicle 1
210 1242 256 1238 268 1335 220 1341 tennis-court 0
571 611 960 551 1004 821 616 882 soccer-ball-field 0
545 1466 591 1460 605 1560 556 1565 tennis-court 0
473 1477 519 1471 531 1566 485 1571 tennis-court 0
375 1401 421 1396 431 1494 386 1500 tennis-court 0
306 1410 352 1405 362 1502 316 1508 tennis-court 0
236 1416 281 1411 292 1511 247 1516 tennis-court 0
273 1005 322 1000 332 1097 282 1103 tennis-court 0
282 1234 328 1229 339 1327 293 1333 tennis-court 0
114 1253 161 1248 173 1347 124 1350 tennis-court 0
1296 862 1307 860 1314 884 1304 887 small-vehicle 0
41 1261 88 1254 101 1355 53 1360 tennis-court 0
144 614 191 609 201 709 153 715 tennis-court 0
67 796 112 791 122 890 76 894 tennis-court 0
161 786 208 780 219 877 173 883 tennis-court 0
232 777 280 772 291 871 244 878 tennis-court 0
1241 2402 1263 2366 1637 2591 1611 2631 ship 0
79 2022 75 2041 12 2030 13 2013 ship 0
217 2477 229 2441 644 2577 633 2616 ship 0
879 1122 918 1096 978 1173 939 1201 tennis-court 0
941 1078 981 1050 1038 1129 1001 1157 tennis-court 0
1002 1033 1039 1006 1098 1085 1060 1113 tennis-court 0
1063 990 1100 960 1161 1041 1124 1070 tennis-court 1
1434 1223 1442 1219 1452 1237 1443 1242 small-vehicle 0
1488 1330 1496 1324 1507 1341 1498 1346 small-vehicle 0
1570 1437 1579 1432 1590 1450 1583 1454 small-vehicle 0
1519 1407 1525 1402 1537 1418 1529 1423 small-vehicle 0
1316 982 1325 978 1333 1001 1325 1005 small-vehicle 0
1257 563 1272 561 1275 594 1260 595 large-vehicle 0
877 398 922 391 936 486 891 494 tennis-court 0
801 408 847 401 861 499 817 505 tennis-court 0
778 247 824 240 837 338 791 344 tennis-court 0
754 97 800 90 816 188 770 195 tennis-court 0
161 40 427 1 492 418 220 460 soccer-ball-field 1
446 1001 481 998 490 1080 453 1083 swimming-pool 0
771 2242 779 2213 1041 2298 1031 2326 ship 0
1050 1579 1088 1551 1148 1629 1109 1655 tennis-court 0
997 1228 1035 1199 1095 1282 1056 1308 tennis-court 0
1057 1184 1097 1157 1154 1236 1117 1262 tennis-court 0
936 1271 974 1245 1030 1325 994 1351 tennis-court 0
675 2184 663 2228 252 2098 268 2053 ship 0
