imagesource:GoogleEarth
gsd:0.123795966503
1519 3082 1504 3085 1500 3051 1514 3049 small-vehicle 0
2148 4665 2162 4683 2136 4705 2123 4688 small-vehicle 1
2404 4687 2406 4707 2369 4708 2369 4690 small-vehicle 1
2407 4664 2425 4662 2429 4697 2412 4698 small-vehicle 1
2308 4622 2325 4616 2335 4652 2318 4657 small-vehicle 1
2330 4605 2347 4604 2353 4643 2336 4645 small-vehicle 1
2344 4591 2360 4582 2374 4621 2356 4627 small-vehicle 1
2365 4582 2382 4576 2393 4614 2376 4619 small-vehicle 1
2384 4571 2403 4565 2413 4604 2396 4610 small-vehicle 1
2403 4565 2421 4561 2429 4601 2413 4605 small-vehicle 1
2634 4481 2651 4485 2641 4519 2623 4514 small-vehicle 1
2683 4489 2683 4508 2647 4509 2645 4490 small-vehicle 1
2543 4469 2530 4482 2503 4453 2514 4440 small-vehicle 1
2555 4458 2541 4470 2518 4445 2534 4430 small-vehicle 1
2569 4444 2555 4458 2530 4429 2544 4415 small-vehicle 1
2585 4431 2571 4445 2548 4418 2560 4405 small-vehicle 1
2597 4415 2584 4430 2561 4406 2573 4393 small-vehicle 1
2608 4417 2620 4405 2647 4430 2636 4442 small-vehicle 1
2636 4418 2620 4404 2641 4378 2656 4387 small-vehicle 1
2649 4428 2635 4417 2657 4387 2673 4400 small-vehicle 1
2664 4441 2650 4429 2672 4403 2685 4414 small-vehicle 1
2690 4808 2698 4822 2669 4837 2663 4822 small-vehicle 1
2898 4704 2907 4692 2933 4716 2922 4729 small-vehicle 1
2878 4607 2861 4623 2831 4594 2844 4578 small-vehicle 1
2881 4609 2891 4599 2918 4626 2908 4639 small-vehicle 1
2850 4637 2860 4626 2886 4649 2873 4664 small-vehicle 1
2939 4664 2948 4651 2978 4680 2964 4692 small-vehicle 1
2922 4677 2932 4664 2962 4692 2951 4708 small-vehicle 1
2908 4693 2921 4679 2950 4706 2937 4721 small-vehicle 1
3357 4805 3345 4821 3312 4791 3327 4774 small-vehicle 1
2913 4824 2926 4840 2900 4861 2886 4848 small-vehicle 1
2213 4606 2226 4624 2201 4646 2188 4631 small-vehicle 1
2021 4744 2007 4728 2036 4701 2049 4715 small-vehicle 1
3221 4547 3237 4561 3214 4590 3198 4578 small-vehicle 1
1782 4652 1795 4638 1826 4665 1813 4681 small-vehicle 1
116 2466 107 2482 74 2460 84 2447 small-vehicle 1
330 2509 329 2493 365 2491 367 2508 small-vehicle 1
36 2542 34 2524 74 2522 75 2541 small-vehicle 1
152 4799 155 4818 117 4825 113 4806 small-vehicle 1
154 4798 151 4779 187 4770 191 4792 small-vehicle 1
303 4828 307 4847 266 4855 262 4837 small-vehicle 1
502 4778 510 4798 473 4808 468 4790 small-vehicle 1
562 4760 597 4747 604 4760 569 4777 small-vehicle 0
809 3684 804 3667 838 3661 843 3678 small-vehicle 1
896 3671 895 3653 934 3652 935 3668 small-vehicle 1
850 3678 847 3657 887 3653 890 3672 small-vehicle 1
1041 3657 1037 3639 1071 3634 1075 3652 small-vehicle 1
1121 3646 1119 3628 1161 3625 1163 3644 small-vehicle 1
1211 3638 1210 3620 1250 3617 1251 3635 small-vehicle 1
1275 3551 1289 3541 1307 3574 1292 3584 small-vehicle 1
1421 3610 1418 3592 1461 3585 1465 3602 small-vehicle 1
1466 3603 1460 3583 1494 3578 1497 3596 small-vehicle 1
1501 3595 1497 3577 1533 3571 1535 3587 small-vehicle 1
1618 3572 1613 3551 1650 3543 1657 3563 small-vehicle 1
1279 3734 1300 3734 1301 3770 1283 3771 small-vehicle 1
1067 4019 1061 4035 1032 4022 1036 4006 small-vehicle 1
1083 3985 1075 4002 1039 3989 1045 3972 small-vehicle 1
1090 3964 1082 3985 1047 3971 1053 3952 small-vehicle 1
1547 4410 1559 4398 1587 4427 1570 4441 small-vehicle 1
1606 4474 1619 4461 1646 4491 1635 4503 small-vehicle 1
1638 4506 1653 4492 1675 4519 1662 4530 small-vehicle 1
1675 4542 1688 4527 1713 4553 1700 4569 small-vehicle 1
1703 4571 1716 4558 1738 4582 1725 4593 small-vehicle 1
1726 4597 1742 4583 1766 4611 1754 4624 small-vehicle 1
3161 4631 3172 4645 3146 4668 3137 4655 small-vehicle 1
3320 3744 3329 3761 3292 3779 3284 3764 small-vehicle 1
1664 1072 1680 1065 1690 1094 1676 1100 small-vehicle 0
1503 758 1486 767 1471 732 1490 725 small-vehicle 0
1544 696 1558 688 1576 725 1563 731 small-vehicle 0
1560 687 1576 680 1594 716 1579 724 small-vehicle 0
1622 704 1605 711 1589 674 1605 667 small-vehicle 0
1640 698 1624 703 1613 672 1628 665 small-vehicle 0
1451 787 1468 779 1479 813 1467 821 small-vehicle 0
1471 781 1486 775 1499 811 1483 818 small-vehicle 0
1488 774 1505 767 1518 799 1503 808 small-vehicle 0
1506 766 1523 757 1539 795 1521 803 small-vehicle 0
1524 756 1541 748 1556 784 1538 793 small-vehicle 0
1544 748 1561 739 1576 775 1558 783 small-vehicle 0
1561 741 1579 735 1594 771 1578 779 small-vehicle 0
1580 734 1598 726 1611 760 1593 768 small-vehicle 0
1605 721 1624 712 1638 750 1619 759 small-vehicle 0
1625 709 1648 700 1658 737 1639 745 small-vehicle 0
1649 701 1664 695 1680 734 1659 740 small-vehicle 0
1666 695 1681 689 1697 725 1681 733 small-vehicle 0
1683 686 1699 680 1713 712 1701 719 small-vehicle 0
1705 679 1720 670 1734 706 1719 713 small-vehicle 0
1736 668 1752 660 1766 694 1752 703 small-vehicle 0
1756 661 1772 654 1784 683 1769 691 small-vehicle 0
1288 1000 1282 987 1311 970 1320 985 small-vehicle 0
1473 1156 1489 1149 1501 1181 1486 1189 small-vehicle 0
1491 1147 1505 1140 1518 1169 1504 1176 small-vehicle 0
1529 1137 1546 1131 1557 1163 1542 1168 small-vehicle 0
1545 1125 1559 1118 1570 1147 1558 1152 small-vehicle 0
1561 1119 1579 1114 1591 1150 1576 1156 small-vehicle 0
1579 1109 1594 1102 1605 1133 1591 1139 small-vehicle 0
1611 1095 1631 1086 1641 1120 1628 1127 small-vehicle 0
1633 1092 1646 1085 1659 1115 1647 1123 small-vehicle 0
1537 741 1523 750 1509 717 1523 709 small-vehicle 0
1453 735 1467 727 1481 760 1465 768 small-vehicle 0
3373 3733 3367 3720 3400 3701 3408 3714 small-vehicle 1
1463 773 1446 780 1434 746 1450 738 small-vehicle 0
3553 3134 3570 3126 3583 3161 3568 3166 small-vehicle 1
3603 3153 3587 3162 3571 3127 3587 3120 small-vehicle 1
3573 3271 3557 3280 3537 3244 3555 3234 small-vehicle 1
3591 3259 3573 3269 3557 3234 3574 3226 small-vehicle 1
3592 3211 3610 3203 3630 3233 3610 3242 small-vehicle 1
3621 3204 3637 3196 3652 3222 3636 3228 small-vehicle 1
2184 2987 2189 2972 2218 2986 2213 3000 small-vehicle 1
2208 2779 2208 2797 2167 2799 2164 2779 small-vehicle 1
2299 2770 2299 2787 2259 2790 2258 2772 small-vehicle 1
2437 2754 2437 2774 2401 2775 2401 2759 small-vehicle 1
2397 2759 2397 2775 2364 2780 2363 2760 small-vehicle 1
2488 2751 2486 2771 2450 2768 2452 2751 small-vehicle 1
2535 2746 2537 2765 2499 2770 2497 2752 small-vehicle 1
2586 2743 2585 2765 2544 2764 2542 2745 small-vehicle 1
2408 3041 2391 3042 2388 3004 2403 3001 small-vehicle 1
2054 621 2037 626 2028 595 2045 589 small-vehicle 0
1761 651 1743 658 1732 621 1747 614 small-vehicle 0
1740 658 1723 664 1711 626 1729 618 small-vehicle 0
1721 664 1705 671 1689 637 1706 629 small-vehicle 0
1699 676 1683 683 1673 649 1688 643 small-vehicle 0
1681 682 1664 689 1651 657 1667 651 small-vehicle 0
1661 691 1645 698 1631 658 1646 651 small-vehicle 0
1368 824 1384 815 1400 851 1383 859 small-vehicle 0
1391 811 1405 805 1419 836 1404 841 small-vehicle 0
1411 803 1428 796 1444 829 1427 838 small-vehicle 0
1431 795 1448 788 1461 821 1445 828 small-vehicle 0
1408 794 1391 801 1378 769 1394 763 small-vehicle 0
1428 789 1411 798 1394 758 1410 750 small-vehicle 0
1447 779 1429 787 1416 754 1431 745 small-vehicle 0
364 2404 381 2401 386 2439 369 2443 small-vehicle 1
510 2325 527 2316 544 2351 529 2363 small-vehicle 0
582 2336 568 2344 554 2313 567 2306 small-vehicle 1
1726 1908 1744 1903 1765 1952 1746 1960 large-vehicle 0
1756 1034 1773 1027 1790 1067 1773 1075 large-vehicle 0
1750 3651 1760 3665 1721 3691 1710 3675 large-vehicle 0
1993 1727 1972 1719 1997 1667 2017 1677 large-vehicle 0
1854 1389 1841 1367 1899 1338 1909 1359 large-vehicle 1
1820 542 1811 521 1885 490 1894 516 large-vehicle 0
1939 506 1926 484 2052 430 2061 452 large-vehicle 0
2065 3446 2053 3421 2165 3380 2173 3407 large-vehicle 0
2270 3265 2287 3272 2273 3307 2255 3300 large-vehicle 0
2169 3009 2179 2992 2210 3012 2203 3026 large-vehicle 0
2194 1283 2184 1306 2105 1274 2141 1261 large-vehicle 1
2238 1264 2228 1287 2150 1256 2169 1234 large-vehicle 1
2151 1303 2142 1324 2060 1296 2095 1281 large-vehicle 1
2263 1236 2254 1260 2168 1226 2198 1209 large-vehicle 1
2105 552 2097 537 2137 519 2144 535 large-vehicle 0
2137 500 2148 478 2222 505 2200 521 large-vehicle 0
2283 392 2295 370 2401 426 2370 441 large-vehicle 1
2302 1215 2295 1238 2208 1203 2239 1187 large-vehicle 1
2355 1669 2363 1684 2318 1704 2311 1688 large-vehicle 0
2401 1883 2386 1891 2366 1847 2379 1840 large-vehicle 0
2422 1876 2406 1881 2387 1838 2403 1831 large-vehicle 0
2348 2765 2349 2783 2311 2785 2309 2769 large-vehicle 0
2322 2938 2336 2928 2363 2960 2348 2970 large-vehicle 0
2318 3808 2311 3792 2354 3775 2361 3793 large-vehicle 0
2447 4654 2470 4652 2474 4709 2451 4711 large-vehicle 0
2530 4484 2516 4495 2485 4465 2497 4450 large-vehicle 0
2473 4235 2459 4219 2490 4194 2504 4209 large-vehicle 0
2179 938 2173 925 2211 908 2217 920 large-vehicle 0
2386 376 2396 357 2440 377 2432 394 large-vehicle 0
2413 360 2421 345 2465 368 2455 385 large-vehicle 0
1829 819 1816 823 1796 776 1811 770 large-vehicle 0
1560 734 1544 742 1527 707 1543 699 large-vehicle 0
601 2318 584 2330 565 2295 582 2285 small-vehicle 1
1532 3204 1546 3198 1562 3228 1546 3236 large-vehicle 0
529 2365 516 2373 492 2329 508 2320 large-vehicle 0
232 2521 231 2505 270 2501 272 2516 large-vehicle 0
710 1529 725 1521 746 1560 734 1568 large-vehicle 0
746 1597 762 1590 791 1636 777 1647 large-vehicle 0
881 4484 866 4469 897 4443 909 4458 large-vehicle 0
909 575 923 565 951 601 937 612 large-vehicle 0
900 805 905 790 944 805 940 819 large-vehicle 0
994 920 998 903 1043 914 1040 930 large-vehicle 0
1003 2129 987 2138 962 2098 981 2089 large-vehicle 0
980 3664 975 3638 1032 3633 1034 3659 large-vehicle 0
853 4389 863 4384 881 4409 871 4416 large-vehicle 0
868 4422 856 4432 834 4402 845 4394 large-vehicle 0
951 1069 936 1062 949 1028 963 1034 large-vehicle 0
1071 1040 1075 1023 1113 1035 1109 1050 large-vehicle 0
1225 3119 1209 3121 1203 3074 1220 3072 large-vehicle 0
1244 3113 1231 3114 1225 3075 1240 3072 large-vehicle 0
1266 3110 1248 3111 1244 3068 1262 3067 large-vehicle 0
1218 1875 1230 1892 1194 1914 1184 1893 large-vehicle 0
1301 1244 1319 1249 1307 1292 1287 1286 large-vehicle 0
1285 1220 1301 1224 1294 1260 1277 1258 large-vehicle 0
1174 1205 1176 1186 1220 1197 1216 1214 large-vehicle 0
1285 881 1293 899 1247 918 1241 900 large-vehicle 1
1321 1064 1307 1048 1349 1015 1362 1034 large-vehicle 0
1392 1164 1377 1151 1410 1118 1423 1131 large-vehicle 0
1400 1180 1390 1168 1420 1147 1430 1160 large-vehicle 0
1340 1474 1336 1487 1295 1477 1298 1463 large-vehicle 0
1344 1491 1348 1475 1392 1486 1389 1503 large-vehicle 0
1374 3576 1362 3586 1335 3550 1349 3540 large-vehicle 0
1577 4443 1591 4431 1615 4456 1605 4470 large-vehicle 0
2435 351 2443 334 2484 351 2475 371 large-vehicle 0
2439 329 2450 310 2493 331 2484 349 large-vehicle 0
2573 4385 2589 4373 2618 4407 2603 4418 large-vehicle 0
2591 4523 2580 4517 2596 4488 2607 4493 large-vehicle 0
304 306 310 324 279 341 268 325 small-vehicle 1
186 349 167 336 183 306 201 320 small-vehicle 1
210 395 193 382 212 351 231 361 small-vehicle 1
224 420 208 410 225 373 243 382 small-vehicle 1
238 440 221 431 240 393 259 403 small-vehicle 1
215 163 225 178 196 195 187 181 small-vehicle 1
218 159 252 140 264 158 227 176 small-vehicle 0
282 80 272 65 301 51 308 64 small-vehicle 1
275 1 282 13 253 30 244 16 small-vehicle 1
158 65 166 80 137 99 128 85 small-vehicle 1
553 5 568 14 550 45 534 35 small-vehicle 1
570 18 586 26 566 60 552 51 small-vehicle 1
149 50 157 66 128 85 119 66 small-vehicle 1
141 30 133 15 163 1 171 13 small-vehicle 1
154 45 146 30 177 10 185 26 small-vehicle 1
164 61 153 46 188 26 196 40 small-vehicle 1
171 77 203 60 211 80 181 95 small-vehicle 0
107 49 139 30 149 49 118 66 small-vehicle 0
129 18 138 31 106 49 96 34 small-vehicle 1
115 0 126 16 95 35 85 19 small-vehicle 1
240 195 229 179 259 159 270 176 small-vehicle 1
59 1338 38 1335 50 1301 66 1304 small-vehicle 1
67 1315 84 1319 74 1362 56 1356 small-vehicle 0
89 1303 109 1308 100 1347 81 1341 small-vehicle 0
168 1335 193 1321 201 1336 174 1350 small-vehicle 0
175 1305 202 1287 211 1303 185 1320 small-vehicle 0
441 2125 456 2115 477 2149 465 2159 small-vehicle 1
463 2115 477 2105 498 2138 484 2148 small-vehicle 1
485 2225 499 2214 514 2241 504 2249 small-vehicle 1
291 289 301 305 267 325 258 309 small-vehicle 1
281 270 291 288 256 307 246 290 small-vehicle 1
156 309 140 296 161 246 180 261 small-vehicle 1
3633 602 3623 578 3709 549 3716 572 large-vehicle 0
2682 4747 2690 4764 2655 4781 2643 4763 large-vehicle 0
2644 4835 2663 4831 2670 4860 2652 4860 large-vehicle 1
2567 4171 2701 4171 2701 4307 2567 4307 roundabout 0
2680 1779 2666 1786 2645 1752 2661 1742 large-vehicle 0
2136 1509 2151 1517 2133 1551 2117 1543 large-vehicle 0
2741 4485 2755 4474 2786 4501 2773 4514 large-vehicle 0
2802 626 2810 644 2768 665 2761 651 large-vehicle 0
3262 3449 3270 3466 3235 3486 3224 3472 large-vehicle 0
3299 3731 3307 3749 3269 3773 3257 3755 large-vehicle 0
3299 4039 3297 4018 3339 4017 3339 4038 large-vehicle 0
3592 3586 3599 3601 3558 3622 3548 3604 large-vehicle 0
3364 3722 3370 3737 3343 3750 3336 3735 large-vehicle 0
3710 3384 3729 3377 3752 3420 3732 3430 large-vehicle 0
3744 482 3756 463 3822 508 3808 527 large-vehicle 0
3357 2992 3387 2984 3404 3043 3377 3052 swimming-pool 0
3886 632 3867 624 3905 562 3920 571 large-vehicle 0
3859 1707 3864 1723 3822 1738 3818 1720 large-vehicle 0
3880 3119 3873 3102 3909 3090 3914 3106 large-vehicle 0
3759 3170 3741 3178 3721 3144 3738 3137 large-vehicle 0
3774 4248 3789 4238 3816 4270 3799 4282 large-vehicle 0
3901 4487 3912 4501 3892 4518 3879 4506 large-vehicle 1
3796 4111 3786 4091 3826 4075 3833 4096 large-vehicle 0
3776 831 3784 852 3725 877 3716 857 large-vehicle 0
3792 858 3800 877 3736 904 3726 885 large-vehicle 0
3833 940 3825 919 3868 910 3872 928 large-vehicle 0
1784 1021 1802 1015 1816 1055 1798 1064 large-vehicle 0
3712 1785 3728 1778 3740 1808 3724 1814 large-vehicle 0
1924 3790 1919 3774 1951 3763 1956 3778 large-vehicle 0
1648 1084 1664 1076 1676 1105 1664 1114 small-vehicle 0
1681 1064 1695 1058 1708 1092 1696 1096 small-vehicle 0
1499 3086 1479 3087 1478 3051 1493 3050 small-vehicle 0
1911 2177 1924 2170 1938 2202 1923 2208 small-vehicle 0
1961 2326 1947 2332 1932 2295 1947 2289 small-vehicle 0
1955 2287 1967 2282 1980 2316 1965 2320 small-vehicle 0
1972 2284 1984 2280 1999 2310 1981 2318 small-vehicle 0
1889 2403 1904 2397 1919 2432 1902 2439 small-vehicle 0
1883 1675 1866 1682 1853 1650 1867 1644 small-vehicle 0
1912 1621 1927 1613 1941 1647 1926 1654 small-vehicle 0
1856 1538 1872 1534 1883 1560 1868 1567 small-vehicle 0
1820 1558 1833 1551 1846 1580 1832 1586 small-vehicle 0
1800 1562 1815 1555 1826 1584 1811 1590 small-vehicle 0
2015 1507 2008 1522 1975 1506 1980 1492 small-vehicle 0
2095 1419 2112 1427 2092 1460 2077 1452 small-vehicle 0
2028 1535 2020 1551 1988 1537 1995 1520 small-vehicle 0
2031 1543 2036 1524 2068 1537 2064 1552 small-vehicle 0
1769 1720 1753 1725 1742 1693 1754 1685 small-vehicle 0
1902 1670 1887 1676 1872 1641 1887 1637 small-vehicle 0
2124 1487 2138 1495 2122 1528 2109 1522 small-vehicle 0
2163 1580 2178 1591 2159 1619 2145 1612 small-vehicle 0
2048 1591 2053 1573 2089 1587 2084 1604 small-vehicle 0
2044 1583 2039 1597 2003 1585 2010 1571 small-vehicle 0
2055 1606 2049 1623 2021 1614 2026 1598 small-vehicle 0
1980 1701 1965 1693 1981 1663 1995 1669 small-vehicle 0
2335 1704 2362 1689 2370 1705 2340 1718 small-vehicle 0
2289 1321 2301 1314 2317 1344 2301 1350 small-vehicle 0
2308 1316 2321 1310 2336 1335 2318 1342 small-vehicle 0
2272 1331 2287 1324 2296 1351 2282 1357 small-vehicle 0
2662 2743 2699 2744 2698 2760 2660 2760 small-vehicle 0
2747 2744 2746 2760 2713 2759 2713 2743 small-vehicle 0
2791 2744 2791 2759 2756 2756 2756 2740 small-vehicle 0
2829 2746 2829 2761 2795 2759 2797 2742 small-vehicle 0
1908 2292 1922 2288 1936 2321 1921 2327 small-vehicle 0
1873 2192 1890 2187 1901 2223 1885 2227 small-vehicle 0
3265 2039 3247 2042 3243 2003 3261 2002 small-vehicle 0
1744 2187 1729 2195 1713 2156 1727 2150 small-vehicle 0
2732 1750 2719 1755 2709 1726 2720 1719 small-vehicle 0
2668 1733 2685 1727 2699 1761 2684 1768 small-vehicle 0
2938 1707 2944 1723 2907 1734 2903 1722 small-vehicle 0
2897 1726 2901 1738 2867 1748 2865 1736 small-vehicle 0
2602 1844 2608 1858 2573 1871 2566 1857 small-vehicle 0
2506 1793 2521 1788 2537 1828 2522 1834 small-vehicle 0
2577 1813 2563 1819 2547 1784 2558 1776 small-vehicle 0
2564 1774 2578 1770 2591 1802 2578 1807 small-vehicle 0
2610 1800 2594 1805 2582 1767 2597 1763 small-vehicle 0
2630 1790 2616 1796 2603 1762 2617 1756 small-vehicle 0
2645 1779 2630 1787 2621 1759 2633 1752 small-vehicle 0
2554 1819 2538 1826 2526 1792 2541 1786 small-vehicle 0
2288 1924 2271 1928 2266 1894 2281 1891 small-vehicle 0
2332 1866 2346 1860 2360 1896 2342 1904 small-vehicle 0
2194 1926 2212 1917 2227 1955 2210 1962 small-vehicle 0
2367 1932 2373 1953 2338 1967 2331 1949 small-vehicle 0
2326 1951 2332 1968 2300 1980 2294 1966 small-vehicle 0
2281 1971 2288 1987 2253 2001 2248 1985 small-vehicle 0
2054 1981 2070 1974 2085 2003 2068 2010 small-vehicle 0
2186 2011 2193 2025 2159 2037 2153 2024 small-vehicle 0
2230 1989 2236 2007 2203 2021 2197 2004 small-vehicle 0
1974 2009 1990 2002 2002 2036 1987 2041 small-vehicle 0
1955 2017 1972 2009 1988 2047 1972 2054 small-vehicle 0
2080 2053 2085 2065 2050 2080 2045 2068 small-vehicle 0
2034 2072 2039 2087 2009 2098 2003 2083 small-vehicle 0
1896 2046 1913 2040 1925 2079 1912 2085 small-vehicle 0
1879 2052 1892 2047 1904 2081 1889 2085 small-vehicle 0
1861 2061 1874 2055 1884 2083 1870 2087 small-vehicle 0
1892 2186 1904 2180 1916 2209 1903 2214 small-vehicle 0
3142 2758 3142 2774 3105 2771 3106 2755 small-vehicle 0
3184 1825 3200 1817 3213 1851 3198 1857 small-vehicle 0
1700 1060 1717 1051 1729 1083 1716 1091 small-vehicle 0
1763 3752 1751 3738 1780 3718 1791 3729 small-vehicle 0
1925 3466 1928 3481 1895 3487 1892 3475 small-vehicle 0
1961 3455 1964 3467 1929 3481 1925 3466 small-vehicle 0
2032 3352 2045 3366 2024 3385 2012 3372 small-vehicle 0
2025 3330 2037 3344 2014 3365 2004 3355 small-vehicle 0
2009 3293 2018 3302 2000 3327 1989 3318 small-vehicle 0
2003 3272 2013 3284 1992 3305 1984 3294 small-vehicle 0
1978 3283 1960 3283 1959 3245 1975 3245 small-vehicle 0
1955 3300 1936 3310 1923 3273 1936 3264 small-vehicle 0
1867 3206 1860 3193 1887 3181 1893 3190 small-vehicle 0
1859 3190 1853 3176 1880 3165 1887 3178 small-vehicle 0
2135 3064 2150 3060 2158 3087 2145 3093 small-vehicle 0
1834 3118 1828 3103 1850 3094 1857 3108 small-vehicle 0
1916 2787 1913 2772 1944 2764 1950 2777 small-vehicle 0
1914 2766 1908 2752 1943 2743 1948 2756 small-vehicle 0
1907 2747 1902 2730 1937 2721 1940 2739 small-vehicle 0
1924 2684 1929 2701 1898 2709 1893 2694 small-vehicle 0
1873 2640 1901 2628 1907 2644 1878 2655 small-vehicle 0
1869 2619 1897 2612 1902 2627 1873 2635 small-vehicle 0
1860 2602 1890 2595 1894 2611 1864 2618 small-vehicle 0
1273 3150 1289 3156 1277 3192 1261 3187 small-vehicle 0
1308 3235 1294 3232 1305 3197 1317 3203 small-vehicle 0
1204 3114 1187 3114 1188 3079 1199 3079 small-vehicle 0
1316 3105 1298 3105 1296 3072 1312 3070 small-vehicle 0
1337 3101 1321 3101 1321 3070 1334 3069 small-vehicle 0
1357 3100 1343 3101 1339 3066 1351 3063 small-vehicle 0
1378 3102 1360 3104 1359 3062 1373 3061 small-vehicle 0
1412 3093 1395 3095 1393 3058 1408 3056 small-vehicle 0
1434 3093 1417 3095 1412 3055 1427 3055 small-vehicle 0
1456 3089 1438 3090 1433 3052 1449 3050 small-vehicle 0
1789 3511 1794 3528 1763 3535 1759 3519 small-vehicle 0
1781 3639 1794 3631 1814 3661 1801 3667 small-vehicle 0
3199 3266 3231 3254 3234 3267 3202 3281 small-vehicle 0
1832 3710 1843 3701 1865 3728 1854 3738 small-vehicle 0
2709 2964 2723 2958 2736 2992 2719 2998 small-vehicle 0
2877 3411 2892 3405 2906 3443 2891 3448 small-vehicle 0
2938 3449 2974 3439 2978 3454 2943 3464 small-vehicle 0
2907 3489 2923 3484 2934 3518 2916 3524 small-vehicle 0
2934 3563 2950 3558 2962 3593 2946 3599 small-vehicle 0
2952 3611 2968 3603 2983 3643 2965 3650 small-vehicle 0
2972 3668 2989 3661 3000 3695 2987 3701 small-vehicle 0
2776 3772 2793 3763 2812 3798 2794 3808 small-vehicle 0
2989 3707 3004 3699 3016 3730 3000 3736 small-vehicle 0
3004 3749 3021 3743 3033 3777 3015 3783 small-vehicle 0
3054 3858 3088 3837 3097 3851 3064 3874 small-vehicle 0
2731 3929 2762 3912 2770 3925 2739 3943 small-vehicle 0
2722 3910 2754 3896 2762 3910 2729 3927 small-vehicle 0
2320 3815 2353 3802 2360 3815 2326 3830 small-vehicle 0
2277 4334 2289 4323 2312 4352 2299 4362 small-vehicle 0
2248 4296 2262 4283 2284 4312 2270 4325 small-vehicle 0
2210 4245 2224 4235 2245 4261 2231 4271 small-vehicle 0
2186 4213 2201 4203 2220 4225 2207 4236 small-vehicle 0
2129 4137 2140 4125 2162 4150 2149 4160 small-vehicle 0
2164 4055 2173 4071 2145 4086 2135 4072 small-vehicle 0
2098 4058 2110 4047 2130 4075 2120 4086 small-vehicle 0
2106 4105 2120 4095 2139 4124 2127 4132 small-vehicle 0
2079 4073 2092 4061 2116 4092 2104 4103 small-vehicle 0
2039 4024 2054 4015 2074 4041 2062 4049 small-vehicle 0
2010 3986 2022 3977 2045 4003 2032 4015 small-vehicle 0
1942 3898 1954 3890 1973 3917 1962 3925 small-vehicle 0
1919 3864 1931 3855 1949 3884 1938 3892 small-vehicle 0
1935 3812 1928 3798 1960 3784 1966 3798 small-vehicle 0
1861 3837 1853 3822 1879 3810 1885 3821 small-vehicle 0
2724 1712 2736 1706 2749 1740 2737 1745 small-vehicle 0
2739 1704 2751 1697 2769 1731 2754 1737 small-vehicle 0
2628 1048 2642 1043 2657 1076 2642 1083 small-vehicle 0
1114 1110 1117 1092 1154 1098 1151 1117 small-vehicle 0
1125 1131 1127 1114 1162 1123 1160 1137 small-vehicle 0
1141 1135 1136 1154 1101 1145 1102 1128 small-vehicle 0
1141 1153 1145 1136 1182 1146 1179 1164 small-vehicle 0
1145 1157 1144 1172 1106 1166 1108 1150 small-vehicle 0
999 1155 984 1145 996 1118 1011 1123 small-vehicle 0
1018 1181 1004 1177 1012 1142 1027 1146 small-vehicle 0
1033 1202 1015 1195 1028 1164 1043 1169 small-vehicle 0
1046 1233 1032 1229 1041 1194 1053 1197 small-vehicle 0
1061 1251 1046 1245 1057 1212 1071 1217 small-vehicle 0
1270 1197 1287 1203 1277 1235 1263 1231 small-vehicle 0
1214 1259 1209 1276 1173 1266 1179 1247 small-vehicle 0
1198 1252 1200 1235 1232 1241 1230 1258 small-vehicle 0
1216 1271 1219 1255 1255 1267 1251 1282 small-vehicle 0
1228 1299 1232 1284 1267 1292 1264 1308 small-vehicle 0
1314 1277 1328 1280 1321 1313 1306 1309 small-vehicle 0
1331 1293 1344 1297 1337 1330 1323 1325 small-vehicle 0
1345 1313 1359 1320 1349 1349 1335 1344 small-vehicle 0
1235 1305 1231 1321 1195 1313 1199 1295 small-vehicle 0
1245 1323 1247 1307 1285 1313 1282 1329 small-vehicle 0
1248 1330 1244 1343 1213 1336 1216 1321 small-vehicle 0
1259 1346 1261 1329 1295 1338 1291 1355 small-vehicle 0
1260 1353 1256 1369 1220 1359 1225 1341 small-vehicle 0
1268 1372 1273 1355 1307 1365 1303 1382 small-vehicle 0
1274 1375 1270 1393 1240 1385 1243 1367 small-vehicle 0
1282 1397 1287 1381 1319 1388 1315 1405 small-vehicle 0
1297 1403 1292 1418 1263 1408 1268 1394 small-vehicle 0
1317 1442 1319 1425 1355 1437 1352 1452 small-vehicle 0
1356 1499 1352 1514 1320 1504 1323 1490 small-vehicle 0
1331 1976 1324 1965 1349 1948 1355 1959 small-vehicle 0
1121 1113 1119 1131 1080 1122 1083 1103 small-vehicle 0
1106 1091 1104 1109 1068 1100 1071 1081 small-vehicle 0
3688 432 3701 419 3725 449 3714 459 small-vehicle 0
1104 1089 1107 1070 1143 1078 1141 1093 small-vehicle 0
1815 1153 1821 1168 1789 1184 1781 1170 small-vehicle 0
1735 1042 1749 1034 1763 1065 1751 1071 small-vehicle 0
1806 1013 1821 1007 1831 1042 1816 1045 small-vehicle 0
1815 1182 1822 1196 1794 1208 1788 1196 small-vehicle 0
1496 1290 1506 1278 1532 1307 1521 1316 small-vehicle 0
1553 1356 1568 1350 1583 1384 1566 1391 small-vehicle 0
1066 787 1078 775 1103 804 1091 817 small-vehicle 0
879 821 880 805 917 819 913 834 small-vehicle 0
855 837 859 822 890 832 884 849 small-vehicle 0
836 857 839 841 875 851 869 868 small-vehicle 0
877 952 862 947 873 915 885 920 small-vehicle 0
892 970 876 967 887 930 904 934 small-vehicle 0
906 1000 887 996 901 954 915 956 small-vehicle 0
922 1018 907 1014 917 979 932 984 small-vehicle 0
935 1050 919 1046 931 1008 944 1012 small-vehicle 0
991 899 987 918 954 908 959 889 small-vehicle 0
990 896 992 878 1024 886 1021 901 small-vehicle 0
1009 929 1006 945 970 934 975 916 small-vehicle 0
1012 944 1015 926 1051 935 1046 953 small-vehicle 0
1024 952 1020 966 991 959 992 944 small-vehicle 0
1034 971 1036 954 1070 964 1067 979 small-vehicle 0
1035 977 1030 991 996 980 1000 964 small-vehicle 0
1042 991 1046 976 1084 986 1081 1002 small-vehicle 0
1049 1000 1046 1016 1010 1004 1016 989 small-vehicle 0
1056 1018 1057 1002 1094 1012 1091 1027 small-vehicle 0
1057 1022 1056 1038 1025 1031 1029 1016 small-vehicle 0
1079 1047 1076 1063 1036 1054 1039 1036 small-vehicle 0
1086 1066 1087 1046 1127 1052 1124 1071 small-vehicle 0
1098 1071 1094 1086 1059 1078 1062 1059 small-vehicle 0
1344 1827 1348 1840 1317 1850 1311 1837 small-vehicle 0
1353 1841 1361 1856 1331 1872 1323 1858 small-vehicle 0
1362 1859 1368 1872 1343 1884 1336 1873 small-vehicle 0
1370 1873 1378 1887 1351 1901 1343 1888 small-vehicle 0
3856 4326 3843 4337 3822 4307 3835 4295 small-vehicle 0
3844 4086 3836 4072 3870 4055 3877 4068 small-vehicle 0
3694 3867 3681 3875 3664 3840 3678 3833 small-vehicle 0
3708 3841 3691 3847 3677 3812 3689 3805 small-vehicle 0
3878 3427 3873 3411 3904 3397 3911 3411 small-vehicle 0
3867 3315 3885 3306 3900 3342 3885 3350 small-vehicle 0
3851 3324 3863 3319 3881 3352 3867 3359 small-vehicle 0
3811 3342 3825 3333 3839 3365 3826 3372 small-vehicle 0
3774 3358 3791 3350 3808 3384 3790 3393 small-vehicle 0
3591 3121 3604 3114 3620 3147 3607 3154 small-vehicle 0
3670 3180 3682 3173 3697 3197 3684 3202 small-vehicle 0
3771 3110 3810 3113 3810 3132 3769 3129 small-vehicle 0
3683 3074 3697 3067 3713 3099 3699 3106 small-vehicle 0
3662 3082 3675 3076 3692 3106 3677 3114 small-vehicle 0
3641 3090 3655 3082 3674 3115 3659 3123 small-vehicle 0
3623 3103 3638 3094 3656 3126 3642 3131 small-vehicle 0
3606 3110 3619 3101 3637 3131 3622 3140 small-vehicle 0
3689 3169 3704 3162 3718 3189 3702 3197 small-vehicle 0
3706 3160 3722 3153 3735 3181 3719 3188 small-vehicle 0
3262 2721 3275 2721 3275 2758 3260 2758 small-vehicle 0
3237 2622 3254 2623 3250 2663 3233 2663 small-vehicle 0
3734 2562 3771 2566 3770 2581 3732 2578 small-vehicle 0
3687 2556 3729 2562 3727 2578 3687 2573 small-vehicle 0
3645 2556 3685 2560 3683 2574 3644 2570 small-vehicle 0
3333 2528 3375 2533 3373 2548 3331 2542 small-vehicle 0
3859 2596 3874 2598 3871 2626 3855 2624 small-vehicle 0
3882 2600 3895 2599 3895 2624 3881 2623 small-vehicle 0
3533 1848 3545 1845 3556 1871 3541 1875 small-vehicle 0
3549 1796 3582 1783 3588 1799 3555 1813 small-vehicle 0
3628 4250 3620 4237 3651 4217 3662 4231 small-vehicle 0
3599 4273 3593 4260 3619 4244 3625 4254 small-vehicle 0
3564 4299 3555 4284 3585 4264 3594 4276 small-vehicle 0
1018 2000 1003 2009 984 1983 998 1973 small-vehicle 0
1255 1862 1259 1873 1232 1887 1225 1875 small-vehicle 0
1237 1905 1229 1895 1264 1873 1271 1889 small-vehicle 0
1246 1924 1239 1911 1267 1893 1274 1906 small-vehicle 0
1259 1938 1251 1923 1277 1906 1287 1919 small-vehicle 0
1295 1917 1303 1935 1271 1953 1263 1937 small-vehicle 0
1202 1928 1196 1916 1227 1899 1235 1912 small-vehicle 0
1212 1943 1206 1930 1235 1914 1243 1927 small-vehicle 0
1247 1927 1257 1942 1223 1961 1213 1946 small-vehicle 0
1255 1945 1265 1957 1234 1979 1225 1965 small-vehicle 0
1137 1934 1147 1949 1115 1965 1105 1952 small-vehicle 0
1124 1986 1115 1971 1147 1953 1154 1969 small-vehicle 0
1134 2003 1126 1990 1154 1973 1163 1988 small-vehicle 0
1141 2021 1131 2007 1167 1988 1177 2005 small-vehicle 0
861 2248 851 2235 882 2217 893 2228 small-vehicle 0
3550 4288 3558 4301 3539 4318 3526 4305 small-vehicle 0
819 2276 812 2262 841 2242 850 2256 small-vehicle 0
778 2299 772 2284 805 2265 813 2281 small-vehicle 0
740 2325 733 2309 763 2287 770 2303 small-vehicle 0
840 1712 826 1716 809 1686 823 1680 small-vehicle 0
861 1756 845 1764 828 1729 841 1720 small-vehicle 0
681 1482 698 1471 717 1508 701 1516 small-vehicle 0
3294 4513 3318 4491 3330 4502 3306 4525 small-vehicle 0
3358 4451 3383 4432 3393 4442 3369 4462 small-vehicle 0
3807 4395 3835 4373 3847 4385 3818 4408 small-vehicle 0
3391 4421 3415 4402 3422 4413 3402 4434 small-vehicle 0
3448 4370 3459 4385 3426 4410 3414 4398 small-vehicle 0
3478 4347 3487 4360 3461 4380 3451 4368 small-vehicle 0
3493 4355 3480 4344 3506 4320 3517 4332 small-vehicle 0
260 46 251 32 286 11 294 23 large-vehicle 0
