imagesource:GoogleEarth
gsd:0.111375307433
4298 2053 4309 2038 4338 2064 4328 2078 small-vehicle 0
1309 2803 1310 2786 1349 2791 1347 2809 small-vehicle 0
1524 2391 1541 2391 1537 2431 1521 2430 small-vehicle 0
1528 2343 1548 2345 1545 2383 1525 2381 small-vehicle 0
1547 858 1542 839 1580 828 1585 843 small-vehicle 0
1839 1033 1858 1027 1869 1062 1853 1067 small-vehicle 0
1853 1070 1870 1067 1880 1107 1862 1112 small-vehicle 0
1866 1114 1881 1111 1889 1146 1873 1149 small-vehicle 0
2035 1226 2038 1241 2002 1245 1998 1230 small-vehicle 0
2111 1239 2128 1242 2121 1279 2104 1275 small-vehicle 0
2165 1275 2145 1274 2154 1235 2171 1238 small-vehicle 0
1937 1389 1956 1386 1962 1422 1946 1426 small-vehicle 0
1947 1430 1964 1426 1974 1467 1956 1471 small-vehicle 0
1808 510 1802 494 1835 478 1844 495 small-vehicle 0
1855 491 1844 471 1884 455 1892 471 small-vehicle 0
2084 245 2066 246 2059 206 2076 203 small-vehicle 0
2104 230 2086 234 2081 189 2101 186 small-vehicle 0
2127 218 2109 221 2104 179 2122 177 small-vehicle 0
2183 230 2164 238 2154 194 2170 189 small-vehicle 0
2173 186 2153 190 2147 144 2164 142 small-vehicle 0
2143 262 2122 267 2118 220 2134 215 small-vehicle 0
2125 275 2106 279 2103 231 2122 228 small-vehicle 0
2210 295 2221 307 2194 329 2185 316 small-vehicle 0
1754 2349 1774 2345 1782 2391 1762 2395 small-vehicle 0
1894 2533 1896 2514 1932 2515 1932 2531 small-vehicle 0
1531 2494 1513 2492 1516 2447 1534 2448 small-vehicle 0
2043 3561 2059 3573 2034 3604 2018 3591 small-vehicle 0
1187 2945 1185 2963 1152 2960 1153 2942 small-vehicle 0
1178 2990 1175 3005 1143 3002 1145 2985 small-vehicle 0
1125 2985 1123 3001 1088 2996 1090 2980 small-vehicle 0
1074 2986 1070 3002 1037 2995 1040 2978 small-vehicle 0
1071 3010 1069 3030 1023 3021 1026 3003 small-vehicle 0
1862 4240 1879 4235 1892 4278 1878 4284 small-vehicle 0
1800 4172 1780 4178 1773 4140 1789 4136 small-vehicle 0
1777 4071 1760 4073 1758 4023 1778 4022 small-vehicle 0
1787 3928 1767 3922 1780 3879 1801 3887 small-vehicle 0
1996 3561 1978 3548 2010 3510 2024 3522 large-vehicle 0
1672 2743 1656 2741 1661 2702 1679 2704 small-vehicle 0
2123 3378 2109 3369 2132 3330 2147 3340 small-vehicle 0
2200 3106 2183 3108 2176 3069 2189 3064 small-vehicle 0
1952 2917 1948 2900 1989 2889 1994 2906 small-vehicle 0
1958 2829 1954 2810 1993 2804 2002 2823 small-vehicle 0
1813 2839 1813 2822 1843 2822 1847 2838 small-vehicle 0
2137 2858 2131 2843 2158 2833 2166 2845 small-vehicle 0
1753 2935 1753 2918 1786 2919 1787 2935 small-vehicle 0
1626 2935 1626 2918 1668 2921 1668 2938 small-vehicle 0
1595 2714 1578 2704 1599 2668 1615 2677 small-vehicle 0
2150 336 2161 351 2134 375 2121 360 small-vehicle 0
2276 407 2286 424 2256 442 2245 425 small-vehicle 0
2237 432 2246 447 2217 467 2209 452 small-vehicle 0
2222 2775 2216 2755 2254 2744 2260 2761 small-vehicle 0
2434 1352 2437 1370 2396 1375 2392 1356 small-vehicle 0
2474 1367 2476 1381 2442 1391 2440 1371 small-vehicle 0
2444 1431 2439 1411 2480 1400 2485 1421 small-vehicle 0
2562 1418 2552 1431 2514 1402 2526 1386 small-vehicle 0
2570 1458 2560 1474 2529 1453 2539 1437 small-vehicle 0
2437 1628 2454 1635 2440 1666 2425 1658 small-vehicle 0
2322 1703 2327 1685 2359 1697 2352 1713 small-vehicle 0
2490 2688 2485 2671 2521 2652 2528 2672 small-vehicle 0
2366 2768 2360 2753 2388 2743 2393 2757 small-vehicle 0
2727 2617 2741 2607 2760 2640 2748 2647 small-vehicle 0
2470 1328 2471 1345 2435 1350 2434 1330 small-vehicle 0
2701 2649 2714 2637 2742 2663 2730 2678 small-vehicle 0
2690 2668 2701 2656 2726 2678 2717 2693 small-vehicle 0
2670 2694 2679 2676 2712 2698 2706 2711 small-vehicle 0
2659 2716 2666 2700 2707 2717 2701 2735 small-vehicle 0
2654 2740 2658 2725 2699 2739 2696 2753 small-vehicle 0
2800 2669 2786 2679 2765 2647 2774 2637 small-vehicle 0
2781 2626 2763 2635 2749 2600 2763 2593 small-vehicle 0
2776 2704 2764 2718 2742 2689 2755 2679 small-vehicle 0
2786 2683 2771 2693 2750 2662 2764 2651 small-vehicle 0
2476 1347 2479 1364 2436 1366 2434 1350 small-vehicle 0
2424 1313 2425 1330 2395 1332 2394 1315 small-vehicle 0
2420 334 2413 321 2443 303 2452 318 small-vehicle 0
2208 1162 2206 1145 2249 1139 2252 1159 small-vehicle 0
2334 392 2324 376 2361 355 2369 370 small-vehicle 0
2293 417 2285 403 2320 381 2329 396 small-vehicle 0
2284 230 2296 242 2268 270 2256 256 small-vehicle 0
2318 201 2330 215 2302 241 2289 228 small-vehicle 0
2528 420 2512 428 2490 393 2504 383 small-vehicle 0
2563 395 2545 405 2524 366 2539 357 small-vehicle 0
2444 487 2427 498 2404 459 2419 449 small-vehicle 0
2320 849 2337 847 2342 889 2326 891 small-vehicle 0
2405 1151 2402 1131 2444 1125 2447 1144 small-vehicle 0
2159 1169 2157 1153 2196 1146 2198 1163 small-vehicle 0
2430 1330 2434 1351 2389 1357 2387 1336 small-vehicle 0
2391 1190 2395 1209 2359 1214 2357 1197 small-vehicle 0
2558 1106 2561 1124 2521 1130 2519 1111 small-vehicle 0
2396 1212 2429 1192 2437 1207 2405 1227 small-vehicle 0
2395 1215 2397 1231 2362 1236 2361 1221 small-vehicle 0
2445 1223 2450 1240 2412 1247 2410 1227 small-vehicle 0
2491 1239 2510 1237 2514 1270 2498 1272 small-vehicle 0
2452 1262 2454 1281 2412 1289 2410 1269 small-vehicle 0
2506 1284 2524 1281 2527 1323 2512 1324 small-vehicle 0
2466 1309 2467 1326 2425 1328 2426 1312 small-vehicle 0
1188 2919 1188 2937 1142 2931 1143 2914 small-vehicle 0
1370 2576 1349 2575 1352 2534 1370 2534 small-vehicle 0
2754 2739 2746 2753 2712 2728 2723 2713 small-vehicle 0
1375 2537 1395 2542 1389 2583 1370 2581 small-vehicle 0
5503 3618 5489 3603 5523 3571 5536 3588 large-vehicle 0
5537 3592 5552 3608 5519 3638 5504 3624 large-vehicle 0
5086 2767 5092 2748 5136 2762 5132 2779 large-vehicle 0
5379 2834 5372 2850 5324 2837 5330 2819 large-vehicle 0
5444 2907 5433 2891 5469 2866 5480 2880 large-vehicle 0
5939 288 5942 313 5849 324 5844 299 large-vehicle 1
6030 2472 6041 2456 6084 2476 6074 2496 large-vehicle 0
6612 1631 6628 1640 6600 1680 6587 1671 large-vehicle 0
174 402 191 401 195 445 180 444 small-vehicle 0
199 643 219 641 224 683 206 683 small-vehicle 0
49 629 69 628 72 669 51 668 small-vehicle 0
79 986 62 986 62 946 75 945 small-vehicle 0
665 926 652 932 634 898 651 890 small-vehicle 0
405 1209 413 1227 370 1241 363 1227 small-vehicle 0
260 1318 278 1318 279 1361 258 1362 small-vehicle 0
559 1376 569 1392 536 1415 526 1401 small-vehicle 0
568 1162 572 1185 521 1197 517 1177 small-vehicle 0
645 1143 649 1164 607 1173 604 1154 small-vehicle 0
705 1127 708 1146 665 1157 662 1134 small-vehicle 0
63 1573 41 1573 41 1532 58 1534 small-vehicle 0
268 1588 288 1588 287 1625 270 1625 small-vehicle 0
5484 3600 5470 3584 5504 3552 5517 3564 large-vehicle 0
5486 3532 5500 3547 5465 3583 5451 3566 large-vehicle 0
4886 348 4880 325 4932 320 4933 343 large-vehicle 0
2312 2750 2305 2731 2354 2714 2359 2736 large-vehicle 0
656 2011 658 1988 724 1996 720 2020 large-vehicle 0
153 2232 176 2233 176 2292 149 2292 large-vehicle 0
641 2136 640 2149 576 2146 575 2128 large-vehicle 1
582 2276 562 2273 571 2215 588 2216 large-vehicle 0
1523 559 1513 579 1460 552 1472 529 large-vehicle 0
1997 104 2011 92 2039 122 2025 134 large-vehicle 1
2175 98 2155 106 2127 60 2146 50 large-vehicle 0
1994 2195 2013 2196 2009 2245 1990 2243 large-vehicle 0
2052 2839 2045 2819 2098 2805 2104 2825 large-vehicle 0
2472 1583 2452 1577 2472 1520 2491 1526 large-vehicle 0
4765 3348 4799 3352 4796 3370 4748 3367 large-vehicle 1
2344 1150 2340 1128 2391 1121 2394 1144 large-vehicle 0
2754 1105 2745 1084 2804 1064 2810 1088 large-vehicle 0
2814 1148 2815 1170 2771 1175 2768 1152 large-vehicle 0
2913 1137 2933 1136 2939 1179 2920 1183 large-vehicle 0
3223 272 3216 252 3264 238 3271 256 large-vehicle 0
3236 2870 3213 2868 3220 2812 3241 2815 large-vehicle 0
3504 2928 3502 2900 3564 2901 3566 2928 large-vehicle 0
4783 3348 4778 3327 4831 3322 4833 3343 large-vehicle 0
4840 3370 4854 3382 4817 3418 4803 3404 large-vehicle 1
162 1686 181 1686 183 1733 165 1733 small-vehicle 0
275 1839 295 1840 292 1886 274 1883 small-vehicle 0
515 1793 528 1806 506 1829 491 1816 small-vehicle 0
922 1937 918 1957 888 1952 888 1935 small-vehicle 0
1284 214 1298 206 1314 247 1298 254 small-vehicle 0
1404 375 1388 381 1375 341 1389 335 small-vehicle 0
1422 413 1405 420 1393 386 1409 380 small-vehicle 0
1409 430 1425 421 1449 458 1431 468 small-vehicle 0
952 1031 944 1016 972 1002 978 1015 small-vehicle 0
974 1230 993 1225 1005 1269 988 1274 small-vehicle 0
1055 1412 1068 1401 1096 1432 1087 1444 small-vehicle 0
923 1889 922 1904 892 1900 893 1885 small-vehicle 0
926 1915 925 1933 887 1929 888 1911 small-vehicle 0
918 1965 917 1984 881 1980 883 1963 small-vehicle 0
1279 153 1262 161 1249 126 1264 122 small-vehicle 0
1407 2226 1408 2207 1447 2213 1447 2231 small-vehicle 0
1422 2351 1440 2354 1435 2396 1414 2394 small-vehicle 0
1417 2352 1400 2351 1403 2312 1419 2314 small-vehicle 0
1378 2345 1395 2348 1390 2389 1374 2387 small-vehicle 0
1440 2350 1422 2349 1425 2312 1443 2313 small-vehicle 0
1370 2535 1350 2533 1357 2492 1374 2494 small-vehicle 0
1394 2539 1375 2538 1378 2496 1397 2496 small-vehicle 0
1415 2535 1398 2534 1402 2501 1418 2501 small-vehicle 0
1417 2545 1434 2546 1433 2590 1412 2587 small-vehicle 0
1264 165 1279 158 1292 194 1278 200 small-vehicle 0
1258 106 1243 113 1229 76 1245 69 small-vehicle 0
528 1806 542 1819 518 1846 504 1833 small-vehicle 0
502 2213 522 2216 516 2266 498 2261 small-vehicle 0
553 1829 567 1844 544 1868 529 1856 small-vehicle 0
594 1861 608 1874 583 1901 570 1891 small-vehicle 0
478 1970 454 1970 451 1923 473 1923 small-vehicle 0
268 1958 285 1958 284 1990 271 1990 small-vehicle 0
162 1998 180 1999 179 2043 164 2043 small-vehicle 0
402 2113 406 2096 439 2103 437 2119 small-vehicle 0
493 2148 492 2126 538 2124 540 2144 small-vehicle 0
266 2146 283 2147 284 2188 263 2187 small-vehicle 0
63 2265 46 2264 46 2223 64 2224 small-vehicle 0
535 2213 557 2217 549 2266 528 2261 small-vehicle 0
1173 63 1190 57 1204 96 1188 104 small-vehicle 0
266 2278 282 2279 281 2321 265 2319 small-vehicle 0
342 2437 341 2458 301 2456 303 2436 small-vehicle 0
265 2506 282 2502 290 2533 274 2538 small-vehicle 0
138 2564 154 2566 150 2602 134 2598 small-vehicle 0
231 2723 225 2705 266 2694 272 2711 small-vehicle 0
174 2722 219 2707 226 2724 181 2741 small-vehicle 0
251 2894 245 2912 207 2893 215 2878 small-vehicle 0
213 3020 230 3025 221 3057 205 3052 small-vehicle 0
197 3067 214 3073 206 3106 188 3104 small-vehicle 0
2764 2718 2751 2734 2721 2708 2733 2691 small-vehicle 0
2798 2687 2819 2690 2810 2729 2793 2726 small-vehicle 0
3768 2114 3770 2097 3806 2105 3803 2121 small-vehicle 0
5137 3857 5150 3870 5120 3901 5107 3887 small-vehicle 0
5819 3436 5824 3420 5867 3431 5861 3446 small-vehicle 0
5733 3410 5738 3394 5777 3407 5772 3422 small-vehicle 0
5733 3357 5713 3351 5724 3312 5743 3317 small-vehicle 0
5920 3411 5904 3407 5917 3363 5929 3367 small-vehicle 0
5933 3364 5916 3359 5927 3317 5944 3322 small-vehicle 0
5743 2748 5748 2730 5785 2743 5780 2759 small-vehicle 0
5411 2642 5417 2627 5453 2640 5449 2653 small-vehicle 0
5486 2873 5478 2860 5509 2839 5518 2852 small-vehicle 0
5489 2760 5483 2779 5444 2764 5450 2747 small-vehicle 0
5369 2826 5376 2810 5413 2826 5407 2842 small-vehicle 0
5284 2864 5288 2845 5327 2854 5323 2875 small-vehicle 0
5663 2801 5659 2785 5699 2786 5700 2800 small-vehicle 0
5413 2772 5420 2756 5450 2770 5445 2785 small-vehicle 0
5563 2828 5557 2815 5591 2800 5597 2813 small-vehicle 0
5793 2128 5808 2122 5818 2153 5805 2157 small-vehicle 0
5758 2048 5774 2041 5786 2071 5770 2078 small-vehicle 0
5741 2006 5756 2001 5769 2034 5756 2042 small-vehicle 0
5722 1962 5737 1955 5750 1994 5737 2001 small-vehicle 0
5690 1892 5705 1885 5721 1921 5709 1927 small-vehicle 0
5547 1511 5561 1506 5576 1548 5560 1554 small-vehicle 0
5560 1504 5544 1507 5534 1468 5550 1463 small-vehicle 0
5462 3508 5474 3523 5447 3547 5436 3534 small-vehicle 0
5588 3655 5600 3672 5568 3701 5553 3683 small-vehicle 0
5572 3633 5584 3647 5552 3676 5539 3663 small-vehicle 0
4806 3568 4793 3555 4819 3531 4831 3544 small-vehicle 0
5044 3764 5059 3779 5030 3807 5017 3794 small-vehicle 0
5027 3749 5040 3762 5016 3789 5000 3777 small-vehicle 0
4999 3716 5011 3727 4985 3751 4975 3740 small-vehicle 0
4973 3683 4984 3698 4953 3729 4940 3714 small-vehicle 0
4954 3670 4966 3682 4941 3708 4929 3694 small-vehicle 0
4925 3698 4909 3684 4940 3656 4951 3669 small-vehicle 0
4883 3596 4894 3609 4867 3634 4854 3623 small-vehicle 0
4835 3604 4824 3595 4849 3569 4859 3579 small-vehicle 0
4821 3591 4807 3575 4833 3549 4845 3562 small-vehicle 0
4925 3547 4909 3532 4935 3503 4950 3519 small-vehicle 0
5554 3613 5569 3631 5537 3661 5521 3646 small-vehicle 0
4933 3565 4921 3551 4950 3521 4962 3532 small-vehicle 0
4949 3577 4937 3565 4964 3539 4978 3552 small-vehicle 0
4962 3598 4949 3586 4980 3556 4990 3568 small-vehicle 0
4993 3627 4978 3613 5009 3579 5022 3595 small-vehicle 0
4982 3609 4966 3595 4995 3567 5008 3578 small-vehicle 0
4912 3681 4898 3669 4927 3638 4942 3653 small-vehicle 1
4897 3665 4883 3654 4912 3625 4923 3638 small-vehicle 1
4894 3609 4905 3623 4880 3647 4867 3635 small-vehicle 1
5489 3773 5474 3760 5509 3726 5521 3740 small-vehicle 0
5547 1450 5529 1454 5522 1417 5537 1413 small-vehicle 0
5489 1293 5504 1290 5512 1328 5497 1333 small-vehicle 0
5325 1199 5328 1216 5288 1227 5283 1207 small-vehicle 0
6179 2098 6164 2106 6149 2070 6163 2062 small-vehicle 0
4382 390 4422 382 4426 401 4385 409 small-vehicle 0
4331 395 4375 387 4378 407 4334 416 small-vehicle 0
4278 402 4313 398 4315 412 4282 417 small-vehicle 0
4230 408 4272 404 4272 422 4232 426 small-vehicle 0
6253 680 6268 676 6277 710 6261 716 small-vehicle 0
6228 766 6227 787 6187 789 6188 767 small-vehicle 0
6549 1157 6542 1172 6511 1158 6518 1144 small-vehicle 0
6263 2196 6268 2181 6301 2195 6296 2209 small-vehicle 0
6261 2182 6252 2195 6224 2172 6235 2160 small-vehicle 0
6128 2023 6143 2017 6157 2055 6144 2060 small-vehicle 0
4533 370 4566 366 4567 380 4535 386 small-vehicle 0
6087 1924 6102 1919 6115 1953 6101 1959 small-vehicle 0
6047 1830 6063 1821 6076 1858 6062 1866 small-vehicle 0
6360 1059 6361 1044 6396 1041 6396 1056 small-vehicle 0
6237 1060 6274 1054 6276 1068 6242 1074 small-vehicle 0
6188 1066 6222 1062 6221 1076 6191 1079 small-vehicle 0
5027 2777 5044 2783 5032 2815 5016 2813 small-vehicle 0
5049 2789 5062 2794 5052 2821 5038 2816 small-vehicle 0
5070 2795 5086 2802 5073 2832 5058 2826 small-vehicle 0
4006 2181 4011 2165 4046 2179 4041 2194 small-vehicle 0
4476 378 4519 375 4519 391 4477 395 small-vehicle 0
4584 366 4620 363 4621 376 4586 380 small-vehicle 0
5239 1218 5241 1233 5207 1243 5204 1226 small-vehicle 0
5771 319 5771 334 5738 335 5737 322 small-vehicle 0
5289 879 5291 894 5251 898 5249 884 small-vehicle 0
5236 887 5238 901 5202 906 5201 891 small-vehicle 0
5196 892 5198 907 5163 909 5162 894 small-vehicle 0
5021 926 5017 909 5057 906 5059 924 small-vehicle 0
5540 832 5538 814 5576 812 5576 826 small-vehicle 0
5583 828 5581 809 5620 806 5622 824 small-vehicle 0
5637 822 5635 804 5677 799 5676 817 small-vehicle 0
5686 800 5720 796 5721 810 5688 815 small-vehicle 0
5803 784 5804 804 5763 806 5760 788 small-vehicle 0
5646 334 5647 352 5612 356 5610 337 small-vehicle 0
4636 359 4676 353 4677 367 4639 373 small-vehicle 0
5295 325 5326 320 5329 334 5299 342 small-vehicle 0
5250 281 5251 298 5215 303 5213 285 small-vehicle 0
5200 288 5202 305 5166 310 5162 291 small-vehicle 1
5150 295 5151 310 5114 314 5113 298 small-vehicle 0
5065 306 5101 303 5101 317 5067 320 small-vehicle 0
5016 310 5055 307 5057 324 5019 329 small-vehicle 1
4839 334 4871 331 4872 346 4842 351 small-vehicle 0
4723 348 4761 344 4762 361 4725 366 small-vehicle 0
4780 383 4817 379 4820 394 4781 400 small-vehicle 0
5075 3794 5089 3809 5060 3839 5046 3824 small-vehicle 0
5041 3630 5057 3646 5029 3671 5014 3655 small-vehicle 0
2771 2712 2786 2715 2783 2746 2768 2745 small-vehicle 0
5060 3662 5069 3677 5037 3695 5029 3677 small-vehicle 0
2681 1285 2667 1267 2703 1240 2716 1258 large-vehicle 0
2920 1247 2901 1248 2898 1209 2915 1208 large-vehicle 0
2707 1005 2726 1003 2729 1038 2714 1040 small-vehicle 0
2794 987 2810 986 2815 1022 2799 1022 small-vehicle 0
2819 982 2838 981 2840 1020 2823 1020 small-vehicle 0
2881 1025 2862 1028 2858 984 2873 980 large-vehicle 0
2903 1024 2885 1026 2878 977 2898 976 large-vehicle 0
2763 257 2755 241 2786 223 2794 234 small-vehicle 0
2776 277 2768 261 2796 247 2804 261 small-vehicle 0
2994 1914 2986 1934 2951 1918 2955 1899 small-vehicle 0
3040 2078 3019 2073 3032 2030 3052 2037 small-vehicle 0
3177 2240 3169 2222 3200 2207 3211 2224 small-vehicle 0
3009 2767 2988 2767 2992 2717 3012 2717 large-vehicle 0
3154 2877 3134 2877 3136 2833 3155 2833 small-vehicle 0
3267 482 3265 464 3301 457 3304 478 small-vehicle 0
3169 286 3165 268 3211 256 3214 274 large-vehicle 0
3067 359 3088 359 3088 403 3067 402 large-vehicle 0
3981 2335 3984 2315 4024 2331 4018 2349 small-vehicle 0
3948 2362 3967 2369 3953 2410 3933 2404 small-vehicle 0
3921 2358 3939 2364 3928 2401 3909 2396 small-vehicle 0
4015 2476 4033 2481 4025 2520 4008 2513 small-vehicle 0
2670 1260 2656 1243 2693 1216 2706 1231 large-vehicle 0
2778 1863 2784 1848 2818 1858 2813 1874 small-vehicle 0
2693 1777 2698 1760 2736 1774 2732 1789 small-vehicle 0
2831 2801 2812 2800 2816 2757 2833 2758 small-vehicle 0
2785 2769 2774 2780 2745 2755 2754 2740 small-vehicle 0
2741 2757 2733 2772 2702 2745 2713 2733 small-vehicle 0
2775 2784 2764 2795 2735 2771 2744 2758 small-vehicle 0
2765 2806 2755 2818 2724 2795 2734 2783 small-vehicle 0
2658 2779 2658 2761 2698 2764 2698 2780 small-vehicle 0
2691 2829 2687 2810 2725 2800 2729 2815 small-vehicle 0
2670 2807 2670 2787 2711 2784 2715 2802 small-vehicle 0
2739 2856 2732 2841 2765 2821 2772 2836 small-vehicle 0
2821 2847 2805 2847 2810 2813 2824 2815 small-vehicle 0
2835 2748 2816 2747 2821 2701 2837 2701 small-vehicle 0
2849 1885 2855 1868 2895 1882 2891 1896 small-vehicle 0
2841 2712 2835 2694 2881 2674 2886 2692 small-vehicle 0
2843 2735 2838 2719 2878 2700 2884 2718 small-vehicle 0
2844 2755 2840 2742 2876 2725 2883 2742 small-vehicle 0
2840 2781 2834 2762 2873 2750 2878 2766 small-vehicle 0
2838 2808 2833 2793 2869 2777 2878 2792 small-vehicle 0
2835 2833 2829 2816 2866 2803 2870 2818 small-vehicle 0
2834 2856 2829 2841 2865 2828 2869 2844 small-vehicle 0
2843 2464 2834 2446 2869 2427 2880 2442 small-vehicle 0
2465 2395 2465 2378 2506 2381 2506 2397 small-vehicle 0
3985 2472 4003 2480 3991 2512 3974 2507 small-vehicle 0
4096 2482 4090 2502 4051 2486 4057 2469 small-vehicle 0
4082 2524 4075 2543 4038 2531 4045 2512 small-vehicle 0
4964 3338 4975 3350 4951 3376 4937 3363 small-vehicle 0
4387 3283 4399 3272 4424 3302 4411 3311 small-vehicle 0
4470 3351 4460 3363 4429 3331 4440 3322 small-vehicle 0
4823 3296 4823 3280 4863 3282 4862 3298 small-vehicle 0
4848 3486 4837 3472 4865 3442 4878 3453 small-vehicle 0
4882 3461 4893 3473 4864 3497 4854 3485 small-vehicle 0
4884 3518 4873 3505 4902 3473 4914 3486 small-vehicle 0
4936 3445 4945 3459 4920 3485 4908 3471 small-vehicle 0
5028 3410 5039 3423 5015 3447 5004 3438 small-vehicle 0
4947 3323 4960 3336 4930 3363 4917 3351 small-vehicle 0
4952 3391 4962 3380 4989 3410 4978 3422 small-vehicle 0
4619 3159 4634 3163 4624 3199 4608 3197 small-vehicle 0
5075 3460 5085 3470 5062 3494 5052 3481 small-vehicle 0
5090 3473 5100 3485 5076 3509 5065 3496 small-vehicle 0
5088 3532 5073 3518 5104 3488 5117 3500 small-vehicle 0
5044 3426 5056 3437 5034 3461 5021 3451 small-vehicle 0
4937 3498 4927 3487 4950 3461 4959 3473 small-vehicle 0
4950 3516 4938 3503 4964 3477 4973 3490 small-vehicle 0
4993 3511 5003 3524 4979 3548 4967 3538 small-vehicle 0
4992 3567 4980 3556 5012 3525 5020 3537 small-vehicle 0
5097 3697 5105 3715 5068 3728 5063 3711 small-vehicle 0
4594 3159 4613 3164 4604 3202 4591 3198 small-vehicle 0
4641 3165 4657 3167 4649 3208 4633 3204 small-vehicle 0
4302 3048 4312 3061 4284 3082 4273 3067 small-vehicle 0
4614 3005 4603 2988 4635 2960 4647 2974 small-vehicle 0
4328 3054 4336 3069 4302 3090 4292 3075 small-vehicle 0
4342 3069 4353 3086 4316 3109 4307 3094 small-vehicle 0
4279 3152 4269 3162 4246 3138 4258 3126 small-vehicle 0
4494 2906 4491 2925 4456 2913 4459 2899 small-vehicle 0
4498 2920 4514 2927 4502 2957 4487 2949 small-vehicle 0
4520 2924 4538 2932 4524 2969 4505 2962 small-vehicle 0
4538 2939 4553 2947 4540 2979 4525 2974 small-vehicle 0
4558 2942 4573 2947 4562 2981 4548 2976 small-vehicle 0
4579 2945 4599 2952 4580 2987 4566 2981 small-vehicle 0
4690 2995 4682 3012 4646 2993 4653 2978 small-vehicle 0
4663 3169 4680 3173 4669 3213 4652 3210 small-vehicle 0
4734 3013 4727 3030 4692 3013 4697 2995 small-vehicle 0
4787 3030 4782 3051 4741 3033 4747 3016 small-vehicle 0
4790 3079 4789 3098 4747 3087 4749 3070 small-vehicle 0
4723 3132 4742 3136 4733 3174 4715 3169 small-vehicle 0
4702 3131 4717 3133 4709 3169 4694 3166 small-vehicle 0
4698 3174 4722 3178 4712 3212 4696 3207 small-vehicle 0
4674 3123 4692 3128 4683 3163 4668 3159 small-vehicle 0
4649 3119 4669 3123 4660 3158 4645 3154 small-vehicle 0
4628 3117 4644 3121 4637 3155 4622 3151 small-vehicle 0
392 924 375 935 274 709 297 700 large-vehicle 0
