imagesource:GoogleEarth
gsd:0.106162053209
1512 350 1520 338 1556 351 1550 365 small-vehicle 0
963 550 985 535 1040 605 1019 622 large-vehicle 0
1343 439 1309 430 1330 359 1363 365 large-vehicle 0
1292 435 1256 427 1282 336 1314 343 large-vehicle 0
1249 420 1215 411 1245 323 1277 332 large-vehicle 0
1215 390 1179 384 1196 307 1230 311 large-vehicle 0
1171 385 1137 377 1159 286 1192 291 large-vehicle 0
1138 372 1106 371 1113 295 1146 295 large-vehicle 0
1102 361 1067 358 1078 265 1110 266 large-vehicle 0
1053 338 1019 332 1038 250 1070 255 large-vehicle 0
1020 350 986 344 1003 241 1035 245 large-vehicle 0
988 336 956 332 967 240 1000 243 large-vehicle 0
956 328 922 325 932 233 966 237 large-vehicle 0
892 328 857 324 867 232 901 236 large-vehicle 0
670 373 669 346 833 342 834 368 large-vehicle 0
669 340 669 311 836 308 837 337 large-vehicle 0
733 803 707 805 698 706 724 703 large-vehicle 0
914 621 932 607 1003 678 985 697 large-vehicle 0
1040 672 1020 689 948 601 970 584 large-vehicle 0
1386 457 1352 447 1372 382 1404 389 large-vehicle 0
1423 486 1389 478 1409 400 1442 405 large-vehicle 0
1509 521 1475 515 1495 423 1528 429 large-vehicle 0
1532 765 1531 740 1618 737 1619 763 large-vehicle 0
336 559 335 530 440 525 442 552 large-vehicle 0
449 552 448 525 545 523 546 549 large-vehicle 0
341 585 339 559 438 555 438 582 large-vehicle 0
445 583 445 555 552 550 554 578 large-vehicle 0
341 618 343 590 453 592 452 621 large-vehicle 0
558 406 559 435 444 441 443 412 large-vehicle 0
1536 808 1537 780 1645 782 1645 811 large-vehicle 0
1634 757 1635 733 1708 732 1708 756 large-vehicle 0
1560 525 1524 521 1539 429 1572 431 large-vehicle 0
1596 724 1600 699 1693 705 1691 730 large-vehicle 0
1596 696 1595 671 1702 670 1701 697 large-vehicle 0
1579 666 1579 641 1684 641 1684 665 large-vehicle 0
1589 637 1591 613 1701 614 1701 639 large-vehicle 0
1592 610 1595 584 1701 586 1700 613 large-vehicle 0
1587 577 1588 552 1693 554 1692 581 large-vehicle 0
1593 532 1595 505 1707 509 1705 536 large-vehicle 0
1114 691 1091 708 1021 628 1043 611 large-vehicle 0
980 520 1001 506 1060 578 1039 597 large-vehicle 0
1768 458 1774 440 1818 456 1815 474 small-vehicle 0
1143 675 1120 693 1048 613 1069 596 large-vehicle 0
464 455 490 450 502 513 474 519 large-vehicle 0
492 451 519 446 530 507 502 512 large-vehicle 0
530 449 556 446 563 501 536 505 large-vehicle 0
558 455 586 451 594 508 565 512 large-vehicle 0
1027 760 1049 773 1022 820 999 806 large-vehicle 0
1076 755 1099 772 1061 826 1036 807 large-vehicle 0
1112 774 1130 787 1100 830 1082 819 large-vehicle 0
1201 764 1224 774 1204 823 1178 813 large-vehicle 0
1242 757 1264 770 1232 824 1209 808 large-vehicle 0
1322 762 1344 779 1306 834 1282 815 large-vehicle 0
1354 769 1374 785 1343 828 1321 813 large-vehicle 0
325 471 347 468 353 520 329 523 large-vehicle 0
1840 34 1855 26 1871 62 1857 70 small-vehicle 0
1792 225 1778 214 1802 184 1816 196 small-vehicle 0
1787 253 1783 269 1738 256 1745 240 small-vehicle 0
1556 278 1562 261 1595 278 1590 292 small-vehicle 0
1804 387 1811 368 1855 387 1851 403 small-vehicle 0
435 457 462 453 470 520 442 522 large-vehicle 0
404 462 435 460 441 515 410 519 large-vehicle 0
373 462 403 459 410 521 379 525 large-vehicle 0
1214 512 1236 493 1306 569 1284 590 large-vehicle 0
1179 669 1157 686 1086 606 1108 590 large-vehicle 0
1224 672 1202 688 1133 605 1153 591 large-vehicle 0
1268 673 1248 690 1186 621 1205 604 large-vehicle 0
1316 681 1295 699 1224 613 1246 596 large-vehicle 0
1345 671 1325 688 1256 606 1278 590 large-vehicle 0
1372 648 1345 668 1285 587 1308 571 large-vehicle 0
1296 555 1318 536 1388 609 1366 629 large-vehicle 0
1191 530 1210 514 1272 579 1250 597 large-vehicle 0
346 466 372 462 379 523 353 526 large-vehicle 0
1150 524 1170 509 1236 586 1214 604 large-vehicle 0
1105 521 1124 504 1194 583 1173 603 large-vehicle 0
1074 529 1095 513 1154 589 1132 607 large-vehicle 0
1039 541 1061 524 1110 588 1087 606 large-vehicle 0
1122 123 1133 98 1261 151 1250 174 large-vehicle 1
1385 810 1385 782 1490 783 1489 810 large-vehicle 0
1466 492 1430 480 1453 411 1485 419 large-vehicle 0
208 251 195 229 324 154 337 176 large-vehicle 0
