imagesource:GoogleEarth
gsd:0.116325514978
903 464 919 473 899 506 882 495 small-vehicle 0
389 742 403 750 384 781 368 772 small-vehicle 0
493 854 512 865 481 913 460 902 large-vehicle 0
531 809 547 820 518 858 503 845 large-vehicle 0
501 798 519 810 493 848 474 834 large-vehicle 0
464 849 480 858 453 902 437 891 large-vehicle 0
444 844 459 852 427 897 412 887 large-vehicle 0
475 796 493 804 468 844 450 833 large-vehicle 0
458 774 476 784 447 823 432 812 large-vehicle 0
458 739 473 750 444 787 428 775 large-vehicle 0
425 782 440 793 412 831 396 820 large-vehicle 0
426 821 440 830 417 864 401 855 small-vehicle 0
413 748 430 756 410 790 394 782 small-vehicle 0
388 786 406 795 373 843 354 831 large-vehicle 0
395 693 411 703 387 739 371 729 large-vehicle 0
553 820 568 830 535 880 519 870 large-vehicle 0
364 730 383 741 350 789 332 778 large-vehicle 0
351 835 367 847 337 882 322 871 large-vehicle 0
322 825 337 836 311 869 295 857 small-vehicle 0
363 775 379 785 348 831 331 819 large-vehicle 0
262 614 282 625 249 672 229 660 large-vehicle 0
228 665 245 675 212 723 194 709 large-vehicle 0
251 677 269 687 240 731 222 720 large-vehicle 0
191 714 208 727 176 774 156 761 large-vehicle 0
184 665 202 674 153 742 135 729 large-vehicle 0
168 633 185 643 152 690 133 676 large-vehicle 0
131 682 150 693 118 736 101 723 large-vehicle 0
209 573 228 586 194 633 175 619 large-vehicle 0
516 873 534 883 504 928 487 917 large-vehicle 0
571 836 589 845 559 897 539 885 large-vehicle 0
279 637 295 648 272 682 256 671 small-vehicle 0
578 1000 597 1010 566 1060 544 1048 large-vehicle 0
829 1114 848 1126 799 1194 779 1180 large-vehicle 0
788 1120 808 1133 757 1199 737 1183 large-vehicle 0
792 1028 813 1041 767 1108 746 1095 large-vehicle 0
737 1104 760 1116 721 1173 698 1162 large-vehicle 0
836 1057 858 1070 820 1126 798 1110 large-vehicle 0
779 1002 797 1013 755 1074 735 1063 large-vehicle 0
713 1042 731 1056 684 1121 665 1108 large-vehicle 0
676 1039 698 1054 654 1111 635 1097 large-vehicle 0
653 1022 673 1036 630 1094 610 1078 large-vehicle 0
732 962 752 973 710 1040 687 1027 large-vehicle 0
713 937 732 950 679 1026 661 1013 large-vehicle 0
616 995 634 1007 587 1076 566 1062 large-vehicle 0
561 983 579 993 546 1042 528 1030 large-vehicle 0
597 847 616 857 584 905 563 894 large-vehicle 0
546 968 563 979 529 1028 512 1014 large-vehicle 0
524 951 542 962 509 1013 490 1000 large-vehicle 0
598 938 615 949 584 991 565 979 large-vehicle 0
582 914 600 925 568 974 549 962 large-vehicle 0
561 902 578 913 548 960 528 948 large-vehicle 0
538 887 558 897 525 944 507 933 large-vehicle 0
505 938 521 948 487 996 470 984 large-vehicle 0
483 919 501 928 469 978 450 966 large-vehicle 0
460 912 476 922 445 967 430 957 large-vehicle 0
436 897 453 906 421 954 403 940 large-vehicle 0
635 887 651 896 622 938 606 926 large-vehicle 0
648 911 665 920 637 961 621 949 large-vehicle 0
219 621 234 630 211 666 195 656 small-vehicle 0
151 558 141 572 113 551 122 538 small-vehicle 0
921 479 936 490 914 517 899 506 small-vehicle 0
1189 839 1198 822 1241 845 1233 860 small-vehicle 1
1106 582 1091 569 1118 539 1133 553 small-vehicle 0
1124 599 1109 587 1133 558 1148 569 small-vehicle 0
1140 619 1126 605 1158 568 1174 581 large-vehicle 0
1173 644 1160 633 1189 602 1202 613 small-vehicle 0
1193 664 1176 654 1200 618 1215 627 small-vehicle 0
1211 680 1196 669 1224 635 1239 646 small-vehicle 0
1230 698 1215 689 1234 659 1248 667 small-vehicle 0
989 627 1000 614 1048 649 1037 665 large-vehicle 0
974 646 986 632 1034 666 1022 680 large-vehicle 0
1219 780 1230 767 1265 791 1254 807 small-vehicle 1
1209 798 1219 783 1255 807 1246 822 small-vehicle 1
1195 814 1206 799 1253 828 1244 844 small-vehicle 1
1135 929 1152 940 1108 1003 1088 989 large-vehicle 1
1062 537 1047 526 1069 498 1083 509 small-vehicle 0
1043 937 1061 950 1026 999 1006 986 large-vehicle 1
234 912 246 896 322 949 310 963 large-vehicle 0
307 694 322 703 297 740 281 730 small-vehicle 0
346 723 361 733 336 770 321 760 small-vehicle 0
278 733 292 744 268 779 253 767 small-vehicle 0
299 745 314 756 287 792 271 780 small-vehicle 0
315 759 330 771 305 803 291 792 small-vehicle 1
269 785 282 796 257 832 243 821 small-vehicle 0
288 798 303 808 277 844 261 833 small-vehicle 0
1001 278 988 296 936 255 948 238 large-vehicle 0
710 363 728 374 701 413 685 402 small-vehicle 0
883 447 899 457 875 490 860 480 small-vehicle 0
1092 565 1077 555 1098 526 1112 535 small-vehicle 0
1046 522 1032 513 1052 486 1067 494 small-vehicle 0
126 591 115 606 88 588 96 574 small-vehicle 0
621 270 634 277 617 304 603 296 small-vehicle 0
366 586 357 604 303 571 315 553 large-vehicle 0
346 283 333 274 357 240 371 248 large-vehicle 0
713 44 702 60 660 27 670 13 large-vehicle 0
806 27 814 17 839 34 832 45 small-vehicle 0
558 162 545 154 565 126 578 134 small-vehicle 0
577 175 562 165 580 138 595 147 small-vehicle 0
596 147 609 156 590 185 576 177 small-vehicle 1
623 210 609 201 630 174 645 184 small-vehicle 0
675 247 659 237 677 213 694 222 small-vehicle 1
691 263 677 253 697 223 712 232 small-vehicle 0
640 273 654 283 633 311 619 302 small-vehicle 0
574 232 587 240 571 266 557 257 small-vehicle 0
735 300 720 289 746 255 760 266 small-vehicle 0
1031 508 1016 498 1037 468 1051 478 small-vehicle 0
757 306 743 298 761 270 776 280 small-vehicle 0
772 317 759 308 780 282 793 292 small-vehicle 0
787 334 773 325 796 294 810 303 small-vehicle 0
808 346 793 337 813 308 827 316 small-vehicle 0
829 358 814 349 834 320 849 328 small-vehicle 0
846 372 830 361 850 331 866 341 small-vehicle 0
863 382 848 372 870 341 885 350 small-vehicle 0
880 396 864 385 887 352 902 362 small-vehicle 0
899 405 883 396 903 363 918 374 small-vehicle 1
916 417 901 408 921 380 935 390 small-vehicle 0
947 440 932 430 951 404 964 413 small-vehicle 0
1015 493 1000 483 1022 452 1035 461 small-vehicle 0
881 1092 901 1104 855 1172 835 1157 large-vehicle 0
