imagesource:GoogleEarth
gsd:0.285148510203
343 265 360 439 190 459 170 286 baseball-diamond 0
106 752 82 581 259 552 289 724 baseball-diamond 0
391 756 413 923 235 946 215 776 baseball-diamond 0
157 1245 136 1079 306 1056 337 1227 baseball-diamond 0
440 1255 462 1439 273 1455 254 1278 baseball-diamond 0
207 1737 182 1553 373 1536 405 1719 baseball-diamond 0
505 1434 488 1286 646 1269 667 1419 baseball-diamond 0
751 1016 772 1172 619 1189 591 1036 baseball-diamond 0
457 1013 436 839 616 811 642 986 baseball-diamond 0
704 521 723 701 539 719 515 544 baseball-diamond 0
407 517 387 346 566 322 592 494 baseball-diamond 0
645 30 662 202 487 216 471 46 baseball-diamond 0
