imagesource:GoogleEarth
gsd:0.126414061821
866 22 862 35 822 25 827 12 small-vehicle 0
716 1195 735 1193 751 1286 731 1289 large-vehicle 0
962 1547 983 1545 997 1637 977 1639 large-vehicle 0
1020 1538 1039 1536 1055 1626 1035 1629 large-vehicle 0
1049 1534 1069 1531 1083 1623 1062 1627 large-vehicle 0
1077 1530 1097 1527 1111 1619 1089 1621 large-vehicle 0
1030 1665 1027 1644 1120 1632 1123 1654 large-vehicle 0
904 1355 923 1352 937 1443 916 1445 large-vehicle 0
928 1350 950 1346 964 1437 943 1440 large-vehicle 0
633 1206 653 1202 671 1296 650 1299 large-vehicle 0
664 1202 683 1200 696 1295 676 1297 large-vehicle 0
690 1199 710 1196 724 1289 702 1291 large-vehicle 0
743 1191 761 1187 779 1282 759 1286 large-vehicle 0
1042 654 1058 650 1066 685 1051 687 small-vehicle 0
771 1185 790 1182 805 1278 785 1280 large-vehicle 0
798 1182 816 1180 831 1273 812 1276 large-vehicle 0
822 1180 840 1177 858 1271 840 1274 large-vehicle 0
851 1171 870 1168 883 1263 863 1266 large-vehicle 0
876 1169 895 1165 911 1258 892 1262 large-vehicle 0
904 1164 922 1161 938 1255 918 1258 large-vehicle 0
928 1159 945 1156 963 1250 944 1253 large-vehicle 0
953 1156 971 1152 989 1245 969 1248 large-vehicle 0
979 1151 998 1147 1015 1241 994 1243 large-vehicle 0
750 1083 770 1080 784 1173 762 1175 large-vehicle 0
933 1551 954 1548 968 1639 947 1641 large-vehicle 0
1106 1819 1124 1825 1096 1914 1077 1908 large-vehicle 0
1080 1812 1098 1817 1071 1905 1052 1899 large-vehicle 0
1055 1804 1073 1810 1043 1898 1026 1891 large-vehicle 0
382 1616 393 1634 304 1675 296 1657 large-vehicle 0
421 1628 431 1645 345 1688 334 1669 large-vehicle 0
459 1640 469 1658 382 1699 373 1679 large-vehicle 0
519 1642 541 1648 514 1737 493 1731 large-vehicle 0
547 1651 567 1657 540 1747 519 1739 large-vehicle 0
576 1658 596 1664 569 1754 548 1748 large-vehicle 0
602 1667 621 1673 595 1762 574 1755 large-vehicle 0
628 1676 648 1682 622 1771 600 1763 large-vehicle 0
654 1683 675 1690 648 1779 627 1772 large-vehicle 0
682 1692 703 1698 676 1786 655 1780 large-vehicle 0
711 1700 731 1705 703 1794 682 1788 large-vehicle 0
737 1709 756 1715 727 1803 707 1796 large-vehicle 0
761 1716 781 1722 756 1809 736 1802 large-vehicle 0
790 1725 809 1732 782 1821 762 1814 large-vehicle 0
815 1733 834 1739 809 1827 789 1820 large-vehicle 0
841 1742 859 1747 835 1836 815 1830 large-vehicle 0
866 1750 886 1754 861 1843 840 1838 large-vehicle 0
919 1764 940 1769 913 1858 892 1851 large-vehicle 0
975 1782 994 1789 966 1875 947 1870 large-vehicle 0
1000 1791 1020 1796 993 1884 973 1878 large-vehicle 0
1029 1796 1047 1802 1019 1890 1001 1884 large-vehicle 0
775 1079 795 1075 812 1168 792 1171 large-vehicle 0
911 1052 933 1048 950 1142 925 1145 large-vehicle 0
576 860 597 857 620 994 598 997 large-vehicle 0
624 366 626 387 530 402 527 382 large-vehicle 0
630 393 634 414 538 431 534 411 large-vehicle 0
630 422 633 442 537 458 535 438 large-vehicle 0
636 445 640 466 543 485 539 464 large-vehicle 0
639 472 643 493 546 509 543 488 large-vehicle 0
644 499 648 520 550 535 548 515 large-vehicle 0
647 523 650 544 553 558 551 538 large-vehicle 0
770 477 765 456 859 434 865 453 large-vehicle 0
776 500 772 480 867 460 871 480 large-vehicle 0
778 524 774 503 871 487 876 509 large-vehicle 0
563 597 560 575 706 553 709 574 large-vehicle 0
796 560 793 539 934 513 938 535 large-vehicle 0
44 258 66 254 80 351 55 355 large-vehicle 0
56 358 81 354 94 448 69 454 large-vehicle 0
73 458 97 453 110 548 86 552 large-vehicle 0
35 126 25 118 43 97 51 105 small-vehicle 0
60 91 51 85 65 61 74 67 small-vehicle 0
1164 639 1179 636 1186 667 1173 670 small-vehicle 0
1132 654 1149 651 1158 688 1143 693 small-vehicle 0
1115 656 1126 653 1133 680 1121 683 small-vehicle 0
1093 648 1106 645 1113 675 1099 678 small-vehicle 0
1073 656 1087 652 1094 685 1080 688 small-vehicle 0
777 287 754 289 741 197 765 194 large-vehicle 0
619 338 624 360 527 378 522 357 large-vehicle 0
604 854 625 850 649 986 626 989 large-vehicle 0
612 311 615 332 522 349 517 328 large-vehicle 0
633 850 654 848 677 985 655 987 large-vehicle 0
661 845 681 842 701 982 681 984 large-vehicle 0
689 841 709 839 731 976 711 978 large-vehicle 0
714 834 735 831 760 971 737 974 large-vehicle 0
742 831 766 828 783 967 761 970 large-vehicle 0
770 827 791 824 815 961 794 964 large-vehicle 0
825 818 844 814 871 952 851 956 large-vehicle 0
853 813 874 810 901 948 880 952 large-vehicle 0
853 660 875 657 902 795 878 799 large-vehicle 0
744 673 764 670 791 809 769 812 large-vehicle 0
716 679 737 675 760 813 738 817 large-vehicle 0
687 686 709 682 733 821 710 824 large-vehicle 0
662 688 682 685 706 824 685 828 large-vehicle 0
633 694 652 690 677 830 656 834 large-vehicle 0
605 700 626 696 652 834 630 838 large-vehicle 0
578 703 599 699 623 838 601 842 large-vehicle 0
551 706 572 703 594 842 574 845 large-vehicle 0
601 213 604 233 508 248 505 228 large-vehicle 0
602 236 605 256 510 272 506 252 large-vehicle 0
605 259 609 279 514 295 510 275 large-vehicle 0
610 283 613 304 517 321 513 300 large-vehicle 0
355 1605 358 1625 260 1640 259 1621 large-vehicle 0
