imagesource:GoogleEarth
gsd:0.125680797258
1704 1091 1691 1104 1661 1070 1675 1057 large-vehicle 0
882 844 885 857 851 863 848 850 small-vehicle 0
978 1209 965 1219 943 1190 955 1181 small-vehicle 0
1024 1172 1012 1181 993 1152 1004 1144 small-vehicle 0
1075 1135 1064 1144 1042 1112 1054 1104 small-vehicle 0
1094 1121 1080 1130 1062 1102 1077 1092 small-vehicle 0
909 1151 918 1144 937 1171 928 1178 small-vehicle 0
942 1122 953 1114 975 1144 964 1152 small-vehicle 0
979 1095 990 1087 1010 1116 998 1123 small-vehicle 0
995 1082 1007 1074 1028 1106 1016 1113 small-vehicle 0
1013 1068 1024 1057 1048 1087 1034 1098 small-vehicle 0
1035 1052 1047 1043 1068 1072 1056 1080 small-vehicle 0
972 938 982 949 954 973 944 961 small-vehicle 0
958 922 967 934 938 957 928 946 small-vehicle 0
944 903 951 913 924 935 916 924 small-vehicle 0
870 821 872 836 838 841 835 826 small-vehicle 0
929 888 938 900 910 923 902 912 small-vehicle 0
686 1897 696 1910 666 1930 658 1918 small-vehicle 0
674 1324 684 1317 708 1348 697 1355 small-vehicle 0
502 1041 492 1049 470 1022 480 1014 small-vehicle 0
518 1028 508 1036 486 1008 496 999 small-vehicle 0
536 1014 525 1022 503 993 515 984 small-vehicle 0
757 1101 770 1087 793 1114 779 1126 small-vehicle 0
607 1217 618 1209 641 1242 629 1250 small-vehicle 0
776 1364 765 1371 746 1344 758 1335 small-vehicle 0
761 1376 749 1386 727 1354 739 1346 small-vehicle 0
743 1389 732 1398 712 1373 724 1364 small-vehicle 0
725 1406 712 1415 686 1379 699 1370 small-vehicle 0
790 1526 778 1536 755 1508 766 1497 small-vehicle 0
690 1550 704 1541 729 1575 714 1585 small-vehicle 0
686 1738 675 1746 656 1717 670 1709 small-vehicle 0
713 1937 724 1953 690 1975 678 1960 small-vehicle 0
959 1222 946 1233 924 1203 936 1193 small-vehicle 0
941 1238 928 1248 905 1220 916 1211 small-vehicle 0
901 1262 889 1272 864 1240 876 1231 small-vehicle 0
924 1139 937 1129 958 1156 946 1166 small-vehicle 0
1398 1199 1406 1211 1381 1229 1372 1218 small-vehicle 0
1384 1180 1392 1192 1365 1211 1357 1200 small-vehicle 0
1175 1211 1184 1220 1156 1244 1149 1234 small-vehicle 0
1299 1164 1289 1173 1269 1148 1279 1138 small-vehicle 0
1236 1101 1248 1092 1269 1120 1257 1129 small-vehicle 0
1297 1067 1310 1071 1296 1108 1282 1102 small-vehicle 0
1228 1109 1210 1104 1218 1070 1234 1074 small-vehicle 0
1329 971 1318 980 1293 951 1304 942 small-vehicle 0
1298 939 1288 947 1264 920 1274 910 small-vehicle 0
1250 862 1251 878 1216 881 1214 866 small-vehicle 0
1232 842 1231 854 1201 855 1202 842 small-vehicle 0
1148 769 1158 761 1177 787 1166 795 small-vehicle 0
1133 730 1142 731 1134 767 1125 766 small-vehicle 0
1110 707 1122 709 1115 746 1102 742 small-vehicle 0
1086 812 1099 814 1092 848 1080 846 small-vehicle 0
1064 785 1080 787 1074 825 1058 823 small-vehicle 0
1060 779 1048 788 1025 756 1037 748 small-vehicle 0
1030 724 1029 741 990 739 990 722 small-vehicle 0
1007 695 1008 710 973 709 972 694 small-vehicle 0
991 671 989 686 950 682 951 666 small-vehicle 0
918 675 929 668 948 693 938 700 small-vehicle 0
929 749 929 732 964 731 965 747 small-vehicle 0
978 793 962 791 968 754 984 756 small-vehicle 0
984 800 994 792 1013 817 1003 825 small-vehicle 0
1013 852 1014 838 1047 843 1045 857 small-vehicle 0
1068 909 1055 906 1062 874 1075 877 small-vehicle 0
1138 864 1136 878 1100 873 1101 858 small-vehicle 0
1141 891 1138 903 1104 896 1107 884 small-vehicle 0
1116 924 1104 933 1084 907 1096 897 small-vehicle 0
699 1919 707 1931 682 1950 674 1937 small-vehicle 0
672 1877 680 1891 650 1910 642 1896 small-vehicle 0
1442 1264 1457 1268 1447 1305 1431 1300 small-vehicle 0
439 951 426 962 402 928 415 919 small-vehicle 0
367 1120 376 1132 347 1155 339 1143 small-vehicle 0
354 1107 361 1119 333 1138 326 1125 small-vehicle 0
340 1086 349 1101 315 1127 305 1112 small-vehicle 0
691 764 678 773 652 738 663 728 small-vehicle 0
675 777 661 788 635 751 647 742 small-vehicle 0
656 795 648 802 626 772 635 766 small-vehicle 0
642 812 629 821 599 782 611 772 small-vehicle 0
624 827 612 836 583 798 595 790 small-vehicle 0
606 841 592 851 564 812 576 803 small-vehicle 0
568 846 554 854 535 822 548 813 small-vehicle 0
535 872 524 881 502 854 512 845 small-vehicle 0
487 915 475 923 454 895 465 888 small-vehicle 0
470 928 460 937 437 906 447 899 small-vehicle 0
453 938 444 947 419 916 431 908 small-vehicle 0
645 386 638 399 608 382 616 368 small-vehicle 0
661 1855 668 1866 640 1888 631 1877 small-vehicle 0
623 420 614 427 588 400 598 391 small-vehicle 0
584 450 575 460 551 433 560 424 small-vehicle 0
564 467 552 475 532 451 544 441 small-vehicle 0
528 496 519 506 497 480 507 471 small-vehicle 0
507 509 497 518 475 492 487 483 small-vehicle 0
486 527 475 535 454 507 464 498 small-vehicle 0
468 539 455 550 435 523 447 514 small-vehicle 0
430 573 419 582 399 557 411 547 small-vehicle 0
398 600 386 613 366 588 377 576 small-vehicle 0
376 616 364 626 344 598 358 588 small-vehicle 0
360 634 348 645 326 617 338 607 small-vehicle 0
340 652 330 661 305 633 316 625 small-vehicle 0
324 664 314 678 290 655 302 642 small-vehicle 0
300 681 288 691 266 665 276 655 small-vehicle 0
396 1162 403 1174 381 1189 375 1179 small-vehicle 0
409 1175 418 1187 394 1206 385 1194 small-vehicle 0
422 1194 429 1204 399 1228 391 1217 small-vehicle 0
437 1206 447 1220 412 1244 404 1232 small-vehicle 0
651 1831 660 1845 629 1866 620 1854 small-vehicle 0
636 1814 644 1828 609 1850 602 1835 small-vehicle 0
623 1795 630 1810 597 1828 590 1814 small-vehicle 0
583 1735 592 1747 561 1770 553 1756 small-vehicle 0
624 2098 617 2084 645 2067 652 2080 small-vehicle 0
611 2078 604 2065 633 2044 641 2056 small-vehicle 0
591 2034 583 2022 616 2000 624 2012 small-vehicle 0
580 2013 572 2001 593 1982 602 1994 small-vehicle 0
572 2027 581 2042 544 2064 536 2048 small-vehicle 0
550 1971 542 1959 573 1939 579 1953 small-vehicle 0
517 1910 508 1896 539 1872 549 1886 small-vehicle 0
502 1890 495 1878 523 1860 531 1872 small-vehicle 0
487 1870 480 1858 510 1838 518 1852 small-vehicle 0
480 1847 468 1833 495 1811 506 1826 small-vehicle 0
463 1832 452 1818 482 1796 491 1809 small-vehicle 0
448 1807 440 1794 469 1771 478 1784 small-vehicle 0
383 1908 390 1921 360 1940 353 1926 small-vehicle 0
363 1891 371 1907 334 1927 326 1913 small-vehicle 0
347 1866 356 1882 318 1907 309 1890 small-vehicle 0
487 1895 495 1907 464 1924 458 1912 small-vehicle 0
473 1871 480 1884 450 1901 444 1889 small-vehicle 0
460 1849 468 1863 442 1878 433 1866 small-vehicle 0
444 1831 451 1842 427 1857 421 1846 small-vehicle 0
430 1810 438 1821 412 1838 405 1827 small-vehicle 0
417 1790 425 1802 397 1823 390 1810 small-vehicle 0
404 1764 414 1778 376 1803 368 1789 small-vehicle 0
476 1262 485 1273 462 1291 453 1280 small-vehicle 0
459 1241 469 1256 436 1278 427 1264 small-vehicle 0
447 1225 456 1236 429 1256 421 1245 small-vehicle 0
1426 1238 1440 1242 1427 1278 1413 1273 small-vehicle 0
1456 1310 1468 1302 1488 1329 1476 1337 small-vehicle 0
1506 1221 1522 1210 1549 1247 1533 1259 large-vehicle 0
942 511 957 511 954 554 939 553 small-vehicle 0
1289 1713 1302 1702 1321 1731 1309 1741 small-vehicle 0
1336 2013 1319 2015 1314 1967 1333 1965 large-vehicle 0
1312 2022 1293 2023 1290 1979 1309 1978 large-vehicle 0
1292 2020 1288 2040 1241 2031 1244 2010 large-vehicle 0
1253 2044 1262 2057 1223 2087 1211 2073 large-vehicle 0
1167 2133 1156 2119 1197 2087 1208 2103 large-vehicle 0
1143 2164 1124 2162 1130 2107 1147 2108 small-vehicle 0
1076 2194 1067 2178 1108 2153 1117 2170 small-vehicle 0
1096 727 1083 722 1098 681 1111 685 small-vehicle 0
1073 639 1073 654 1035 655 1034 640 small-vehicle 0
1050 617 1052 633 1010 635 1008 619 small-vehicle 0
1029 594 1030 609 994 611 993 596 small-vehicle 0
1010 573 1011 589 971 593 968 576 small-vehicle 0
994 554 994 568 958 569 958 554 small-vehicle 0
918 472 934 471 936 509 918 510 small-vehicle 0
761 1258 774 1249 802 1287 789 1296 large-vehicle 0
895 490 912 489 913 527 895 527 small-vehicle 0
850 521 867 521 866 561 849 560 small-vehicle 0
872 502 887 503 885 543 871 542 small-vehicle 0
828 531 843 531 846 571 830 572 small-vehicle 0
810 544 824 543 824 587 809 587 small-vehicle 0
784 557 798 556 801 594 787 596 small-vehicle 0
727 853 716 840 743 819 753 832 small-vehicle 0
742 873 732 859 763 834 774 850 small-vehicle 0
1028 1330 1015 1342 984 1308 998 1296 small-vehicle 0
987 1361 973 1371 949 1337 962 1327 small-vehicle 0
889 1164 903 1154 929 1190 915 1199 small-vehicle 0
852 1192 865 1182 891 1215 878 1224 small-vehicle 0
825 1049 838 1039 863 1073 851 1083 small-vehicle 0
585 1230 598 1220 624 1256 610 1266 small-vehicle 0
1300 1694 1315 1684 1343 1718 1328 1730 large-vehicle 0
1460 1532 1443 1539 1426 1493 1443 1487 large-vehicle 0
1408 1622 1424 1613 1446 1655 1430 1664 large-vehicle 0
1491 1751 1476 1759 1453 1719 1468 1710 large-vehicle 0
1579 1287 1564 1298 1536 1260 1549 1250 large-vehicle 0
1604 1299 1604 1317 1557 1316 1558 1299 large-vehicle 0
1616 1319 1616 1335 1569 1337 1569 1320 large-vehicle 0
1637 1342 1639 1361 1590 1363 1589 1345 large-vehicle 0
1663 1397 1649 1409 1623 1379 1638 1367 small-vehicle 0
1671 1398 1689 1400 1683 1444 1665 1442 small-vehicle 0
1730 1469 1715 1480 1687 1443 1702 1432 small-vehicle 0
1729 1479 1746 1483 1734 1530 1717 1526 small-vehicle 0
1783 1589 1789 1605 1746 1623 1739 1607 small-vehicle 0
1770 1683 1753 1686 1743 1640 1759 1636 small-vehicle 0
1739 1695 1726 1710 1695 1677 1709 1662 large-vehicle 0
1696 1733 1677 1734 1676 1688 1694 1687 large-vehicle 0
1667 1766 1651 1767 1647 1722 1664 1721 large-vehicle 0
1186 786 1200 791 1187 832 1171 827 large-vehicle 0
1451 1107 1450 1126 1400 1121 1402 1101 large-vehicle 0
1469 1132 1468 1148 1417 1144 1419 1127 large-vehicle 0
1493 1161 1493 1179 1445 1177 1446 1158 large-vehicle 0
1509 1186 1509 1204 1462 1202 1462 1184 large-vehicle 0
1372 1163 1357 1173 1336 1140 1350 1130 large-vehicle 0
1309 1099 1322 1090 1344 1119 1331 1128 large-vehicle 0
1415 1215 1424 1230 1393 1250 1384 1233 small-vehicle 0
1376 1290 1357 1287 1367 1236 1385 1240 large-vehicle 0
1396 1318 1379 1315 1388 1273 1404 1276 large-vehicle 0
1293 1365 1303 1380 1270 1403 1260 1388 large-vehicle 0
1304 1387 1313 1399 1284 1420 1276 1408 small-vehicle 0
1322 1408 1330 1422 1299 1441 1290 1428 small-vehicle 0
1326 1431 1340 1437 1324 1475 1310 1469 small-vehicle 0
1516 1679 1532 1666 1559 1702 1545 1713 large-vehicle 0
1516 1732 1500 1743 1473 1703 1488 1693 large-vehicle 0
834 1327 820 1337 793 1298 806 1288 large-vehicle 0
742 1271 756 1263 787 1308 773 1317 large-vehicle 0
1335 1250 1322 1244 1335 1216 1347 1222 small-vehicle 0
1346 1668 1359 1660 1378 1691 1366 1698 small-vehicle 0
1005 2075 1016 2069 1034 2098 1023 2105 small-vehicle 0
1133 1974 1146 1966 1168 1998 1155 2007 small-vehicle 0
1152 1959 1165 1952 1186 1985 1174 1992 small-vehicle 0
1173 1946 1186 1938 1206 1968 1193 1977 small-vehicle 0
1202 1916 1216 1907 1239 1938 1225 1947 small-vehicle 0
1241 1886 1252 1879 1274 1911 1263 1919 small-vehicle 0
1280 1860 1292 1852 1312 1886 1300 1894 small-vehicle 0
1358 1797 1371 1786 1399 1822 1385 1832 small-vehicle 0
1398 1772 1410 1764 1433 1795 1420 1804 small-vehicle 0
1436 1737 1448 1728 1468 1757 1458 1765 small-vehicle 0
1153 1766 1164 1758 1183 1788 1171 1795 small-vehicle 0
1269 1727 1279 1718 1300 1747 1289 1754 small-vehicle 0
1308 1613 1300 1600 1328 1581 1336 1594 small-vehicle 0
1338 1632 1329 1619 1357 1597 1366 1610 small-vehicle 0
1386 1643 1398 1633 1416 1662 1403 1670 small-vehicle 0
721 1284 736 1273 763 1308 748 1319 small-vehicle 0
1573 1548 1560 1544 1574 1508 1585 1512 small-vehicle 0
1558 1532 1545 1527 1555 1490 1569 1493 small-vehicle 0
1543 1512 1529 1507 1542 1472 1554 1476 small-vehicle 0
1527 1489 1514 1484 1525 1450 1538 1454 small-vehicle 0
1511 1469 1498 1465 1511 1430 1524 1434 small-vehicle 0
1496 1449 1481 1446 1492 1408 1507 1411 small-vehicle 0
1574 1427 1586 1433 1572 1468 1560 1463 small-vehicle 0
1560 1410 1572 1415 1558 1448 1545 1443 small-vehicle 0
1544 1395 1559 1400 1543 1433 1528 1427 small-vehicle 0
1519 1365 1505 1375 1485 1347 1498 1336 small-vehicle 0
1528 1371 1541 1376 1527 1410 1514 1404 small-vehicle 0
1476 1421 1460 1416 1472 1378 1486 1383 small-vehicle 0
1442 1355 1430 1364 1403 1333 1416 1323 small-vehicle 0
1322 1229 1309 1224 1323 1189 1336 1192 small-vehicle 0
1076 1824 1088 1817 1107 1844 1095 1852 small-vehicle 0
1058 1839 1071 1828 1090 1854 1079 1864 small-vehicle 0
1035 1848 1047 1840 1071 1873 1058 1881 small-vehicle 0
999 1882 1012 1871 1034 1900 1020 1912 small-vehicle 0
423 57 434 48 454 75 443 84 small-vehicle 0
646 309 636 297 664 276 673 288 small-vehicle 0
504 1272 517 1290 459 1333 447 1314 large-vehicle 0
1348 982 1349 1000 1303 1000 1304 981 small-vehicle 0
1377 1027 1375 1042 1334 1043 1333 1026 small-vehicle 0
1425 1082 1423 1095 1382 1092 1383 1078 small-vehicle 0
1275 315 1285 307 1307 337 1296 344 small-vehicle 0
1558 655 1570 647 1591 674 1579 682 small-vehicle 0
1580 908 1571 918 1547 892 1558 883 small-vehicle 0
1755 1509 1770 1514 1753 1558 1739 1553 small-vehicle 0
1627 1738 1637 1753 1602 1779 1591 1766 small-vehicle 0
1608 1792 1606 1810 1560 1799 1565 1781 small-vehicle 0
1583 1814 1580 1831 1535 1819 1540 1801 small-vehicle 0
1511 1865 1502 1850 1535 1822 1546 1837 small-vehicle 0
1495 1891 1476 1892 1474 1844 1491 1842 small-vehicle 0
1468 1913 1451 1915 1451 1870 1466 1869 small-vehicle 0
1442 1932 1424 1933 1424 1888 1440 1888 small-vehicle 0
1409 1962 1392 1962 1393 1916 1410 1917 small-vehicle 0
1382 1979 1365 1980 1365 1937 1379 1936 small-vehicle 0
1358 1998 1340 1998 1343 1951 1356 1951 small-vehicle 0
1663 1612 1652 1622 1630 1593 1642 1583 small-vehicle 0
1597 1584 1584 1579 1596 1551 1608 1555 small-vehicle 0
1671 1548 1683 1552 1671 1586 1658 1583 small-vehicle 0
1646 1534 1662 1539 1653 1575 1636 1571 small-vehicle 0
1634 1509 1646 1513 1634 1548 1621 1543 small-vehicle 0
1619 1490 1632 1494 1619 1528 1606 1523 small-vehicle 0
1602 1471 1614 1475 1602 1507 1588 1503 small-vehicle 0
1586 1452 1599 1456 1587 1491 1574 1485 small-vehicle 0
1035 2045 1048 2038 1068 2068 1055 2076 small-vehicle 0
224 699 210 692 227 659 239 664 small-vehicle 0
