imagesource:GoogleEarth
gsd:0.211051365832
2543 141 2646 141 2646 240 2543 240 storage-tank 0
820 1831 833 1827 843 1854 832 1856 small-vehicle 0
798 1760 812 1756 820 1783 807 1786 small-vehicle 0
727 1783 743 1778 753 1805 737 1810 small-vehicle 0
918 1747 933 1741 940 1767 928 1769 small-vehicle 0
759 1801 772 1795 783 1821 767 1823 small-vehicle 0
727 1812 739 1807 749 1831 734 1835 small-vehicle 0
854 1820 866 1816 875 1840 863 1842 small-vehicle 0
818 1861 830 1856 838 1880 825 1882 small-vehicle 0
709 1872 722 1867 727 1889 717 1893 small-vehicle 0
767 1851 779 1846 787 1873 774 1874 small-vehicle 0
842 1852 857 1847 864 1875 850 1876 small-vehicle 0
783 2091 793 2089 800 2114 785 2114 small-vehicle 0
795 4489 776 4492 765 4465 785 4455 small-vehicle 0
519 1095 507 1091 514 1066 529 1071 small-vehicle 0
1832 3812 1800 3820 1751 3683 1787 3673 ship 0
2247 3743 2261 3783 2012 3864 1992 3823 ship 0
1838 3969 2010 3911 2026 3952 1843 4006 ship 0
2189 4252 2176 4208 2354 4154 2368 4209 ship 0
2177 4494 2561 4374 2579 4414 2187 4548 ship 0
1876 4246 1946 4224 1952 4245 1879 4267 ship 0
1907 4311 2098 4239 2123 4299 1921 4370 ship 1
1734 3696 1757 3688 1802 3822 1777 3830 ship 0
706 2244 685 2244 673 2180 695 2173 large-vehicle 0
787 3323 800 3317 831 3395 812 3400 large-vehicle 0
834 1831 844 1826 854 1846 840 1851 small-vehicle 0
837 1772 853 1770 863 1796 848 1797 small-vehicle 0
251 3619 235 3623 209 3554 226 3545 large-vehicle 0
888 1809 900 1805 910 1835 897 1839 small-vehicle 0
810 1916 825 1912 833 1934 818 1939 small-vehicle 0
878 1892 892 1887 899 1914 887 1915 small-vehicle 0
752 1886 766 1880 773 1904 759 1907 small-vehicle 0
830 1752 846 1745 854 1769 838 1773 small-vehicle 0
943 1709 957 1705 965 1729 950 1732 small-vehicle 0
705 1708 719 1705 727 1734 712 1735 small-vehicle 0
793 1790 806 1784 816 1812 802 1814 small-vehicle 0
884 1757 898 1754 905 1780 890 1782 small-vehicle 0
749 1803 762 1799 768 1826 757 1829 small-vehicle 0
793 1736 778 1739 768 1715 785 1709 small-vehicle 0
757 1750 744 1754 734 1731 749 1723 small-vehicle 0
739 1729 727 1731 718 1706 733 1700 small-vehicle 0
762 1720 748 1721 738 1697 752 1690 small-vehicle 0
1023 1842 1036 1837 1046 1865 1033 1869 small-vehicle 0
797 1840 813 1835 819 1860 805 1863 small-vehicle 0
809 1865 796 1871 786 1843 799 1839 small-vehicle 0
745 1862 757 1859 765 1880 752 1884 small-vehicle 0
910 1725 925 1721 933 1744 917 1746 small-vehicle 0
947 1791 958 1787 966 1810 953 1810 small-vehicle 0
905 1749 918 1745 925 1772 914 1774 small-vehicle 0
876 1736 892 1732 898 1759 883 1762 storage-tank 0
713 1735 729 1730 737 1755 722 1759 small-vehicle 0
764 1772 777 1767 784 1794 772 1796 small-vehicle 0
762 3317 777 3312 805 3377 784 3380 large-vehicle 0
983 5099 997 5095 1004 5123 988 5126 small-vehicle 1
738 2110 750 2108 757 2135 747 2140 small-vehicle 0
1541 4634 1547 4649 1520 4660 1514 4645 small-vehicle 0
1538 4618 1566 4608 1572 4620 1543 4632 small-vehicle 0
1536 4605 1561 4596 1567 4611 1539 4617 small-vehicle 0
1534 4606 1531 4594 1556 4585 1563 4599 small-vehicle 1
1526 4584 1550 4574 1556 4586 1530 4596 small-vehicle 1
1544 4550 1549 4561 1521 4570 1516 4558 small-vehicle 1
1541 4539 1547 4551 1520 4559 1514 4547 small-vehicle 0
1510 4534 1538 4528 1545 4541 1516 4548 small-vehicle 1
1506 4523 1535 4512 1541 4527 1511 4536 small-vehicle 1
1499 4512 1529 4502 1533 4514 1504 4524 small-vehicle 1
1588 4560 1611 4553 1616 4564 1591 4573 small-vehicle 0
1583 4551 1612 4538 1616 4553 1589 4561 small-vehicle 0
1578 4540 1604 4530 1611 4543 1584 4553 small-vehicle 1
1575 4528 1603 4517 1608 4531 1579 4541 small-vehicle 1
1570 4515 1596 4505 1600 4517 1576 4530 small-vehicle 1
1568 4503 1592 4495 1598 4507 1571 4514 small-vehicle 1
1563 4492 1590 4481 1595 4496 1567 4505 small-vehicle 1
1559 4478 1586 4470 1592 4485 1563 4494 small-vehicle 1
1433 4508 1439 4519 1417 4530 1409 4519 small-vehicle 0
1427 4484 1432 4498 1408 4507 1401 4492 small-vehicle 0
1447 4448 1452 4463 1423 4473 1417 4459 small-vehicle 0
1437 4427 1444 4438 1419 4448 1412 4435 small-vehicle 0
1421 4455 1426 4470 1403 4479 1396 4467 small-vehicle 1
1413 4431 1419 4444 1400 4457 1390 4447 small-vehicle 1
1545 4633 1572 4623 1575 4639 1548 4649 small-vehicle 1
1524 4731 1518 4720 1544 4710 1549 4723 small-vehicle 1
1031 5085 1045 5081 1055 5109 1039 5113 small-vehicle 1
1478 4015 1575 3984 1583 4003 1483 4035 large-vehicle 0
1144 5519 1129 5522 1118 5493 1134 5487 small-vehicle 0
1113 5490 1099 5492 1087 5472 1103 5465 small-vehicle 0
869 4712 856 4715 845 4686 859 4684 small-vehicle 0
682 4868 669 4870 659 4843 672 4838 small-vehicle 0
624 4680 607 4685 592 4654 610 4645 small-vehicle 0
516 4375 498 4380 486 4344 504 4338 small-vehicle 0
223 2901 211 2907 200 2880 215 2872 small-vehicle 0
228 2851 214 2855 205 2825 218 2819 small-vehicle 0
198 2829 186 2832 179 2808 195 2803 small-vehicle 1
156 2613 138 2618 131 2587 148 2579 small-vehicle 0
115 2553 100 2558 93 2526 105 2519 small-vehicle 0
116 2470 99 2475 93 2447 112 2439 small-vehicle 0
55 2197 38 2200 34 2173 49 2167 small-vehicle 0
912 1801 924 1797 935 1824 919 1826 small-vehicle 1
686 1957 699 1952 708 1982 693 1985 small-vehicle 1
723 1946 736 1943 742 1969 729 1974 small-vehicle 1
743 1935 755 1930 766 1960 750 1963 small-vehicle 1
2272 544 2339 544 2339 614 2272 614 storage-tank 0
2201 512 2268 512 2268 577 2201 577 storage-tank 0
2230 595 2273 595 2273 639 2230 639 storage-tank 0
1583 3837 1600 3832 1615 3914 1598 3916 large-vehicle 0
1594 4010 1637 3994 1644 4013 1598 4029 large-vehicle 0
1421 4037 1476 4019 1481 4036 1428 4056 large-vehicle 0
847 1905 859 1901 869 1926 854 1930 small-vehicle 1
726 2114 739 2111 746 2142 732 2143 small-vehicle 0
2263 3832 2272 3867 2067 3932 2059 3896 ship 0
1893 5129 1979 5129 1979 5190 1893 5190 storage-tank 0
1864 5054 1957 5054 1957 5122 1864 5122 storage-tank 0
1947 5032 2031 5032 2031 5099 1947 5099 storage-tank 0
1934 4967 2007 4967 2007 5026 1934 5026 storage-tank 0
1848 4986 1931 4986 1931 5052 1848 5052 storage-tank 0
1818 4920 1907 4920 1907 4983 1818 4983 storage-tank 0
1914 4894 1978 4894 1978 4957 1914 4957 storage-tank 0
1888 4827 1964 4827 1964 4884 1888 4884 storage-tank 0
1799 4846 1882 4846 1882 4910 1799 4910 storage-tank 0
1867 4754 1934 4754 1934 4817 1867 4817 storage-tank 0
1772 4777 1861 4777 1861 4841 1772 4841 storage-tank 0
1655 4571 1765 4571 1765 4655 1655 4655 storage-tank 0
1767 4532 1878 4532 1878 4618 1767 4618 storage-tank 0
1814 4487 1865 4487 1865 4522 1814 4522 storage-tank 0
1742 4449 1823 4449 1823 4518 1742 4518 storage-tank 0
1619 4474 1731 4474 1731 4562 1619 4562 storage-tank 0
1589 4373 1700 4373 1700 4464 1589 4464 storage-tank 0
1715 4379 1799 4379 1799 4445 1715 4445 storage-tank 0
1702 4310 1774 4310 1774 4372 1702 4372 storage-tank 0
1619 4300 1694 4300 1694 4363 1619 4363 storage-tank 0
2155 918 2193 918 2193 957 2155 957 storage-tank 0
2068 660 2104 660 2104 698 2068 698 storage-tank 0
2278 493 2325 493 2325 539 2278 539 storage-tank 0
4333 1801 4543 1801 4543 2005 4333 2005 storage-tank 0
1970 5103 2053 5103 2053 5167 1970 5167 storage-tank 0
2038 5423 2177 5423 2177 5522 2038 5522 storage-tank 0
4648 1719 4816 1719 4816 1872 4648 1872 storage-tank 0
1883 5430 2010 5430 2010 5522 1883 5522 storage-tank 0
1985 1317 2316 1317 2316 1619 1985 1619 storage-tank 0
2295 1190 2640 1190 2640 1521 2295 1521 storage-tank 0
2703 1056 3070 1056 3070 1366 2703 1366 storage-tank 0
3140 930 3485 930 3485 1218 3140 1218 storage-tank 0
3450 810 3802 810 3802 1120 3450 1120 storage-tank 0
1049 1950 1380 1950 1380 2267 1049 2267 storage-tank 0
1486 1767 1831 1767 1831 2119 1486 2119 storage-tank 0
1810 1683 2169 1683 2169 2014 1810 2014 storage-tank 0
2253 1556 2570 1556 2570 1852 2253 1852 storage-tank 0
2647 1394 2992 1394 2992 1718 2647 1718 storage-tank 0
2978 1289 3323 1289 3323 1619 2978 1619 storage-tank 0
3407 1162 3745 1162 3745 1451 3407 1451 storage-tank 0
859 2239 1218 2239 1218 2563 859 2563 storage-tank 0
979 2556 1345 2556 1345 2894 979 2894 storage-tank 0
1914 314 2042 314 2042 418 1914 418 storage-tank 0
1364 489 1440 489 1440 549 1364 549 storage-tank 0
1392 549 1462 549 1462 613 1392 613 storage-tank 0
1214 549 1324 549 1324 649 1214 649 storage-tank 0
1112 651 1178 651 1178 711 1112 711 storage-tank 0
935 2087 973 2087 973 2119 935 2119 storage-tank 0
886 2169 928 2169 928 2204 886 2204 storage-tank 0
172 5080 270 5080 270 5162 172 5162 storage-tank 0
345 5487 420 5487 420 5545 345 5545 storage-tank 0
4704 1866 4880 1866 4880 2016 4704 2016 storage-tank 0
4592 1577 4765 1577 4765 1727 4592 1727 storage-tank 0
719 2159 734 2155 740 2183 723 2185 small-vehicle 0
138 215 150 216 147 245 133 245 small-vehicle 0
84 180 96 179 90 205 79 204 small-vehicle 0
78 252 65 248 70 224 88 226 small-vehicle 0
72 289 56 287 58 266 75 265 small-vehicle 0
40 422 19 417 44 320 62 322 large-vehicle 0
26 491 12 489 15 457 30 457 small-vehicle 0
44 482 29 480 34 457 48 457 small-vehicle 0
38 1834 55 1830 68 1904 50 1908 large-vehicle 0
94 2463 76 2465 60 2399 78 2393 large-vehicle 0
166 2715 148 2722 123 2637 143 2632 large-vehicle 0
847 5374 828 5379 806 5297 826 5290 large-vehicle 0
748 5043 729 5048 713 5004 732 4993 large-vehicle 0
957 5019 935 5023 908 4947 928 4939 large-vehicle 0
962 4975 942 4978 914 4904 935 4897 large-vehicle 0
869 4774 849 4776 823 4704 843 4694 large-vehicle 0
784 4520 766 4525 739 4450 757 4440 large-vehicle 0
559 3869 542 3874 500 3755 519 3749 large-vehicle 0
560 3688 582 3681 612 3767 594 3769 large-vehicle 0
479 3639 462 3644 423 3534 440 3527 large-vehicle 0
423 3474 404 3477 387 3424 406 3419 large-vehicle 0
364 3304 346 3309 318 3232 343 3225 large-vehicle 0
424 3284 442 3276 465 3348 448 3352 large-vehicle 0
305 3135 287 3142 266 3081 285 3073 large-vehicle 0
325 2996 342 2990 374 3076 355 3082 large-vehicle 0
109 152 125 152 116 179 104 175 small-vehicle 0
46 729 64 729 57 809 37 808 large-vehicle 0
4552 1432 4718 1432 4718 1580 4552 1580 storage-tank 0
133 286 154 286 129 399 108 396 large-vehicle 0
4505 1298 4670 1298 4670 1438 4505 1438 storage-tank 0
4445 1140 4613 1140 4613 1295 4445 1295 storage-tank 0
4336 840 4508 840 4508 983 4336 983 storage-tank 0
4286 691 4458 691 4458 840 4286 840 storage-tank 0
4241 547 4410 547 4410 686 4241 686 storage-tank 0
4192 405 4364 405 4364 550 4192 550 storage-tank 0
4131 252 4302 252 4302 397 4131 397 storage-tank 0
4091 106 4253 106 4253 252 4091 252 storage-tank 0
3845 1158 3908 1158 3908 1199 3845 1199 storage-tank 0
4482 5243 4535 5243 4535 5288 4482 5288 storage-tank 0
4532 5230 4587 5230 4587 5273 4532 5273 storage-tank 0
4585 5213 4637 5213 4637 5259 4585 5259 storage-tank 0
4633 5190 4697 5190 4697 5247 4633 5247 storage-tank 0
4698 5174 4758 5174 4758 5227 4698 5227 storage-tank 0
4751 5147 4825 5147 4825 5213 4751 5213 storage-tank 0
4825 5159 4891 5159 4891 5218 4825 5218 storage-tank 0
4891 5149 4960 5149 4960 5208 4891 5208 storage-tank 0
4873 5210 4946 5210 4946 5273 4873 5273 storage-tank 0
4784 5268 4867 5268 4867 5335 4784 5335 storage-tank 0
4871 5283 4928 5283 4928 5342 4871 5342 storage-tank 0
4726 5264 4784 5264 4784 5322 4726 5322 storage-tank 0
4666 5285 4725 5285 4725 5329 4666 5329 storage-tank 0
175 134 196 137 179 196 162 192 large-vehicle 0
1404 4389 1426 4381 1430 4393 1407 4402 small-vehicle 1
1309 4318 1294 4321 1284 4289 1303 4286 small-vehicle 0
1295 4272 1278 4276 1269 4247 1286 4242 small-vehicle 0
5160 4949 5188 4971 5133 5034 5103 5007 ship 1
3732 5464 3745 5457 3755 5487 3742 5491 small-vehicle 1
3716 5470 3732 5465 3739 5490 3726 5493 small-vehicle 1
4693 5128 4689 5118 4714 5111 4717 5123 small-vehicle 1
4725 5122 4718 5108 4744 5100 4749 5113 small-vehicle 0
4752 5113 4746 5099 4768 5093 4770 5105 small-vehicle 0
4779 5101 4774 5087 4803 5078 4807 5092 small-vehicle 1
4843 5079 4855 5077 4865 5102 4850 5103 small-vehicle 1
4811 5078 4838 5070 4843 5083 4817 5093 small-vehicle 1
4851 5039 4872 5028 4878 5042 4856 5050 small-vehicle 1
4747 5066 4767 5060 4773 5070 4748 5079 small-vehicle 1
4770 5060 4793 5056 4797 5066 4774 5074 small-vehicle 1
4795 5053 4814 5045 4819 5057 4802 5064 small-vehicle 1
4857 5076 4871 5069 4881 5096 4867 5098 small-vehicle 1
4890 5025 4896 5040 4877 5045 4873 5032 small-vehicle 0
4891 5022 4911 5016 4914 5029 4893 5036 small-vehicle 1
4882 5068 4893 5064 4903 5093 4892 5095 small-vehicle 1
4914 5087 4905 5092 4894 5064 4905 5061 small-vehicle 0
4927 5082 4914 5087 4904 5059 4915 5055 small-vehicle 0
5120 1367 4962 1399 4678 556 4856 510 ship 0
5362 1516 5304 1535 5121 1030 5181 1016 ship 1
5453 1638 5424 1638 5406 1515 5435 1510 ship 0
5164 1962 5211 1946 5341 2326 5296 2338 ship 1
5020 2514 5038 2569 4673 2689 4656 2635 ship 1
5218 4954 5195 4975 5129 4913 5154 4885 ship 1
5046 4867 5058 4888 4987 4930 4971 4903 ship 0
5130 104 5079 119 5038 30 5090 12 ship 0
5076 4983 5054 4997 5001 4944 5023 4928 ship 0
4443 2302 4464 2298 4468 2310 4444 2314 small-vehicle 1
3840 3743 3875 3785 3810 3839 3769 3795 ship 0
3651 3367 3677 3420 3318 3563 3297 3503 ship 1
3669 3420 3691 3473 3342 3611 3318 3555 ship 1
3699 3467 3721 3521 3375 3668 3348 3612 ship 1
4193 3020 4209 3083 3836 3150 3823 3090 ship 1
4171 3080 4185 3141 3815 3208 3803 3150 ship 1
4163 3139 4172 3197 3805 3267 3791 3202 ship 1
3785 4134 3813 4218 3277 4395 3241 4316 ship 0
4249 4320 4269 4357 3950 4497 3921 4453 ship 0
3730 3873 3786 4018 2855 4329 2815 4147 ship 0
3769 5174 3728 5184 3628 4909 3669 4894 ship 0
3824 5193 3780 5204 3626 4790 3676 4775 ship 0
3886 5229 3839 5237 3696 4843 3742 4827 ship 0
3973 5262 3912 5281 3727 4785 3793 4764 ship 0
4011 5213 3955 5227 3812 4816 3864 4799 ship 0
4011 5117 3980 5125 3871 4822 3901 4810 ship 0
4320 5052 4279 5067 4098 4683 4146 4665 ship 1
5022 4709 5044 4769 4419 4978 4398 4921 ship 0
4907 4690 4922 4742 4544 4876 4522 4827 ship 0
4897 4630 4918 4689 4416 4864 4386 4800 ship 0
4532 4834 4545 4865 4401 4917 4388 4878 ship 0
5090 4968 5073 4987 5017 4934 5037 4915 ship 0
5036 2565 5056 2627 4694 2748 4673 2684 ship 1
5922 629 5865 648 5682 145 5740 127 ship 0
1318 4346 1305 4349 1297 4324 1311 4320 small-vehicle 0
6894 1737 6954 1714 7023 1953 6962 1969 ship 1
79 269 92 271 87 295 75 292 small-vehicle 1
67 320 78 320 74 347 62 346 small-vehicle 1
104 336 117 337 116 363 103 361 small-vehicle 0
13 842 28 843 28 872 13 874 small-vehicle 0
95 2392 79 2394 75 2365 89 2362 small-vehicle 0
66 2342 48 2347 43 2321 56 2318 small-vehicle 1
379 3290 366 3297 355 3265 369 3257 small-vehicle 0
790 3457 778 3462 765 3432 778 3424 small-vehicle 0
4201 5023 4236 5014 4309 5226 4278 5236 harbor 0
4611 4912 4634 4904 4695 5091 4675 5097 harbor 0
3877 5221 3894 5213 3947 5357 3926 5363 harbor 0
4666 809 4680 804 4690 836 4675 838 small-vehicle 0
4643 756 4654 751 4664 778 4651 780 small-vehicle 0
4651 779 4664 776 4672 801 4658 803 small-vehicle 0
4695 875 4686 878 4675 855 4685 850 small-vehicle 1
1843 4296 2383 4107 2400 4143 1852 4327 harbor 0
1958 4619 3867 3970 3913 4100 2002 4754 harbor 0
1722 3966 2215 3807 2222 3833 1731 4002 harbor 0
828 4598 816 4603 808 4579 822 4572 small-vehicle 0
908 4897 895 4900 884 4870 897 4866 small-vehicle 0
900 4805 887 4810 879 4786 891 4781 small-vehicle 0
916 4700 925 4696 932 4722 921 4726 small-vehicle 1
1848 4025 1903 4007 1959 4154 1897 4171 ship 1
6271 1391 6315 1378 6379 1571 6332 1584 ship 0
6715 1829 6768 1813 6904 2159 6851 2178 ship 1
5965 579 5905 593 5749 147 5810 125 ship 1
6665 1842 6716 1825 6852 2182 6800 2195 ship 1
5755 754 5721 768 5685 689 5722 673 ship 0
5905 1089 5844 1111 5703 768 5764 740 ship 1
6094 947 6158 923 6309 1352 6240 1370 ship 0
6049 4209 6113 4219 6020 4639 5959 4627 ship 0
6108 4192 6202 4201 6101 4695 6011 4681 ship 0
5186 5354 5262 5373 5219 5487 5144 5466 ship 0
6358 4967 6464 4967 6464 5048 6358 5048 storage-tank 0
6483 4987 6580 4987 6580 5076 6483 5076 storage-tank 0
6330 5090 6438 5090 6438 5172 6330 5172 storage-tank 0
6453 5113 6555 5113 6555 5197 6453 5197 storage-tank 0
6324 5230 6426 5230 6426 5308 6324 5308 storage-tank 0
6437 5250 6536 5250 6536 5332 6437 5332 storage-tank 0
6305 5343 6402 5343 6402 5417 6305 5417 storage-tank 0
6409 5362 6513 5362 6513 5438 6409 5438 storage-tank 0
6700 5017 6873 5017 6873 5177 6700 5177 storage-tank 0
6651 5234 6825 5234 6825 5384 6651 5384 storage-tank 0
6859 5283 7032 5283 7032 5428 6859 5428 storage-tank 0
6898 5065 7040 5065 7040 5219 6898 5219 storage-tank 1
6652 4496 6808 4496 6808 4649 6652 4649 storage-tank 0
6493 4270 6662 4270 6662 4417 6493 4417 storage-tank 0
6632 3609 6886 3535 6900 3580 6640 3650 harbor 0
6715 2849 6700 2829 6779 2786 6792 2812 ship 0
6607 1859 6665 1840 6798 2189 6738 2207 ship 1
4439 2293 4459 2286 4463 2297 4442 2305 small-vehicle 1
4430 2268 4454 2265 4455 2274 4434 2277 small-vehicle 1
4426 2257 4451 2251 4452 2264 4430 2269 small-vehicle 1
1193 3975 1176 3981 1165 3949 1181 3941 small-vehicle 0
1237 3995 1265 3984 1270 3997 1238 4005 small-vehicle 1
1237 3998 1233 3983 1260 3973 1266 3986 small-vehicle 0
1231 3970 1259 3960 1265 3976 1236 3983 small-vehicle 1
1231 3972 1227 3958 1256 3949 1261 3962 small-vehicle 0
1223 3936 1247 3929 1252 3941 1227 3949 small-vehicle 1
1216 3914 1236 3906 1240 3916 1218 3926 small-vehicle 1
1233 3893 1237 3906 1214 3914 1213 3901 small-vehicle 0
1225 3869 1231 3882 1208 3893 1201 3880 small-vehicle 0
1203 3881 1196 3868 1225 3859 1230 3872 small-vehicle 0
1193 3856 1216 3848 1221 3861 1199 3869 small-vehicle 1
1185 3834 1210 3825 1214 3837 1188 3846 small-vehicle 1
1178 3821 1207 3815 1211 3827 1184 3834 small-vehicle 1
1203 3803 1210 3814 1179 3824 1175 3813 small-vehicle 0
1171 3787 1198 3780 1203 3793 1172 3802 small-vehicle 1
1167 3776 1198 3766 1203 3782 1171 3789 small-vehicle 1
1168 3779 1163 3763 1193 3755 1197 3768 small-vehicle 0
1989 3824 2005 3867 1820 3933 1799 3886 ship 1
1258 3414 1272 3408 1281 3436 1266 3441 small-vehicle 1
1254 3444 1243 3448 1234 3423 1247 3417 small-vehicle 0
1225 3427 1237 3421 1245 3447 1232 3450 small-vehicle 0
1211 3433 1224 3428 1233 3452 1217 3457 small-vehicle 0
1153 3373 1168 3367 1179 3401 1164 3405 small-vehicle 0
1187 3362 1203 3357 1211 3385 1195 3389 small-vehicle 0
1131 3815 1144 3809 1151 3839 1138 3842 small-vehicle 0
1246 4033 1239 4020 1272 4004 1277 4021 small-vehicle 0
4424 2247 4449 2240 4450 2252 4427 2259 small-vehicle 1
1216 4075 1229 4069 1241 4094 1227 4100 small-vehicle 0
1275 4219 1260 4226 1247 4195 1264 4185 small-vehicle 1
1381 4333 1386 4345 1361 4357 1354 4344 small-vehicle 1
1372 4322 1379 4337 1357 4346 1350 4333 small-vehicle 0
1346 4316 1368 4308 1374 4322 1350 4328 small-vehicle 1
1391 4298 1396 4313 1371 4321 1365 4307 small-vehicle 1
1343 4318 1336 4306 1363 4296 1368 4310 small-vehicle 0
1339 4294 1360 4285 1365 4296 1343 4303 small-vehicle 1
1352 4277 1358 4286 1338 4295 1332 4284 small-vehicle 0
1344 4255 1351 4264 1331 4274 1325 4264 small-vehicle 0
1357 4276 1379 4267 1384 4279 1358 4286 small-vehicle 1
1353 4279 1349 4265 1371 4259 1376 4270 small-vehicle 1
1318 4234 1338 4225 1344 4239 1320 4247 small-vehicle 1
1343 4238 1347 4250 1331 4257 1325 4246 small-vehicle 0
1345 4249 1368 4245 1374 4257 1352 4264 small-vehicle 1
1344 4233 1361 4228 1367 4241 1347 4249 small-vehicle 1
1333 4202 1358 4195 1363 4210 1338 4217 small-vehicle 1
1309 4212 1334 4202 1338 4215 1313 4223 small-vehicle 1
1305 4198 1332 4191 1334 4202 1310 4212 small-vehicle 1
1299 4173 1319 4167 1324 4180 1305 4187 small-vehicle 1
1329 4191 1352 4182 1357 4195 1334 4203 small-vehicle 1
1321 4168 1345 4159 1349 4172 1325 4179 small-vehicle 1
1325 4180 1351 4170 1355 4183 1330 4191 small-vehicle 1
1227 4103 1240 4098 1251 4125 1236 4131 small-vehicle 0
1225 3352 1236 3345 1242 3365 1230 3369 small-vehicle 0
1236 3344 1250 3338 1258 3368 1245 3371 small-vehicle 0
1267 3333 1280 3330 1290 3355 1278 3358 small-vehicle 0
1283 3329 1293 3323 1304 3349 1290 3355 small-vehicle 0
4266 2131 4259 2121 4291 2109 4295 2124 small-vehicle 0
4270 2142 4265 2131 4288 2125 4292 2135 small-vehicle 0
4276 2152 4273 2142 4295 2134 4300 2146 small-vehicle 1
4279 2161 4305 2155 4308 2168 4283 2177 small-vehicle 0
4283 2174 4309 2170 4313 2181 4284 2188 small-vehicle 0
4287 2185 4312 2179 4315 2190 4289 2198 small-vehicle 1
4290 2195 4315 2187 4320 2201 4292 2210 small-vehicle 1
4296 2208 4319 2201 4324 2211 4297 2221 small-vehicle 1
4298 2221 4323 2211 4326 2225 4302 2232 small-vehicle 1
4308 2240 4331 2231 4336 2247 4311 2254 small-vehicle 1
4312 2254 4338 2249 4339 2259 4314 2263 small-vehicle 1
4316 2280 4338 2268 4345 2280 4320 2289 small-vehicle 1
4326 2287 4348 2279 4350 2291 4326 2299 small-vehicle 1
4327 2299 4350 2291 4355 2302 4330 2310 small-vehicle 0
4330 2311 4355 2303 4358 2316 4333 2323 small-vehicle 1
4337 2333 4360 2326 4364 2339 4340 2347 small-vehicle 1
4417 2240 4423 2251 4398 2259 4392 2248 small-vehicle 0
4399 2256 4423 2250 4424 2264 4400 2269 small-vehicle 1
4402 2269 4428 2258 4431 2271 4407 2277 small-vehicle 1
4406 2277 4432 2271 4435 2284 4409 2291 small-vehicle 0
4411 2290 4435 2280 4439 2293 4415 2303 small-vehicle 1
4436 2293 4443 2309 4420 2317 4413 2304 small-vehicle 1
4417 2234 4443 2229 4447 2240 4420 2248 small-vehicle 1
4766 2467 4754 2471 4746 2445 4758 2440 small-vehicle 0
4752 2473 4739 2476 4732 2451 4746 2445 small-vehicle 0
4740 2477 4726 2478 4719 2455 4731 2452 small-vehicle 0
4557 202 4589 190 4680 457 4648 462 ship 1
1082 3289 1072 3284 1087 3259 1098 3268 small-vehicle 1
1099 3266 1087 3262 1099 3239 1110 3249 small-vehicle 1
1113 3249 1103 3242 1118 3218 1131 3227 small-vehicle 0
1155 3201 1145 3191 1166 3169 1174 3182 small-vehicle 0
1180 3182 1167 3171 1188 3155 1198 3163 small-vehicle 1
3049 5183 3144 5144 3159 5184 3064 5220 ship 1
3521 5340 3497 5348 3428 5187 3460 5174 ship 0
3567 5323 3527 5334 3434 5074 3474 5062 ship 0
2925 4089 3154 4017 3166 4053 2938 4128 ship 1
2885 3695 3252 3652 3258 3715 2886 3759 ship 1
4574 2354 4583 2368 4556 2384 4547 2369 small-vehicle 0
4728 2480 4713 2484 4704 2457 4717 2453 small-vehicle 0
4520 2193 4527 2208 4502 2218 4494 2204 small-vehicle 0
4530 2208 4534 2222 4509 2227 4506 2214 small-vehicle 0
4480 2167 4485 2179 4466 2188 4460 2174 small-vehicle 0
4476 2155 4482 2169 4459 2175 4453 2163 small-vehicle 1
4473 2143 4479 2157 4457 2165 4452 2148 small-vehicle 0
4463 2119 4468 2131 4449 2140 4444 2128 small-vehicle 0
4463 2108 4467 2120 4443 2126 4436 2115 small-vehicle 0
4458 2094 4460 2105 4440 2112 4434 2102 small-vehicle 0
4686 2496 4672 2500 4659 2474 4676 2469 small-vehicle 0
4695 2487 4684 2490 4676 2464 4688 2461 small-vehicle 0
1570 1472 1887 1472 1887 1760 1570 1760 storage-tank 0
