imagesource:GoogleEarth
gsd:0.141039867729
1476 2923 1515 2915 1517 2935 1478 2940 small-vehicle 0
597 1599 672 1522 815 1671 737 1750 basketball-court 0
456 434 581 434 581 675 456 675 basketball-court 0
592 432 708 432 708 675 592 675 basketball-court 0
716 432 835 432 835 675 716 675 basketball-court 0
584 682 710 682 710 896 584 896 basketball-court 0
718 682 843 682 843 896 718 896 basketball-court 0
714 905 844 905 844 1113 714 1113 basketball-court 0
506 1682 583 1605 729 1756 649 1836 basketball-court 0
1553 2954 1544 2927 1675 2898 1683 2924 large-vehicle 0
420 1776 494 1694 637 1845 557 1924 basketball-court 0
561 1930 643 1850 787 2002 703 2071 basketball-court 0
654 1842 734 1759 886 1916 797 1994 basketball-court 0
741 1756 818 1679 964 1836 890 1908 basketball-court 0
821 1994 984 1847 1060 1930 895 2074 tennis-court 0
934 423 1584 409 1607 1635 943 1631 ground-track-field 0
979 656 1560 656 1560 1492 979 1492 soccer-ball-field 0
