imagesource:GoogleEarth
gsd:0.139065402326
199 761 276 761 276 902 199 902 tennis-court 0
191 599 272 599 272 740 191 740 tennis-court 0
189 430 269 430 269 574 189 574 tennis-court 0
1350 1355 1479 1355 1479 1615 1350 1615 basketball-court 0
1350 1085 1483 1085 1483 1329 1350 1329 basketball-court 0
1339 800 1477 800 1477 1053 1339 1053 basketball-court 0
1343 531 1473 531 1473 784 1343 784 basketball-court 0
605 427 1315 427 1315 1682 605 1682 ground-track-field 1
197 1160 300 1160 300 1364 197 1364 basketball-court 0
193 931 298 931 298 1147 193 1147 basketball-court 0
466 109 563 109 563 286 466 286 tennis-court 0
355 109 452 109 452 286 355 286 tennis-court 0
243 112 334 112 334 282 243 282 tennis-court 0
