imagesource:GoogleEarth
gsd:0.526249434396
2371 2589 2393 2589 2393 2610 2371 2610 storage-tank 0
1134 2026 1178 2026 1178 2072 1134 2072 storage-tank 0
1501 1269 1514 1269 1514 1284 1501 1284 storage-tank 0
1520 1257 1535 1257 1535 1273 1520 1273 storage-tank 0
1504 1254 1518 1254 1518 1270 1504 1270 storage-tank 0
1326 1050 1334 1050 1334 1058 1326 1058 storage-tank 1
1317 1048 1324 1048 1324 1056 1317 1056 storage-tank 1
1575 59 1589 59 1589 74 1575 74 storage-tank 0
1251 1720 1260 1720 1260 1729 1251 1729 storage-tank 1
1252 1710 1260 1710 1260 1719 1252 1719 storage-tank 1
1242 1720 1251 1720 1251 1728 1242 1728 storage-tank 1
1244 1708 1251 1708 1251 1718 1244 1718 storage-tank 1
1233 1718 1241 1718 1241 1727 1233 1727 storage-tank 1
1235 1708 1243 1708 1243 1717 1235 1717 storage-tank 1
1090 2151 1100 2151 1100 2163 1090 2163 storage-tank 1
1221 2099 1234 2099 1234 2112 1221 2112 storage-tank 1
1163 2092 1205 2092 1205 2139 1163 2139 storage-tank 0
1096 2091 1131 2091 1131 2127 1096 2127 storage-tank 0
1022 2072 1068 2072 1068 2117 1022 2117 storage-tank 0
1515 1274 1526 1274 1526 1286 1515 1286 storage-tank 1
1528 1277 1538 1277 1538 1288 1528 1288 storage-tank 1
1498 1285 1519 1285 1519 1308 1498 1308 storage-tank 0
1370 1684 1383 1684 1383 1700 1370 1700 storage-tank 0
1340 1989 1364 1989 1364 2014 1340 2014 storage-tank 0
1463 1941 1487 1941 1487 1967 1463 1967 storage-tank 0
1372 1943 1386 1943 1386 1957 1372 1957 storage-tank 1
1348 1936 1367 1936 1367 1954 1348 1954 storage-tank 0
1336 1919 1350 1919 1350 1933 1336 1933 storage-tank 1
1435 1734 1466 1734 1466 1763 1435 1763 storage-tank 0
1295 1716 1306 1716 1306 1726 1295 1726 storage-tank 1
1515 1703 1548 1703 1548 1734 1515 1734 storage-tank 0
1521 1290 1541 1290 1541 1312 1521 1312 storage-tank 0
1508 1631 1549 1631 1549 1676 1508 1676 storage-tank 0
1461 1679 1493 1679 1493 1712 1461 1712 storage-tank 0
1388 1643 1431 1643 1431 1689 1388 1689 storage-tank 0
1555 1581 1602 1581 1602 1628 1555 1628 storage-tank 0
1512 1549 1544 1549 1544 1580 1512 1580 storage-tank 0
1418 1402 1462 1402 1462 1447 1418 1447 storage-tank 0
1544 1293 1564 1293 1564 1315 1544 1315 storage-tank 0
1219 2037 1241 2037 1241 2061 1219 2061 storage-tank 0
1064 2010 1105 2010 1105 2052 1064 2052 storage-tank 0
1414 1998 1437 1998 1437 2023 1414 2023 storage-tank 0
971 2018 1016 2018 1016 2062 971 2062 storage-tank 0
2011 581 2017 582 2013 605 2008 604 large-vehicle 0
2014 556 2021 557 2018 579 2012 578 large-vehicle 0
2039 386 2044 387 2040 410 2035 410 large-vehicle 0
1653 1214 1652 1220 1618 1216 1619 1210 large-vehicle 0
1278 1402 1278 1396 1308 1398 1307 1403 large-vehicle 0
1246 294 1245 300 1227 297 1227 291 large-vehicle 0
1195 889 1194 895 1161 891 1161 884 large-vehicle 0
1207 1284 1213 1285 1208 1319 1202 1319 large-vehicle 0
1215 1284 1221 1285 1219 1316 1212 1316 large-vehicle 0
1223 1287 1229 1289 1224 1316 1219 1316 large-vehicle 0
1231 1297 1237 1298 1231 1333 1226 1333 large-vehicle 0
262 1062 256 1064 251 1046 256 1044 large-vehicle 0
335 2306 329 2307 328 2282 334 2282 large-vehicle 0
162 2877 198 2877 198 2899 162 2899 roundabout 1
321 2481 319 2487 298 2482 299 2476 large-vehicle 0
361 1181 354 1179 359 1148 364 1149 large-vehicle 0
297 917 303 918 297 948 291 947 large-vehicle 0
2008 606 2013 607 2010 631 2005 630 large-vehicle 0
2125 1448 2120 1447 2130 1411 2135 1413 large-vehicle 0
2534 704 2543 706 2541 735 2532 735 harbor 0
741 1729 762 1729 762 1751 741 1751 storage-tank 0
1136 1963 1179 1963 1179 2006 1136 2006 storage-tank 0
1045 1946 1089 1946 1089 1992 1045 1992 storage-tank 0
1252 1914 1263 1914 1263 1926 1252 1926 storage-tank 1
1216 1905 1241 1905 1241 1930 1216 1930 storage-tank 0
1145 1887 1189 1887 1189 1934 1145 1934 storage-tank 0
1074 1879 1117 1879 1117 1924 1074 1924 storage-tank 0
967 1877 1037 1877 1037 1948 967 1948 storage-tank 0
838 1857 905 1857 905 1926 838 1926 storage-tank 0
2552 920 2560 921 2558 962 2549 963 harbor 0
824 1955 891 1955 891 2023 824 2023 storage-tank 0
699 2075 722 2075 722 2102 699 2102 storage-tank 0
652 2062 682 2062 682 2094 652 2094 storage-tank 0
432 1945 454 1945 454 1971 432 1971 storage-tank 0
431 1921 456 1921 456 1946 431 1946 storage-tank 0
431 1894 456 1894 456 1920 431 1920 storage-tank 0
431 1868 457 1868 457 1894 431 1894 storage-tank 0
1377 1993 1400 1993 1400 2018 1377 2018 storage-tank 0
1466 2007 1502 2007 1502 2044 1466 2044 storage-tank 0
2351 2586 2371 2586 2371 2608 2351 2608 storage-tank 0
2067 1781 2079 1781 2079 1794 2067 1794 storage-tank 1
2109 1180 2120 1180 2120 1191 2109 1191 storage-tank 1
2132 1175 2147 1175 2147 1190 2132 1190 storage-tank 0
2064 1160 2089 1160 2089 1187 2064 1187 storage-tank 0
2138 1144 2151 1144 2151 1160 2138 1160 storage-tank 0
2117 1140 2134 1140 2134 1158 2117 1158 storage-tank 0
2097 1137 2114 1137 2114 1156 2097 1156 storage-tank 0
2070 1131 2093 1131 2093 1156 2070 1156 storage-tank 0
2141 1114 2155 1114 2155 1129 2141 1129 storage-tank 0
2121 1109 2139 1109 2139 1128 2121 1128 storage-tank 0
2101 1107 2119 1107 2119 1125 2101 1125 storage-tank 0
2074 1099 2098 1099 2098 1124 2074 1124 storage-tank 0
1983 1014 2055 1014 2055 1087 1983 1087 storage-tank 0
2081 1420 2089 1420 2089 1428 2081 1428 storage-tank 1
1986 1416 1999 1416 1999 1430 1986 1430 storage-tank 1
2071 1418 2080 1418 2080 1428 2071 1428 storage-tank 1
2071 1428 2089 1428 2089 1450 2071 1450 storage-tank 0
1923 1440 1996 1440 1996 1520 1923 1520 storage-tank 0
2097 1204 2106 1204 2106 1213 2097 1213 storage-tank 1
2086 1202 2095 1202 2095 1211 2086 1211 storage-tank 1
2095 1166 2102 1166 2102 1174 2095 1174 storage-tank 1
2070 1200 2076 1200 2076 1207 2070 1207 storage-tank 1
2337 2597 2344 2597 2344 2605 2337 2605 storage-tank 1
2338 2587 2346 2587 2346 2595 2338 2595 storage-tank 1
2325 2607 2334 2607 2334 2618 2325 2618 storage-tank 1
2313 2606 2323 2606 2323 2616 2313 2616 storage-tank 1
2455 2857 2495 2857 2495 2895 2455 2895 storage-tank 0
2407 2849 2443 2849 2443 2887 2407 2887 storage-tank 0
2078 1200 2084 1200 2084 1208 2078 1208 storage-tank 1
2079 1192 2086 1192 2086 1199 2079 1199 storage-tank 1
2105 1167 2112 1167 2112 1174 2105 1174 storage-tank 1
2070 1191 2077 1191 2077 1198 2070 1198 storage-tank 1
2090 1194 2096 1194 2096 1201 2090 1201 storage-tank 1
2098 1188 2105 1188 2105 1194 2098 1194 storage-tank 1
2091 1188 2097 1188 2097 1193 2091 1193 storage-tank 1
2101 1180 2107 1180 2107 1187 2101 1187 storage-tank 1
2092 1180 2098 1180 2098 1186 2092 1186 storage-tank 1
2115 1168 2122 1168 2122 1176 2115 1176 storage-tank 1
1845 1467 1880 1467 1880 1501 1845 1501 storage-tank 0
2050 1783 2062 1783 2062 1797 2050 1797 storage-tank 1
1336 2041 1384 2041 1384 2087 1336 2087 storage-tank 0
1892 1751 1938 1751 1938 1796 1892 1796 storage-tank 0
1750 1337 1769 1337 1769 1357 1750 1357 storage-tank 0
1733 1337 1749 1337 1749 1355 1733 1355 storage-tank 0
1683 1407 1694 1407 1694 1419 1683 1419 storage-tank 1
1670 1404 1681 1404 1681 1416 1670 1416 storage-tank 1
1576 1343 1634 1343 1634 1400 1576 1400 storage-tank 0
1639 1435 1695 1435 1695 1488 1639 1488 storage-tank 0
1564 1418 1623 1418 1623 1476 1564 1476 storage-tank 0
1630 1564 1672 1564 1672 1608 1630 1608 storage-tank 0
1554 2026 1620 2026 1620 2093 1554 2093 storage-tank 0
1763 2174 1784 2174 1784 2196 1763 2196 storage-tank 0
1756 2222 1777 2222 1777 2244 1756 2244 storage-tank 0
1482 2168 1516 2168 1516 2203 1482 2203 storage-tank 0
1353 2164 1371 2164 1371 2184 1353 2184 storage-tank 0
1382 2123 1450 2123 1450 2192 1382 2192 storage-tank 0
1309 2132 1324 2132 1324 2147 1309 2147 storage-tank 0
1476 2075 1515 2075 1515 2113 1476 2113 storage-tank 0
1412 2056 1450 2056 1450 2093 1412 2093 storage-tank 0
1730 1355 1747 1355 1747 1374 1730 1374 storage-tank 0
1748 1357 1766 1357 1766 1376 1748 1376 storage-tank 0
1728 1374 1745 1374 1745 1393 1728 1393 storage-tank 0
1949 1648 1996 1648 1996 1693 1949 1693 storage-tank 0
1992 1727 2001 1727 2001 1737 1992 1737 storage-tank 1
1966 1734 1985 1734 1985 1754 1966 1754 storage-tank 0
1942 1718 1962 1718 1962 1741 1942 1741 storage-tank 0
1911 1695 1936 1695 1936 1724 1911 1724 storage-tank 0
2025 1674 2048 1674 2048 1698 2025 1698 storage-tank 0
2029 1647 2045 1647 2045 1664 2029 1664 storage-tank 0
1855 1640 1902 1640 1902 1686 1855 1686 storage-tank 0
1834 1711 1878 1711 1878 1756 1834 1756 storage-tank 0
1744 1377 1763 1377 1763 1394 1744 1394 storage-tank 0
2017 2227 2041 2227 2041 2251 2017 2251 storage-tank 0
1983 2220 2007 2220 2007 2245 1983 2245 storage-tank 0
2011 2192 2033 2192 2033 2217 2011 2217 storage-tank 0
1995 2160 2019 2160 2019 2184 1995 2184 storage-tank 0
1742 1418 1760 1418 1760 1438 1742 1438 storage-tank 0
1721 1415 1739 1415 1739 1432 1721 1432 storage-tank 0
1725 1394 1743 1394 1743 1413 1725 1413 storage-tank 0
154 724 160 724 160 748 154 748 large-vehicle 0
