imagesource:GoogleEarth
gsd:0.135824659918
2442 434 2454 442 2436 469 2424 461 small-vehicle 0
163 2896 150 2892 161 2862 174 2867 small-vehicle 0
437 1681 452 1686 441 1724 424 1717 small-vehicle 0
503 1836 490 1831 501 1803 513 1808 small-vehicle 0
427 1983 414 1978 426 1945 439 1950 small-vehicle 0
522 2084 522 2068 554 2070 553 2085 small-vehicle 0
611 2108 612 2092 644 2094 643 2109 small-vehicle 0
516 2123 519 2108 546 2113 543 2126 small-vehicle 0
517 2142 518 2128 550 2131 549 2144 small-vehicle 0
520 2169 520 2154 551 2155 551 2168 small-vehicle 0
580 2247 567 2243 577 2211 590 2215 large-vehicle 0
642 2266 632 2260 645 2229 657 2235 small-vehicle 0
703 2357 707 2344 735 2353 731 2366 small-vehicle 0
734 2419 719 2413 730 2383 743 2388 small-vehicle 0
716 2414 702 2408 714 2374 728 2379 small-vehicle 0
698 2406 683 2403 695 2369 708 2374 small-vehicle 0
677 2400 665 2396 677 2365 688 2370 small-vehicle 0
662 2393 649 2391 658 2360 669 2363 small-vehicle 0
643 2389 631 2384 640 2358 654 2363 small-vehicle 0
597 2281 593 2296 560 2285 565 2270 small-vehicle 0
461 2435 456 2448 430 2439 435 2426 small-vehicle 0
449 2471 444 2485 411 2472 416 2458 small-vehicle 0
443 2488 438 2502 410 2493 415 2477 small-vehicle 0
436 2525 431 2539 399 2527 404 2513 small-vehicle 0
433 3673 437 3661 467 3671 463 3683 small-vehicle 0
119 3501 111 3511 86 3485 95 3476 small-vehicle 0
79 3162 66 3158 77 3129 90 3132 small-vehicle 0
119 3035 106 3030 118 2996 130 3001 large-vehicle 0
298 2946 292 2960 266 2948 271 2935 small-vehicle 0
308 2926 304 2940 272 2930 278 2916 small-vehicle 0
193 2907 200 2894 229 2907 224 2920 small-vehicle 0
533 1706 532 1689 566 1689 566 1704 small-vehicle 0
552 1770 553 1754 586 1759 584 1773 small-vehicle 0
531 1750 519 1745 528 1721 541 1726 small-vehicle 0
463 968 474 980 452 1003 441 991 small-vehicle 0
946 190 950 205 919 218 913 203 small-vehicle 0
912 156 925 162 911 194 898 186 small-vehicle 0
1108 128 1120 137 1101 165 1089 157 small-vehicle 0
744 560 750 546 778 558 773 571 small-vehicle 0
694 456 710 461 698 496 683 490 small-vehicle 0
679 447 694 452 680 489 666 484 small-vehicle 0
661 446 674 450 665 478 652 473 small-vehicle 0
593 424 605 428 595 458 580 452 small-vehicle 0
555 415 570 420 558 452 544 447 small-vehicle 0
447 384 462 389 450 421 435 417 small-vehicle 0
721 876 735 882 724 913 709 907 small-vehicle 0
398 1067 404 1053 436 1066 431 1079 small-vehicle 0
454 1020 449 1034 414 1022 420 1006 small-vehicle 0
483 976 493 988 470 1012 457 1001 small-vehicle 0
605 1752 595 1741 617 1719 626 1729 small-vehicle 0
575 1055 571 1069 538 1059 542 1044 small-vehicle 0
493 1100 499 1086 531 1100 524 1114 small-vehicle 0
575 1249 590 1253 578 1287 563 1282 small-vehicle 0
705 1212 691 1207 703 1176 715 1181 small-vehicle 0
600 1435 587 1432 598 1402 611 1405 small-vehicle 0
632 1441 618 1438 630 1406 643 1411 small-vehicle 0
618 1484 603 1479 615 1445 629 1450 small-vehicle 0
497 1495 512 1500 498 1534 485 1530 small-vehicle 0
504 1566 518 1572 506 1609 490 1602 small-vehicle 0
586 1582 573 1578 583 1545 598 1549 small-vehicle 0
574 1621 560 1614 572 1580 584 1584 small-vehicle 0
529 1645 517 1641 529 1607 541 1611 small-vehicle 0
666 1759 652 1762 648 1733 661 1730 small-vehicle 0
200 2890 206 2876 237 2890 231 2904 small-vehicle 0
177 2860 163 2856 174 2823 187 2828 small-vehicle 0
2071 800 2056 795 2071 757 2086 762 small-vehicle 0
214 2835 221 2820 254 2834 247 2849 small-vehicle 0
225 872 230 860 263 871 259 884 small-vehicle 0
171 875 181 885 159 910 147 899 small-vehicle 0
153 868 163 879 137 907 128 896 small-vehicle 0
132 862 141 873 113 896 104 882 small-vehicle 0
76 831 64 830 68 800 81 800 small-vehicle 0
51 691 58 678 88 694 81 706 small-vehicle 0
58 666 64 652 95 664 90 678 small-vehicle 0
64 646 69 632 98 642 93 657 small-vehicle 0
310 341 322 346 313 371 300 366 small-vehicle 0
2441 2050 2465 2050 2465 2116 2441 2116 large-vehicle 0
2035 2606 2133 2606 2133 2679 2035 2679 plane 0
1922 1509 2022 1509 2022 1607 1922 1607 plane 0
1811 1777 2008 1777 2008 1952 1811 1952 plane 0
1851 2854 1972 2854 1972 2961 1851 2961 plane 0
1687 1391 1762 1391 1762 1450 1687 1450 plane 0
1605 1383 1684 1383 1684 1444 1605 1444 plane 0
1524 1382 1597 1382 1597 1441 1524 1441 plane 0
1686 749 1752 794 1723 842 1656 798 plane 0
1480 343 1490 329 1523 352 1513 366 large-vehicle 0
1675 530 1748 580 1711 639 1633 588 plane 0
1421 2983 1402 2985 1398 2935 1416 2934 large-vehicle 0
1374 558 1444 620 1405 662 1336 606 plane 0
1362 949 1455 949 1455 1029 1362 1029 plane 0
1130 3538 1147 3538 1146 3581 1129 3581 large-vehicle 0
1155 3264 1175 3266 1172 3320 1151 3320 large-vehicle 0
742 1107 722 1099 758 983 777 989 large-vehicle 0
783 8 881 9 794 138 727 91 tennis-court 0
556 1306 570 1312 557 1346 544 1341 large-vehicle 0
118 2675 135 2682 118 2726 101 2720 large-vehicle 0
208 887 217 899 190 920 182 906 small-vehicle 0
225 896 234 906 211 926 201 916 small-vehicle 0
266 906 277 916 251 943 240 931 small-vehicle 0
229 2182 245 2187 236 2222 220 2217 small-vehicle 0
223 2814 227 2803 254 2813 249 2825 small-vehicle 0
114 2585 108 2599 80 2585 86 2573 small-vehicle 0
215 2739 203 2734 214 2702 226 2707 small-vehicle 0
243 2741 250 2729 277 2743 271 2754 small-vehicle 0
359 2772 355 2785 322 2773 326 2760 small-vehicle 0
363 2752 358 2768 324 2755 330 2741 small-vehicle 0
369 2714 367 2727 335 2720 338 2706 small-vehicle 0
255 2709 259 2695 290 2706 285 2719 small-vehicle 0
228 2696 215 2692 226 2659 239 2664 small-vehicle 0
284 2616 288 2603 318 2614 313 2627 small-vehicle 0
322 2597 318 2609 290 2601 294 2589 small-vehicle 0
312 2526 320 2513 348 2528 342 2541 small-vehicle 0
353 2414 358 2400 385 2410 380 2423 small-vehicle 0
235 2136 250 2140 239 2175 225 2169 small-vehicle 0
288 913 296 925 270 945 261 933 small-vehicle 0
332 2011 344 2016 335 2041 324 2037 small-vehicle 0
362 1909 375 1913 364 1946 351 1941 large-vehicle 0
135 1757 149 1765 131 1798 118 1789 small-vehicle 0
141 1228 136 1240 103 1229 107 1216 large-vehicle 0
153 1197 148 1210 115 1198 121 1185 large-vehicle 0
145 1211 140 1224 114 1216 119 1202 small-vehicle 0
120 1183 116 1196 89 1188 93 1175 small-vehicle 0
176 1238 172 1252 141 1244 145 1229 small-vehicle 0
178 1221 174 1233 146 1226 150 1213 small-vehicle 0
188 1210 184 1222 156 1211 161 1199 small-vehicle 0
73 1165 78 1151 109 1164 105 1177 small-vehicle 0
191 1005 196 989 229 1000 224 1015 small-vehicle 0
121 984 126 969 159 979 154 995 small-vehicle 0
957 847 961 830 995 838 992 852 small-vehicle 0
956 871 958 857 992 859 991 874 small-vehicle 0
955 895 956 880 989 883 988 898 small-vehicle 0
952 916 951 901 984 902 983 917 small-vehicle 0
1526 1832 1524 1846 1494 1846 1494 1830 small-vehicle 0
1485 1919 1486 1903 1520 1906 1518 1921 small-vehicle 0
1521 1923 1520 1940 1491 1938 1492 1922 small-vehicle 0
1518 1966 1518 1981 1484 1981 1485 1965 small-vehicle 0
1520 1946 1519 1957 1486 1957 1487 1944 small-vehicle 0
1442 2109 1444 2095 1472 2099 1470 2113 small-vehicle 0
1437 2133 1438 2116 1472 2118 1472 2132 small-vehicle 0
1439 2151 1440 2135 1474 2136 1472 2151 small-vehicle 0
1439 2184 1441 2170 1472 2175 1469 2189 small-vehicle 0
1435 2204 1437 2189 1472 2193 1470 2207 small-vehicle 0
1436 2224 1439 2209 1471 2212 1469 2227 small-vehicle 0
1548 2298 1547 2315 1521 2312 1521 2296 small-vehicle 0
1430 2301 1432 2284 1467 2290 1464 2306 small-vehicle 0
1429 2338 1431 2324 1463 2329 1461 2344 small-vehicle 0
1428 2358 1429 2341 1464 2345 1461 2362 small-vehicle 0
1619 2546 1604 2546 1606 2514 1621 2514 large-vehicle 0
1690 2554 1674 2552 1678 2520 1693 2521 small-vehicle 0
1659 2550 1645 2550 1647 2516 1661 2516 small-vehicle 0
1700 3892 1688 3892 1687 3865 1699 3865 small-vehicle 0
1628 3961 1624 3977 1586 3966 1591 3951 large-vehicle 0
1649 4128 1637 4123 1649 4096 1661 4101 small-vehicle 0
1618 4120 1603 4115 1613 4081 1628 4086 small-vehicle 0
1563 4105 1549 4101 1560 4069 1573 4073 small-vehicle 0
1545 4098 1532 4096 1541 4063 1554 4066 small-vehicle 0
1478 4086 1463 4085 1469 4047 1484 4049 small-vehicle 0
1450 4079 1434 4076 1442 4042 1458 4045 small-vehicle 0
1429 4079 1415 4076 1424 4042 1437 4046 small-vehicle 0
1394 3628 1395 3612 1427 3615 1426 3630 small-vehicle 0
1398 3573 1399 3560 1432 3564 1431 3576 small-vehicle 0
1529 1789 1528 1805 1493 1804 1494 1787 small-vehicle 0
1455 1715 1447 1729 1420 1714 1429 1700 small-vehicle 0
1417 1688 1426 1674 1454 1693 1445 1707 small-vehicle 0
1854 4195 1840 4186 1861 4151 1873 4160 large-vehicle 0
2139 593 2153 602 2133 634 2120 625 small-vehicle 0
2180 541 2191 548 2173 574 2161 567 small-vehicle 0
2374 510 2383 497 2411 518 2403 530 small-vehicle 0
2233 456 2246 465 2229 490 2215 481 small-vehicle 0
2405 411 2417 419 2399 448 2386 439 small-vehicle 0
2390 396 2402 406 2381 436 2369 426 small-vehicle 0
2372 388 2385 396 2368 421 2357 413 small-vehicle 0
2089 321 2098 310 2126 330 2116 343 small-vehicle 0
2328 366 2338 377 2310 406 2299 396 large-vehicle 0
2314 350 2325 360 2305 384 2293 374 large-vehicle 0
2279 318 2290 330 2266 356 2255 344 large-vehicle 0
2163 247 2170 260 2141 277 2132 263 large-vehicle 0
2171 64 2159 54 2178 24 2190 33 large-vehicle 0
1773 4154 1760 4145 1776 4116 1788 4124 small-vehicle 0
1458 1672 1450 1682 1424 1665 1431 1654 small-vehicle 0
1758 3884 1761 3900 1730 3909 1726 3894 small-vehicle 0
2043 789 2031 784 2043 757 2056 762 small-vehicle 0
2023 781 2010 773 2029 743 2042 751 small-vehicle 0
2037 707 2048 694 2071 715 2064 727 small-vehicle 0
1760 563 1748 556 1767 524 1779 533 small-vehicle 0
1723 546 1712 537 1728 516 1738 523 small-vehicle 0
1893 79 1886 90 1856 71 1865 58 small-vehicle 0
1737 90 1746 78 1772 97 1764 109 small-vehicle 0
1555 340 1564 329 1592 350 1585 361 small-vehicle 0
1557 375 1548 388 1520 369 1528 355 large-vehicle 0
1580 368 1572 378 1543 355 1552 345 large-vehicle 0
1686 1497 1686 1511 1657 1510 1657 1495 small-vehicle 0
1460 1650 1451 1663 1425 1645 1433 1632 small-vehicle 0
1405 4068 1393 4066 1401 4039 1414 4041 small-vehicle 0
1380 4069 1367 4065 1379 4032 1393 4038 small-vehicle 0
1305 4043 1294 4033 1314 4008 1325 4017 small-vehicle 0
849 2217 850 2202 880 2205 877 2220 small-vehicle 0
1005 2305 1008 2288 1044 2295 1040 2310 small-vehicle 0
880 2317 882 2301 918 2309 914 2324 small-vehicle 0
847 2295 848 2280 879 2284 878 2297 small-vehicle 0
753 2311 754 2297 789 2299 788 2313 small-vehicle 0
793 2280 792 2295 759 2294 761 2279 small-vehicle 0
754 2264 753 2276 725 2276 726 2263 small-vehicle 0
760 2239 758 2254 724 2254 724 2238 small-vehicle 0
885 2241 886 2226 918 2230 915 2244 small-vehicle 0
968 2283 970 2268 1000 2271 998 2285 small-vehicle 0
1009 2264 1011 2252 1040 2255 1039 2266 small-vehicle 0
761 2220 759 2234 724 2233 724 2217 small-vehicle 0
795 2204 794 2217 771 2215 772 2203 small-vehicle 0
800 2182 799 2197 765 2196 765 2180 small-vehicle 0
884 2165 883 2180 850 2179 851 2163 small-vehicle 0
1006 2323 1007 2308 1041 2311 1039 2327 small-vehicle 0
1011 2191 1010 2204 982 2203 982 2190 small-vehicle 0
1067 2147 1081 2150 1076 2189 1062 2187 small-vehicle 0
761 2141 760 2156 724 2156 725 2138 small-vehicle 0
778 2103 778 2119 748 2118 749 2103 small-vehicle 0
987 2084 988 2070 1019 2072 1018 2086 small-vehicle 0
1024 1996 1023 2010 992 2009 993 1994 small-vehicle 0
817 1887 814 1901 777 1897 780 1881 small-vehicle 0
1053 1090 1040 1089 1041 1065 1053 1065 small-vehicle 0
933 1013 921 1012 922 982 934 982 small-vehicle 0
1079 935 1074 949 1042 941 1047 928 small-vehicle 0
1082 908 1081 923 1049 921 1050 906 small-vehicle 0
1095 871 1092 884 1063 878 1066 865 small-vehicle 0
1064 861 1068 844 1098 852 1094 867 small-vehicle 0
1003 2306 1002 2322 970 2323 970 2305 small-vehicle 0
1006 2343 1008 2329 1034 2331 1032 2344 small-vehicle 0
1170 2999 1178 2988 1205 3011 1195 3021 small-vehicle 0
1045 2509 1031 2508 1036 2480 1049 2481 small-vehicle 0
1171 2956 1178 2945 1206 2966 1196 2977 small-vehicle 0
1186 2720 1194 2708 1222 2729 1215 2741 large-vehicle 0
1189 2699 1196 2690 1215 2707 1207 2715 small-vehicle 0
1188 2676 1195 2666 1222 2685 1214 2696 small-vehicle 0
1191 2655 1199 2645 1221 2664 1211 2675 small-vehicle 0
1195 2611 1203 2601 1229 2622 1221 2633 small-vehicle 0
1307 2669 1299 2681 1274 2658 1281 2646 small-vehicle 0
1309 2650 1300 2659 1274 2634 1283 2626 small-vehicle 0
1310 2626 1302 2634 1279 2611 1288 2602 small-vehicle 0
1109 2515 1095 2512 1102 2480 1113 2482 small-vehicle 0
1398 2150 1415 2154 1404 2198 1387 2193 large-vehicle 0
1056 2054 1055 2070 1022 2068 1024 2051 small-vehicle 0
1066 2514 1051 2512 1055 2479 1068 2481 small-vehicle 0
1017 2505 1005 2500 1015 2468 1029 2472 small-vehicle 0
967 2340 967 2325 999 2328 999 2341 small-vehicle 0
999 2501 986 2498 996 2465 1008 2469 small-vehicle 0
979 2497 966 2492 978 2463 990 2467 small-vehicle 0
944 2485 930 2482 939 2449 953 2454 small-vehicle 0
926 2479 913 2474 924 2443 937 2448 small-vehicle 0
907 2475 892 2470 904 2440 918 2444 small-vehicle 0
809 2412 815 2398 852 2413 846 2427 large-vehicle 0
753 2424 739 2419 750 2387 764 2391 small-vehicle 0
754 2282 753 2295 724 2295 725 2281 small-vehicle 0
874 2304 873 2319 841 2318 842 2302 small-vehicle 0
875 2355 876 2339 909 2342 908 2356 small-vehicle 0
1001 2382 1004 2368 1042 2374 1040 2388 large-vehicle 0
1001 2367 999 2383 962 2378 964 2362 small-vehicle 0
998 2349 998 2363 969 2362 970 2346 small-vehicle 0
276 2 386 25 319 239 212 201 basketball-court 1
