imagesource:GoogleEarth
gsd:0.541381930931
31 172 183 172 183 489 31 489 ground-track-field 0
123 1892 103 1896 94 1791 114 1791 ship 0
167 2210 177 2207 184 2252 173 2254 ship 0
156 2212 166 2209 172 2253 161 2252 ship 0
543 9 561 8 555 87 537 85 ship 0
664 477 643 482 631 391 650 386 ship 0
853 1802 831 1808 796 1703 815 1695 ship 0
617 1993 629 1996 619 2023 608 2019 ship 0
1271 336 1256 336 1252 256 1267 256 ship 0
1288 361 1270 360 1269 255 1286 254 ship 0
1286 266 1306 264 1309 368 1289 369 ship 0
1308 286 1326 285 1326 370 1308 369 ship 0
1327 304 1340 302 1337 367 1326 366 ship 0
1222 400 1239 401 1230 482 1213 478 ship 0
1267 420 1280 420 1284 473 1271 475 ship 0
1284 490 1296 489 1301 547 1288 547 ship 0
1275 494 1285 494 1288 544 1280 544 ship 0
1266 494 1275 495 1278 543 1268 544 ship 0
1274 843 1292 840 1300 916 1281 916 ship 0
1293 845 1311 845 1315 911 1300 911 ship 0
1281 1346 1308 1340 1334 1546 1303 1550 ship 0
1311 1365 1334 1361 1358 1538 1336 1540 ship 0
1150 556 1208 549 1249 884 1182 897 ship 0
1385 1718 1353 1726 1327 1590 1362 1583 ship 0
1348 1705 1329 1708 1311 1606 1330 1605 ship 0
1382 1889 1364 1895 1338 1806 1358 1801 ship 0
1351 1786 1391 1774 1419 1881 1384 1893 ship 0
1376 1937 1401 1926 1444 2050 1419 2055 ship 0
1401 1925 1430 1916 1468 2043 1443 2051 ship 0
224 2093 212 2095 205 2039 217 2037 ship 0
538 2232 521 2239 496 2160 515 2152 ship 0
1490 2195 1510 2188 1530 2269 1508 2270 ship 0
483 2172 498 2166 519 2241 504 2245 ship 0
378 69 408 70 399 293 371 295 ship 0
409 70 441 70 428 295 400 293 ship 0
354 531 326 527 339 315 373 314 ship 0
383 534 356 533 376 315 406 317 ship 0
418 533 383 530 407 317 445 320 ship 0
349 761 320 760 330 542 361 540 ship 0
382 765 351 761 361 541 397 544 ship 0
420 769 384 769 397 546 437 549 ship 0
342 1010 313 1006 323 784 359 785 ship 0
371 1007 344 1007 360 788 391 791 ship 0
409 1009 371 1010 389 794 431 795 ship 0
416 1707 393 1714 359 1583 385 1575 ship 0
431 1690 415 1696 389 1590 408 1582 ship 0
449 1688 432 1694 410 1590 429 1584 ship 0
471 1691 451 1696 427 1571 450 1565 ship 0
489 1683 471 1687 455 1587 474 1582 ship 0
511 1685 492 1690 474 1579 496 1576 ship 0
532 1677 512 1682 497 1583 519 1580 ship 0
452 1859 427 1863 408 1752 432 1746 ship 0
471 1842 451 1848 435 1757 456 1752 ship 0
474 2007 454 2010 437 1911 458 1907 ship 0
455 1894 482 1888 503 2021 479 2028 ship 0
484 1901 504 1898 520 1995 501 2001 ship 0
541 1991 521 1994 506 1903 524 1898 ship 0
560 1986 541 1990 525 1898 545 1894 ship 0
541 1881 561 1877 579 1980 560 1984 ship 0
562 1882 580 1878 593 1963 576 1967 ship 0
1454 2052 1469 2046 1491 2119 1474 2124 ship 0
1461 2205 1488 2195 1507 2270 1473 2270 ship 0
2669 314 2681 314 2681 332 2669 332 storage-tank 0
2432 737 2461 737 2461 766 2432 766 storage-tank 0
2462 661 2483 661 2483 682 2462 682 storage-tank 0
2465 690 2493 690 2493 718 2465 718 storage-tank 0
2475 727 2502 727 2502 752 2475 752 storage-tank 0
2485 763 2508 763 2508 786 2485 786 storage-tank 0
2492 793 2515 793 2515 817 2492 817 storage-tank 0
2529 650 2557 650 2557 679 2529 679 storage-tank 0
2541 692 2569 692 2569 720 2541 720 storage-tank 0
2545 730 2578 730 2578 762 2545 762 storage-tank 0
2562 778 2588 778 2588 803 2562 803 storage-tank 0
2581 639 2606 639 2606 665 2581 665 storage-tank 0
2581 673 2611 673 2611 704 2581 704 storage-tank 0
2593 721 2627 721 2627 756 2593 756 storage-tank 0
2597 766 2633 766 2633 805 2597 805 storage-tank 0
2429 148 2450 148 2450 169 2429 169 storage-tank 0
2466 138 2488 138 2488 160 2466 160 storage-tank 0
2485 217 2503 217 2503 235 2485 235 storage-tank 0
2541 206 2560 206 2560 224 2541 224 storage-tank 0
2516 210 2534 210 2534 229 2516 229 storage-tank 0
2509 191 2525 191 2525 206 2509 206 storage-tank 0
2529 167 2548 167 2548 187 2529 187 storage-tank 0
2637 162 2663 162 2663 189 2637 189 storage-tank 0
2629 126 2654 126 2654 151 2629 151 storage-tank 0
2521 127 2546 127 2546 152 2521 152 storage-tank 0
2636 70 2670 70 2670 102 2636 102 storage-tank 0
2554 304 2572 304 2572 325 2554 325 storage-tank 0
2580 299 2600 299 2600 320 2580 320 storage-tank 0
2670 284 2683 284 2683 305 2670 305 storage-tank 0
2439 778 2473 778 2473 814 2439 814 storage-tank 0
2425 702 2451 702 2451 728 2425 728 storage-tank 0
1523 1989 1538 1989 1538 2005 1523 2005 storage-tank 0
2419 669 2446 669 2446 696 2419 696 storage-tank 0
1527 2006 1543 2006 1543 2020 1527 2020 storage-tank 0
1531 2021 1549 2021 1549 2037 1531 2037 storage-tank 0
1537 2038 1552 2038 1552 2052 1537 2052 storage-tank 0
1541 2052 1557 2052 1557 2068 1541 2068 storage-tank 0
1544 2069 1561 2069 1561 2084 1544 2084 storage-tank 0
1546 1981 1566 1981 1566 2001 1546 2001 storage-tank 0
1551 2001 1571 2001 1571 2020 1551 2020 storage-tank 0
1558 2020 1577 2020 1577 2041 1558 2041 storage-tank 0
1563 2041 1583 2041 1583 2059 1563 2059 storage-tank 0
1567 2060 1586 2060 1586 2076 1567 2076 storage-tank 0
1563 1958 1591 1958 1591 1986 1563 1986 storage-tank 0
1574 1986 1601 1986 1601 2011 1574 2011 storage-tank 0
1582 2012 1607 2012 1607 2038 1582 2038 storage-tank 0
1589 2040 1615 2040 1615 2066 1589 2066 storage-tank 0
1656 1997 1668 1997 1668 2011 1656 2011 storage-tank 1
1503 1916 1536 1916 1536 1948 1503 1948 storage-tank 0
1542 1906 1573 1906 1573 1936 1542 1936 storage-tank 0
1491 1891 1516 1891 1516 1913 1491 1913 storage-tank 0
1519 1884 1541 1884 1541 1907 1519 1907 storage-tank 0
1544 1876 1568 1876 1568 1901 1544 1901 storage-tank 0
1459 102 1482 102 1482 127 1459 127 storage-tank 0
1487 100 1513 100 1513 122 1487 122 storage-tank 0
2358 682 2377 682 2377 701 2358 701 storage-tank 0
2363 706 2384 706 2384 728 2363 728 storage-tank 0
2365 734 2387 734 2387 756 2365 756 storage-tank 0
2371 761 2393 761 2393 783 2371 783 storage-tank 0
2377 791 2399 791 2399 814 2377 814 storage-tank 0
347 66 377 67 370 292 336 292 ship 0
