imagesource:GoogleEarth
gsd:0.579105855679
1149 331 1250 331 1250 435 1149 435 storage-tank 0
435 1356 475 1356 475 1394 435 1394 storage-tank 0
698 1623 716 1623 716 1640 698 1640 storage-tank 0
677 1623 694 1623 694 1641 677 1641 storage-tank 0
700 1642 714 1642 714 1657 700 1657 storage-tank 0
699 1660 714 1660 714 1675 699 1675 storage-tank 0
679 1642 693 1642 693 1657 679 1657 storage-tank 0
646 1631 671 1631 671 1655 646 1655 storage-tank 0
620 1619 639 1619 639 1636 620 1636 storage-tank 0
621 1639 640 1639 640 1658 621 1658 storage-tank 0
679 1659 694 1659 694 1674 679 1674 storage-tank 0
647 1663 671 1663 671 1685 647 1685 storage-tank 0
614 1667 640 1667 640 1693 614 1693 storage-tank 0
497 1354 536 1354 536 1393 497 1393 storage-tank 0
494 1291 535 1291 535 1332 494 1332 storage-tank 0
645 1576 652 1576 652 1585 645 1585 storage-tank 1
433 1291 474 1291 474 1331 433 1331 storage-tank 0
495 1231 533 1231 533 1270 495 1270 storage-tank 0
432 1230 472 1230 472 1271 432 1271 storage-tank 0
493 1167 533 1167 533 1207 493 1207 storage-tank 0
431 1167 471 1167 471 1206 431 1206 storage-tank 0
492 1112 531 1112 531 1154 492 1154 storage-tank 0
431 1111 472 1111 472 1153 431 1153 storage-tank 0
434 1009 489 1009 489 1066 434 1066 storage-tank 0
432 934 489 934 489 991 432 991 storage-tank 0
432 852 489 852 489 912 432 912 storage-tank 0
427 758 491 758 491 827 427 827 storage-tank 0
424 667 489 667 489 735 424 735 storage-tank 0
647 1600 669 1600 669 1621 647 1621 storage-tank 0
656 1576 663 1576 663 1585 656 1585 storage-tank 1
1025 343 1091 343 1091 410 1025 410 storage-tank 0
1014 1078 1114 1078 1114 1178 1014 1178 storage-tank 0
1026 435 1092 435 1092 502 1026 502 storage-tank 0
1149 465 1251 465 1251 575 1149 575 storage-tank 0
1256 617 1287 617 1287 653 1256 653 storage-tank 0
1251 698 1272 698 1272 718 1251 718 storage-tank 0
1250 672 1272 672 1272 696 1250 696 storage-tank 0
1146 684 1181 684 1181 721 1146 721 storage-tank 0
1094 684 1131 684 1131 721 1094 721 storage-tank 0
1132 649 1153 649 1153 669 1132 669 storage-tank 0
1093 637 1122 637 1122 666 1093 666 storage-tank 0
1043 684 1081 684 1081 721 1043 721 storage-tank 0
1041 634 1079 634 1079 672 1041 672 storage-tank 0
1012 921 1112 921 1112 1020 1012 1020 storage-tank 0
937 438 1003 438 1003 506 937 506 storage-tank 0
667 1576 675 1576 675 1584 667 1584 storage-tank 1
933 346 1001 346 1001 413 933 413 storage-tank 0
847 443 913 443 913 510 847 510 storage-tank 0
844 351 911 351 911 420 844 420 storage-tank 0
756 354 821 354 821 421 756 421 storage-tank 0
757 446 823 446 823 512 757 512 storage-tank 0
992 684 1030 684 1030 722 992 722 storage-tank 0
991 634 1031 634 1031 672 991 672 storage-tank 0
927 676 976 676 976 724 927 724 storage-tank 0
927 609 975 609 975 660 927 660 storage-tank 0
832 586 903 586 903 656 832 656 storage-tank 0
736 588 806 588 806 657 736 657 storage-tank 0
826 918 931 918 931 1017 826 1017 storage-tank 0
422 577 488 577 488 645 422 645 storage-tank 0
