imagesource:GoogleEarth
gsd:2.24028250445
1271 36 1279 32 1286 46 1279 48 soccer-ball-field 0
3646 192 3676 192 3676 239 3646 239 soccer-ball-field 1
1213 55 1230 48 1246 80 1230 88 soccer-ball-field 1
1262 28 1278 20 1295 51 1278 59 ground-track-field 0
1651 2428 1662 2428 1662 2441 1651 2441 storage-tank 1
1662 2429 1672 2429 1672 2442 1662 2442 storage-tank 1
1673 2428 1683 2428 1683 2442 1673 2442 storage-tank 1
1684 2429 1695 2429 1695 2442 1684 2442 storage-tank 1
1695 2429 1706 2429 1706 2442 1695 2442 storage-tank 1
1816 786 1854 811 1814 871 1777 848 ground-track-field 0
1815 803 1839 818 1815 857 1789 840 soccer-ball-field 1
2134 502 2191 462 2213 493 2156 535 ground-track-field 0
2147 503 2185 476 2199 494 2160 521 soccer-ball-field 1
1330 711 1358 708 1366 767 1336 771 ground-track-field 0
1337 722 1356 720 1360 756 1341 759 soccer-ball-field 1
3636 1253 3642 1246 3658 1266 3653 1270 bridge 0
3639 175 3682 175 3682 253 3639 253 ground-track-field 0
1203 47 1227 36 1255 86 1232 100 ground-track-field 0
