imagesource:GoogleEarth
gsd:1.0198773264
3257 2037 3266 2037 3266 2047 3257 2047 storage-tank 1
1593 1237 1624 1237 1624 1267 1593 1267 storage-tank 0
1777 771 1809 771 1809 800 1777 800 storage-tank 0
1779 727 1808 727 1808 758 1779 758 storage-tank 0
1779 686 1807 686 1807 717 1779 717 storage-tank 0
1508 1166 1541 1166 1541 1198 1508 1198 storage-tank 0
1550 1174 1574 1174 1574 1198 1550 1198 storage-tank 0
1511 1239 1536 1239 1536 1264 1511 1264 storage-tank 0
1509 1277 1539 1277 1539 1310 1509 1310 storage-tank 0
1550 1236 1581 1236 1581 1267 1550 1267 storage-tank 0
1551 1277 1582 1277 1582 1310 1551 1310 storage-tank 0
1486 1699 1542 1699 1542 1753 1486 1753 storage-tank 0
1593 1277 1624 1277 1624 1309 1593 1309 storage-tank 0
1534 1392 1555 1392 1555 1412 1534 1412 storage-tank 0
1534 1419 1554 1419 1554 1439 1534 1439 storage-tank 0
1600 1394 1624 1394 1624 1418 1600 1418 storage-tank 0
1601 1428 1624 1428 1624 1454 1601 1454 storage-tank 0
1675 1539 1715 1539 1715 1581 1675 1581 storage-tank 0
1674 1591 1716 1591 1716 1629 1674 1629 storage-tank 0
1582 1590 1632 1590 1632 1611 1582 1611 storage-tank 0
1798 833 1813 833 1813 849 1798 849 storage-tank 0
1799 811 1814 811 1814 827 1799 827 storage-tank 0
1773 813 1786 813 1786 826 1773 826 storage-tank 1
1774 833 1789 833 1789 849 1774 849 storage-tank 0
1584 932 1606 932 1606 954 1584 954 storage-tank 0
1583 961 1606 961 1606 983 1583 983 storage-tank 0
1612 931 1635 931 1635 954 1612 954 storage-tank 0
1613 961 1635 961 1635 984 1613 984 storage-tank 0
1709 904 1721 904 1721 916 1709 916 storage-tank 1
1692 931 1706 931 1706 944 1692 944 storage-tank 1
1710 931 1722 931 1722 945 1710 945 storage-tank 1
1728 903 1745 903 1745 920 1728 920 storage-tank 0
1728 929 1744 929 1744 945 1728 945 storage-tank 0
1749 904 1766 904 1766 920 1749 920 storage-tank 0
1749 928 1766 928 1766 945 1749 945 storage-tank 0
1771 903 1787 903 1787 920 1771 920 storage-tank 0
1793 903 1807 903 1807 917 1793 917 storage-tank 1
1771 928 1787 928 1787 945 1771 945 storage-tank 0
1792 930 1806 930 1806 945 1792 945 storage-tank 0
1775 855 1789 855 1789 871 1775 871 storage-tank 0
1798 856 1813 856 1813 870 1798 870 storage-tank 0
1516 1586 1565 1586 1565 1634 1516 1634 storage-tank 0
1564 1697 1619 1697 1619 1754 1564 1754 storage-tank 0
1680 837 1703 837 1703 860 1680 860 storage-tank 0
1574 2171 1589 2163 1603 2192 1587 2200 basketball-court 0
1867 1443 1898 1443 1898 1474 1867 1474 storage-tank 0
1786 1462 1848 1462 1848 1525 1786 1525 storage-tank 0
1865 1494 1896 1494 1896 1526 1865 1526 storage-tank 0
1796 2288 1898 2249 1916 2291 1811 2335 ground-track-field 0
1824 2287 1875 2268 1885 2295 1834 2316 soccer-ball-field 1
1780 2223 1805 2212 1810 2226 1786 2236 basketball-court 0
1787 2237 1811 2229 1817 2241 1792 2250 basketball-court 0
1793 2253 1817 2244 1823 2257 1799 2266 basketball-court 0
1536 2092 1551 2086 1566 2118 1552 2126 tennis-court 1
1660 1692 1677 1692 1677 1712 1660 1712 storage-tank 0
1652 361 1636 356 1664 256 1680 260 ship 0
1638 241 1646 236 1663 258 1656 263 ship 0
2303 421 2288 430 2231 331 2246 321 ship 0
2212 231 2186 251 2093 89 2120 75 ship 0
2124 684 2146 684 2146 706 2124 706 storage-tank 0
2154 684 2175 684 2175 707 2154 707 storage-tank 0
2186 681 2198 681 2198 695 2186 695 storage-tank 1
2204 682 2216 682 2216 695 2204 695 storage-tank 1
1996 1463 2014 1463 2014 1481 1996 1481 storage-tank 0
1978 1462 1994 1462 1994 1479 1978 1479 storage-tank 0
1871 1381 1911 1381 1911 1422 1871 1422 storage-tank 0
1790 1383 1852 1383 1852 1445 1790 1445 storage-tank 0
1691 1693 1709 1693 1709 1712 1691 1712 storage-tank 0
1716 1669 1734 1669 1734 1688 1716 1688 storage-tank 0
1488 1773 1542 1773 1542 1830 1488 1830 storage-tank 0
1562 1771 1620 1771 1620 1830 1562 1830 storage-tank 0
1774 1655 1836 1655 1836 1718 1774 1718 storage-tank 0
1858 1661 1919 1661 1919 1724 1858 1724 storage-tank 0
1780 1574 1840 1574 1840 1636 1780 1636 storage-tank 0
1862 1580 1924 1580 1924 1639 1862 1639 storage-tank 0
1945 1583 2005 1583 2005 1646 1945 1646 storage-tank 0
1875 683 1917 683 1917 724 1875 724 storage-tank 0
1954 683 1996 683 1996 725 1954 725 storage-tank 0
1865 744 1926 744 1926 804 1865 804 storage-tank 0
1865 821 1926 821 1926 882 1865 882 storage-tank 0
1944 821 2005 821 2005 884 1944 884 storage-tank 0
1501 1066 1509 1069 1501 1108 1493 1106 bridge 0
1794 1301 1856 1301 1856 1363 1794 1363 storage-tank 0
1871 1318 1915 1318 1915 1361 1871 1361 storage-tank 0
1712 838 1729 838 1729 856 1712 856 storage-tank 0
1712 809 1730 809 1730 827 1712 827 storage-tank 0
3257 2024 3267 2024 3267 2034 3257 2034 storage-tank 1
1284 1116 1310 1116 1310 1140 1284 1140 storage-tank 0
1223 758 1253 758 1253 790 1223 790 storage-tank 0
1180 801 1212 801 1212 831 1180 831 storage-tank 0
1222 800 1254 800 1254 832 1222 832 storage-tank 0
1231 892 1250 892 1250 912 1231 912 storage-tank 0
1253 892 1273 892 1273 913 1253 913 storage-tank 0
1169 1150 1190 1150 1190 1172 1169 1172 storage-tank 0
1217 1128 1235 1128 1235 1145 1217 1145 storage-tank 0
1217 1157 1233 1157 1233 1174 1217 1174 storage-tank 0
1251 1144 1259 1144 1259 1152 1251 1152 storage-tank 1
1430 1289 1451 1289 1451 1311 1430 1311 storage-tank 0
1251 1157 1260 1157 1260 1166 1251 1166 storage-tank 1
1407 1154 1431 1154 1431 1177 1407 1177 storage-tank 0
1404 1193 1423 1193 1423 1213 1404 1213 storage-tank 0
1431 1193 1451 1193 1451 1215 1431 1215 storage-tank 0
1404 1227 1423 1227 1423 1248 1404 1248 storage-tank 0
1430 1226 1451 1226 1451 1248 1430 1248 storage-tank 0
1403 1254 1422 1254 1422 1276 1403 1276 storage-tank 0
1430 1254 1451 1254 1451 1276 1430 1276 storage-tank 0
1180 759 1211 759 1211 790 1180 790 storage-tank 0
1236 712 1254 712 1254 730 1236 730 storage-tank 0
1212 712 1230 712 1230 730 1212 730 storage-tank 0
1188 711 1206 711 1206 731 1188 731 storage-tank 0
413 968 459 968 459 1014 413 1014 storage-tank 0
429 1033 457 1033 457 1061 429 1061 storage-tank 0
488 1021 516 1021 516 1048 488 1048 storage-tank 0
550 908 590 908 590 947 550 947 storage-tank 0
560 962 600 962 600 1000 560 1000 storage-tank 0
572 1015 610 1015 610 1053 572 1053 storage-tank 0
487 1152 527 1152 527 1191 487 1191 storage-tank 0
541 1143 580 1143 580 1181 541 1181 storage-tank 0
487 1213 527 1213 527 1252 487 1252 storage-tank 0
539 1204 579 1204 579 1242 539 1242 storage-tank 0
591 1132 631 1132 631 1171 591 1171 storage-tank 0
621 984 661 984 661 1024 621 1024 storage-tank 0
704 1001 716 1001 716 1014 704 1014 storage-tank 1
611 931 651 931 651 969 611 969 storage-tank 0
1189 684 1206 684 1206 701 1189 701 storage-tank 0
1212 684 1230 684 1230 702 1212 702 storage-tank 0
1235 684 1253 684 1253 702 1235 702 storage-tank 0
1401 1288 1422 1288 1422 1311 1401 1311 storage-tank 0
1402 1366 1421 1366 1421 1384 1402 1384 storage-tank 0
1680 807 1702 807 1702 830 1680 830 storage-tank 0
1603 872 1629 872 1629 898 1603 898 storage-tank 0
1527 772 1556 772 1556 802 1527 802 storage-tank 0
1566 774 1596 774 1596 802 1566 802 storage-tank 0
1605 773 1635 773 1635 802 1605 802 storage-tank 0
1529 841 1550 841 1550 862 1529 862 storage-tank 0
1536 872 1561 872 1561 896 1536 896 storage-tank 0
1559 840 1580 840 1580 862 1559 862 storage-tank 0
1571 872 1595 872 1595 897 1571 897 storage-tank 0
1588 842 1607 842 1607 860 1588 860 storage-tank 0
1612 843 1630 843 1630 861 1612 861 storage-tank 0
1430 1367 1450 1367 1450 1386 1430 1386 storage-tank 0
1681 686 1702 686 1702 709 1681 709 storage-tank 0
1712 687 1730 687 1730 706 1712 706 storage-tank 0
1680 717 1702 717 1702 739 1680 739 storage-tank 0
1712 719 1730 719 1730 737 1712 737 storage-tank 0
1680 746 1702 746 1702 769 1680 769 storage-tank 0
1711 748 1730 748 1730 767 1711 767 storage-tank 0
1681 776 1703 776 1703 800 1681 800 storage-tank 0
1712 778 1729 778 1729 797 1712 797 storage-tank 0
1606 732 1635 732 1635 760 1606 760 storage-tank 0
1566 732 1595 732 1595 761 1566 761 storage-tank 0
1526 732 1556 732 1556 761 1526 761 storage-tank 0
1405 1792 1436 1792 1436 1824 1405 1824 storage-tank 0
1404 1392 1421 1392 1421 1408 1404 1408 storage-tank 0
1432 1392 1447 1392 1447 1408 1432 1408 storage-tank 0
1403 1415 1420 1415 1420 1433 1403 1433 storage-tank 0
1431 1413 1447 1413 1447 1429 1431 1429 storage-tank 0
1500 1392 1519 1392 1519 1413 1500 1413 storage-tank 0
1500 1418 1519 1418 1519 1440 1500 1440 storage-tank 0
1302 784 1364 784 1364 846 1302 846 storage-tank 0
1386 786 1448 786 1448 846 1386 846 storage-tank 0
1303 703 1365 703 1365 763 1303 763 storage-tank 0
1386 701 1447 701 1447 763 1386 763 storage-tank 0
1298 1551 1322 1551 1322 1576 1298 1576 storage-tank 0
1183 1557 1197 1557 1197 1570 1183 1570 storage-tank 1
1351 1552 1359 1552 1359 1561 1351 1561 storage-tank 1
1351 1567 1359 1567 1359 1576 1351 1576 storage-tank 1
1345 1583 1361 1583 1361 1602 1345 1602 storage-tank 0
1404 1702 1436 1702 1436 1736 1404 1736 storage-tank 0
1403 1746 1437 1746 1437 1781 1403 1781 storage-tank 0
2124 713 2146 713 2146 735 2124 735 storage-tank 0
2154 713 2176 713 2176 735 2154 735 storage-tank 0
2186 704 2217 704 2217 736 2186 736 storage-tank 0
3599 1296 3619 1296 3619 1316 3599 1316 storage-tank 0
3667 919 3748 919 3748 1000 3667 1000 storage-tank 0
3507 980 3553 980 3553 1027 3507 1027 storage-tank 0
3555 1024 3614 1024 3614 1086 3555 1086 storage-tank 0
3633 1023 3712 1023 3712 1102 3633 1102 storage-tank 0
3730 1020 3812 1020 3812 1104 3730 1104 storage-tank 0
3505 1169 3566 1169 3566 1231 3505 1231 storage-tank 0
3504 1249 3564 1249 3564 1312 3504 1312 storage-tank 0
3601 1271 3618 1271 3618 1291 3601 1291 storage-tank 0
3662 1142 3723 1142 3723 1202 3662 1202 storage-tank 0
3526 1790 3538 1790 3538 1803 3526 1803 storage-tank 1
3752 1144 3832 1144 3832 1222 3752 1222 storage-tank 0
3661 1220 3723 1220 3723 1280 3661 1280 storage-tank 0
3753 1241 3831 1241 3831 1322 3753 1322 storage-tank 0
3664 1299 3725 1299 3725 1358 3664 1358 storage-tank 0
3752 1341 3831 1341 3831 1423 3752 1423 storage-tank 0
3670 1376 3718 1376 3718 1424 3670 1424 storage-tank 0
3522 1411 3584 1411 3584 1469 3522 1469 storage-tank 0
3525 1488 3584 1488 3584 1549 3525 1549 storage-tank 0
3570 918 3649 918 3649 998 3570 998 storage-tank 0
3506 916 3552 916 3552 963 3506 963 storage-tank 0
3598 846 3628 846 3628 877 3598 877 storage-tank 0
3548 837 3586 837 3586 875 3548 875 storage-tank 0
3046 1157 3105 1157 3105 1219 3046 1219 storage-tank 0
3157 1057 3219 1057 3219 1118 3157 1118 storage-tank 0
3250 1033 3265 1033 3265 1047 3250 1047 storage-tank 0
3306 1033 3318 1033 3318 1046 3306 1046 storage-tank 1
3246 1078 3307 1078 3307 1141 3246 1141 storage-tank 0
3156 1139 3216 1139 3216 1201 3156 1201 storage-tank 0
3241 1169 3306 1169 3306 1232 3241 1232 storage-tank 0
3358 1088 3386 1088 3386 1116 3358 1116 storage-tank 0
3401 1086 3430 1086 3430 1116 3401 1116 storage-tank 0
3360 1130 3382 1130 3382 1153 3360 1153 storage-tank 0
3400 1126 3429 1126 3429 1155 3400 1155 storage-tank 0
3360 1166 3382 1166 3382 1189 3360 1189 storage-tank 0
3405 1166 3425 1166 3425 1187 3405 1187 storage-tank 0
3329 2005 3342 2005 3342 2018 3329 2018 storage-tank 1
3346 2004 3359 2004 3359 2018 3346 2018 storage-tank 1
3365 2005 3377 2005 3377 2019 3365 2019 storage-tank 1
3495 836 3534 836 3534 876 3495 876 storage-tank 0
3522 1572 3583 1572 3583 1631 3522 1631 storage-tank 0
869 314 864 310 894 273 899 278 ship 0
2071 767 2135 767 2135 829 2071 829 storage-tank 0
2828 2290 2833 2289 2839 2311 2834 2311 ship 0
2759 2388 2719 2408 2651 2280 2692 2261 harbor 0
2766 2407 2771 2403 2792 2427 2787 2432 ship 0
2840 2286 2848 2282 2863 2321 2853 2324 ship 0
2607 1146 2613 1146 2613 1164 2607 1164 bridge 0
2641 427 2629 433 2588 358 2600 352 ship 0
3048 2194 3065 2194 3065 2278 3048 2278 ship 0
2870 2323 2878 2320 2891 2355 2885 2358 ship 0
2832 2282 2839 2281 2847 2309 2841 2311 ship 0
2960 2297 2978 2314 2974 2320 2955 2303 ship 0
875 318 871 312 898 279 903 283 ship 0
2995 2353 3003 2356 2990 2393 2983 2390 ship 0
2984 2401 2991 2404 2974 2450 2965 2445 ship 0
2967 617 2970 612 2985 625 2982 629 ship 0
2984 630 2987 626 3000 637 2997 640 ship 0
3235 2025 3245 2025 3245 2035 3235 2035 storage-tank 1
3235 2037 3245 2037 3245 2047 3235 2047 storage-tank 1
3246 2024 3256 2024 3256 2035 3246 2035 storage-tank 1
3247 2037 3256 2037 3256 2046 3247 2046 storage-tank 1
2071 95 2088 85 2182 248 2164 258 ship 0
2307 472 2301 478 2259 446 2264 441 harbor 0
1506 1041 1518 1043 1514 1064 1502 1061 bridge 0
1369 1983 1388 1983 1388 2013 1369 2013 bridge 0
1001 317 992 321 975 274 984 271 ship 0
959 409 954 405 970 382 974 384 ship 0
965 412 960 408 974 386 978 389 ship 0
1000 373 994 371 1002 340 1008 341 ship 0
1005 375 1001 373 1008 341 1014 343 ship 0
1011 377 1005 374 1015 342 1021 344 ship 0
1017 378 1011 376 1020 344 1027 346 ship 0
1024 378 1017 377 1027 347 1033 349 ship 0
1028 380 1024 378 1033 353 1038 355 ship 0
1076 351 1071 351 1068 321 1073 321 ship 0
1083 350 1078 350 1073 318 1079 317 ship 0
1088 349 1084 349 1080 316 1085 315 ship 0
1094 348 1089 348 1086 314 1092 314 ship 0
1101 347 1095 347 1093 313 1099 313 ship 0
1108 347 1102 347 1100 312 1106 311 ship 0
1185 910 1195 910 1195 920 1185 920 storage-tank 1
1303 197 1318 193 1343 284 1328 289 ship 0
3047 1080 3108 1080 3108 1142 3047 1142 storage-tank 0
3410 907 3437 907 3437 935 3410 935 storage-tank 0
3369 906 3398 906 3398 935 3369 935 storage-tank 0
2407 1282 2470 1282 2470 1343 2407 1343 storage-tank 0
2270 940 2330 940 2330 1003 2270 1003 storage-tank 0
2351 941 2413 941 2413 1004 2351 1004 storage-tank 0
2471 1039 2492 1039 2492 1059 2471 1059 storage-tank 0
2496 1039 2515 1039 2515 1058 2496 1058 storage-tank 0
2391 1199 2453 1199 2453 1260 2391 1260 storage-tank 0
2101 1388 2123 1388 2123 1410 2101 1410 storage-tank 0
2113 1410 2135 1410 2135 1433 2113 1433 storage-tank 0
2438 1355 2520 1355 2520 1436 2438 1436 storage-tank 0
2469 1201 2532 1201 2532 1263 2469 1263 storage-tank 0
3410 866 3439 866 3439 896 3410 896 storage-tank 0
2513 1289 2530 1289 2530 1306 2513 1306 storage-tank 0
2515 1310 2530 1310 2530 1325 2515 1325 storage-tank 0
2534 1289 2549 1289 2549 1306 2534 1306 storage-tank 0
2441 941 2502 941 2502 1003 2441 1003 storage-tank 0
2525 941 2585 941 2585 1004 2525 1004 storage-tank 0
2441 860 2504 860 2504 920 2441 920 storage-tank 0
2523 858 2585 858 2585 921 2523 921 storage-tank 0
2441 761 2502 761 2502 824 2441 824 storage-tank 0
2350 859 2413 859 2413 922 2350 922 storage-tank 0
2270 858 2331 858 2331 921 2270 921 storage-tank 0
2351 762 2413 762 2413 824 2351 824 storage-tank 0
2268 763 2331 763 2331 825 2268 825 storage-tank 0
2154 767 2215 767 2215 830 2154 830 storage-tank 0
2073 850 2133 850 2133 912 2073 912 storage-tank 0
2154 850 2215 850 2215 912 2154 912 storage-tank 0
2074 947 2092 947 2092 967 2074 967 storage-tank 0
2099 947 2119 947 2119 967 2099 967 storage-tank 0
2126 947 2145 947 2145 967 2126 967 storage-tank 0
2074 976 2093 976 2093 996 2074 996 storage-tank 0
2100 976 2119 976 2119 996 2100 996 storage-tank 0
2126 976 2145 976 2145 996 2126 996 storage-tank 0
2151 948 2171 948 2171 966 2151 966 storage-tank 0
2152 976 2170 976 2170 995 2152 995 storage-tank 0
2179 949 2196 949 2196 966 2179 966 storage-tank 0
2179 976 2195 976 2195 994 2179 994 storage-tank 0
2205 951 2218 951 2218 965 2205 965 storage-tank 1
2204 977 2218 977 2218 992 2204 992 storage-tank 0
2269 680 2331 680 2331 742 2269 742 storage-tank 0
2351 678 2413 678 2413 740 2351 740 storage-tank 0
2441 681 2502 681 2502 742 2441 742 storage-tank 0
2523 680 2584 680 2584 741 2523 741 storage-tank 0
2525 761 2584 761 2584 822 2525 822 storage-tank 0
2799 1121 2881 1121 2881 1201 2799 1201 storage-tank 0
2836 1358 2896 1358 2896 1421 2836 1421 storage-tank 0
2917 1363 2978 1363 2978 1421 2917 1421 storage-tank 0
3004 1359 3062 1359 3062 1421 3004 1421 storage-tank 0
2835 1469 2896 1469 2896 1529 2835 1529 storage-tank 0
2919 1468 2980 1468 2980 1529 2919 1529 storage-tank 0
3002 1467 3063 1467 3063 1530 3002 1530 storage-tank 0
2813 1710 2823 1710 2823 1721 2813 1721 storage-tank 1
2826 1710 2838 1710 2838 1721 2826 1721 storage-tank 1
3047 1001 3107 1001 3107 1063 3047 1063 storage-tank 0
3375 946 3396 946 3396 968 3375 968 storage-tank 0
3365 975 3375 975 3375 986 3365 986 storage-tank 1
3380 975 3391 975 3391 986 3380 986 storage-tank 1
3413 945 3434 945 3434 967 3413 967 storage-tank 0
3374 806 3395 806 3395 828 3374 828 storage-tank 0
3375 836 3396 836 3396 857 3375 857 storage-tank 0
3410 828 3438 828 3438 857 3410 857 storage-tank 0
3371 866 3397 866 3397 896 3371 896 storage-tank 0
2898 1117 2978 1117 2978 1201 2898 1201 storage-tank 0
2921 858 2983 858 2983 921 2921 921 storage-tank 0
2545 1203 2606 1203 2606 1266 2545 1266 storage-tank 0
2821 839 2883 839 2883 904 2821 904 storage-tank 0
2619 1206 2681 1206 2681 1269 2619 1269 storage-tank 0
2638 1042 2720 1042 2720 1123 2638 1123 storage-tank 0
2736 1041 2816 1041 2816 1123 2736 1123 storage-tank 0
2639 940 2698 940 2698 1004 2639 1004 storage-tank 0
2716 941 2776 941 2776 1002 2716 1002 storage-tank 0
2639 864 2698 864 2698 924 2639 924 storage-tank 0
2716 864 2775 864 2775 925 2716 925 storage-tank 0
2637 764 2699 764 2699 823 2637 823 storage-tank 0
2716 761 2776 761 2776 823 2716 823 storage-tank 0
2635 682 2698 682 2698 747 2635 747 storage-tank 0
2715 685 2777 685 2777 746 2715 746 storage-tank 0
2822 685 2884 685 2884 746 2822 746 storage-tank 0
2900 683 2961 683 2961 746 2900 746 storage-tank 0
3006 701 3067 701 3067 765 3006 765 storage-tank 0
2823 763 2882 763 2882 824 2823 824 storage-tank 0
2921 777 2983 777 2983 843 2921 843 storage-tank 0
3008 781 3066 781 3066 842 3008 842 storage-tank 0
403 920 449 920 449 965 403 965 storage-tank 0
