imagesource:GoogleEarth
gsd:1.04447181601
2658 877 2697 877 2697 915 2658 915 storage-tank 0
1033 1032 1041 1032 1041 1040 1033 1040 storage-tank 1
1247 1628 1263 1628 1263 1644 1247 1644 storage-tank 0
1276 1596 1296 1596 1296 1617 1276 1617 storage-tank 0
1240 1601 1260 1601 1260 1622 1240 1622 storage-tank 0
1271 1570 1291 1570 1291 1590 1271 1590 storage-tank 0
1236 1575 1255 1575 1255 1596 1236 1596 storage-tank 0
1190 1723 1201 1723 1201 1734 1190 1734 storage-tank 1
1198 1693 1214 1693 1214 1709 1198 1709 storage-tank 0
1195 1669 1209 1669 1209 1686 1195 1686 storage-tank 0
1171 1701 1187 1701 1187 1716 1171 1716 storage-tank 0
1167 1676 1182 1676 1182 1692 1167 1692 storage-tank 0
1186 1621 1201 1621 1201 1639 1186 1639 storage-tank 0
1182 1603 1196 1603 1196 1618 1182 1618 storage-tank 0
1178 1585 1193 1585 1193 1599 1178 1599 storage-tank 0
1157 1629 1172 1629 1172 1645 1157 1645 storage-tank 0
1153 1610 1167 1610 1167 1624 1153 1624 storage-tank 1
1150 1591 1164 1591 1164 1606 1150 1606 storage-tank 0
1025 1741 1107 1741 1107 1823 1025 1823 storage-tank 0
1002 1606 1080 1606 1080 1690 1002 1690 storage-tank 0
1038 1058 1044 1058 1044 1065 1038 1065 storage-tank 1
1025 1058 1034 1058 1034 1067 1025 1067 storage-tank 1
1036 1044 1041 1044 1041 1051 1036 1051 storage-tank 1
1283 1623 1299 1623 1299 1638 1283 1638 storage-tank 0
1251 1650 1267 1650 1267 1665 1251 1665 storage-tank 0
1287 1644 1303 1644 1303 1660 1287 1660 storage-tank 0
1239 1895 1257 1895 1257 1913 1239 1913 storage-tank 0
1326 1554 1364 1554 1364 1591 1326 1591 storage-tank 0
1321 1817 1338 1817 1338 1835 1321 1835 storage-tank 0
1291 1825 1306 1825 1306 1842 1291 1842 storage-tank 0
1316 1791 1333 1791 1333 1809 1316 1809 storage-tank 0
1284 1799 1301 1799 1301 1816 1284 1816 storage-tank 0
1310 1766 1327 1766 1327 1783 1310 1783 storage-tank 0
1280 1772 1297 1772 1297 1791 1280 1791 storage-tank 0
1243 1921 1260 1921 1260 1940 1243 1940 storage-tank 0
1210 1926 1229 1926 1229 1945 1210 1945 storage-tank 0
1205 1900 1223 1900 1223 1918 1205 1918 storage-tank 0
1256 1674 1271 1674 1271 1690 1256 1690 storage-tank 0
1234 1871 1251 1871 1251 1888 1234 1888 storage-tank 0
1199 1876 1218 1876 1218 1893 1199 1893 storage-tank 0
1229 1843 1246 1843 1246 1861 1229 1861 storage-tank 0
1195 1849 1213 1849 1213 1865 1195 1865 storage-tank 0
1223 1818 1242 1818 1242 1836 1223 1836 storage-tank 0
1219 1791 1236 1791 1236 1810 1219 1810 storage-tank 0
1190 1824 1208 1824 1208 1842 1190 1842 storage-tank 0
1186 1797 1203 1797 1203 1814 1186 1814 storage-tank 0
1292 1668 1307 1668 1307 1684 1292 1684 storage-tank 0
1024 1046 1032 1046 1032 1054 1024 1054 storage-tank 1
1031 1022 1038 1022 1038 1029 1031 1029 storage-tank 1
1338 1606 1375 1606 1375 1644 1338 1644 storage-tank 0
1019 1024 1026 1024 1026 1032 1019 1032 storage-tank 1
661 1462 692 1462 692 1495 661 1495 storage-tank 0
651 1416 683 1416 683 1447 651 1447 storage-tank 0
654 1159 678 1159 678 1181 654 1181 roundabout 0
898 1183 936 1183 936 1218 898 1218 storage-tank 0
851 1190 887 1190 887 1227 851 1227 storage-tank 0
903 1006 912 1006 912 1015 903 1015 storage-tank 1
893 1008 901 1008 901 1016 893 1016 storage-tank 1
883 1011 891 1011 891 1019 883 1019 storage-tank 1
845 988 859 988 859 1004 845 1004 storage-tank 0
841 968 856 968 856 984 841 984 storage-tank 0
839 951 851 951 851 964 839 964 storage-tank 1
834 930 847 930 847 944 834 944 storage-tank 1
40 256 52 256 52 268 40 268 storage-tank 1
38 242 50 242 50 254 38 254 storage-tank 1
322 85 336 85 336 101 322 101 storage-tank 0
331 66 345 66 345 82 331 82 storage-tank 0
304 76 317 76 317 92 304 92 storage-tank 0
312 58 326 58 326 74 312 74 storage-tank 0
285 67 299 67 299 83 285 83 storage-tank 0
295 50 307 50 307 65 295 65 storage-tank 0
268 60 281 60 281 73 268 73 storage-tank 1
700 1407 730 1407 730 1439 700 1439 storage-tank 0
709 1453 739 1453 739 1486 709 1486 storage-tank 0
766 1396 795 1396 795 1425 766 1425 storage-tank 0
931 1739 941 1739 941 1753 931 1753 storage-tank 1
1036 2075 1056 2075 1056 2096 1036 2096 storage-tank 0
1007 2074 1028 2074 1028 2094 1007 2094 storage-tank 0
1036 2047 1057 2047 1057 2069 1036 2069 storage-tank 0
1007 2046 1028 2046 1028 2067 1007 2067 storage-tank 0
951 2072 971 2072 971 2093 951 2093 storage-tank 0
924 2069 945 2069 945 2092 924 2092 storage-tank 0
951 2043 973 2043 973 2064 951 2064 storage-tank 0
923 2041 944 2041 944 2063 923 2063 storage-tank 0
839 1775 921 1775 921 1857 839 1857 storage-tank 0
815 1645 895 1645 895 1725 815 1725 storage-tank 0
814 1386 842 1386 842 1414 814 1414 storage-tank 0
1031 1353 1064 1353 1064 1387 1031 1387 storage-tank 0
996 1409 1030 1409 1030 1443 996 1443 storage-tank 0
986 1361 1019 1361 1019 1395 986 1395 storage-tank 0
950 1418 985 1418 985 1453 950 1453 storage-tank 0
941 1370 974 1370 974 1404 941 1404 storage-tank 0
871 1424 898 1424 898 1454 871 1454 storage-tank 0
860 1377 888 1377 888 1405 860 1405 storage-tank 0
823 1433 851 1433 851 1462 823 1462 storage-tank 0
776 1442 803 1442 803 1471 776 1471 storage-tank 0
1377 1546 1415 1546 1415 1583 1377 1583 storage-tank 0
1388 1597 1423 1597 1423 1636 1388 1636 storage-tank 0
2607 885 2646 885 2646 924 2607 924 storage-tank 0
1541 1511 1600 1511 1600 1572 1541 1572 storage-tank 0
2282 2517 2296 2517 2296 2532 2282 2532 storage-tank 0
2280 2484 2296 2484 2296 2501 2280 2501 storage-tank 0
1659 2351 1678 2351 1678 2387 1659 2387 basketball-court 1
1642 2350 1658 2350 1658 2386 1642 2386 basketball-court 1
1716 1936 1760 1936 1760 1984 1716 1984 storage-tank 0
1704 1877 1747 1877 1747 1921 1704 1921 storage-tank 0
1666 1952 1698 1952 1698 1982 1666 1982 storage-tank 0
1623 1949 1654 1949 1654 1981 1623 1981 storage-tank 0
1643 1888 1687 1888 1687 1935 1643 1935 storage-tank 0
1578 1946 1608 1946 1608 1978 1578 1978 storage-tank 0
1546 1960 1565 1960 1565 1979 1546 1979 storage-tank 0
1588 1900 1625 1900 1625 1936 1588 1936 storage-tank 0
1540 1910 1577 1910 1577 1946 1540 1946 storage-tank 0
1576 1739 1589 1739 1589 1755 1576 1755 storage-tank 0
1569 1713 1589 1713 1589 1733 1569 1733 storage-tank 0
1549 1741 1569 1741 1569 1762 1549 1762 storage-tank 0
1544 1717 1563 1717 1563 1737 1544 1737 storage-tank 0
1525 1746 1543 1746 1543 1766 1525 1766 storage-tank 0
1520 1723 1539 1723 1539 1742 1520 1742 storage-tank 0
1635 1576 1694 1576 1694 1637 1635 1637 storage-tank 0
1555 1589 1616 1589 1616 1651 1555 1651 storage-tank 0
1856 1913 1865 1913 1865 1922 1856 1922 storage-tank 1
1886 972 1893 972 1893 979 1886 979 storage-tank 1
1896 968 1905 968 1905 978 1896 978 storage-tank 1
2608 698 2635 698 2635 725 2608 725 storage-tank 0
2711 807 2747 807 2747 845 2711 845 storage-tank 0
2658 816 2697 816 2697 854 2658 854 storage-tank 0
2609 826 2647 826 2647 865 2609 865 storage-tank 0
2820 679 2831 679 2831 690 2820 690 storage-tank 1
2738 661 2776 661 2776 700 2738 700 storage-tank 0
2680 640 2716 640 2716 678 2680 678 storage-tank 0
2729 609 2767 609 2767 648 2729 648 storage-tank 0
2670 589 2708 589 2708 627 2670 627 storage-tank 0
2689 691 2727 691 2727 731 2689 731 storage-tank 0
2551 711 2576 711 2576 737 2551 737 storage-tank 0
1909 964 1920 964 1920 975 1909 975 storage-tank 1
2534 646 2579 646 2579 693 2534 693 storage-tank 0
2526 598 2570 598 2570 644 2526 644 storage-tank 0
1041 1402 1074 1402 1074 1436 1041 1436 storage-tank 0
1953 1036 1969 1036 1969 1052 1953 1052 storage-tank 0
1932 1042 1944 1042 1944 1054 1932 1054 storage-tank 1
1939 1001 1961 1001 1961 1024 1939 1024 storage-tank 0
1902 1008 1927 1008 1927 1031 1902 1031 storage-tank 0
1940 957 1953 957 1953 970 1940 970 storage-tank 1
1924 960 1935 960 1935 972 1924 972 storage-tank 1
1619 1498 1679 1498 1679 1555 1619 1555 storage-tank 0
1497 1593 1531 1593 1531 1626 1497 1626 storage-tank 0
1348 1661 1382 1661 1382 1694 1348 1694 storage-tank 0
1487 1542 1519 1542 1519 1575 1487 1575 storage-tank 0
1352 2226 1361 2226 1361 2235 1352 2235 storage-tank 1
1353 2214 1360 2214 1360 2223 1353 2223 storage-tank 1
1183 2079 1200 2079 1200 2096 1183 2096 storage-tank 0
1183 2056 1199 2056 1199 2072 1183 2072 storage-tank 0
1161 2076 1176 2076 1176 2094 1161 2094 storage-tank 0
1137 2076 1154 2076 1154 2093 1137 2093 storage-tank 0
1114 2076 1131 2076 1131 2093 1114 2093 storage-tank 0
1161 2055 1176 2055 1176 2071 1161 2071 storage-tank 0
1137 2052 1153 2052 1153 2069 1137 2069 storage-tank 0
1115 2053 1130 2053 1130 2070 1115 2070 storage-tank 0
1347 1949 1360 1949 1360 1961 1347 1961 storage-tank 1
1342 1929 1356 1929 1356 1942 1342 1942 storage-tank 1
1340 1910 1353 1910 1353 1923 1340 1923 storage-tank 1
1311 1940 1330 1940 1330 1958 1311 1958 storage-tank 0
1306 1915 1325 1915 1325 1933 1306 1933 storage-tank 0
1333 1884 1351 1884 1351 1901 1333 1901 storage-tank 0
1301 1889 1320 1889 1320 1908 1301 1908 storage-tank 0
1432 1786 1460 1786 1460 1813 1432 1813 storage-tank 0
1423 1743 1451 1743 1451 1773 1423 1773 storage-tank 0
1363 1736 1400 1736 1400 1773 1363 1773 storage-tank 0
1401 1653 1435 1653 1435 1686 1401 1686 storage-tank 0
1364 2214 1373 2214 1373 2224 1364 2224 storage-tank 1
1364 2226 1371 2226 1371 2235 1364 2235 storage-tank 1
1375 2215 1384 2215 1384 2224 1375 2224 storage-tank 1
1556 1181 1575 1181 1575 1200 1556 1200 storage-tank 0
1501 1291 1519 1291 1519 1309 1501 1309 storage-tank 0
1455 1300 1471 1300 1471 1318 1455 1318 storage-tank 0
1435 1307 1446 1307 1446 1320 1435 1320 storage-tank 1
1496 1259 1513 1259 1513 1277 1496 1277 storage-tank 0
1471 1264 1490 1264 1490 1282 1471 1282 storage-tank 0
1448 1268 1466 1268 1466 1287 1448 1287 storage-tank 0
1426 1275 1441 1275 1441 1290 1426 1290 storage-tank 0
1517 1195 1530 1195 1530 1210 1517 1210 storage-tank 0
1531 1186 1550 1186 1550 1204 1531 1204 storage-tank 0
1553 1161 1569 1161 1569 1178 1553 1178 storage-tank 0
1376 2228 1383 2228 1383 2236 1376 2236 storage-tank 1
1533 900 1541 900 1541 909 1533 909 storage-tank 1
1530 888 1539 888 1539 898 1530 898 storage-tank 1
1804 570 1838 570 1838 606 1804 606 storage-tank 0
1457 1936 1485 1936 1485 1959 1457 1959 storage-tank 0
1411 1934 1440 1934 1440 1961 1411 1961 storage-tank 0
1450 1900 1478 1900 1478 1929 1450 1929 storage-tank 0
1406 1897 1433 1897 1433 1925 1406 1925 storage-tank 0
1444 1864 1471 1864 1471 1892 1444 1892 storage-tank 0
1397 1860 1425 1860 1425 1888 1397 1888 storage-tank 0
277 42 290 42 290 55 277 55 storage-tank 1
