imagesource:GoogleEarth
gsd:0.574793442687
3028 308 3043 308 3043 324 3028 324 storage-tank 0
2979 337 2993 337 2993 353 2979 353 storage-tank 0
2649 2843 2649 2848 2620 2847 2621 2841 large-vehicle 0
2644 2748 2649 2745 2665 2764 2660 2767 large-vehicle 0
2738 2826 2734 2830 2723 2816 2727 2812 large-vehicle 0
2745 2873 2749 2870 2769 2895 2765 2898 large-vehicle 0
2766 2891 2771 2887 2782 2902 2778 2905 large-vehicle 0
2655 3203 2712 3181 2719 3195 2663 3219 ship 0
2667 3216 2711 3202 2716 3215 2672 3231 ship 0
2608 3215 2644 3204 2649 3216 2612 3228 ship 0
2609 3229 2650 3216 2654 3228 2614 3241 ship 0
2714 3204 2765 3186 2771 3201 2720 3219 ship 0
2576 3255 2608 3233 2615 3242 2584 3264 ship 0
2582 3268 2611 3247 2617 3254 2590 3276 ship 0
2614 3242 2654 3228 2658 3238 2618 3253 ship 0
2605 3279 2599 3263 2666 3236 2671 3251 ship 0
2665 3234 2717 3216 2722 3234 2673 3251 ship 0
2725 3217 2770 3201 2774 3215 2729 3232 ship 0
2778 3197 2820 3182 2827 3197 2783 3213 ship 0
2865 3158 2868 3168 2826 3184 2822 3173 ship 0
2831 3182 2867 3170 2872 3181 2835 3194 ship 0
2773 3185 2814 3170 2817 3182 2777 3196 ship 0
2808 3109 2797 3114 2784 3079 2796 3074 ship 0
2793 3065 2807 3061 2822 3107 2811 3112 ship 0
2896 3090 2925 3069 2993 3151 2964 3175 bridge 0
2849 3002 2844 3007 2826 2986 2831 2981 large-vehicle 0
2783 2100 2788 2098 2793 2119 2788 2121 large-vehicle 0
3014 1954 3014 1959 2998 1961 2997 1955 large-vehicle 0
2877 476 2960 446 2990 529 2907 563 bridge 0
2680 2830 2681 2834 2655 2844 2653 2839 large-vehicle 0
2641 2734 2645 2731 2653 2742 2649 2744 large-vehicle 1
2578 2789 2583 2787 2594 2812 2588 2815 large-vehicle 0
2364 2398 2359 2402 2348 2387 2352 2383 large-vehicle 0
2040 1754 2041 1758 2020 1767 2017 1762 large-vehicle 0
2042 1731 2044 1736 2021 1746 2018 1742 large-vehicle 0
1942 3170 1947 3168 1952 3183 1948 3184 large-vehicle 0
2043 3475 2048 3489 1985 3511 1981 3496 ship 0
2067 3466 2127 3446 2132 3459 2072 3480 ship 0
2065 3446 2128 3425 2133 3443 2071 3463 ship 0
2288 176 2305 170 2307 174 2290 181 large-vehicle 0
2221 2379 2223 2384 2198 2393 2197 2388 large-vehicle 0
2237 2381 2238 2385 2212 2396 2210 2390 large-vehicle 0
2275 2367 2278 2372 2251 2381 2249 2376 large-vehicle 0
2307 2354 2309 2360 2291 2366 2288 2361 large-vehicle 0
2348 2372 2345 2377 2322 2362 2325 2357 large-vehicle 0
2496 2848 2494 2842 2521 2837 2522 2842 large-vehicle 0
2541 2724 2546 2721 2561 2742 2557 2745 large-vehicle 0
2462 2524 2458 2528 2445 2512 2449 2508 large-vehicle 0
2468 2004 2465 1999 2490 1988 2493 1993 large-vehicle 0
2237 685 2304 662 2350 786 2283 812 bridge 0
2616 1944 2618 1949 2595 1961 2593 1955 large-vehicle 0
2638 2121 2634 2125 2616 2105 2620 2102 large-vehicle 0
2610 2139 2605 2141 2592 2113 2596 2111 large-vehicle 0
2596 2110 2601 2107 2615 2137 2611 2138 large-vehicle 0
2606 2163 2601 2164 2595 2150 2599 2148 large-vehicle 0
2531 1984 2532 1989 2507 1998 2505 1993 large-vehicle 0
2727 1955 2722 1957 2708 1933 2714 1929 large-vehicle 0
2614 2709 2619 2706 2636 2728 2631 2732 large-vehicle 0
2636 2709 2640 2706 2652 2720 2648 2724 large-vehicle 0
3072 3285 3068 3288 3061 3279 3064 3276 large-vehicle 1
3130 3362 3127 3365 3116 3352 3120 3350 large-vehicle 0
3151 3375 3146 3379 3133 3361 3137 3358 large-vehicle 0
977 1786 998 1786 998 1806 977 1806 storage-tank 0
1324 1616 1362 1616 1362 1656 1324 1656 storage-tank 0
1338 1661 1378 1661 1378 1699 1338 1699 storage-tank 0
1260 1657 1289 1657 1289 1689 1260 1689 storage-tank 0
1228 1670 1245 1670 1245 1688 1228 1688 storage-tank 0
1200 1676 1222 1676 1222 1700 1200 1700 storage-tank 0
931 1761 954 1761 954 1783 931 1783 storage-tank 0
958 1754 978 1754 978 1775 958 1775 storage-tank 0
980 1744 1002 1744 1002 1767 980 1767 storage-tank 0
1004 1735 1024 1735 1024 1758 1004 1758 storage-tank 0
1060 1730 1083 1730 1083 1753 1060 1753 storage-tank 0
1070 1756 1091 1756 1091 1779 1070 1779 storage-tank 0
1078 1781 1101 1781 1101 1803 1078 1803 storage-tank 0
996 1793 1041 1793 1041 1841 996 1841 storage-tank 0
1325 1540 1344 1540 1344 1560 1325 1560 storage-tank 0
1256 1832 1282 1832 1282 1861 1256 1861 storage-tank 0
1289 1819 1318 1819 1318 1848 1289 1848 storage-tank 0
1324 1807 1352 1807 1352 1835 1324 1835 storage-tank 0
1359 1794 1389 1794 1389 1824 1359 1824 storage-tank 0
1021 1923 1075 1923 1075 1978 1021 1978 storage-tank 0
1083 1901 1134 1901 1134 1955 1083 1955 storage-tank 0
1206 1924 1240 1924 1240 1960 1206 1960 storage-tank 0
1257 1909 1289 1909 1289 1941 1257 1941 storage-tank 0
1043 1988 1098 1988 1098 2041 1043 2041 storage-tank 0
1106 1968 1157 1968 1157 2020 1106 2020 storage-tank 0
1165 2071 1175 2071 1175 2083 1165 2083 storage-tank 1
1168 2084 1177 2084 1177 2092 1168 2092 storage-tank 1
1330 1561 1348 1561 1348 1578 1330 1578 storage-tank 0
1313 1569 1330 1569 1330 1584 1313 1584 storage-tank 0
479 123 523 123 523 167 479 167 storage-tank 0
927 1540 945 1540 945 1559 927 1559 storage-tank 0
493 167 536 167 536 206 493 206 storage-tank 0
846 1444 866 1444 866 1465 846 1465 storage-tank 0
838 1483 855 1483 855 1499 838 1499 storage-tank 0
860 1475 876 1475 876 1493 860 1493 storage-tank 0
846 1503 862 1503 862 1520 846 1520 storage-tank 0
866 1496 883 1496 883 1514 866 1514 storage-tank 0
858 1533 881 1533 881 1557 858 1557 storage-tank 0
886 1524 909 1524 909 1548 886 1548 storage-tank 0
914 1514 936 1514 936 1538 914 1538 storage-tank 0
866 1561 883 1561 883 1579 866 1579 storage-tank 0
886 1554 904 1554 904 1572 886 1572 storage-tank 0
907 1548 924 1548 924 1565 907 1565 storage-tank 0
1368 47 1387 47 1387 67 1368 67 storage-tank 0
1306 1548 1324 1548 1324 1568 1306 1568 storage-tank 0
1206 1578 1222 1578 1222 1594 1206 1594 storage-tank 0
1213 1596 1234 1596 1234 1617 1213 1617 storage-tank 0
1235 1586 1257 1586 1257 1609 1235 1609 storage-tank 0
1221 1618 1241 1618 1241 1639 1221 1639 storage-tank 0
1243 1609 1264 1609 1264 1631 1243 1631 storage-tank 0
1267 1564 1288 1564 1288 1582 1267 1582 storage-tank 0
1274 1583 1291 1583 1291 1601 1274 1601 storage-tank 0
1283 1603 1301 1603 1301 1621 1283 1621 storage-tank 0
1299 1598 1315 1598 1315 1616 1299 1616 storage-tank 0
1314 1592 1331 1592 1331 1609 1314 1609 storage-tank 0
1291 1576 1311 1576 1311 1595 1291 1595 storage-tank 0
1287 1556 1304 1556 1304 1574 1287 1574 storage-tank 0
2010 1745 2012 1751 1996 1756 1994 1751 large-vehicle 0
1938 48 1969 37 1990 99 1959 111 basketball-court 0
1967 2468 1964 2462 1985 2454 1987 2459 large-vehicle 0
1171 2647 1166 2649 1158 2627 1163 2625 large-vehicle 0
573 3693 565 3676 656 3637 664 3654 ship 0
923 902 864 926 756 623 820 605 ship 0
861 1774 866 1773 873 1791 867 1793 large-vehicle 0
1000 2174 994 2176 985 2149 991 2147 large-vehicle 0
1022 2216 1028 2214 1037 2239 1031 2242 large-vehicle 0
1037 2268 1032 2271 1026 2252 1030 2249 large-vehicle 0
883 2548 878 2549 873 2531 878 2529 large-vehicle 0
794 2879 812 2868 878 2978 859 2990 ship 0
1031 3240 1006 3255 918 3108 945 3092 ship 0
1164 2613 1160 2615 1149 2589 1154 2587 large-vehicle 0
1174 2641 1170 2643 1160 2617 1165 2615 large-vehicle 0
1163 2624 1158 2626 1149 2602 1153 2600 large-vehicle 0
1185 2691 1181 2693 1171 2667 1176 2665 large-vehicle 0
433 3706 425 3690 541 3624 552 3641 ship 0
1187 2674 1181 2677 1174 2659 1180 2656 large-vehicle 0
1133 2541 1128 2543 1120 2521 1125 2519 large-vehicle 0
1115 2475 1109 2478 1102 2458 1108 2456 large-vehicle 0
1198 2705 1194 2707 1185 2686 1189 2684 large-vehicle 0
1215 2729 1211 2732 1198 2714 1202 2711 large-vehicle 0
993 2913 989 2916 978 2898 982 2895 large-vehicle 0
1010 2938 1015 2935 1024 2952 1020 2955 large-vehicle 0
1050 3008 1055 3005 1063 3020 1058 3023 large-vehicle 0
1082 3052 1087 3048 1098 3065 1092 3068 large-vehicle 0
1412 3047 1414 3052 1398 3059 1395 3054 large-vehicle 0
1417 3052 1418 3056 1402 3063 1400 3058 large-vehicle 0
1419 3057 1421 3061 1405 3068 1403 3064 large-vehicle 0
485 3710 410 3710 650 3603 663 3633 ship 1
450 3671 443 3660 500 3627 506 3637 ship 0
1414 3093 1410 3095 1403 3079 1407 3076 large-vehicle 0
442 75 436 72 449 47 453 48 large-vehicle 0
223 3243 226 3249 155 3292 151 3287 harbor 0
362 34 364 38 343 54 341 51 large-vehicle 0
134 1448 139 1445 149 1464 145 1467 large-vehicle 0
165 1504 161 1508 149 1491 154 1488 large-vehicle 0
71 2879 67 2881 6 2779 6 2772 harbor 0
183 3176 193 3171 207 3203 198 3207 ship 0
205 3306 208 3314 128 3363 124 3355 ship 0
211 3406 202 3393 282 3342 291 3358 ship 0
265 3670 256 3655 344 3598 353 3612 ship 0
277 3687 269 3671 366 3610 375 3626 ship 0
340 3711 300 3710 388 3657 398 3673 ship 1
387 3497 392 3505 299 3563 293 3555 harbor 0
431 130 425 128 431 98 436 99 large-vehicle 0
475 3588 481 3600 371 3665 365 3655 harbor 0
551 454 556 453 561 467 558 469 large-vehicle 1
484 667 479 670 470 641 474 639 large-vehicle 0
684 1273 680 1274 673 1250 677 1248 large-vehicle 0
709 1344 704 1347 695 1319 699 1316 large-vehicle 0
603 1593 657 1575 668 1608 614 1627 basketball-court 0
678 1231 673 1232 667 1210 671 1208 large-vehicle 0
617 2264 613 2267 604 2253 608 2249 large-vehicle 0
564 2416 561 2412 580 2401 582 2405 large-vehicle 0
557 2444 537 2456 458 2321 479 2308 ship 0
586 2404 584 2400 600 2391 602 2395 large-vehicle 0
622 2351 618 2354 606 2334 611 2331 large-vehicle 0
411 3533 415 3538 320 3597 316 3591 harbor 0
1417 3047 1421 3045 1428 3061 1424 3063 large-vehicle 0
1328 3016 1351 3008 1353 3013 1331 3021 large-vehicle 0
1838 2513 1836 2507 1864 2496 1866 2501 large-vehicle 0
1176 1287 1180 1291 1168 1302 1164 1298 large-vehicle 0
1412 2854 1408 2857 1402 2841 1407 2839 large-vehicle 0
1494 2833 1496 2839 1477 2847 1474 2839 large-vehicle 0
1498 2843 1499 2848 1481 2852 1480 2846 large-vehicle 0
1447 2719 1449 2724 1431 2731 1429 2726 large-vehicle 0
1449 2724 1450 2729 1433 2736 1430 2731 large-vehicle 0
1472 2781 1474 2785 1456 2792 1455 2788 large-vehicle 0
1475 2786 1478 2791 1459 2799 1457 2794 large-vehicle 0
1418 2727 1413 2729 1405 2708 1409 2706 large-vehicle 0
1433 2721 1429 2723 1420 2702 1425 2701 large-vehicle 0
1477 2736 1472 2738 1464 2717 1469 2714 large-vehicle 0
1440 2091 1436 2093 1428 2067 1432 2065 large-vehicle 0
1512 1516 1464 1539 1349 1230 1401 1211 ship 0
1074 1321 1071 1327 1045 1314 1048 1309 large-vehicle 0
1446 2841 1441 2844 1434 2828 1439 2826 large-vehicle 0
1703 3441 1704 3447 1685 3453 1684 3447 ship 0
1724 3434 1727 3439 1708 3446 1705 3441 ship 0
1745 3426 1747 3431 1731 3438 1728 3432 ship 0
1976 3498 1982 3511 1936 3529 1931 3515 ship 0
1790 3363 1794 3374 1758 3388 1753 3375 ship 0
1788 3377 1790 3383 1763 3395 1760 3388 ship 0
1887 3356 1890 3367 1842 3386 1838 3375 ship 0
1859 2972 1864 2970 1873 2995 1868 2998 large-vehicle 0
1805 2532 1801 2528 1819 2516 1822 2521 large-vehicle 0
1758 2551 1756 2545 1782 2535 1784 2541 large-vehicle 0
1885 2503 1887 2508 1870 2514 1868 2509 large-vehicle 0
1836 2521 1833 2516 1853 2507 1855 2513 large-vehicle 0
1425 2851 1420 2853 1413 2838 1418 2835 large-vehicle 0
1420 2858 1415 2860 1408 2840 1413 2837 large-vehicle 0
1334 3026 1355 3017 1357 3022 1336 3031 large-vehicle 0
1368 3088 1373 3087 1380 3107 1375 3108 large-vehicle 0
1339 3035 1360 3027 1361 3031 1341 3039 large-vehicle 0
1338 3040 1361 3031 1364 3036 1341 3045 large-vehicle 0
1342 3046 1364 3038 1365 3043 1344 3050 large-vehicle 0
1346 3060 1366 3052 1369 3058 1348 3066 large-vehicle 0
1327 3078 1347 3069 1350 3074 1329 3083 large-vehicle 0
1311 3028 1331 3021 1334 3026 1313 3034 large-vehicle 0
1330 3092 1352 3087 1353 3093 1332 3098 large-vehicle 0
1333 3101 1337 3099 1345 3120 1341 3121 large-vehicle 0
1338 3099 1343 3097 1350 3118 1346 3120 large-vehicle 0
1348 3096 1353 3094 1361 3114 1356 3116 large-vehicle 0
1357 3092 1363 3091 1370 3111 1365 3113 large-vehicle 0
1363 3090 1368 3088 1374 3108 1371 3110 large-vehicle 0
1373 3087 1377 3084 1385 3105 1381 3107 large-vehicle 0
1406 2855 1401 2858 1396 2844 1401 2843 large-vehicle 1
1390 3101 1385 3103 1379 3087 1384 3084 large-vehicle 0
1328 2939 1333 2936 1340 2957 1335 2959 large-vehicle 0
1348 2934 1352 2931 1359 2947 1354 2949 large-vehicle 0
1355 2788 1360 2785 1368 2803 1363 2804 large-vehicle 0
1363 2786 1368 2785 1374 2804 1369 2806 large-vehicle 0
1375 2780 1380 2778 1386 2795 1381 2797 large-vehicle 0
1380 2774 1385 2772 1392 2789 1387 2792 large-vehicle 0
1385 2742 1383 2737 1404 2730 1405 2734 large-vehicle 0
1388 2749 1385 2744 1406 2736 1407 2740 large-vehicle 0
1375 2687 1373 2681 1392 2674 1394 2679 large-vehicle 0
1442 2659 1440 2655 1459 2647 1461 2651 large-vehicle 0
1403 2863 1398 2865 1391 2846 1395 2844 large-vehicle 0
1174 2093 1181 2093 1181 2101 1174 2101 storage-tank 1
1089 2107 1122 2107 1122 2140 1089 2140 storage-tank 0
1116 2183 1156 2183 1156 2222 1116 2222 storage-tank 0
1901 2367 1914 2367 1914 2382 1901 2382 storage-tank 0
1931 2222 1954 2222 1954 2246 1931 2246 storage-tank 0
1957 2212 1981 2212 1981 2237 1957 2237 storage-tank 0
1985 2203 2008 2203 2008 2226 1985 2226 storage-tank 0
1822 2378 1843 2378 1843 2400 1822 2400 storage-tank 0
1791 2414 1814 2414 1814 2437 1791 2437 storage-tank 0
1817 2411 1833 2411 1833 2430 1817 2430 storage-tank 0
1836 2407 1852 2407 1852 2424 1836 2424 storage-tank 0
1857 2401 1872 2401 1872 2416 1857 2416 storage-tank 0
1845 2370 1861 2370 1861 2386 1845 2386 storage-tank 0
1870 2371 1890 2371 1890 2394 1870 2394 storage-tank 0
1882 2393 1894 2393 1894 2406 1882 2406 storage-tank 1
1895 2351 1910 2351 1910 2366 1895 2366 storage-tank 0
1958 2338 1970 2338 1970 2351 1958 2351 storage-tank 1
1905 2231 1928 2231 1928 2255 1905 2255 storage-tank 0
1978 2332 1993 2332 1993 2350 1978 2350 storage-tank 0
1964 2351 1975 2351 1975 2362 1964 2362 storage-tank 1
1962 2365 1979 2365 1979 2381 1962 2381 storage-tank 0
1986 2350 2007 2350 2007 2371 1986 2371 storage-tank 0
2197 2993 2215 2993 2215 3011 2197 3011 storage-tank 0
2218 2986 2235 2986 2235 3004 2218 3004 storage-tank 0
2131 3039 2155 3039 2155 3062 2131 3062 storage-tank 0
2162 3039 2176 3039 2176 3056 2162 3056 storage-tank 0
2165 3057 2184 3057 2184 3076 2165 3076 storage-tank 0
2140 3066 2163 3066 2163 3090 2140 3090 storage-tank 0
2149 3091 2173 3091 2173 3115 2149 3115 storage-tank 0
2173 3076 2192 3076 2192 3098 2173 3098 storage-tank 0
1916 2260 1939 2260 1939 2285 1916 2285 storage-tank 0
1876 2244 1893 2244 1893 2262 1876 2262 storage-tank 0
2159 3120 2175 3120 2175 3136 2159 3136 storage-tank 0
1869 1183 1878 1183 1878 1194 1869 1194 storage-tank 1
1504 235 1526 235 1526 257 1504 257 storage-tank 0
1533 223 1558 223 1558 247 1533 247 storage-tank 0
2014 548 2101 548 2101 635 2014 635 storage-tank 0
1837 1006 1872 1006 1872 1041 1837 1041 storage-tank 0
1885 990 1910 990 1910 1015 1885 1015 storage-tank 0
1932 965 1956 965 1956 991 1932 991 storage-tank 0
1966 1019 1978 1019 1978 1031 1966 1031 storage-tank 1
1896 1039 1933 1039 1933 1076 1896 1076 storage-tank 0
1984 1080 2005 1080 2005 1102 1984 1102 storage-tank 0
2024 932 2036 932 2036 945 2024 945 storage-tank 1
1912 1080 1943 1080 1943 1110 1912 1110 storage-tank 0
1807 1135 1826 1135 1826 1154 1807 1154 storage-tank 0
1882 1197 1902 1197 1902 1218 1882 1218 storage-tank 0
1881 2265 1902 2265 1902 2288 1881 2288 storage-tank 0
1890 1219 1910 1219 1910 1241 1890 1241 storage-tank 0
1916 1203 1942 1203 1942 1229 1916 1229 storage-tank 0
1905 1174 1931 1174 1931 1199 1905 1199 storage-tank 0
1938 1159 1966 1159 1966 1189 1938 1189 storage-tank 0
1901 1597 1987 1597 1987 1688 1901 1688 storage-tank 0
1885 1681 1911 1681 1911 1707 1885 1707 storage-tank 0
1810 2266 1828 2266 1828 2285 1810 2285 storage-tank 0
1834 2258 1850 2258 1850 2276 1834 2276 storage-tank 0
1855 2252 1872 2252 1872 2268 1855 2268 storage-tank 0
1798 2295 1820 2295 1820 2318 1798 2318 storage-tank 0
1826 2286 1848 2286 1848 2309 1826 2309 storage-tank 0
1854 2276 1875 2276 1875 2297 1854 2297 storage-tank 0
2177 3112 2194 3112 2194 3129 2177 3129 storage-tank 0
2166 3136 2181 3136 2181 3154 2166 3154 storage-tank 0
1593 245 1603 245 1603 257 1593 257 storage-tank 1
2951 96 2966 96 2966 114 2951 114 storage-tank 0
2421 1594 2438 1594 2438 1611 2421 1611 storage-tank 0
2428 1612 2445 1612 2445 1629 2428 1629 storage-tank 0
2434 1627 2451 1627 2451 1645 2434 1645 storage-tank 0
2435 1649 2447 1649 2447 1661 2435 1661 storage-tank 1
2452 1643 2464 1643 2464 1657 2452 1657 storage-tank 1
2449 1621 2467 1621 2467 1639 2449 1639 storage-tank 0
2408 234 2433 225 2452 275 2428 287 basketball-court 0
2669 3260 2680 3260 2680 3272 2669 3272 storage-tank 1
2680 3256 2691 3256 2691 3269 2680 3269 storage-tank 1
2933 8 2942 8 2942 17 2933 17 storage-tank 1
2919 106 2936 106 2936 124 2919 124 storage-tank 0
2935 101 2950 101 2950 119 2935 119 storage-tank 0
3056 16 3072 16 3072 32 3056 32 storage-tank 0
2377 1610 2413 1610 2413 1644 2377 1644 storage-tank 0
3075 10 3093 10 3093 27 3075 27 storage-tank 0
3063 35 3079 35 3079 51 3063 51 storage-tank 0
3068 52 3085 52 3085 69 3068 69 storage-tank 0
3088 45 3105 45 3105 62 3088 62 storage-tank 0
3115 102 3128 102 3128 117 3115 117 storage-tank 0
3005 71 3013 71 3013 81 3005 81 storage-tank 1
3026 64 3033 64 3033 72 3026 72 storage-tank 1
3034 59 3042 59 3042 70 3034 70 storage-tank 1
2921 161 2936 161 2936 175 2921 175 storage-tank 0
2926 177 2940 177 2940 190 2926 190 storage-tank 1
2996 237 3009 237 3009 251 2996 251 storage-tank 1
2963 343 2978 343 2978 357 2963 357 storage-tank 0
2386 1648 2405 1648 2405 1666 2386 1666 storage-tank 0
2351 2968 2379 2968 2379 2997 2351 2997 storage-tank 0
2184 3131 2200 3131 2200 3148 2184 3148 storage-tank 0
2604 3661 2649 3661 2649 3705 2604 3705 storage-tank 0
2191 3148 2206 3148 2206 3164 2191 3164 storage-tank 0
2196 3164 2211 3164 2211 3178 2196 3178 storage-tank 0
2169 3156 2186 3156 2186 3171 2169 3171 storage-tank 0
2175 3173 2189 3173 2189 3188 2175 3188 storage-tank 0
1914 3683 1947 3683 1947 3708 1914 3708 storage-tank 0
2106 3669 2145 3669 2145 3707 2106 3707 storage-tank 0
2172 3621 2214 3621 2214 3664 2172 3664 storage-tank 0
2212 3668 2251 3668 2251 3707 2212 3707 storage-tank 0
2254 3638 2295 3638 2295 3680 2254 3680 storage-tank 0
2216 3590 2259 3590 2259 3633 2216 3633 storage-tank 0
2301 3585 2343 3585 2343 3624 2301 3624 storage-tank 0
2338 3632 2379 3632 2379 3672 2338 3672 storage-tank 0
2361 3457 2378 3457 2378 3476 2361 3476 storage-tank 0
2365 3004 2391 3004 2391 3028 2365 3028 storage-tank 0
2414 3506 2427 3506 2427 3521 2414 3521 storage-tank 0
2402 3436 2418 3436 2418 3454 2402 3454 storage-tank 0
2316 3067 2334 3067 2334 3087 2316 3087 storage-tank 0
2324 3096 2351 3096 2351 3121 2324 3121 storage-tank 0
2361 3080 2386 3080 2386 3107 2361 3107 storage-tank 0
2337 3059 2357 3059 2357 3079 2337 3079 storage-tank 0
2363 3050 2381 3050 2381 3068 2363 3068 storage-tank 0
2394 3069 2421 3069 2421 3096 2394 3096 storage-tank 0
2427 3056 2456 3056 2456 3084 2427 3084 storage-tank 0
2384 3036 2408 3036 2408 3061 2384 3061 storage-tank 0
2416 3023 2444 3023 2444 3050 2416 3050 storage-tank 0
2395 2985 2421 2985 2421 3014 2395 3014 storage-tank 0
1473 244 1496 244 1496 269 1473 269 storage-tank 0
1644 226 1678 226 1678 263 1644 263 storage-tank 0
1316 1864 1337 1864 1337 1886 1316 1886 storage-tank 0
1500 3285 1519 3285 1519 3305 1500 3305 storage-tank 0
1551 3345 1576 3345 1576 3370 1551 3370 storage-tank 0
1558 3373 1587 3373 1587 3400 1558 3400 storage-tank 0
1592 3373 1607 3373 1607 3389 1592 3389 storage-tank 0
1611 3367 1627 3367 1627 3383 1611 3383 storage-tank 0
1585 3356 1601 3356 1601 3371 1585 3371 storage-tank 0
1603 3350 1621 3350 1621 3366 1603 3366 storage-tank 0
1578 3336 1595 3336 1595 3353 1578 3353 storage-tank 0
1597 3328 1614 3328 1614 3346 1597 3346 storage-tank 0
1447 3331 1475 3331 1475 3358 1447 3358 storage-tank 0
1480 3321 1505 3321 1505 3344 1480 3344 storage-tank 0
1436 3297 1463 3297 1463 3324 1436 3324 storage-tank 0
1469 3293 1494 3293 1494 3317 1469 3317 storage-tank 0
1508 3311 1526 3311 1526 3330 1508 3330 storage-tank 0
1520 3356 1544 3356 1544 3381 1520 3381 storage-tank 0
1525 3275 1541 3275 1541 3292 1525 3292 storage-tank 0
1546 3268 1563 3268 1563 3284 1546 3284 storage-tank 0
1563 3260 1581 3260 1581 3277 1563 3277 storage-tank 0
1554 3286 1571 3286 1571 3302 1554 3302 storage-tank 0
1532 3294 1549 3294 1549 3310 1532 3310 storage-tank 0
1540 3312 1556 3312 1556 3329 1540 3329 storage-tank 0
1561 3304 1577 3304 1577 3321 1561 3321 storage-tank 0
1572 3280 1587 3280 1587 3296 1572 3296 storage-tank 0
1578 3296 1593 3296 1593 3312 1578 3312 storage-tank 0
1393 3192 1416 3192 1416 3216 1393 3216 storage-tank 0
1404 3222 1433 3222 1433 3250 1404 3250 storage-tank 0
1415 3257 1445 3257 1445 3285 1415 3285 storage-tank 0
1526 3385 1554 3385 1554 3413 1526 3413 storage-tank 0
1496 3398 1522 3398 1522 3425 1496 3425 storage-tank 0
1439 3210 1467 3210 1467 3237 1439 3237 storage-tank 0
1223 3185 1246 3185 1246 3209 1223 3209 storage-tank 0
1341 1856 1360 1856 1360 1876 1341 1876 storage-tank 0
1366 1846 1386 1846 1386 1867 1366 1867 storage-tank 0
1337 1920 1355 1920 1355 1936 1337 1936 storage-tank 0
1361 1907 1382 1907 1382 1930 1361 1930 storage-tank 0
1151 2281 1188 2281 1188 2321 1151 2321 storage-tank 0
1201 2299 1232 2299 1232 2329 1201 2329 storage-tank 0
1260 2287 1296 2287 1296 2323 1260 2323 storage-tank 0
1283 2358 1309 2358 1309 2385 1283 2385 storage-tank 0
1313 2348 1340 2348 1340 2375 1313 2375 storage-tank 0
1341 2336 1369 2336 1369 2365 1341 2365 storage-tank 0
1306 2392 1352 2392 1352 2440 1306 2440 storage-tank 0
1351 2457 1397 2457 1397 2506 1351 2506 storage-tank 0
1256 3176 1289 3176 1289 3211 1256 3211 storage-tank 0
1486 3367 1512 3367 1512 3393 1486 3393 storage-tank 0
1300 3160 1335 3160 1335 3194 1300 3194 storage-tank 0
1234 3213 1257 3213 1257 3238 1234 3238 storage-tank 0
1272 3218 1309 3218 1309 3254 1272 3254 storage-tank 0
1313 3201 1349 3201 1349 3236 1313 3236 storage-tank 0
1288 3261 1322 3261 1322 3295 1288 3295 storage-tank 0
1329 3245 1364 3245 1364 3280 1329 3280 storage-tank 0
1334 3394 1366 3394 1366 3425 1334 3425 storage-tank 0
1355 3429 1388 3429 1388 3463 1355 3463 storage-tank 0
1394 3415 1428 3415 1428 3449 1394 3449 storage-tank 0
1477 3416 1493 3416 1493 3431 1477 3431 storage-tank 0
1465 3377 1481 3377 1481 3393 1465 3393 storage-tank 0
1470 3396 1487 3396 1487 3412 1470 3412 storage-tank 0
1451 3243 1479 3243 1479 3271 1451 3271 storage-tank 0
1421 3181 1443 3181 1443 3207 1421 3207 storage-tank 0
1605 240 1639 240 1639 276 1605 276 storage-tank 0
1764 2409 1780 2409 1780 2424 1764 2424 storage-tank 0
1432 2271 1445 2271 1445 2283 1432 2283 storage-tank 1
1422 2276 1432 2276 1432 2286 1422 2286 storage-tank 1
1478 2016 1507 2016 1507 2045 1478 2045 storage-tank 0
1383 1950 1398 1950 1398 1964 1383 1964 storage-tank 0
1384 1898 1406 1898 1406 1921 1384 1921 storage-tank 0
1409 1890 1431 1890 1431 1911 1409 1911 storage-tank 0
1434 1882 1456 1882 1456 1903 1434 1903 storage-tank 0
1390 1838 1412 1838 1412 1860 1390 1860 storage-tank 0
1415 1828 1436 1828 1436 1850 1415 1850 storage-tank 0
1393 1783 1425 1783 1425 1812 1393 1812 storage-tank 0
1738 2405 1755 2405 1755 2424 1738 2424 storage-tank 0
1744 2427 1765 2427 1765 2449 1744 2449 storage-tank 0
1771 2426 1787 2426 1787 2444 1771 2444 storage-tank 0
1456 2264 1468 2264 1468 2274 1456 2274 storage-tank 1
1775 2367 1798 2367 1798 2390 1775 2390 storage-tank 0
1785 2391 1806 2391 1806 2414 1785 2414 storage-tank 0
1790 2274 1806 2274 1806 2291 1790 2291 storage-tank 0
1686 1248 1716 1248 1716 1281 1686 1281 storage-tank 0
1727 1236 1756 1236 1756 1265 1727 1265 storage-tank 0
1754 1267 1766 1267 1766 1281 1754 1281 storage-tank 1
1787 1246 1801 1246 1801 1263 1787 1263 storage-tank 0
1793 1262 1806 1262 1806 1278 1793 1278 storage-tank 0
1734 1113 1762 1113 1762 1140 1734 1140 storage-tank 0
1767 1106 1788 1106 1788 1130 1767 1130 storage-tank 0
1784 1143 1804 1143 1804 1163 1784 1163 storage-tank 0
1726 580 1744 580 1744 599 1726 599 storage-tank 0
1445 2267 1456 2267 1456 2279 1445 2279 storage-tank 1
1452 2249 1465 2249 1465 2262 1452 2262 storage-tank 1
1451 3181 1476 3181 1476 3205 1451 3205 storage-tank 0
1422 3099 1450 3099 1450 3128 1422 3128 storage-tank 0
1480 3171 1503 3171 1503 3193 1480 3193 storage-tank 0
1507 3161 1528 3161 1528 3182 1507 3182 storage-tank 0
1523 3186 1541 3186 1541 3205 1523 3205 storage-tank 0
1472 3202 1494 3202 1494 3225 1472 3225 storage-tank 0
1497 3191 1519 3191 1519 3214 1497 3214 storage-tank 0
1480 3227 1502 3227 1502 3250 1480 3250 storage-tank 0
1510 3219 1528 3219 1528 3238 1510 3238 storage-tank 0
1532 3212 1550 3212 1550 3231 1532 3231 storage-tank 0
1369 3121 1396 3121 1396 3148 1369 3148 storage-tank 0
1380 3154 1406 3154 1406 3180 1380 3180 storage-tank 0
1394 3111 1421 3111 1421 3138 1394 3138 storage-tank 0
1406 3142 1433 3142 1433 3170 1406 3170 storage-tank 0
1433 3133 1461 3133 1461 3160 1433 3160 storage-tank 0
1441 2255 1451 2255 1451 2266 1441 2266 storage-tank 1
1469 3082 1499 3082 1499 3113 1469 3113 storage-tank 0
1480 3118 1505 3118 1505 3143 1480 3143 storage-tank 0
1501 3071 1529 3071 1529 3102 1501 3102 storage-tank 0
1508 3109 1533 3109 1533 3133 1508 3133 storage-tank 0
1531 3060 1560 3060 1560 3091 1531 3091 storage-tank 0
1536 3095 1567 3095 1567 3123 1536 3123 storage-tank 0
1484 2468 1508 2468 1508 2496 1484 2496 storage-tank 0
1511 2421 1572 2421 1572 2481 1511 2481 storage-tank 0
1364 2372 1409 2372 1409 2417 1364 2417 storage-tank 0
1371 2320 1407 2320 1407 2358 1371 2358 storage-tank 0
1416 2262 1428 2262 1428 2275 1416 2275 storage-tank 1
1429 2259 1440 2259 1440 2271 1429 2271 storage-tank 1
191 1827 151 1852 4 1607 35 1568 ship 0
