imagesource:GoogleEarth
gsd:0.562912646931
3248 1608 3258 1608 3258 1620 3248 1620 storage-tank 1
1113 1014 1124 1014 1124 1026 1113 1026 storage-tank 1
1084 996 1091 996 1091 1005 1084 1005 storage-tank 1
1081 986 1089 986 1089 996 1081 996 storage-tank 1
1102 1019 1113 1019 1113 1030 1102 1030 storage-tank 1
1100 1010 1108 1010 1108 1018 1100 1018 storage-tank 1
1096 1000 1106 1000 1106 1009 1096 1009 storage-tank 1
1093 991 1101 991 1101 999 1093 999 storage-tank 1
1090 979 1099 979 1099 989 1090 989 storage-tank 1
1109 1003 1119 1003 1119 1014 1109 1014 storage-tank 1
1090 1014 1098 1014 1098 1022 1090 1022 storage-tank 1
1105 990 1115 990 1115 1001 1105 1001 storage-tank 1
1103 977 1113 977 1113 987 1103 987 storage-tank 1
1281 1359 1295 1359 1295 1373 1281 1373 storage-tank 1
1276 1341 1291 1341 1291 1356 1276 1356 storage-tank 0
1276 1300 1284 1300 1284 1308 1276 1308 storage-tank 1
1264 1304 1273 1304 1273 1314 1264 1314 storage-tank 1
1272 1286 1281 1286 1281 1296 1272 1296 storage-tank 1
1088 1006 1095 1006 1095 1014 1088 1014 storage-tank 1
1092 1022 1102 1022 1102 1032 1092 1032 storage-tank 1
1254 1276 1263 1276 1263 1286 1254 1286 storage-tank 1
1663 1083 1681 1083 1681 1102 1663 1102 storage-tank 0
1668 1103 1686 1103 1686 1121 1668 1121 storage-tank 0
1651 1107 1668 1107 1668 1124 1651 1124 storage-tank 0
1635 1112 1651 1112 1651 1130 1635 1130 storage-tank 0
1731 1064 1749 1064 1749 1082 1731 1082 storage-tank 0
1715 1069 1730 1069 1730 1086 1715 1086 storage-tank 0
1697 1075 1713 1075 1713 1093 1697 1093 storage-tank 0
1681 1080 1696 1080 1696 1096 1681 1096 storage-tank 0
1646 1090 1663 1090 1663 1107 1646 1107 storage-tank 0
1001 951 1011 951 1011 961 1001 961 storage-tank 1
1630 1096 1646 1096 1646 1111 1630 1111 storage-tank 0
1611 1100 1627 1100 1627 1117 1611 1117 storage-tank 0
1767 760 1776 760 1776 769 1767 769 storage-tank 1
1758 763 1765 763 1765 772 1758 772 storage-tank 1
1747 767 1755 767 1755 775 1747 775 storage-tank 1
1797 783 1811 783 1811 797 1797 797 storage-tank 1
1757 794 1768 794 1768 806 1757 806 storage-tank 1
1261 1291 1270 1291 1270 1301 1261 1301 storage-tank 1
1391 1229 1417 1229 1417 1256 1391 1256 storage-tank 0
3237 1612 3246 1612 3246 1622 3237 1622 storage-tank 1
2356 1068 2362 1066 2371 1094 2366 1095 large-vehicle 0
859 1203 874 1203 874 1219 859 1219 storage-tank 0
840 1208 856 1208 856 1225 840 1225 storage-tank 0
853 1183 869 1183 869 1201 853 1201 storage-tank 0
835 1188 851 1188 851 1205 835 1205 storage-tank 0
77 1115 74 1121 53 1107 55 1102 large-vehicle 0
361 1206 358 1201 381 1184 384 1189 large-vehicle 0
1568 1481 1574 1478 1582 1496 1576 1499 large-vehicle 0
2087 1202 2081 1203 2072 1175 2077 1173 large-vehicle 0
865 1222 881 1222 881 1238 865 1238 storage-tank 0
1560 1033 1558 1028 1570 1024 1572 1029 large-vehicle 1
1625 1295 1627 1300 1616 1310 1611 1305 large-vehicle 1
1618 1274 1621 1278 1609 1290 1606 1286 large-vehicle 0
1648 1356 1643 1359 1637 1346 1641 1343 large-vehicle 1
1628 1338 1634 1336 1638 1354 1634 1355 large-vehicle 0
1609 1370 1603 1372 1594 1345 1600 1343 large-vehicle 0
3034 674 3029 676 3022 655 3027 653 large-vehicle 0
847 1228 863 1228 863 1244 847 1244 storage-tank 0
871 1178 887 1178 887 1193 871 1193 storage-tank 0
1358 1239 1385 1239 1385 1266 1358 1266 storage-tank 0
919 1186 936 1186 936 1203 919 1203 storage-tank 0
1381 1196 1408 1196 1408 1224 1381 1224 storage-tank 0
1349 1207 1375 1207 1375 1233 1349 1233 storage-tank 0
1300 1264 1326 1264 1326 1291 1300 1291 storage-tank 0
1290 1231 1317 1231 1317 1259 1290 1259 storage-tank 0
1257 1242 1283 1242 1283 1269 1257 1269 storage-tank 0
925 1206 941 1206 941 1222 925 1222 storage-tank 0
907 1210 923 1210 923 1227 907 1227 storage-tank 0
901 1190 917 1190 917 1208 901 1208 storage-tank 0
876 1197 891 1197 891 1213 876 1213 storage-tank 0
912 1166 929 1166 929 1184 912 1184 storage-tank 0
895 1171 911 1171 911 1189 895 1189 storage-tank 0
905 1142 922 1142 922 1159 905 1159 storage-tank 0
887 1146 904 1146 904 1162 887 1162 storage-tank 0
899 1120 918 1120 918 1140 899 1140 storage-tank 0
881 1127 898 1127 898 1143 881 1143 storage-tank 0
883 1218 897 1218 897 1233 883 1233 storage-tank 0
1684 1097 1702 1097 1702 1114 1684 1114 storage-tank 0
1701 1093 1719 1093 1719 1110 1701 1110 storage-tank 0
1720 1086 1736 1086 1736 1106 1720 1106 storage-tank 0
2417 1015 2440 1015 2440 1036 2417 1036 storage-tank 0
3191 1431 3201 1431 3201 1441 3191 1441 storage-tank 1
3095 1459 3107 1459 3107 1471 3095 1471 storage-tank 1
3094 1446 3104 1446 3104 1456 3094 1456 storage-tank 1
3090 1434 3100 1434 3100 1444 3090 1444 storage-tank 1
3107 1361 3124 1361 3124 1377 3107 1377 storage-tank 0
3119 1346 3136 1346 3136 1363 3119 1363 storage-tank 0
3091 1345 3108 1345 3108 1362 3091 1362 storage-tank 0
2407 981 2432 981 2432 1006 2407 1006 storage-tank 0
3077 1432 3085 1432 3085 1441 3077 1441 storage-tank 1
2397 945 2422 945 2422 970 2397 970 storage-tank 0
2387 1009 2406 1009 2406 1027 2387 1027 storage-tank 0
2377 976 2397 976 2397 995 2377 995 storage-tank 0
2371 955 2383 955 2383 967 2371 967 storage-tank 1
2330 1011 2341 1011 2341 1022 2330 1022 storage-tank 1
2367 937 2376 937 2376 947 2367 947 storage-tank 1
2385 908 2411 908 2411 934 2385 934 storage-tank 0
3203 1427 3214 1427 3214 1439 3203 1439 storage-tank 1
3081 1442 3087 1442 3087 1450 3081 1450 storage-tank 1
1705 1137 1714 1137 1714 1147 1705 1147 storage-tank 1
3213 1617 3225 1617 3225 1630 3213 1630 storage-tank 1
3262 1618 3271 1618 3271 1628 3262 1628 storage-tank 1
3251 1621 3260 1621 3260 1631 3251 1631 storage-tank 1
3241 1624 3250 1624 3250 1634 3241 1634 storage-tank 1
3231 1627 3240 1627 3240 1637 3231 1637 storage-tank 1
3217 1628 3229 1628 3229 1640 3217 1640 storage-tank 1
3205 1635 3216 1635 3216 1646 3205 1646 storage-tank 1
3226 1616 3237 1616 3237 1627 3226 1627 storage-tank 1
3203 1622 3215 1622 3215 1635 3203 1635 storage-tank 1
3083 1451 3090 1451 3090 1460 3083 1460 storage-tank 1
3222 1604 3233 1604 3233 1615 3222 1615 storage-tank 1
3209 1608 3220 1608 3220 1620 3209 1620 storage-tank 1
3197 1608 3211 1608 3211 1622 3197 1622 storage-tank 1
3196 1649 3207 1649 3207 1661 3196 1661 storage-tank 1
3192 1636 3205 1636 3205 1649 3192 1649 storage-tank 1
3189 1624 3201 1624 3201 1637 3189 1637 storage-tank 1
3184 1612 3197 1612 3197 1626 3184 1626 storage-tank 1
2653 743 2669 743 2669 761 2653 761 storage-tank 0
2670 741 2686 741 2686 758 2670 758 storage-tank 0
2665 724 2681 724 2681 740 2665 740 storage-tank 0
2126 984 2137 984 2137 994 2126 994 storage-tank 1
2212 927 2222 927 2222 937 2212 937 storage-tank 1
2200 932 2209 932 2209 941 2200 941 storage-tank 1
2184 968 2194 968 2194 976 2184 976 storage-tank 1
2173 970 2182 970 2182 980 2173 980 storage-tank 1
2161 973 2171 973 2171 983 2161 983 storage-tank 1
2151 976 2160 976 2160 986 2151 986 storage-tank 1
2139 981 2149 981 2149 991 2139 991 storage-tank 1
2115 987 2125 987 2125 998 2115 998 storage-tank 1
2619 758 2637 758 2637 774 2619 774 storage-tank 0
2101 991 2112 991 2112 1001 2101 1001 storage-tank 1
2181 1045 2206 1045 2206 1070 2181 1070 storage-tank 0
2142 1056 2168 1056 2168 1081 2142 1081 storage-tank 0
2167 1007 2198 1007 2198 1039 2167 1039 storage-tank 0
2129 1018 2160 1018 2160 1049 2129 1049 storage-tank 0
1685 1142 1694 1142 1694 1153 1685 1153 storage-tank 1
1694 1140 1705 1140 1705 1150 1694 1150 storage-tank 1
2261 975 2270 975 2270 985 2261 985 storage-tank 1
2271 972 2281 972 2281 981 2271 981 storage-tank 1
2281 970 2291 970 2291 979 2281 979 storage-tank 1
2263 986 2273 986 2273 996 2263 996 storage-tank 1
2620 737 2641 737 2641 757 2620 757 storage-tank 0
2672 698 2688 698 2688 714 2672 714 storage-tank 0
2657 703 2672 703 2672 720 2657 720 storage-tank 0
2614 613 2631 613 2631 630 2614 630 storage-tank 0
2586 620 2616 620 2616 651 2586 651 storage-tank 0
2556 630 2587 630 2587 662 2556 662 storage-tank 0
2563 223 2617 223 2617 276 2563 276 storage-tank 0
2290 1001 2299 1001 2299 1011 2290 1011 storage-tank 1
2281 1004 2289 1004 2289 1012 2281 1012 storage-tank 1
2269 1006 2279 1006 2279 1016 2269 1016 storage-tank 1
2287 991 2296 991 2296 1000 2287 1000 storage-tank 1
2277 993 2286 993 2286 1002 2277 1002 storage-tank 1
2266 995 2276 995 2276 1005 2266 1005 storage-tank 1
2285 981 2294 981 2294 990 2285 990 storage-tank 1
2274 982 2282 982 2282 991 2274 991 storage-tank 1
2932 346 2927 349 2920 330 2925 327 large-vehicle 0
