imagesource:GoogleEarth
gsd:0.284779883916
2442 103 2454 103 2454 114 2442 114 storage-tank 1
2194 242 2194 229 2241 229 2241 241 ship 0
1925 330 1940 327 1950 380 1935 384 ship 0
1937 322 1951 318 1963 373 1949 376 ship 0
1952 322 1967 319 1976 367 1963 370 ship 0
1966 319 1979 317 1988 359 1976 363 ship 0
1980 316 1992 313 2001 356 1988 360 ship 0
1948 257 1946 239 2004 232 2006 250 ship 0
1953 270 1951 257 2004 251 2006 264 ship 0
2082 224 2085 238 2042 246 2039 231 ship 0
2084 238 2086 249 2050 256 2048 245 ship 0
2098 256 2097 232 2173 230 2173 252 ship 0
2177 230 2176 213 2246 210 2247 228 ship 0
2186 257 2187 241 2249 242 2249 259 ship 0
2816 320 2913 298 2925 351 2828 371 basketball-court 0
2111 268 2110 255 2175 253 2175 269 ship 0
2056 4177 2175 4095 2296 4278 2125 4277 ground-track-field 1
2106 4207 2181 4149 2272 4276 2152 4277 soccer-ball-field 1
2183 3869 2189 3865 2201 3884 2195 3888 large-vehicle 0
2613 170 2615 186 2564 192 2561 176 ship 0
2560 174 2562 190 2519 194 2517 178 ship 0
2643 172 2666 166 2682 242 2659 248 ship 0
2681 165 2735 159 2737 178 2684 184 ship 0
2740 178 2741 198 2686 202 2685 185 ship 0
2681 232 2679 217 2731 215 2732 229 ship 0
2716 353 2796 333 2806 369 2724 390 tennis-court 0
1849 2030 1839 2005 1919 1970 1930 1994 ship 0
2091 2702 2083 2689 2127 2657 2136 2670 ship 0
2003 2722 1994 2708 2044 2669 2055 2682 ship 0
2012 2739 2001 2726 2056 2681 2067 2694 ship 0
243 401 272 427 266 433 236 407 large-vehicle 0
241 419 271 443 266 451 235 426 large-vehicle 0
276 1217 290 1184 394 1231 382 1262 ship 0
1509 4228 1505 4232 1495 4221 1499 4216 large-vehicle 1
1076 3862 1083 3857 1108 3889 1101 3895 large-vehicle 0
1090 3851 1099 3846 1120 3880 1112 3886 large-vehicle 0
1100 3843 1107 3837 1132 3871 1125 3877 large-vehicle 0
1403 4077 1408 4071 1417 4085 1412 4090 large-vehicle 0
1199 3822 1194 3827 1182 3813 1188 3809 large-vehicle 0
1667 1056 1698 1056 1698 1150 1667 1150 ship 0
1886 2239 1896 2220 1973 2265 1961 2287 ship 0
1830 2316 1823 2326 1784 2301 1791 2289 ship 0
1828 2329 1821 2341 1774 2313 1781 2300 ship 0
1898 2356 1891 2371 1840 2344 1848 2329 ship 0
1965 2399 1960 2410 1916 2385 1923 2371 ship 0
1960 2410 1951 2421 1912 2396 1918 2386 ship 0
1951 2421 1943 2435 1893 2405 1901 2389 ship 0
2004 2441 2012 2427 2059 2456 2051 2471 ship 0
1881 2618 1894 2609 1930 2656 1916 2665 ship 0
1896 2612 1907 2604 1941 2645 1931 2652 ship 0
1899 2596 1914 2584 1970 2641 1956 2656 ship 0
1940 2696 1954 2686 1994 2738 1978 2751 ship 0
2022 2754 2013 2740 2070 2693 2082 2709 ship 0
2681 357 2703 352 2714 396 2692 401 tennis-court 0
2668 166 2685 165 2693 216 2676 217 ship 0
2423 106 2438 106 2438 121 2423 121 storage-tank 0
1528 145 1529 156 1462 158 1461 146 harbor 0
1477 236 1475 221 1526 216 1527 232 ship 0
1478 324 1478 311 1516 310 1517 322 ship 0
1496 404 1496 393 1532 393 1533 403 ship 0
1277 1927 1281 1913 1326 1931 1321 1944 ship 0
1281 1912 1285 1899 1324 1913 1320 1925 ship 0
1334 1950 1339 1935 1386 1953 1379 1969 ship 0
1344 1939 1348 1923 1399 1939 1394 1954 ship 0
1450 1998 1434 1994 1451 1946 1466 1950 ship 0
1463 1967 1469 1950 1516 1974 1511 1987 ship 0
1478 1954 1482 1941 1525 1960 1520 1972 ship 0
1486 1943 1490 1929 1536 1948 1531 1960 ship 0
1531 205 1531 216 1463 218 1463 206 harbor 0
2576 2928 2592 2939 2564 2987 2547 2975 ship 0
1533 263 1533 274 1467 277 1466 266 harbor 0
1536 323 1536 335 1469 337 1469 326 harbor 0
1539 381 1540 393 1476 396 1476 385 harbor 0
1710 179 1678 179 1675 100 1706 98 ship 0
1483 2003 1485 1988 1543 1996 1541 2013 ship 0
1472 2016 1476 2001 1526 2011 1522 2026 ship 0
1463 2032 1466 2016 1519 2026 1515 2039 ship 0
1867 2288 1899 2288 1899 2321 1867 2321 storage-tank 0
1904 2313 1936 2313 1936 2345 1904 2345 storage-tank 0
1941 2336 1972 2336 1972 2367 1941 2367 storage-tank 0
1976 2358 2008 2358 2008 2390 1976 2390 storage-tank 0
1471 205 1472 190 1514 192 1513 207 ship 0
1466 177 1465 161 1524 157 1525 174 ship 0
1490 85 1472 82 1477 28 1495 29 ship 0
4648 606 4655 588 4711 613 4712 634 ship 0
2591 2938 2616 2954 2578 3027 2549 3014 ship 0
2655 2981 2666 2993 2623 3038 2610 3025 ship 0
2668 2987 2727 3025 2716 3046 2656 3007 ship 0
2685 3045 2702 3030 2751 3082 2733 3098 ship 0
2717 3054 2724 3042 2761 3062 2756 3076 ship 0
2820 3085 2814 3096 2772 3069 2779 3057 ship 0
3039 3228 3024 3257 2906 3187 2924 3153 ship 0
3336 1448 3320 1456 3299 1408 3318 1400 ship 0
3361 2976 3345 3003 3183 2897 3202 2871 ship 0
3373 2945 3358 2973 3203 2871 3222 2845 ship 0
3046 3266 3062 3242 3204 3334 3189 3358 ship 0
3010 2558 3033 2528 3479 2815 3461 2847 harbor 0
3964 195 3974 228 3834 268 3826 231 ship 0
4014 231 4022 216 4071 244 4064 258 ship 0
3738 1277 3767 1198 4281 1342 4257 1434 ship 0
4550 204 4545 212 4522 197 4527 189 large-vehicle 0
4514 460 4507 473 4453 446 4461 431 ship 0
4525 463 4561 481 4555 492 4520 473 ship 0
4673 538 4670 546 4626 529 4630 520 ship 0
4665 546 4659 557 4618 541 4623 529 ship 0
4676 559 4683 543 4712 557 4712 576 ship 0
4667 575 4675 557 4712 575 4711 596 ship 0
4664 592 4672 578 4711 596 4711 613 ship 0
249 387 279 416 271 421 242 395 large-vehicle 0
