imagesource:GoogleEarth
gsd:0.146812101224
1738 1011 1727 1003 1741 978 1753 986 small-vehicle 0
546 2118 546 2141 464 2144 463 2119 ship 0
721 1441 716 1451 688 1440 693 1430 small-vehicle 0
708 1470 704 1481 676 1468 680 1457 small-vehicle 0
694 1482 690 1493 668 1481 673 1471 small-vehicle 0
654 1491 660 1481 687 1496 680 1508 small-vehicle 0
630 1742 642 1741 645 1773 631 1774 small-vehicle 0
631 1783 646 1782 646 1812 633 1812 small-vehicle 0
635 1821 647 1821 648 1846 636 1847 small-vehicle 0
636 1860 649 1858 651 1891 636 1890 small-vehicle 0
641 1933 654 1931 656 1959 644 1960 small-vehicle 0
642 2007 656 2007 656 2036 643 2036 small-vehicle 0
641 1969 655 1968 656 2000 643 2001 small-vehicle 0
766 2024 751 2024 751 1979 766 1979 ship 0
751 2045 730 2046 730 1971 751 1971 ship 0
729 2455 746 2454 750 2495 731 2496 ship 0
738 1407 733 1421 704 1407 709 1396 small-vehicle 0
708 2336 747 2334 751 2441 712 2445 ship 0
738 2142 758 2146 751 2187 731 2185 ship 0
581 2324 568 2327 565 2297 577 2296 small-vehicle 0
665 2456 676 2460 671 2491 658 2486 small-vehicle 0
592 2862 604 2861 606 2886 594 2887 small-vehicle 0
634 3701 635 3714 604 3717 604 3703 small-vehicle 0
634 3681 636 3694 603 3696 602 3682 small-vehicle 0
635 3646 636 3659 606 3661 606 3649 small-vehicle 0
633 3629 633 3642 603 3643 603 3630 small-vehicle 0
680 3697 679 3669 798 3662 801 3695 ship 0
696 3752 698 3726 780 3733 776 3757 ship 0
707 3816 704 3784 801 3774 806 3806 ship 0
807 3850 808 3868 759 3870 758 3848 ship 0
731 1424 726 1436 696 1423 701 1411 small-vehicle 0
742 1395 738 1404 711 1393 717 1382 small-vehicle 0
698 1877 698 1866 734 1867 734 1878 ship 0
706 477 719 477 719 505 706 505 small-vehicle 0
700 1913 703 1901 738 1913 734 1923 ship 0
722 1955 720 1939 766 1940 766 1956 ship 0
660 418 647 419 647 387 659 387 small-vehicle 0
649 322 635 324 635 296 648 296 small-vehicle 0
647 266 633 267 633 235 646 236 small-vehicle 0
673 99 685 99 685 128 673 128 small-vehicle 0
699 84 710 84 710 111 699 111 small-vehicle 0
694 246 707 246 707 272 694 272 small-vehicle 0
691 208 706 208 706 236 691 236 small-vehicle 0
697 321 709 321 709 348 697 348 small-vehicle 0
700 361 714 361 714 395 700 395 small-vehicle 0
701 401 715 401 715 431 701 431 small-vehicle 0
681 446 695 446 695 476 681 476 small-vehicle 0
711 553 724 553 724 579 711 579 small-vehicle 0
750 1377 746 1390 718 1379 726 1366 small-vehicle 0
715 587 727 587 727 613 715 613 small-vehicle 0
720 687 731 687 731 712 720 712 small-vehicle 0
724 760 736 760 736 790 724 790 small-vehicle 0
720 723 734 723 734 754 720 754 small-vehicle 0
732 881 743 881 743 905 732 905 small-vehicle 0
727 841 741 841 741 875 727 875 small-vehicle 0
735 959 749 959 749 992 735 992 small-vehicle 0
736 1001 751 1001 751 1033 736 1033 small-vehicle 0
743 1089 757 1089 757 1121 743 1121 small-vehicle 0
744 1132 759 1132 759 1166 744 1166 small-vehicle 0
747 1181 761 1181 761 1211 747 1211 small-vehicle 0
771 1350 767 1362 737 1351 742 1338 small-vehicle 0
763 1366 760 1378 735 1366 741 1356 small-vehicle 0
747 3848 748 3871 700 3871 700 3848 ship 0
778 3891 778 3907 730 3908 729 3892 ship 0
704 3985 701 3958 780 3956 781 3982 ship 0
788 1016 766 1013 765 919 789 918 ship 0
1052 1707 1077 1707 1077 1793 1052 1793 ship 0
1027 1131 1047 1131 1047 1200 1027 1200 ship 0
1017 1031 1040 1031 1040 1115 1017 1115 ship 0
997 640 1019 641 1024 741 996 744 ship 0
970 633 998 634 993 745 966 746 ship 0
732 429 732 411 801 409 801 426 ship 0
985 428 1006 427 1011 495 991 496 ship 0
943 343 964 343 964 416 943 416 ship 0
963 345 982 345 982 407 963 407 ship 0
982 330 1005 330 1005 405 982 405 ship 0
671 183 686 183 686 218 671 218 large-vehicle 0
743 556 767 556 771 639 747 641 large-vehicle 0
814 1013 791 1014 791 926 814 926 ship 0
827 1354 806 1349 816 1258 840 1261 ship 0
756 4007 756 4025 710 4028 709 4009 ship 0
808 1344 788 1344 787 1259 814 1259 ship 0
808 1227 783 1229 781 1139 805 1137 ship 0
791 1388 815 1386 822 1473 799 1476 ship 0
681 1920 716 1917 723 2023 690 2027 ship 0
695 2066 731 2065 734 2193 701 2196 ship 0
719 2507 749 2505 758 2622 725 2624 ship 0
671 2732 704 2732 706 2829 672 2832 ship 0
731 3520 698 3516 709 3409 741 3412 ship 0
806 3640 807 3658 693 3661 693 3642 harbor 0
811 3754 812 3773 692 3777 691 3756 harbor 0
817 3869 818 3889 700 3891 699 3871 harbor 0
822 3984 823 4002 701 4008 701 3988 harbor 0
827 4097 829 4116 706 4124 704 4102 harbor 0
1097 2163 1069 2164 1061 2068 1092 2068 ship 0
1107 2331 1074 2336 1059 2249 1095 2245 ship 0
1109 2349 1099 2380 1000 2344 1014 2309 ship 0
701 2211 734 2208 742 2310 706 2312 ship 0
76 4559 91 4559 91 4576 76 4576 storage-tank 0
36 4574 58 4574 58 4594 36 4594 storage-tank 0
14 4585 37 4585 37 4609 14 4609 storage-tank 0
264 3932 276 3931 278 3961 266 3962 small-vehicle 0
253 3850 266 3850 266 3881 255 3881 small-vehicle 0
224 3832 213 3834 208 3802 220 3801 small-vehicle 0
177 3615 165 3608 178 3583 191 3589 small-vehicle 0
157 3278 143 3280 141 3253 154 3252 small-vehicle 0
151 3245 139 3246 136 3216 148 3214 small-vehicle 0
197 3186 184 3189 182 3156 194 3156 small-vehicle 0
192 3149 180 3151 177 3121 190 3120 small-vehicle 0
132 3102 144 3101 147 3131 134 3131 small-vehicle 0
748 656 768 655 772 733 752 734 ship 0
786 860 759 861 755 772 782 772 ship 0
1882 3820 1886 3841 1816 3853 1811 3831 ship 0
1882 3795 1885 3820 1799 3832 1796 3806 ship 0
1630 3881 1626 3856 1729 3844 1731 3872 ship 0
1619 3856 1614 3822 1730 3811 1734 3841 ship 0
1656 3975 1705 3967 1720 4051 1676 4058 ship 0
1629 3982 1657 3976 1676 4066 1648 4071 ship 0
1601 3979 1627 3974 1648 4079 1622 4086 ship 0
1576 3996 1604 3991 1624 4094 1594 4100 ship 0
1158 3699 1094 3701 1086 3547 1149 3543 ship 0
1101 2851 1135 2851 1136 2956 1100 2957 ship 0
1128 2549 1098 2569 1038 2488 1072 2466 ship 0
1123 2580 1108 2605 1013 2541 1032 2516 ship 0
1112 2393 1103 2423 1017 2392 1029 2361 ship 0
698 1898 701 1886 736 1895 733 1905 ship 0
698 1866 697 1854 732 1853 732 1865 ship 0
1758 978 1746 973 1764 946 1776 954 small-vehicle 0
1225 3024 1210 3025 1209 2992 1222 2992 small-vehicle 0
1043 1736 1051 1735 1053 1766 1045 1767 ship 0
1026 1828 1040 1824 1049 1869 1036 1871 ship 0
1039 1818 1050 1815 1058 1862 1048 1865 ship 0
1071 1857 1059 1860 1051 1817 1064 1815 ship 0
1051 1884 1067 1884 1067 1936 1051 1936 ship 0
1033 1887 1050 1887 1050 1934 1033 1934 ship 0
1070 2154 1046 2156 1038 2081 1060 2079 ship 0
1080 2856 1104 2862 1094 2942 1067 2938 ship 0
1079 2983 1112 2983 1112 3070 1079 3070 ship 0
1114 2979 1143 2979 1143 3080 1114 3080 ship 0
1231 3106 1217 3106 1215 3074 1228 3074 small-vehicle 0
1296 3044 1281 3043 1281 3012 1295 3012 small-vehicle 0
1227 3060 1214 3061 1212 3032 1225 3031 small-vehicle 0
1289 2928 1276 2930 1275 2900 1287 2899 small-vehicle 0
1050 1603 1071 1604 1067 1686 1045 1684 ship 0
1214 2883 1200 2884 1198 2853 1211 2853 small-vehicle 0
1273 2879 1260 2879 1257 2852 1272 2851 small-vehicle 0
1211 2843 1198 2844 1196 2812 1209 2811 small-vehicle 0
1208 2807 1194 2808 1192 2776 1206 2776 small-vehicle 0
1203 2768 1191 2769 1190 2737 1203 2737 small-vehicle 0
1148 2774 1146 2762 1176 2758 1177 2770 small-vehicle 0
1147 2760 1146 2746 1176 2743 1179 2756 small-vehicle 0
1203 2730 1189 2730 1189 2700 1203 2701 small-vehicle 0
1200 2690 1186 2691 1183 2661 1197 2661 small-vehicle 0
1310 2759 1299 2753 1316 2727 1326 2734 small-vehicle 0
1195 2653 1181 2655 1179 2623 1192 2622 small-vehicle 0
1187 2610 1174 2611 1170 2580 1184 2579 small-vehicle 0
1183 2575 1170 2575 1167 2542 1182 2542 small-vehicle 0
1033 1738 1044 1740 1042 1774 1030 1773 ship 0
1051 1529 1068 1529 1068 1589 1051 1589 ship 0
694 1844 693 1832 728 1831 728 1843 ship 0
1503 264 1493 258 1508 231 1520 236 small-vehicle 0
1454 3208 1456 3218 1423 3221 1423 3210 small-vehicle 0
1520 2421 1509 2414 1523 2395 1532 2401 small-vehicle 0
1557 2111 1551 2121 1526 2106 1532 2096 small-vehicle 0
1591 2124 1598 2113 1622 2130 1616 2140 small-vehicle 0
1660 2017 1666 2008 1692 2026 1685 2035 small-vehicle 0
1520 1361 1509 1353 1526 1330 1535 1336 small-vehicle 0
1591 1246 1580 1240 1596 1215 1607 1222 small-vehicle 0
1573 1092 1578 1081 1604 1097 1598 1106 small-vehicle 0
1531 1070 1537 1058 1563 1072 1558 1082 small-vehicle 0
1500 1045 1506 1034 1531 1052 1524 1061 small-vehicle 0
1662 1067 1650 1061 1667 1033 1679 1041 small-vehicle 0
1340 517 1331 512 1349 485 1358 491 small-vehicle 0
1482 297 1471 290 1489 265 1500 272 small-vehicle 0
1521 232 1510 226 1526 201 1537 207 small-vehicle 0
1036 1530 1051 1530 1051 1589 1036 1589 ship 0
1518 137 1524 126 1551 143 1542 155 small-vehicle 0
1480 129 1486 119 1515 136 1510 148 small-vehicle 0
1551 51 1558 41 1581 56 1576 66 small-vehicle 0
1427 87 1434 77 1462 94 1455 105 small-vehicle 0
1046 1379 1043 1391 1010 1384 1012 1374 ship 0
1041 1362 1042 1374 1007 1374 1007 1361 ship 0
1047 1344 1046 1356 1010 1350 1011 1338 ship 0
1054 1331 1052 1344 1012 1338 1015 1326 ship 0
1052 1396 1054 1411 1018 1416 1017 1401 ship 0
1051 1419 1052 1436 1011 1442 1008 1426 ship 0
1057 1455 1058 1475 1006 1477 1006 1457 ship 0
1055 1486 1055 1501 1007 1506 1007 1490 ship 0
1025 1534 1037 1534 1037 1590 1025 1590 ship 0
1373 2649 1363 2643 1377 2618 1389 2625 small-vehicle 0
1306 2683 1296 2676 1312 2651 1321 2658 small-vehicle 0
1279 2510 1277 2495 1310 2494 1310 2508 small-vehicle 0
737 441 737 430 781 428 781 437 ship 0
993 272 992 286 956 287 957 275 ship 0
991 260 991 270 961 274 958 262 ship 0
992 250 991 259 959 260 959 250 ship 0
991 241 989 250 958 246 960 237 ship 0
992 231 991 241 956 235 957 224 ship 0
945 197 937 219 876 195 886 172 ship 0
879 170 873 188 824 171 831 151 ship 0
764 139 770 123 823 149 815 164 ship 0
725 152 744 153 744 213 726 211 ship 0
735 396 734 384 771 384 771 395 ship 0
741 410 741 397 789 396 791 409 ship 0
746 470 745 457 780 455 780 468 ship 0
741 456 740 441 785 438 784 453 ship 0
797 1104 776 1107 771 1041 793 1040 ship 0
1184 2526 1170 2528 1169 2496 1183 2496 small-vehicle 0
815 1405 832 1402 841 1468 824 1471 ship 0
772 1608 785 1607 789 1645 776 1647 ship 0
682 1652 677 1639 707 1630 711 1640 ship 0
684 1661 680 1652 711 1644 715 1654 ship 0
682 1676 685 1664 719 1672 717 1685 ship 0
680 1688 681 1677 716 1684 714 1696 ship 0
682 1711 681 1700 715 1699 715 1711 ship 0
682 1726 680 1714 711 1711 714 1721 ship 0
684 1751 682 1737 726 1730 729 1744 ship 0
697 1774 698 1762 730 1767 728 1777 ship 0
695 1787 695 1775 730 1778 729 1790 ship 0
688 1805 691 1794 726 1803 723 1815 ship 0
691 1831 691 1820 726 1820 727 1830 ship 0
994 286 993 297 960 298 960 287 ship 0
996 298 995 309 958 311 958 300 ship 0
994 309 994 320 960 324 957 313 ship 0
1037 967 1025 969 1016 907 1032 905 ship 0
1246 2501 1233 2501 1232 2474 1244 2474 small-vehicle 0
1214 2476 1201 2477 1201 2445 1213 2443 small-vehicle 0
1228 2395 1241 2395 1242 2421 1229 2420 small-vehicle 0
1239 2390 1226 2391 1226 2361 1238 2359 small-vehicle 0
1283 2139 1295 2146 1275 2173 1265 2165 small-vehicle 0
1220 1981 1207 1982 1206 1952 1218 1952 small-vehicle 0
1318 1909 1312 1919 1289 1905 1295 1895 small-vehicle 0
1225 1809 1236 1801 1251 1823 1239 1829 small-vehicle 0
1197 1619 1185 1618 1186 1590 1198 1591 small-vehicle 0
1195 1572 1181 1572 1182 1545 1194 1544 small-vehicle 0
1188 1325 1174 1325 1173 1296 1186 1296 small-vehicle 0
1180 1202 1166 1204 1167 1176 1179 1176 small-vehicle 0
1185 1293 1171 1294 1171 1266 1184 1265 small-vehicle 0
1177 1169 1163 1169 1164 1140 1177 1141 small-vehicle 0
1148 1155 1136 1156 1133 1125 1146 1124 small-vehicle 0
1120 1134 1106 1135 1104 1106 1117 1104 small-vehicle 0
1173 1083 1160 1083 1160 1050 1173 1049 small-vehicle 0
1131 858 1119 859 1117 830 1130 830 small-vehicle 0
1143 541 1131 542 1129 512 1141 512 small-vehicle 0
1233 767 1223 761 1238 738 1247 745 small-vehicle 0
1151 691 1140 693 1136 665 1149 664 small-vehicle 0
1056 131 1055 143 1027 139 1029 125 small-vehicle 0
1126 205 1112 205 1114 173 1127 174 small-vehicle 0
1076 57 1063 55 1068 21 1082 23 small-vehicle 0
1053 51 1042 49 1052 17 1064 20 small-vehicle 0
1040 44 1028 43 1033 11 1045 12 small-vehicle 0
1026 976 1010 976 1000 910 1016 907 ship 0
744 4139 743 4119 815 4117 814 4138 ship 0
