imagesource:GoogleEarth
gsd:1.11837048614
2829 1760 2836 1760 2836 1767 2829 1767 storage-tank 1
2322 1131 2329 1131 2329 1140 2322 1140 storage-tank 1
2018 2807 2044 2807 2044 2833 2018 2833 storage-tank 0
1433 2588 1441 2588 1441 2597 1433 2597 storage-tank 1
1433 2579 1441 2579 1441 2587 1433 2587 storage-tank 1
1428 2564 1441 2564 1441 2578 1428 2578 storage-tank 1
1428 2548 1441 2548 1441 2562 1428 2562 storage-tank 1
1413 2548 1426 2548 1426 2563 1413 2563 storage-tank 0
1397 2550 1410 2550 1410 2564 1397 2564 storage-tank 1
1382 2550 1395 2550 1395 2563 1382 2563 storage-tank 1
1366 2550 1379 2550 1379 2564 1366 2564 storage-tank 1
1351 2550 1364 2550 1364 2564 1351 2564 storage-tank 1
1335 2550 1347 2550 1347 2564 1335 2564 storage-tank 1
1336 2566 1348 2566 1348 2580 1336 2580 storage-tank 1
1336 2591 1343 2591 1343 2599 1336 2599 storage-tank 1
1335 2582 1342 2582 1342 2589 1335 2589 storage-tank 1
3947 1761 3968 1770 3962 1783 3943 1775 bridge 0
3991 994 4093 1042 4083 1068 3979 1021 bridge 0
3452 2736 3476 2750 3448 2810 3422 2796 bridge 0
2301 336 2321 336 2321 356 2301 356 storage-tank 0
2331 1130 2341 1130 2341 1140 2331 1140 storage-tank 1
2821 1760 2827 1760 2827 1767 2821 1767 storage-tank 1
2359 1128 2376 1128 2376 1147 2359 1147 storage-tank 0
2814 1759 2820 1759 2820 1766 2814 1766 storage-tank 1
2843 1745 2851 1745 2851 1754 2843 1754 storage-tank 1
2846 1736 2853 1736 2853 1744 2846 1744 storage-tank 1
2848 1725 2857 1725 2857 1734 2848 1734 storage-tank 1
2852 1713 2861 1713 2861 1723 2852 1723 storage-tank 1
2856 1700 2867 1700 2867 1711 2856 1711 storage-tank 1
2280 1204 2297 1204 2297 1221 2280 1221 storage-tank 0
2304 1203 2321 1203 2321 1220 2304 1220 storage-tank 0
2327 1201 2344 1201 2344 1218 2327 1218 storage-tank 0
2350 1201 2367 1201 2367 1219 2350 1219 storage-tank 0
2371 1208 2383 1208 2383 1221 2371 1221 storage-tank 1
2371 1192 2382 1192 2382 1204 2371 1204 storage-tank 1
2371 1175 2382 1175 2382 1188 2371 1188 storage-tank 1
2350 1178 2367 1178 2367 1196 2350 1196 storage-tank 0
2327 1179 2344 1179 2344 1196 2327 1196 storage-tank 0
2303 1179 2321 1179 2321 1196 2303 1196 storage-tank 0
2280 1181 2297 1181 2297 1198 2280 1198 storage-tank 0
3106 2296 3122 2285 3251 2429 3239 2442 bridge 0
