imagesource:GoogleEarth
gsd:0.111323825396
1695 938 1697 927 1735 931 1733 946 small-vehicle 0
961 1380 966 1342 984 1346 978 1384 small-vehicle 0
900 1240 902 1198 924 1202 918 1242 small-vehicle 0
852 1193 870 1195 866 1233 848 1231 small-vehicle 0
830 1192 849 1194 844 1230 825 1229 small-vehicle 0
626 403 627 375 773 384 772 417 large-vehicle 0
991 858 993 839 1035 846 1032 867 small-vehicle 0
782 1056 786 1040 829 1049 826 1068 small-vehicle 0
769 1144 772 1130 814 1138 812 1154 small-vehicle 0
729 850 727 870 685 860 688 844 small-vehicle 0
682 817 682 800 725 806 725 822 small-vehicle 0
624 1157 626 1139 671 1146 669 1163 small-vehicle 0
638 1282 641 1244 660 1248 654 1283 small-vehicle 0
546 1496 566 1490 581 1531 564 1538 small-vehicle 0
192 1653 208 1648 224 1682 208 1687 small-vehicle 0
398 1058 412 1060 410 1091 395 1090 small-vehicle 0
155 875 157 839 175 841 172 876 small-vehicle 0
175 742 174 728 202 727 200 745 small-vehicle 0
316 931 332 923 351 953 337 963 small-vehicle 0
352 909 365 901 385 928 372 938 small-vehicle 0
372 897 384 888 403 915 391 922 small-vehicle 0
387 880 398 871 420 897 410 907 small-vehicle 0
410 863 423 856 442 884 430 892 small-vehicle 0
495 787 512 787 513 822 497 824 small-vehicle 0
266 752 283 755 280 788 263 786 small-vehicle 0
473 623 488 624 486 660 470 659 small-vehicle 0
469 290 487 270 567 342 549 364 large-vehicle 0
527 145 550 131 596 198 573 213 large-vehicle 0
337 353 331 340 363 317 373 333 small-vehicle 0
66 80 67 96 37 96 35 81 small-vehicle 0
199 99 217 101 213 139 195 136 small-vehicle 0
958 1209 977 1211 973 1248 954 1246 small-vehicle 0
1021 1405 1044 1406 1041 1451 1017 1449 small-vehicle 0
1750 1168 1752 1153 1785 1158 1784 1174 small-vehicle 0
1112 866 1112 852 1151 856 1151 873 small-vehicle 0
1760 1081 1762 1066 1797 1069 1796 1087 small-vehicle 0
1718 1076 1718 1060 1759 1065 1756 1082 small-vehicle 0
1752 1099 1753 1085 1795 1090 1793 1105 small-vehicle 0
1712 1094 1712 1080 1750 1085 1748 1099 small-vehicle 0
1755 1120 1755 1105 1792 1108 1791 1124 small-vehicle 0
1718 1112 1718 1101 1750 1104 1750 1117 small-vehicle 0
1698 1132 1698 1114 1754 1122 1752 1141 large-vehicle 0
1710 1164 1709 1149 1747 1151 1746 1166 small-vehicle 0
1707 1183 1707 1170 1745 1173 1744 1188 small-vehicle 0
1691 1200 1694 1186 1733 1194 1731 1208 small-vehicle 0
1692 1135 1710 1138 1702 1166 1685 1160 small-vehicle 0
1669 1177 1670 1164 1700 1170 1699 1184 small-vehicle 0
1655 1196 1655 1182 1687 1185 1686 1200 small-vehicle 0
1639 1213 1642 1196 1679 1204 1676 1218 small-vehicle 0
1604 932 1601 957 1472 939 1480 910 large-vehicle 0
1451 1372 1456 1338 1478 1344 1470 1376 small-vehicle 0
1397 1357 1417 1360 1413 1390 1395 1390 small-vehicle 0
1340 1368 1363 1370 1362 1415 1336 1412 small-vehicle 0
1307 1484 1329 1486 1324 1518 1303 1516 small-vehicle 0
1286 1474 1306 1478 1299 1514 1281 1511 small-vehicle 0
1315 1426 1334 1431 1329 1477 1309 1475 small-vehicle 0
1299 1378 1322 1381 1316 1422 1297 1417 small-vehicle 0
1268 1436 1273 1398 1292 1403 1287 1441 small-vehicle 0
1258 1448 1283 1452 1273 1512 1248 1509 small-vehicle 0
1267 1340 1264 1356 1230 1351 1230 1335 small-vehicle 0
1283 1266 1281 1279 1253 1275 1257 1260 small-vehicle 0
1056 1481 1060 1441 1083 1444 1078 1484 small-vehicle 0
1075 1355 1096 1359 1089 1392 1070 1389 small-vehicle 0
1093 944 1091 958 1056 955 1058 940 small-vehicle 0
377 147 398 179 261 277 235 238 large-vehicle 0
