imagesource:GoogleEarth
gsd:0.224737260932
3081 3032 2894 2976 2975 2782 3149 2843 plane 0
1630 1740 1916 1764 1891 2115 1605 2094 plane 0
3349 2126 3177 2110 3206 1901 3369 1921 plane 0
4380 3171 4245 3154 4258 3014 4402 3029 plane 0
2171 2317 2157 2477 1988 2459 2004 2290 plane 0
2090 1471 1812 1442 1839 1134 2131 1176 plane 0
1322 1733 1582 1759 1565 2066 1285 2038 plane 0
983 1708 1269 1728 1245 2045 944 2009 plane 0
490 1563 546 1686 392 1766 328 1624 plane 0
1088 1351 782 1315 823 1034 1115 1061 plane 0
754 1327 470 1300 501 1011 784 1042 plane 0
999 456 1133 467 1116 640 978 623 plane 0
