10 0.062217194570135755 0.876663254861822 0.047511312217194575 0.019447287615148415
9 0.36708144796380093 0.7374616171954964 0.10520361990950228 0.021494370522006142
9 0.36821266968325794 0.7958034800409417 0.1074660633484163 0.02354145342886387
9 0.36651583710407243 0.8244626407369499 0.1085972850678733 0.0255885363357216
9 0.3648190045248869 0.8551688843398157 0.10520361990950228 0.0255885363357216
9 0.3636877828054299 0.8848515864892529 0.10520361990950228 0.02354145342886387
9 0.35124434389140274 0.9150460593654043 0.09615384615384616 0.02661207778915046
9 0.49830316742081454 0.2001023541453429 0.11651583710407241 0.02354145342886387
9 0.5056561085972852 0.22466734902763563 0.0995475113122172 0.0255885363357216
9 0.4898190045248869 0.281985670419652 0.07918552036199096 0.0255885363357216
9 0.49151583710407243 0.3101330603889458 0.07805429864253394 0.022517911975435005
9 0.5164027149321267 0.36745138178096215 0.07579185520361992 0.02456499488229273
9 0.4869909502262444 0.394575230296827 0.082579185520362 0.02354145342886387
9 0.5113122171945702 0.4247697031729785 0.07692307692307693 0.022517911975435005
9 0.5124434389140272 0.45342886386898673 0.07918552036199096 0.02661207778915046
9 0.48472850678733037 0.4790174002047083 0.07805429864253394 0.02456499488229273
9 0.5028280542986425 0.5097236438075742 0.082579185520362 0.02661207778915046
9 0.49434389140271495 0.5399181166837257 0.08144796380090498 0.027635619242579325
9 0.4864253393665159 0.5685772773797338 0.06787330316742082 0.02354145342886387
9 0.48133484162895934 0.5962128966223132 0.082579185520362 0.02354145342886387
9 0.4960407239819005 0.624360286591607 0.07805429864253394 0.02661207778915046
9 0.47794117647058826 0.6535312180143296 0.082579185520362 0.0255885363357216
9 0.5016968325791855 0.6832139201637667 0.07126696832579187 0.02354145342886387
9 0.4960407239819005 0.7134083930399181 0.07805429864253394 0.022517911975435005
9 0.49208144796380093 0.7425793244626407 0.07692307692307693 0.0255885363357216
9 0.49264705882352944 0.7697031729785057 0.07352941176470588 0.028659160696008188
9 0.49886877828054305 0.7978505629477994 0.06787330316742082 0.021494370522006142
9 0.48020361990950233 0.8285568065506653 0.07126696832579187 0.03172978505629478
9 0.47794117647058826 0.8536335721596725 0.07126696832579187 0.02661207778915046
9 0.47737556561085975 0.8833162743091095 0.07013574660633484 0.02661207778915046
9 0.4903846153846154 0.9155578300921188 0.06900452488687783 0.021494370522006142
9 0.36708144796380093 0.7656090071647902 0.10520361990950228 0.02456499488229273
9 0.36651583710407243 0.7088024564994883 0.10407239819004525 0.0255885363357216
10 0.06447963800904978 0.7819856704196521 0.05203619909502263 0.02047082906857728
9 0.36877828054298645 0.6791197543500512 0.10633484162895929 0.0255885363357216
9 0.15497737556561086 0.2727737973387922 0.09276018099547512 0.0255885363357216
9 0.14819004524886878 0.3295803480040942 0.09728506787330318 0.022517911975435005
9 0.15780542986425342 0.3607983623336745 0.11199095022624435 0.027635619242579325
9 0.16063348416289594 0.47697031729785055 0.10633484162895929 0.02456499488229273
9 0.15950226244343893 0.5066530194472876 0.11312217194570137 0.02661207778915046
9 0.15271493212669685 0.5358239508700102 0.11085972850678734 0.0255885363357216
9 0.15610859728506787 0.5655066530194472 0.1085972850678733 0.02354145342886387
9 0.15497737556561086 0.5941658137154555 0.11085972850678734 0.02354145342886387
9 0.15610859728506787 0.6269191402251791 0.09276018099547512 0.0255885363357216
9 0.14649321266968326 0.6852610030706244 0.09162895927601811 0.02354145342886387
9 0.14366515837104074 0.7154554759467758 0.09276018099547512 0.02456499488229273
9 0.13914027149321267 0.7415557830092119 0.09502262443438915 0.02354145342886387
9 0.13970588235294118 0.7717502558853634 0.09162895927601811 0.022517911975435005
9 0.13574660633484165 0.8014329580348004 0.09276018099547512 0.022517911975435005
9 0.13574660633484165 0.8280450358239508 0.07239819004524888 0.02456499488229273
9 0.13009049773755657 0.8607983623336746 0.07013574660633484 0.02047082906857728
9 0.13404977375565613 0.8879222108495394 0.06900452488687783 0.021494370522006142
9 0.1323529411764706 0.917093142272262 0.06787330316742082 0.022517911975435005
9 0.3733031674208145 0.2047082906857728 0.0995475113122172 0.022517911975435005
9 0.372737556561086 0.2389969293756397 0.10294117647058824 0.0255885363357216
9 0.36990950226244346 0.3602865916069601 0.10180995475113123 0.028659160696008188
9 0.37104072398190047 0.4140225179119754 0.10407239819004525 0.027635619242579325
9 0.3721719457013575 0.4452405322415558 0.10407239819004525 0.02456499488229273
9 0.3721719457013575 0.4749232343909928 0.10180995475113123 0.022517911975435005
9 0.37104072398190047 0.5307062436028659 0.1085972850678733 0.02968270214943705
9 0.372737556561086 0.5634595701125896 0.10520361990950228 0.021494370522006142
9 0.36934389140271495 0.5921187308085978 0.1074660633484163 0.0255885363357216
9 0.3642533936651584 0.6212896622313204 0.10407239819004525 0.02456499488229273
9 0.37047511312217196 0.6519959058341863 0.10520361990950228 0.022517911975435005
9 0.6821266968325792 0.27993858751279427 0.056561085972850686 0.021494370522006142
9 0.6809954751131222 0.3106448311156602 0.05882352941176471 0.021494370522006142
9 0.6798642533936652 0.3367451381780962 0.056561085972850686 0.02047082906857728
9 0.6759049773755657 0.36745138178096215 0.057692307692307696 0.02047082906857728
10 0.047511312217194575 0.016888433981576256 0.0248868778280543 0.03172978505629478
10 0.05882352941176471 0.057318321392016376 0.0248868778280543 0.0368474923234391
10 0.16176470588235295 0.09825997952917093 0.05203619909502263 0.022517911975435005
10 0.23246606334841632 0.09416581371545547 0.04638009049773756 0.02047082906857728
10 0.5277149321266968 0.04861821903787104 0.032805429864253395 0.04605936540429888
10 0.572398190045249 0.05373592630501536 0.027149321266968326 0.04196519959058342
10 0.5927601809954751 0.054759467758444216 0.0248868778280543 0.04401228249744115
10 0.6108597285067874 0.05373592630501536 0.020361990950226245 0.03172978505629478
10 0.6334841628959277 0.057318321392016376 0.0248868778280543 0.03889457523029683
10 0.6623303167420815 0.04912998976458546 0.023755656108597287 0.042988741044012284
10 0.7115384615384616 0.0496417604912999 0.020361990950226245 0.03377686796315251
10 0.7726244343891403 0.05424769703172978 0.027149321266968326 0.04503582395087001
10 0.5016968325791855 0.14790174002047082 0.05090497737556562 0.021494370522006142
10 0.44174208144796384 0.150460593654043 0.05090497737556562 0.022517911975435005
10 0.3416289592760181 0.15557830092118732 0.04524886877828055 0.02047082906857728
10 0.290158371040724 0.15916069600818833 0.05090497737556562 0.02354145342886387
10 0.23812217194570137 0.16274309109518936 0.05316742081447964 0.02456499488229273
10 0.0661764705882353 0.3172978505629478 0.05090497737556562 0.022517911975435005
10 0.06843891402714933 0.34186284544524054 0.04638009049773756 0.016376663254861822
10 0.06900452488687783 0.3751279426816786 0.0497737556561086 0.019447287615148415
10 0.06730769230769232 0.3991811668372569 0.04864253393665159 0.01842374616171955
10 0.06447963800904978 0.4216990788126919 0.05203619909502263 0.02047082906857728
10 0.06561085972850679 0.4452405322415558 0.0497737556561086 0.01842374616171955
10 0.06052036199095023 0.5619242579324463 0.062217194570135755 0.028659160696008188
10 0.0661764705882353 0.6407369498464688 0.04864253393665159 0.022517911975435005
10 0.06504524886877829 0.6888433981576254 0.04638009049773756 0.02047082906857728
10 0.06504524886877829 0.6054247697031729 0.04411764705882353 0.019447287615148415
10 0.06108597285067874 0.6693961105424769 0.0497737556561086 0.02047082906857728
10 0.05995475113122172 0.7169907881269192 0.05429864253393665 0.019447287615148415
9 0.8031674208144797 0.906345957011259 0.05882352941176471 0.052200614124872056
9 0.7992081447963801 0.8735926305015353 0.05542986425339367 0.052200614124872056
9 0.7980769230769231 0.8382804503582395 0.057692307692307696 0.05527123848515865
9 0.6753393665158371 0.8730808597748209 0.06108597285067874 0.02456499488229273
9 0.6759049773755657 0.3961105424769703 0.05316742081447964 0.02047082906857728
9 0.6798642533936652 0.4257932446264074 0.056561085972850686 0.02047082906857728
9 0.6753393665158371 0.45598771750255884 0.05429864253393665 0.019447287615148415
9 0.6787330316742082 0.4825997952917093 0.05882352941176471 0.019447287615148415
9 0.6753393665158371 0.5097236438075742 0.05429864253393665 0.02047082906857728
9 0.6759049773755657 0.5404298874104402 0.05542986425339367 0.02047082906857728
9 0.6719457013574661 0.5685772773797338 0.05882352941176471 0.0255885363357216
9 0.6736425339366516 0.5987717502558854 0.05995475113122172 0.02456499488229273
9 0.6696832579185521 0.6253838280450358 0.05882352941176471 0.022517911975435005
9 0.6781674208144797 0.6535312180143296 0.057692307692307696 0.021494370522006142
9 0.6696832579185521 0.6827021494370522 0.06108597285067874 0.022517911975435005
9 0.6691176470588236 0.7118730808597749 0.057692307692307696 0.021494370522006142
9 0.6764705882352942 0.8444216990788127 0.06334841628959277 0.022517911975435005
9 0.6725113122171946 0.9022517911975435 0.05995475113122172 0.0255885363357216
9 0.8042986425339367 0.7983623336745138 0.056561085972850686 0.0511770726714432
9 0.6702488687782806 0.9303991811668373 0.062217194570135755 0.02456499488229273
9 0.8009049773755657 0.33418628454452404 0.056561085972850686 0.05015353121801433
9 0.8042986425339367 0.4017400204708291 0.056561085972850686 0.052200614124872056
9 0.8020361990950227 0.4406345957011259 0.06108597285067874 0.048106448311156604
9 0.8014705882352942 0.47697031729785055 0.057692307692307696 0.04912998976458546
9 0.8071266968325792 0.5071647901740021 0.05995475113122172 0.05015353121801433
9 0.8054298642533937 0.5445240532241555 0.06334841628959277 0.04912998976458546
9 0.8059954751131222 0.5818833162743091 0.05995475113122172 0.05015353121801433
9 0.8071266968325792 0.6161719549641761 0.05995475113122172 0.0511770726714432
9 0.8031674208144797 0.6525076765609007 0.05882352941176471 0.05015353121801433
9 0.8088235294117648 0.6857727737973388 0.05882352941176471 0.0511770726714432
9 0.8020361990950227 0.7262026612077789 0.056561085972850686 0.052200614124872056
9 0.8059954751131222 0.7610030706243603 0.05542986425339367 0.052200614124872056
9 0.1572398190045249 0.23950870010235414 0.09502262443438915 0.02456499488229273
