10 0.5735191637630662 0.019480519480519484 0.0132404181184669 0.010513296227581943
10 0.43101045296167245 0.037724180581323444 0.02229965156794425 0.009894867037724181
4 0.1843205574912892 0.08426097711811999 0.03554006968641115 0.06215213358070502
4 0.23397212543554008 0.08534322820037106 0.03519163763066202 0.06184291898577613
4 0.1318815331010453 0.17609771181199754 0.033797909407665506 0.060915275200989494
4 0.1813588850174216 0.1777983920841064 0.03449477351916376 0.062461348175633896
4 0.23118466898954704 0.17872603586889302 0.03519163763066202 0.06184291898577613
13 0.7008710801393728 0.6246134817563389 0.26794425087108015 0.1490414347557205
6 0.8090592334494774 0.30612244897959184 0.25435540069686413 0.4706246134817564
13 0.8078397212543554 0.30550401978973407 0.18013937282229966 0.26159554730983303
3 0.23222996515679442 0.3637909709338281 0.18501742160278745 0.15800865800865802
3 0.7869337979094077 0.8252937538651824 0.232404181184669 0.21397649969078542
3 0.4189895470383275 0.7909709338280767 0.321602787456446 0.27396413110698825
10 0.5165505226480837 0.11209029066171924 0.008013937282229966 0.013296227581941869
10 0.5296167247386759 0.13172541743970317 0.007665505226480836 0.01360544217687075
10 0.5238675958188154 0.0793135435992579 0.007317073170731707 0.014533085961657392
10 0.41097560975609754 0.22680890538033396 0.008710801393728223 0.015151515151515152
10 0.42770034843205573 0.22866419294990725 0.010104529616724738 0.017006802721088437
10 0.44686411149825783 0.22448979591836737 0.01707317073170732 0.007421150278293136
10 0.42822299651567947 0.2554112554112554 0.015331010452961672 0.006184291898577613
10 0.4290940766550523 0.26113172541743973 0.014285714285714285 0.006493506493506494
10 0.41306620209059236 0.255256648113791 0.016376306620209058 0.007730364873222016
10 0.3837979094076655 0.25463821892393323 0.014982578397212544 0.006493506493506494
10 0.3827526132404181 0.2620593692022264 0.0156794425087108 0.007111935683364256
10 0.12351916376306621 0.8184910327767472 0.008710801393728223 0.01360544217687075
10 0.1229965156794425 0.7911255411255412 0.008362369337979094 0.01391465677179963
10 0.05 0.7461348175633891 0.0156794425087108 0.006802721088435375
4 0.1343205574912892 0.08256029684601114 0.03588850174216028 0.06184291898577613
