10 0.07763157894736841 0.461123595505618 0.020526315789473684 0.016179775280898877
0 0.5055263157894737 0.6071910112359551 0.053157894736842105 0.04404494382022472
0 0.7926315789473684 0.6469662921348315 0.06842105263157895 0.06247191011235955
0 0.4931578947368421 0.8325842696629214 0.056842105263157895 0.05078651685393259
0 0.4639473684210526 0.7975280898876405 0.05421052631578947 0.045393258426966294
0 0.4131578947368421 0.8795505617977528 0.049473684210526316 0.04224719101123596
0 0.38552631578947366 0.8478651685393259 0.049999999999999996 0.041797752808988765
0 0.703421052631579 0.5824719101123595 0.04684210526315789 0.036853932584269666
0 0.6186842105263157 0.6402247191011237 0.04894736842105263 0.04
0 0.5747368421052631 0.6660674157303371 0.04842105263157895 0.040449438202247195
0 0.44473684210526315 0.748314606741573 0.053684210526315786 0.04404494382022472
0 0.4010526315789474 0.7741573033707866 0.049473684210526316 0.04089887640449438
0 0.3621052631578947 0.7993258426966292 0.05052631578947368 0.041797752808988765
0 0.705 0.48314606741573035 0.05631578947368421 0.046741573033707864
0 0.4244736842105263 0.6557303370786517 0.04684210526315789 0.040449438202247195
0 0.7623684210526316 0.2849438202247191 0.06157894736842105 0.05573033707865169
0 0.38052631578947366 0.6813483146067416 0.0431578947368421 0.03865168539325843
0 0.3463157894736842 0.7074157303370787 0.05157894736842105 0.04584269662921348
0 0.3018421052631579 0.7332584269662922 0.05421052631578947 0.04449438202247191
0 0.6057894736842105 0.3907865168539326 0.05157894736842105 0.04808988764044944
0 0.5728947368421052 0.3555056179775281 0.049999999999999996 0.043146067415730335
0 0.5252631578947369 0.44426966292134834 0.05263157894736842 0.03910112359550562
0 0.4776315789473684 0.471685393258427 0.05842105263157894 0.04719101123595506
0 0.3873684210526316 0.5323595505617977 0.05894736842105263 0.04719101123595506
0 0.32973684210526316 0.5689887640449438 0.05842105263157894 0.04853932584269663
0 0.12105263157894737 0.691685393258427 0.04842105263157895 0.04764044943820225
0 0.14789473684210527 0.6737078651685393 0.05473684210526315 0.04584269662921348
0 0.11473684210526315 0.6620224719101124 0.08210526315789474 0.07191011235955057
0 0.848421052631579 0.6103370786516854 0.06736842105263158 0.0602247191011236
0 0.7305263157894737 0.2541573033707865 0.05157894736842105 0.04808988764044944
10 0.17184210526315788 0.4220224719101124 0.019473684210526317 0.014382022471910113
10 0.516578947368421 0.18292134831460674 0.017368421052631578 0.011685393258426966
10 0.18263157894736842 0.43460674157303375 0.02 0.015280898876404495
10 0.2571052631578947 0.5107865168539326 0.02157894736842105 0.015730337078651686
10 0.893157894736842 0.050337078651685394 0.017894736842105262 0.01707865168539326
10 0.9368421052631579 0.08741573033707865 0.014736842105263158 0.013932584269662922
10 0.9276315789473684 0.09213483146067417 0.017368421052631578 0.015280898876404495
9 0.7371052631578947 0.18898876404494383 0.03631578947368421 0.011235955056179775
9 0.7313157894736841 0.17730337078651687 0.03736842105263158 0.011235955056179775
9 0.7189473684210527 0.16831460674157303 0.03368421052631579 0.012134831460674157
9 0.6765789473684211 0.12112359550561798 0.032105263157894734 0.02292134831460674
10 0.5499999999999999 0.2307865168539326 0.01263157894736842 0.011235955056179775
10 0.5468421052631579 0.22269662921348315 0.015789473684210527 0.011235955056179775
10 0.5218421052631579 0.18831460674157305 0.013157894736842105 0.010786516853932584
10 0.588421052631579 0.07910112359550563 0.013684210526315788 0.016179775280898877
0 0.6318421052631579 0.27078651685393257 0.04263157894736842 0.037303370786516854
10 0.5734210526315789 0.08134831460674158 0.012105263157894737 0.01707865168539326
10 0.5652631578947368 0.08696629213483147 0.01263157894736842 0.019325842696629215
10 0.3057894736842105 0.33865168539325846 0.014736842105263158 0.014831460674157304
10 0.32 0.35415730337078655 0.015789473684210527 0.016179775280898877
10 0.29105263157894734 0.3193258426966292 0.015789473684210527 0.015730337078651686
0 0.6884210526315789 0.2352808988764045 0.03789473684210526 0.03550561797752809
0 0.66 0.2049438202247191 0.035789473684210524 0.03146067415730337
0 0.6360526315789473 0.1752808988764045 0.04473684210526316 0.043146067415730335
0 0.6073684210526316 0.1449438202247191 0.04526315789473684 0.041797752808988765
0 0.5647368421052631 0.18337078651685393 0.04 0.03865168539325843
0 0.5839473684210527 0.21415730337078653 0.04157894736842105 0.03640449438202247
0 0.6055263157894737 0.24314606741573036 0.04052631578947368 0.03865168539325843
10 0.2752631578947368 0.30314606741573036 0.017894736842105262 0.015730337078651686
