10 0.6168831168831169 0.8275280898876405 0.050505050505050504 0.03258426966292135
10 0.6493506493506493 0.9702247191011237 0.046176046176046176 0.030337078651685397
10 0.43217893217893216 0.6438202247191012 0.044733044733044736 0.035955056179775284
10 0.5822510822510822 0.5213483146067416 0.047619047619047616 0.04269662921348315
10 0.36075036075036077 0.4702247191011236 0.046176046176046176 0.03707865168539326
10 0.6493506493506493 0.4056179775280899 0.049062049062049064 0.040449438202247195
10 0.7698412698412699 0.3410112359550562 0.050505050505050504 0.03932584269662922
10 0.7445887445887446 0.3134831460674158 0.05194805194805195 0.040449438202247195
10 0.6652236652236653 0.26573033707865173 0.0404040404040404 0.03258426966292135
12 0.44083694083694086 0.4955056179775281 0.5180375180375181 0.4808988764044944
