10 0.7167567567567568 0.9292333614153327 0.017297297297297298 0.025273799494524008
9 0.8513513513513513 0.45871946082561077 0.018378378378378378 0.039595619208087615
10 0.9210810810810811 0.19797809604043806 0.02810810810810811 0.03201347935973041
10 0.9059459459459459 0.23083403538331929 0.025945945945945945 0.02695871946082561
10 0.8756756756756757 0.3184498736310025 0.032432432432432434 0.047177759056444814
10 0.8594594594594595 0.3677337826453243 0.017297297297297298 0.022746419545071606
10 0.6989189189189189 0.3243470935130581 0.022702702702702703 0.020219039595619208
9 0.8524324324324325 0.508424599831508 0.022702702702702703 0.037910699241786014
10 0.8535135135135136 0.546335299073294 0.014054054054054054 0.024431339511373208
9 0.9335135135135135 0.558972198820556 0.05945945945945946 0.02611625947767481
9 0.9075675675675676 0.43260320134793595 0.020540540540540542 0.04633529907329401
10 0.8535135135135136 0.40269587194608253 0.018378378378378378 0.02695871946082561
10 0.7605405405405405 0.2653748946925021 0.02702702702702703 0.02864363942712721
10 0.8567567567567568 0.592670598146588 0.014054054054054054 0.02780117944397641
10 0.8551351351351352 0.6238416175231676 0.015135135135135135 0.02780117944397641
10 0.8610810810810811 0.6592249368155012 0.018378378378378378 0.02780117944397641
10 0.92 0.6798652064026959 0.017297297297297298 0.02864363942712721
10 0.9124324324324324 0.6183656276326874 0.017297297297297298 0.030328559393428812
10 0.8540540540540541 0.9768323504633529 0.041081081081081085 0.02780117944397641
10 0.7854054054054054 0.9418702611625948 0.03351351351351351 0.011794439764111203
10 0.7810810810810811 0.9271272114574557 0.03135135135135135 0.012636899747262004
10 0.7810810810810811 0.9119629317607413 0.03567567567567568 0.012636899747262004
10 0.9243243243243243 0.10320134793597303 0.032432432432432434 0.03622577927548441
10 0.7497297297297297 0.18871103622577926 0.020540540540540542 0.020219039595619208
10 0.7708108108108108 0.8803706823925863 0.03891891891891892 0.018534119629317607
10 0.3410810810810811 0.5720303285593934 0.020540540540540542 0.03369839932603201
10 0.053513513513513515 0.33108677337826453 0.016216216216216217 0.023588879528222407
10 0.07297297297297298 0.33740522325189554 0.016216216216216217 0.02611625947767481
10 0.09297297297297298 0.34498736310025274 0.017297297297297298 0.02611625947767481
10 0.11513513513513514 0.35383319292333615 0.016216216216216217 0.02695871946082561
10 0.13945945945945945 0.3605728727885425 0.015135135135135135 0.02695871946082561
10 0.1810810810810811 0.3753159224936815 0.014054054054054054 0.02780117944397641
10 0.08162162162162162 0.4860994102780118 0.018378378378378378 0.025273799494524008
10 0.10270270270270271 0.4941027801179444 0.017297297297297298 0.02611625947767481
10 0.12432432432432433 0.4995787700084246 0.01945945945945946 0.025273799494524008
10 0.06054054054054054 0.4772535804549284 0.01945945945945946 0.02611625947767481
10 0.7664864864864865 0.15501263689974726 0.021621621621621623 0.02190395956192081
10 0.03891891891891892 0.4730412805391744 0.017297297297297298 0.024431339511373208
10 0.30594594594594593 0.8361415332771693 0.034594594594594595 0.03454085930918281
10 0.26 0.8260320134793597 0.020540540540540542 0.016006739679865205
10 0.23135135135135135 0.8550968828980623 0.02810810810810811 0.025273799494524008
10 0.2064864864864865 0.8921651221566975 0.025945945945945945 0.02190395956192081
10 0.1437837837837838 0.962089300758214 0.02810810810810811 0.023588879528222407
10 0.8221621621621622 0.050126368997472616 0.02702702702702703 0.02780117944397641
10 0.8048648648648649 0.08129738837405223 0.02702702702702703 0.02780117944397641
10 0.7848648648648648 0.11583824768323504 0.025945945945945945 0.024431339511373208
10 0.7772972972972974 0.8951137320977253 0.03891891891891892 0.016006739679865205
10 0.7648648648648648 0.8639427127211456 0.03783783783783784 0.022746419545071606
10 0.7194594594594594 0.9005897219882055 0.016216216216216217 0.025273799494524008
10 0.6005405405405405 0.9132266217354675 0.018378378378378378 0.030328559393428812
10 0.5648648648648649 0.9768323504633529 0.022702702702702703 0.02106149957877001
10 0.5843243243243244 0.9806234203875316 0.022702702702702703 0.016849199663016005
10 0.5459459459459459 0.8778433024431339 0.01945945945945946 0.02695871946082561
10 0.5410810810810811 0.9077506318449873 0.016216216216216217 0.02948609941027801
10 0.5654054054054054 0.8791069924178601 0.017297297297297298 0.02948609941027801
10 0.5616216216216217 0.9085930918281381 0.018378378378378378 0.02780117944397641
10 0.5837837837837838 0.8799494524010109 0.015135135135135135 0.02611625947767481
10 0.5827027027027027 0.9119629317607413 0.01945945945945946 0.02611625947767481
10 0.6021621621621621 0.8807919123841617 0.017297297297297298 0.02780117944397641
10 0.6216216216216216 0.8824768323504633 0.017297297297297298 0.02780117944397641
10 0.5221621621621622 0.9730412805391744 0.021621621621621623 0.02695871946082561
10 0.62 0.9170176916596461 0.016216216216216217 0.02611625947767481
10 0.6421621621621622 0.8837405223251895 0.017297297297297298 0.02864363942712721
10 0.64 0.9165964616680707 0.01945945945945946 0.02695871946082561
10 0.6627027027027027 0.8845829823083403 0.015135135135135135 0.02864363942712721
10 0.6594594594594595 0.9220724515585509 0.015135135135135135 0.02611625947767481
10 0.6794594594594595 0.9254422914911541 0.018378378378378378 0.031171019376579612
10 0.6994594594594594 0.9309182813816343 0.017297297297297298 0.02864363942712721
10 0.6816216216216217 0.8892165122156697 0.016216216216216217 0.02611625947767481
10 0.7005405405405406 0.8913226621735467 0.01945945945945946 0.030328559393428812
10 0.5448648648648649 0.9743049705139005 0.021621621621621623 0.022746419545071606
10 0.5037837837837837 0.9696714406065712 0.02810810810810811 0.02695871946082561
10 0.7616216216216216 0.8466722830665543 0.03783783783783784 0.023588879528222407
10 0.5518918918918919 0.8108677337826453 0.02702702702702703 0.031171019376579612
10 0.7421621621621621 0.8315080033698399 0.03783783783783784 0.02695871946082561
10 0.7248648648648649 0.8197135636057287 0.02702702702702703 0.023588879528222407
10 0.6983783783783784 0.8125526537489469 0.023783783783783784 0.02948609941027801
10 0.6772972972972973 0.8058129738837405 0.016216216216216217 0.02780117944397641
10 0.6556756756756756 0.8041280539174389 0.018378378378378378 0.02780117944397641
10 0.6345945945945946 0.8053917438921651 0.017297297297297298 0.02695871946082561
10 0.6172972972972973 0.8091828138163437 0.017297297297297298 0.02611625947767481
10 0.5978378378378378 0.8091828138163437 0.01945945945945946 0.02948609941027801
10 0.5745945945945946 0.8096040438079191 0.02702702702702703 0.03201347935973041
10 0.5302702702702703 0.8218197135636057 0.03567567567567568 0.02780117944397641
10 0.4881081081081081 0.9604043807919124 0.02702702702702703 0.025273799494524008
10 0.5097297297297297 0.8327716933445661 0.03567567567567568 0.02611625947767481
10 0.4962162162162162 0.8466722830665543 0.032432432432432434 0.02695871946082561
10 0.4789189189189189 0.8597304128053918 0.03891891891891892 0.022746419545071606
10 0.4664864864864865 0.8736310025273799 0.03135135135135135 0.016849199663016005
10 0.4718918918918919 0.8913226621735467 0.03135135135135135 0.020219039595619208
10 0.45837837837837836 0.9035383319292333 0.02810810810810811 0.014321819713563605
10 0.44756756756756755 0.9203875315922493 0.034594594594594595 0.010951979780960405
10 0.44594594594594594 0.9389216512215669 0.03135135135135135 0.016006739679865205
10 0.46972972972972976 0.9549283909014321 0.02702702702702703 0.02611625947767481
12 0.5545945945945946 0.5749789385004213 0.5297297297297298 0.43723673125526535
