4 0.48261238337574214 0.07792207792207792 0.13570822731128074 0.12987012987012989
10 0.33545377438507207 0.9456168831168832 0.019508057675996608 0.025974025974025976
10 0.3040712468193384 0.8538961038961039 0.026293469041560644 0.025974025974025976
10 0.273960983884648 0.8896103896103896 0.02714164546225615 0.025974025974025976
10 0.2548770144189991 0.9111201298701299 0.022900763358778626 0.021915584415584416
10 0.2099236641221374 0.9143668831168832 0.021204410517387615 0.02353896103896104
10 0.19083969465648853 0.9391233766233766 0.02205258693808312 0.021103896103896104
10 0.22561492790500423 0.9435876623376624 0.02374893977947413 0.02353896103896104
10 0.20483460559796438 0.9638798701298702 0.021204410517387615 0.015422077922077924
10 0.3524173027989822 0.9403409090909092 0.022900763358778626 0.030032467532467536
10 0.8969465648854962 0.057224025974025976 0.026293469041560644 0.02353896103896104
10 0.36344359626802375 0.9261363636363636 0.019508057675996608 0.029220779220779224
10 0.37574215436810854 0.9123376623376624 0.018659881255301103 0.024350649350649352
10 0.3897370653095844 0.9025974025974026 0.01441899915182358 0.0275974025974026
10 0.40415606446140795 0.8936688311688312 0.019508057675996608 0.03246753246753247
10 0.45038167938931295 0.9293831168831169 0.02714164546225615 0.022727272727272728
10 0.4732824427480916 0.9159902597402598 0.02544529262086514 0.020292207792207792
10 0.42324003392705684 0.9468344155844156 0.02883799830364716 0.021915584415584416
10 0.1895674300254453 0.8457792207792209 0.027989821882951654 0.025974025974025976
10 0.28032230703986427 0.765422077922078 0.02968617472434266 0.01785714285714286
10 0.15818490245971162 0.7280844155844156 0.027989821882951654 0.024350649350649352
10 0.18744698897370654 0.6838474025974026 0.030534351145038167 0.025162337662337664
14 0.29855810008481765 0.024756493506493508 0.1085665818490246 0.03652597402597403
10 0.1183206106870229 0.1931818181818182 0.027989821882951654 0.024350649350649352
10 0.14885496183206107 0.2159090909090909 0.027989821882951654 0.025974025974025976
10 0.17854113655640372 0.2374188311688312 0.026293469041560644 0.02353896103896104
10 0.20483460559796438 0.2593344155844156 0.026293469041560644 0.025162337662337664
10 0.043256997455470736 0.2755681818181818 0.02544529262086514 0.02353896103896104
10 0.08651399491094147 0.3112824675324676 0.02374893977947413 0.020292207792207792
10 0.10983884648006785 0.33319805194805197 0.02968617472434266 0.025162337662337664
10 0.3155216284987277 0.34740259740259744 0.02544529262086514 0.022727272727272728
10 0.3413910093299406 0.3900162337662338 0.031382527565733676 0.030032467532467536
10 0.08524173027989822 0.601461038961039 0.024597116200169637 0.025974025974025976
10 0.04961832061068702 0.6375811688311689 0.026293469041560644 0.02353896103896104
10 0.10899067005937235 0.6205357142857143 0.027989821882951654 0.02353896103896104
10 0.1361323155216285 0.6420454545454546 0.027989821882951654 0.024350649350649352
10 0.15988125530110261 0.6643668831168832 0.026293469041560644 0.02353896103896104
10 0.4168787107718405 0.8806818181818182 0.021204410517387615 0.0275974025974026
10 0.43808312128922816 0.8668831168831169 0.016115351993214587 0.025974025974025976
10 0.45122985581000846 0.8624188311688312 0.016963528413910092 0.02840909090909091
10 0.9253604749787956 0.8612012987012988 0.02714164546225615 0.025974025974025976
10 0.8736217133163698 0.8177759740259741 0.02714164546225615 0.026785714285714288
10 0.8469041560644613 0.7930194805194806 0.02968617472434266 0.0275974025974026
10 0.8163698049194232 0.7702922077922079 0.02968617472434266 0.0275974025974026
10 0.6946564885496184 0.7102272727272728 0.02374893977947413 0.029220779220779224
10 0.6268023748939779 0.7077922077922079 0.02714164546225615 0.0275974025974026
10 0.6552162849872774 0.5604707792207793 0.021204410517387615 0.03327922077922078
10 0.6437659033078881 0.3798701298701299 0.030534351145038167 0.025974025974025976
10 0.8939779474130619 0.2670454545454546 0.02883799830364716 0.029220779220779224
10 0.8719253604749788 0.2930194805194805 0.02544529262086514 0.0275974025974026
10 0.851145038167939 0.31412337662337664 0.022900763358778626 0.024350649350649352
10 0.8273960983884648 0.3413149350649351 0.026293469041560644 0.025162337662337664
10 0.9156064461407972 0.24310064935064937 0.022900763358778626 0.02353896103896104
10 0.9351145038167938 0.21834415584415587 0.026293469041560644 0.025974025974025976
10 0.955470737913486 0.19642857142857145 0.021204410517387615 0.022727272727272728
10 0.8290924512298558 0.13555194805194806 0.022900763358778626 0.025974025974025976
10 0.897370653095844 0.8376623376623377 0.02714164546225615 0.025974025974025976
10 0.9533502968617472 0.8851461038961039 0.02374893977947413 0.026785714285714288
10 0.46988973706530957 0.8522727272727273 0.011874469889737066 0.025974025974025976
10 0.8977947413061916 0.8892045454545455 0.031382527565733676 0.030032467532467536
10 0.5050890585241731 0.8620129870129871 0.027989821882951654 0.01785714285714286
10 0.4860050890585242 0.8474025974025975 0.011874469889737066 0.024350649350649352
10 0.5 0.8392857142857143 0.01441899915182358 0.022727272727272728
10 0.5195080576759966 0.8327922077922079 0.017811704834605598 0.029220779220779224
10 0.5390161153519932 0.827922077922078 0.01272264631043257 0.024350649350649352
10 0.5576759966072943 0.825487012987013 0.016115351993214587 0.030844155844155847
10 0.5754877014418999 0.8230519480519481 0.016115351993214587 0.029220779220779224
10 0.5916030534351145 0.8193993506493507 0.01102629346904156 0.025162337662337664
10 0.6098388464800678 0.8177759740259741 0.013570822731128074 0.026785714285714288
10 0.503392705682782 0.7228084415584416 0.03816793893129771 0.020292207792207792
10 0.648854961832061 0.9212662337662338 0.010178117048346057 0.016233766233766236
10 0.8290924512298558 0.9354707792207793 0.026293469041560644 0.020292207792207792
10 0.7960135708227312 0.9172077922077922 0.027989821882951654 0.021103896103896104
10 0.7510602205258694 0.8676948051948052 0.022900763358778626 0.014610389610389612
10 0.859626802374894 0.9590097402597403 0.026293469041560644 0.02353896103896104
12 0.5220525869380831 0.5925324675324676 0.4164546225614928 0.40422077922077926
