4 0.9098023064250412 0.6321478382147838 0.03377265238879736 0.062064156206415616
14 0.8562602965403624 0.19002789400278938 0.023887973640856673 0.023012552301255228
14 0.46540362438220756 0.17852161785216178 0.032948929159802305 0.012552301255230125
14 0.23682042833607908 0.400976290097629 0.020593080724876443 0.03347280334728033
14 0.4052718286655684 0.3514644351464435 0.032948929159802305 0.01394700139470014
14 0.45551894563426687 0.353905160390516 0.03953871499176277 0.014644351464435146
14 0.4032125205930807 0.3713389121338912 0.03871499176276771 0.013249651324965132
14 0.23640856672158156 0.45641562064156205 0.019769357495881386 0.03417015341701534
14 0.23311367380560133 0.502092050209205 0.013179571663920923 0.030683403068340307
14 0.39662273476112025 0.5749651324965133 0.03542009884678748 0.01603905160390516
14 0.2273476112026359 0.6492329149232915 0.016474464579901153 0.026499302649930265
14 0.22322899505766064 0.7932357043235704 0.023064250411861616 0.03138075313807531
14 0.4390444810543657 0.7517433751743375 0.03459637561779242 0.016736401673640166
14 0.4954695222405272 0.9504881450488145 0.03706754530477759 0.015341701534170154
14 0.8542009884678748 0.08647140864714087 0.013179571663920923 0.022315202231520222
14 0.8591433278418451 0.03486750348675035 0.026359143327841845 0.016736401673640166
14 0.8043657331136738 0.18828451882845187 0.027182866556836903 0.019525801952580194
4 0.9600494233937397 0.6338912133891214 0.023887973640856673 0.061366806136680614
14 0.8158978583196046 0.21269177126917713 0.025535420098846788 0.015341701534170154
14 0.8488467874794069 0.3263598326359832 0.018945634266886325 0.02510460251046025
14 0.8150741350906096 0.3399581589958159 0.028830313014827018 0.028591352859135284
14 0.7961285008237232 0.3797071129707113 0.028830313014827018 0.014644351464435146
14 0.6305601317957167 0.5550906555090656 0.04036243822075783 0.019525801952580194
14 0.7878912685337727 0.5850767085076708 0.030477759472817133 0.019525801952580194
14 0.8043657331136738 0.651673640167364 0.023887973640856673 0.024407252440725242
14 0.6779242174629324 0.759065550906555 0.04118616144975289 0.01882845188284519
14 0.8018945634266886 0.7395397489539749 0.023887973640856673 0.0299860529986053
14 0.6787479406919276 0.955020920502092 0.02471169686985173 0.017433751743375175
4 0.8583196046128501 0.5376569037656903 0.032948929159802305 0.061366806136680614
4 0.8554365733113674 0.6307531380753137 0.03212520593080725 0.062064156206415616
4 0.9126853377265239 0.5390516039051604 0.036243822075782535 0.06276150627615062
4 0.964168039538715 0.5404463040446303 0.023887973640856673 0.0599721059972106
14 0.24464579901153213 0.20467224546722454 0.016474464579901153 0.03138075313807531
