9 0.8772163120567376 0.8712255772646536 0.009160756501182032 0.00817051509769094
10 0.02526595744680851 0.5079928952042628 0.0014775413711583924 0.0035523978685612786
10 0.01758274231678487 0.514031971580817 0.0014775413711583924 0.002841918294849023
10 0.016400709219858155 0.5136767317939609 0.0014775413711583924 0.002841918294849023
10 0.014923167848699763 0.5131438721136767 0.0014775413711583924 0.0031971580817051507
10 0.01359338061465721 0.5127886323268206 0.001182033096926714 0.0031971580817051507
10 0.031767139479905435 0.5106571936056838 0.0020685579196217494 0.0031971580817051507
10 0.028959810874704492 0.5095914742451154 0.002364066193853428 0.003907637655417406
10 0.026300236406619385 0.5088809946714031 0.0017730496453900709 0.0031971580817051507
10 0.023936170212765957 0.5078152753108348 0.001182033096926714 0.0031971580817051507
10 0.020390070921985814 0.5152753108348135 0.0017730496453900709 0.0031971580817051507
10 0.022310874704491727 0.5076376554174067 0.0014775413711583924 0.002841918294849023
10 0.02098108747044917 0.5072824156305505 0.0017730496453900709 0.0035523978685612786
10 0.01979905437352246 0.5065719360568384 0.0017730496453900709 0.0035523978685612786
10 0.018469267139479904 0.5058614564831261 0.0014775413711583924 0.002841918294849023
10 0.016991725768321513 0.5058614564831261 0.0014775413711583924 0.002841918294849023
10 0.01551418439716312 0.5049733570159858 0.0020685579196217494 0.0031971580817051507
10 0.028516548463356974 0.5056838365896981 0.0014775413711583924 0.0031971580817051507
10 0.0192080378250591 0.5147424511545293 0.0017730496453900709 0.0035523978685612786
10 0.022163120567375887 0.5152753108348135 0.0017730496453900709 0.0031971580817051507
10 0.045065011820330965 0.3486678507992895 0.0014775413711583924 0.0031971580817051507
10 0.02364066193853428 0.5211367673179396 0.0017730496453900709 0.0035523978685612786
10 0.038268321513002364 0.5119005328596803 0.0026595744680851063 0.0014209591474245115
10 0.0391548463356974 0.5099467140319716 0.0026595744680851063 0.0017761989342806393
10 0.0398936170212766 0.5076376554174067 0.002364066193853428 0.0021314387211367673
10 0.01965130023640662 0.5319715808170514 0.0014775413711583924 0.0031971580817051507
10 0.017730496453900707 0.5268206039076376 0.0017730496453900709 0.0035523978685612786
10 0.01359338061465721 0.5259325044404973 0.0017730496453900709 0.0031971580817051507
10 0.026595744680851064 0.5214920071047957 0.0017730496453900709 0.0035523978685612786
10 0.022310874704491727 0.5202486678507993 0.0014775413711583924 0.0031971580817051507
10 0.026004728132387706 0.5170515097690941 0.0017730496453900709 0.0031971580817051507
10 0.020833333333333332 0.5197158081705151 0.0014775413711583924 0.0035523978685612786
10 0.018173758865248225 0.5188277087033748 0.0020685579196217494 0.003907637655417406
10 0.016696217494089834 0.5184724689165187 0.0014775413711583924 0.0031971580817051507
10 0.015366430260047281 0.5181172291296625 0.0017730496453900709 0.0031971580817051507
10 0.014036643026004728 0.5170515097690941 0.0014775413711583924 0.0031971580817051507
10 0.02910756501182033 0.5181172291296625 0.0014775413711583924 0.0031971580817051507
10 0.027334515366430258 0.5172291296625222 0.0014775413711583924 0.002841918294849023
10 0.027482269503546097 0.5046181172291296 0.0017730496453900709 0.0031971580817051507
10 0.026004728132387706 0.5040852575488455 0.0017730496453900709 0.002841918294849023
10 0.024527186761229315 0.5035523978685612 0.0017730496453900709 0.0031971580817051507
10 0.016843971631205674 0.49271758436944935 0.001182033096926714 0.002841918294849023
10 0.026152482269503546 0.4964476021314387 0.0020685579196217494 0.003907637655417406
10 0.02497044917257683 0.4955595026642984 0.0014775413711583924 0.002841918294849023
10 0.02364066193853428 0.49520426287744224 0.0017730496453900709 0.0035523978685612786
10 0.022310874704491727 0.49449378330373 0.0014775413711583924 0.002841918294849023
10 0.020833333333333332 0.4939609236234458 0.0014775413711583924 0.0031971580817051507
10 0.01965130023640662 0.49360568383658965 0.0014775413711583924 0.0031971580817051507
10 0.018173758865248225 0.4928952042628774 0.0014775413711583924 0.0031971580817051507
10 0.015366430260047281 0.4921847246891652 0.0017730496453900709 0.0031971580817051507
10 0.0233451536643026 0.5031971580817052 0.001182033096926714 0.0031971580817051507
10 0.014036643026004728 0.4914742451154529 0.0014775413711583924 0.0031971580817051507
9 0.022163120567375887 0.4053285968028419 0.004137115839243499 0.005683836589698046
9 0.02098108747044917 0.402841918294849 0.004137115839243499 0.005683836589698046
9 0.024379432624113476 0.39360568383658967 0.005023640661938535 0.0063943161634103015
9 0.024083924349881797 0.3893428063943161 0.004432624113475177 0.0063943161634103015
9 0.034722222222222224 0.37850799289520426 0.0062056737588652485 0.0031971580817051507
10 0.038268321513002364 0.36998223801065716 0.0026595744680851063 0.0017761989342806393
10 0.027630023640661937 0.4964476021314387 0.0014775413711583924 0.002486678507992895
10 0.028812056737588652 0.4968028419182948 0.0014775413711583924 0.0031971580817051507
10 0.030289598108747044 0.49715808170515097 0.0014775413711583924 0.0031971580817051507
10 0.031767139479905435 0.49751332149200705 0.0014775413711583924 0.0017761989342806393
10 0.022163120567375887 0.503019538188277 0.0017730496453900709 0.0035523978685612786
10 0.020390070921985814 0.5026642984014209 0.0017730496453900709 0.002841918294849023
10 0.019060283687943262 0.5015985790408526 0.0014775413711583924 0.002841918294849023
10 0.017730496453900707 0.5012433392539964 0.0017730496453900709 0.0035523978685612786
10 0.016400709219858155 0.5008880994671403 0.0014775413711583924 0.002841918294849023
10 0.014775413711583925 0.5003552397868561 0.0017730496453900709 0.002486678507992895
10 0.013888888888888888 0.5 0.001182033096926714 0.002486678507992895
10 0.029994089834515365 0.5058614564831261 0.0014775413711583924 0.0035523978685612786
10 0.031471631205673756 0.5058614564831261 0.0014775413711583924 0.0035523978685612786
10 0.03294917257683215 0.5065719360568384 0.0014775413711583924 0.0035523978685612786
10 0.0398936170212766 0.5010657193605683 0.0017730496453900709 0.0031971580817051507
10 0.0384160756501182 0.5008880994671403 0.0017730496453900709 0.0035523978685612786
10 0.03590425531914893 0.4994671403197158 0.0020685579196217494 0.0035523978685612786
10 0.034574468085106384 0.4987566607460035 0.0017730496453900709 0.002841918294849023
10 0.03294917257683215 0.4984014209591474 0.0014775413711583924 0.002841918294849023
10 0.037825059101654845 0.514209591474245 0.002364066193853428 0.0017761989342806393
10 0.03679078014184397 0.5163410301953818 0.0026595744680851063 0.0017761989342806393
10 0.03605200945626477 0.5184724689165187 0.002364066193853428 0.0017761989342806393
10 0.10992907801418439 0.19769094138543516 0.002364066193853428 0.0031971580817051507
10 0.12987588652482268 0.1955595026642984 0.0020685579196217494 0.0031971580817051507
10 0.15780141843971632 0.21190053285968027 0.0017730496453900709 0.0031971580817051507
10 0.1517434988179669 0.19840142095914742 0.0020685579196217494 0.0031971580817051507
10 0.15070921985815602 0.20248667850799287 0.0017730496453900709 0.0035523978685612786
10 0.13534278959810875 0.1978685612788632 0.002364066193853428 0.0035523978685612786
10 0.1111111111111111 0.1925399644760213 0.002955082742316785 0.002841918294849023
10 0.11007683215130024 0.19449378330373002 0.0026595744680851063 0.002486678507992895
10 0.11184988179669031 0.19857904085257547 0.0020685579196217494 0.0035523978685612786
10 0.12455673758865247 0.20284191829484902 0.0014775413711583924 0.0035523978685612786
10 0.11347517730496454 0.19857904085257547 0.0017730496453900709 0.0035523978685612786
10 0.11495271867612293 0.19911190053285968 0.0017730496453900709 0.003907637655417406
10 0.11628250591016548 0.19999999999999998 0.0014775413711583924 0.0035523978685612786
10 0.11731678486997636 0.19999999999999998 0.0017730496453900709 0.004262877442273535
10 0.11879432624113474 0.20053285968028417 0.0017730496453900709 0.0031971580817051507
10 0.12041962174940898 0.20106571936056838 0.0020685579196217494 0.0035523978685612786
10 0.12189716312056738 0.2014209591474245 0.0020685579196217494 0.004262877442273535
10 0.1283983451536643 0.19538188277087032 0.0014775413711583924 0.0035523978685612786
10 0.12721631205673758 0.19449378330373002 0.0014775413711583924 0.0031971580817051507
10 0.12588652482269502 0.19449378330373002 0.0017730496453900709 0.003907637655417406
10 0.12455673758865247 0.19378330373001776 0.0020685579196217494 0.0031971580817051507
10 0.13342198581560283 0.19271758436944936 0.0014775413711583924 0.0031971580817051507
10 0.1320921985815603 0.1925399644760213 0.0017730496453900709 0.002841918294849023
10 0.13061465721040189 0.19182948490230906 0.0017730496453900709 0.002841918294849023
10 0.12943262411347517 0.1911190053285968 0.0017730496453900709 0.002841918294849023
10 0.1279550827423168 0.19076376554174065 0.0017730496453900709 0.002841918294849023
10 0.12662529550827423 0.19023090586145647 0.0014775413711583924 0.002486678507992895
10 0.1254432624113475 0.1900532859680284 0.0014775413711583924 0.002841918294849023
10 0.12396572104018912 0.18934280639431617 0.0014775413711583924 0.002841918294849023
10 0.12234042553191489 0.1891651865008881 0.0017730496453900709 0.0031971580817051507
10 0.12101063829787234 0.18880994671403195 0.0014775413711583924 0.0031971580817051507
10 0.11953309692671395 0.18898756660746002 0.0014775413711583924 0.0035523978685612786
10 0.11864657210401891 0.19236234458259324 0.0014775413711583924 0.0031971580817051507
10 0.11997635933806146 0.19271758436944936 0.0017730496453900709 0.0031971580817051507
10 0.12145390070921985 0.19325044404973357 0.0017730496453900709 0.0035523978685612786
10 0.12293144208037825 0.1936056838365897 0.0017730496453900709 0.002841918294849023
10 0.12322695035460993 0.20213143872113676 0.0017730496453900709 0.0035523978685612786
10 0.12588652482269502 0.2030195381882771 0.0017730496453900709 0.0031971580817051507
10 0.03531323877068558 0.5200710479573712 0.0026595744680851063 0.0021314387211367673
10 0.09308510638297872 0.9488454706927175 0.002955082742316785 0.0021314387211367673
10 0.12056737588652482 0.9444049733570159 0.002955082742316785 0.0017761989342806393
10 0.13327423167848698 0.938898756660746 0.002955082742316785 0.0021314387211367673
10 0.10032505910165485 0.9600355239786855 0.0026595744680851063 0.0017761989342806393
10 0.11362293144208037 0.9484902309058614 0.0032505910165484633 0.0021314387211367673
9 0.13046690307328604 0.9509769094138543 0.0032505910165484633 0.0021314387211367673
10 0.10135933806146571 0.9488454706927175 0.002364066193853428 0.0021314387211367673
10 0.11849881796690306 0.9563055062166962 0.002955082742316785 0.0021314387211367673
10 0.10268912529550828 0.9577264653641208 0.0026595744680851063 0.0021314387211367673
10 0.12736406619385343 0.20355239786856127 0.0017730496453900709 0.0035523978685612786
9 0.08200354609929078 0.9541740674955594 0.0038416075650118202 0.002841918294849023
9 0.061022458628841605 0.9564831261101243 0.0038416075650118202 0.002486678507992895
10 0.015218676122931441 0.5388987566607459 0.0020685579196217494 0.002841918294849023
10 0.012854609929078014 0.5429840142095914 0.0014775413711583924 0.0031971580817051507
10 0.02511820330969267 0.5358792184724689 0.002364066193853428 0.0017761989342806393
10 0.03102836879432624 0.5269982238010656 0.002955082742316785 0.0017761989342806393
10 0.03324468085106383 0.5234458259325044 0.0026595744680851063 0.0017761989342806393
10 0.13504728132387706 0.9523978685612788 0.002364066193853428 0.0021314387211367673
10 0.13726359338061464 0.9497335701598578 0.0026595744680851063 0.0017761989342806393
10 0.14406028368794327 0.9506216696269981 0.0026595744680851063 0.0021314387211367673
10 0.16282505910165485 0.9362344582593249 0.0035460992907801418 0.002486678507992895
10 0.1288416075650118 0.20355239786856127 0.0017730496453900709 0.0035523978685612786
10 0.13696808510638298 0.20621669626998224 0.0014775413711583924 0.003907637655417406
10 0.13829787234042554 0.20674955595026642 0.0017730496453900709 0.002841918294849023
10 0.15558510638297873 0.21243339253996446 0.0014775413711583924 0.002841918294849023
10 0.15410756501182032 0.21190053285968027 0.0014775413711583924 0.0031971580817051507
10 0.15263002364066194 0.2113676731793961 0.0014775413711583924 0.0035523978685612786
9 0.10653073286052009 0.22717584369449378 0.0038416075650118202 0.0031971580817051507
9 0.10549645390070922 0.23357015985790408 0.004728132387706856 0.0031971580817051507
10 0.1796690307328605 0.9392539964476021 0.002955082742316785 0.0021314387211367673
10 0.1765661938534279 0.9358792184724689 0.0032505910165484633 0.002486678507992895
10 0.17420212765957446 0.9314387211367673 0.0032505910165484633 0.002841918294849023
10 0.15499408983451538 0.9454706927175843 0.0032505910165484633 0.0017761989342806393
10 0.16105200945626477 0.933392539964476 0.002955082742316785 0.002486678507992895
10 0.15425531914893617 0.9346358792184725 0.002955082742316785 0.0021314387211367673
10 0.15469858156028368 0.9374777975133214 0.0032505910165484633 0.0021314387211367673
10 0.044178486997635935 0.3618117229129662 0.0026595744680851063 0.002486678507992895
10 0.03871158392434988 0.35666074600355235 0.002955082742316785 0.002841918294849023
10 0.13622931442080377 0.19342806394316162 0.0017730496453900709 0.0031971580817051507
10 0.0865839243498818 0.14902309058614563 0.002364066193853428 0.0031971580817051507
9 0.04033687943262411 0.19467140319715806 0.004432624113475177 0.004262877442273535
9 0.04033687943262411 0.1975133214920071 0.004432624113475177 0.004262877442273535
10 0.08702718676122931 0.15293072824156304 0.0020685579196217494 0.002486678507992895
10 0.08599290780141844 0.1522202486678508 0.0017730496453900709 0.002486678507992895
10 0.08481087470449172 0.1516873889875666 0.0017730496453900709 0.002841918294849023
10 0.08880023640661938 0.15062166962699822 0.0020685579196217494 0.002841918294849023
10 0.08776595744680851 0.14991119005328596 0.0017730496453900709 0.0035523978685612786
10 0.07594562647754137 0.14742451154529307 0.0017730496453900709 0.0035523978685612786
9 0.043882978723404256 0.1936056838365897 0.0026595744680851063 0.0035523978685612786
10 0.07432033096926714 0.14706927175843693 0.0014775413711583924 0.0035523978685612786
10 0.07313829787234043 0.14653641207815274 0.0008865248226950354 0.0031971580817051507
10 0.07166075650118203 0.14600355239786855 0.0014775413711583924 0.0035523978685612786
10 0.07018321513002364 0.14547069271758437 0.0014775413711583924 0.0031971580817051507
10 0.06870567375886524 0.1452930728241563 0.0014775413711583924 0.002841918294849023
10 0.06959219858156028 0.15328596802841918 0.0026595744680851063 0.0031971580817051507
10 0.06811465721040189 0.15204262877442273 0.0026595744680851063 0.0035523978685612786
9 0.04210992907801418 0.19094138543516873 0.0032505910165484633 0.0031971580817051507
10 0.044473995271867614 0.1900532859680284 0.0026595744680851063 0.002841918294849023
10 0.041518912529550825 0.3447602131438721 0.0020685579196217494 0.0017761989342806393
9 0.06870567375886524 0.17442273534635877 0.005023640661938535 0.0035523978685612786
9 0.060726950354609927 0.18632326820603906 0.004432624113475177 0.0031971580817051507
9 0.04979314420803782 0.18330373001776198 0.005023640661938535 0.009236234458259324
9 0.061317966903073284 0.1841918294849023 0.007387706855791962 0.004618117229129662
9 0.0625 0.1817051509769094 0.007387706855791962 0.004618117229129662
9 0.0639775413711584 0.17992895204262876 0.007387706855791962 0.004618117229129662
9 0.06545508274231679 0.17797513321492006 0.007387706855791962 0.004262877442273535
9 0.06752364066193853 0.17637655417406747 0.007387706855791962 0.004618117229129662
9 0.06973995271867613 0.17229129662522202 0.005319148936170213 0.0035523978685612786
10 0.045065011820330965 0.18827708703374776 0.0026595744680851063 0.002841918294849023
9 0.07239952718676122 0.1689165186500888 0.004728132387706856 0.0031971580817051507
9 0.07284278959810875 0.16660746003552396 0.005023640661938535 0.0035523978685612786
9 0.07461583924349882 0.16465364120781525 0.005023640661938535 0.003907637655417406
9 0.07565011820330969 0.16287744227353462 0.004728132387706856 0.0031971580817051507
9 0.07565011820330969 0.1605683836589698 0.005319148936170213 0.0035523978685612786
9 0.0775709219858156 0.15843694493783303 0.004432624113475177 0.0035523978685612786
10 0.044326241134751775 0.1852575488454707 0.002364066193853428 0.0017761989342806393
10 0.06648936170212766 0.15097690941385433 0.002955082742316785 0.0035523978685612786
10 0.06486406619385343 0.1497335701598579 0.0026595744680851063 0.0031971580817051507
10 0.06338652482269504 0.1486678507992895 0.0026595744680851063 0.0031971580817051507
10 0.07963947990543735 0.130550621669627 0.0026595744680851063 0.0031971580817051507
10 0.08968676122931442 0.14156305506216696 0.0020685579196217494 0.0031971580817051507
10 0.08835697399527187 0.14067495559502663 0.002364066193853428 0.0035523978685612786
10 0.08732269503546099 0.13943161634103018 0.0020685579196217494 0.0031971580817051507
10 0.08348108747044918 0.13587921847246892 0.0026595744680851063 0.003907637655417406
10 0.08244680851063829 0.13463587921847245 0.002364066193853428 0.002841918294849023
10 0.08141252955082742 0.13374777975133215 0.0020685579196217494 0.002486678507992895
10 0.08052600472813239 0.13197158081705151 0.0026595744680851063 0.0031971580817051507
10 0.06914893617021277 0.12841918294849022 0.002364066193853428 0.002486678507992895
10 0.0617612293144208 0.14706927175843693 0.002955082742316785 0.0035523978685612786
10 0.06959219858156028 0.12628774422735345 0.0026595744680851063 0.0031971580817051507
10 0.07062647754137116 0.12468916518650087 0.002364066193853428 0.002841918294849023
10 0.07432033096926714 0.12131438721136767 0.0014775413711583924 0.0031971580817051507
10 0.0726950354609929 0.12202486678507993 0.0017730496453900709 0.0031971580817051507
12 0.15647163120567376 0.14493783303730018 0.01743498817966903 0.01989342806394316
2 0.15455082742316784 0.023268206039076374 0.01359338061465721 0.01669626998223801
2 0.1434692671394799 0.04156305506216696 0.013297872340425532 0.01705150976909414
10 0.09101654846335697 0.14262877442273533 0.0017730496453900709 0.0031971580817051507
10 0.09264184397163121 0.1447602131438721 0.0020685579196217494 0.0031971580817051507
10 0.09397163120567376 0.14600355239786855 0.0017730496453900709 0.002841918294849023
10 0.06841016548463356 0.130550621669627 0.0026595744680851063 0.0017761989342806393
10 0.0617612293144208 0.1428063943161634 0.002364066193853428 0.0014209591474245115
10 0.06190898345153664 0.1408525754884547 0.0026595744680851063 0.0017761989342806393
10 0.06279550827423168 0.13872113676731793 0.0020685579196217494 0.0017761989342806393
10 0.06944444444444445 0.13783303730017762 0.0017730496453900709 0.002841918294849023
10 0.06826241134751773 0.1369449378330373 0.0017730496453900709 0.0031971580817051507
10 0.06663711583924349 0.13587921847246892 0.0020685579196217494 0.003907637655417406
10 0.08082151300236406 0.1433392539964476 0.0020685579196217494 0.0031971580817051507
10 0.0797872340425532 0.14209591474245115 0.002364066193853428 0.0035523978685612786
10 0.08540189125295508 0.1447602131438721 0.002955082742316785 0.0031971580817051507
10 0.0768321513002364 0.14031971580817051 0.002364066193853428 0.002841918294849023
10 0.07565011820330969 0.138898756660746 0.002364066193853428 0.0035523978685612786
10 0.07432033096926714 0.13783303730017762 0.0020685579196217494 0.0035523978685612786
10 0.07195626477541371 0.1353463587921847 0.0020685579196217494 0.002841918294849023
10 0.07062647754137116 0.13428063943161633 0.002364066193853428 0.0035523978685612786
10 0.06914893617021277 0.13357015985790407 0.002364066193853428 0.0035523978685612786
9 0.05984042553191489 0.1880994671403197 0.005023640661938535 0.003907637655417406
9 0.05851063829787234 0.18969804618117228 0.005319148936170213 0.004262877442273535
9 0.05703309692671395 0.19165186500888098 0.005319148936170213 0.0031971580817051507
9 0.04196217494089834 0.2730017761989343 0.005319148936170213 0.00817051509769094
10 0.02112884160756501 0.2998223801065719 0.0014775413711583924 0.002841918294849023
10 0.022606382978723402 0.30017761989342806 0.0014775413711583924 0.0035523978685612786
9 0.024379432624113476 0.30124333925399643 0.0014775413711583924 0.002841918294849023
10 0.025856973995271867 0.30266429840142095 0.0020685579196217494 0.0035523978685612786
9 0.041223404255319146 0.3131438721136767 0.0032505910165484633 0.0031971580817051507
9 0.048020094562647754 0.30817051509769094 0.0062056737588652485 0.005328596802841918
9 0.04964539007092199 0.30035523978685613 0.008865248226950354 0.00817051509769094
9 0.08392434988179669 0.2642984014209591 0.005319148936170213 0.0035523978685612786
9 0.07313829787234043 0.20674955595026642 0.0062056737588652485 0.0063943161634103015
9 0.08628841607565012 0.24689165186500886 0.008274231678486997 0.004262877442273535
9 0.047576832151300236 0.2635879218472469 0.005319148936170213 0.007815275310834813
9 0.06501182033096926 0.2200710479573712 0.0070921985815602835 0.00674955595026643
9 0.06767139479905437 0.21651865008880994 0.0065011820330969266 0.00674955595026643
9 0.06796690307328605 0.21385435168738898 0.0070921985815602835 0.007104795737122557
9 0.06944444444444445 0.2122557726465364 0.0065011820330969266 0.00674955595026643
9 0.07106973995271867 0.21065719360568383 0.005614657210401891 0.005683836589698046
10 0.01950354609929078 0.2989342806394316 0.001182033096926714 0.002486678507992895
9 0.020685579196217493 0.3204262877442273 0.002955082742316785 0.00497335701598579
10 0.02290189125295508 0.30905861456483125 0.0020685579196217494 0.002841918294849023
10 0.02142434988179669 0.30852575488454703 0.0020685579196217494 0.0031971580817051507
10 0.041814420803782504 0.34298401420959146 0.0026595744680851063 0.002486678507992895
10 0.03309692671394799 0.35435168738898754 0.002364066193853428 0.002486678507992895
10 0.034131205673758866 0.3511545293072824 0.0026595744680851063 0.002486678507992895
10 0.034722222222222224 0.34795737122557724 0.0032505910165484633 0.002486678507992895
10 0.03516548463356974 0.34600355239786856 0.002955082742316785 0.0021314387211367673
10 0.03619976359338061 0.34049733570159857 0.0032505910165484633 0.002486678507992895
9 0.03294917257683215 0.34049733570159857 0.0026595744680851063 0.004618117229129662
10 0.047576832151300236 0.33658969804618116 0.0017730496453900709 0.0031971580817051507
10 0.044917257683215125 0.3358792184724689 0.0017730496453900709 0.0031971580817051507
10 0.04343971631205674 0.3349911190053286 0.0017730496453900709 0.0035523978685612786
10 0.04196217494089834 0.3348134991119005 0.0017730496453900709 0.003907637655417406
9 0.051270685579196215 0.3332149200710479 0.0038416075650118202 0.002841918294849023
9 0.045065011820330965 0.3314387211367673 0.004432624113475177 0.0021314387211367673
9 0.020537825059101653 0.33357015985790406 0.0038416075650118202 0.00994671403197158
10 0.02009456264775414 0.30746003552397866 0.002364066193853428 0.0031971580817051507
9 0.05614657210401891 0.21065719360568383 0.004728132387706856 0.00852575488454707
9 0.06057919621749409 0.20035523978685613 0.00591016548463357 0.00852575488454707
9 0.05599881796690307 0.19378330373001776 0.004432624113475177 0.003907637655417406
9 0.10520094562647754 0.15595026642984014 0.0065011820330969266 0.007104795737122557
9 0.09471040189125295 0.1728241563055062 0.006796690307328605 0.00674955595026643
9 0.09604018912529551 0.17104795737122558 0.0065011820330969266 0.00674955595026643
9 0.0967789598108747 0.1689165186500888 0.005614657210401891 0.00674955595026643
9 0.09810874704491726 0.16731793960923622 0.0065011820330969266 0.0063943161634103015
9 0.09914302600472813 0.16554174067495558 0.006796690307328605 0.0063943161634103015
9 0.100177304964539 0.1634103019538188 0.0065011820330969266 0.007104795737122557
9 0.10328014184397163 0.15719360568383658 0.005023640661938535 0.005328596802841918
9 0.09441489361702128 0.16198934280639432 0.005614657210401891 0.007815275310834813
9 0.07432033096926714 0.20515097690941383 0.005023640661938535 0.005328596802841918
9 0.09264184397163121 0.16092362344582592 0.005614657210401891 0.007815275310834813
9 0.09943853427895981 0.15452930728241562 0.0062056737588652485 0.00852575488454707
9 0.09781323877068558 0.1531083481349911 0.00591016548463357 0.007815275310834813
9 0.09456264775413711 0.15008880994671403 0.00591016548463357 0.007460035523978685
9 0.05260047281323877 0.19999999999999998 0.00591016548463357 0.004262877442273535
9 0.05333924349881797 0.19769094138543516 0.005023640661938535 0.003907637655417406
9 0.054669030732860516 0.1955595026642984 0.005319148936170213 0.003907637655417406
9 0.09441489361702128 0.17548845470692717 0.0038416075650118202 0.004262877442273535
9 0.09308510638297872 0.17744227353463587 0.004137115839243499 0.004618117229129662
9 0.08673167848699763 0.17655417406749555 0.005023640661938535 0.007815275310834813
9 0.09145981087470449 0.1788632326820604 0.005023640661938535 0.005328596802841918
9 0.07550236406619386 0.20319715808170513 0.0062056737588652485 0.0063943161634103015
9 0.07136524822695035 0.19928952042628773 0.005023640661938535 0.007815275310834813
9 0.0768321513002364 0.20159857904085257 0.0065011820330969266 0.00674955595026643
9 0.0768321513002364 0.19857904085257547 0.004728132387706856 0.00497335701598579
9 0.07890070921985816 0.19769094138543516 0.0065011820330969266 0.00674955595026643
9 0.08023049645390071 0.19573712255772646 0.006796690307328605 0.007104795737122557
9 0.08126477541371158 0.19431616341030195 0.00591016548463357 0.0063943161634103015
9 0.08259456264775414 0.19236234458259324 0.006796690307328605 0.00674955595026643
9 0.07816193853427895 0.18774422735346358 0.005023640661938535 0.007460035523978685
9 0.08377659574468085 0.1905861456483126 0.006796690307328605 0.00674955595026643
9 0.08466312056737589 0.18827708703374776 0.005614657210401891 0.005683836589698046
9 0.08584515366430259 0.186145648312611 0.006796690307328605 0.007104795737122557
9 0.08717494089834515 0.1841918294849023 0.0065011820330969266 0.00674955595026643
9 0.08894799054373523 0.1831261101243339 0.004728132387706856 0.005328596802841918
9 0.09027777777777778 0.18099467140319714 0.005023640661938535 0.005328596802841918
10 0.13504728132387706 0.1930728241563055 0.0017730496453900709 0.0031971580817051507
10 0.13918439716312056 0.19431616341030195 0.0017730496453900709 0.0035523978685612786
9 0.9250886524822695 0.8127886323268205 0.007387706855791962 0.00852575488454707
9 0.5333924349881797 0.9429840142095914 0.004137115839243499 0.0017761989342806393
10 0.5528959810874704 0.9396092362344582 0.002955082742316785 0.0021314387211367673
10 0.5595449172576832 0.9378330373001775 0.0026595744680851063 0.0021314387211367673
10 0.5765366430260047 0.9410301953818827 0.002955082742316785 0.0021314387211367673
10 0.5626477541371159 0.9399644760213144 0.002955082742316785 0.0021314387211367673
9 0.5692966903073285 0.9456483126110123 0.0038416075650118202 0.0021314387211367673
10 0.5558510638297872 0.9477797513321492 0.002955082742316785 0.0021314387211367673
9 0.5551122931442081 0.9444049733570159 0.0038416075650118202 0.0017761989342806393
9 0.5261524822695035 0.9355239786856128 0.0032505910165484633 0.0017761989342806393
10 0.49763593380614657 0.9429840142095914 0.002364066193853428 0.0017761989342806393
9 0.5155141843971631 0.9428063943161633 0.0032505910165484633 0.0021314387211367673
10 0.49719267139479906 0.927708703374778 0.0026595744680851063 0.0017761989342806393
10 0.5078309692671394 0.9275310834813498 0.0026595744680851063 0.0021314387211367673
10 0.5119680851063829 0.9202486678507993 0.0026595744680851063 0.0017761989342806393
10 0.5038416075650118 0.922380106571936 0.002955082742316785 0.0017761989342806393
10 0.49763593380614657 0.9209591474245115 0.002955082742316785 0.0017761989342806393
10 0.48832742316784866 0.9211367673179396 0.0026595744680851063 0.0021314387211367673
10 0.5789007092198581 0.938898756660746 0.002955082742316785 0.0021314387211367673
10 0.505466903073286 0.9600355239786855 0.0014775413711583924 0.0031971580817051507
10 0.36406619385342787 0.9037300177619892 0.0035460992907801418 0.0021314387211367673
9 0.5336879432624113 0.9740674955595026 0.002955082742316785 0.0014209591474245115
10 0.5224586288416075 0.9614564831261101 0.001182033096926714 0.0031971580817051507
10 0.5209810874704491 0.961101243339254 0.001182033096926714 0.002486678507992895
9 0.5189125295508275 0.961101243339254 0.0017730496453900709 0.003907637655417406
9 0.5168439716312057 0.9605683836589698 0.0017730496453900709 0.004262877442273535
10 0.5149231678486997 0.9607460035523978 0.0008865248226950354 0.0031971580817051507
10 0.5135933806146572 0.9603907637655417 0.001182033096926714 0.0031971580817051507
10 0.5119680851063829 0.9600355239786855 0.0014775413711583924 0.003907637655417406
9 0.5319148936170213 0.969626998223801 0.002955082742316785 0.0017761989342806393
10 0.5072399527186761 0.9600355239786855 0.0014775413711583924 0.002486678507992895
9 0.5332446808510638 0.972291296625222 0.0032505910165484633 0.0014209591474245115
10 0.5301418439716312 0.9678507992895203 0.002955082742316785 0.0017761989342806393
10 0.5322104018912529 0.9660746003552397 0.002364066193853428 0.0017761989342806393
10 0.526595744680851 0.963943161634103 0.002364066193853428 0.0017761989342806393
10 0.519355791962175 0.9642984014209591 0.0032505910165484633 0.0017761989342806393
10 0.5103427895981087 0.9603907637655417 0.001182033096926714 0.0031971580817051507
10 0.5087174940898345 0.9600355239786855 0.0008865248226950354 0.0031971580817051507
10 0.4790189125295508 0.9238010657193605 0.002364066193853428 0.0017761989342806393
10 0.5783096926713948 0.9071047957371225 0.002955082742316785 0.002486678507992895
10 0.5456560283687943 0.9154529307282415 0.0026595744680851063 0.0021314387211367673
10 0.4318853427895981 0.9374777975133214 0.0032505910165484633 0.0014209591474245115
0 0.37677304964539005 0.592007104795737 0.03368794326241135 0.038721136767317935
9 0.34914302600472813 0.8076376554174067 0.004432624113475177 0.0031971580817051507
9 0.3534278959810875 0.8314387211367673 0.004728132387706856 0.002486678507992895
9 0.3525413711583924 0.8282415630550621 0.005319148936170213 0.002486678507992895
9 0.35076832151300236 0.8186500888099467 0.004728132387706856 0.002486678507992895
9 0.3486997635933806 0.8108348134991119 0.008274231678486997 0.004618117229129662
9 0.34101654846335694 0.8165186500888099 0.0065011820330969266 0.008880994671403197
10 0.4151891252955083 0.9348134991119005 0.002955082742316785 0.0017761989342806393
9 0.5602836879432624 0.9115452930728241 0.004137115839243499 0.0035523978685612786
9 0.41430260047281325 0.9007104795737122 0.0035460992907801418 0.002486678507992895
9 0.4227245862884161 0.9360568383658969 0.004432624113475177 0.0021314387211367673
10 0.3968676122931442 0.9184724689165186 0.002364066193853428 0.0017761989342806393
9 0.40543735224586286 0.9298401420959147 0.0035460992907801418 0.0017761989342806393
10 0.3885933806146572 0.9316163410301953 0.002955082742316785 0.0017761989342806393
10 0.37736406619385343 0.9319715808170514 0.002955082742316785 0.0017761989342806393
10 0.36362293144208035 0.9316163410301953 0.0032505910165484633 0.002486678507992895
0 0.36923758865248224 0.5561278863232682 0.03221040189125295 0.038721136767317935
0 0.3531323877068558 0.5145648312611012 0.03368794326241135 0.04156305506216696
0 0.4326241134751773 0.30905861456483125 0.044917257683215125 0.057548845470692715
0 0.466903073286052 0.5678507992895204 0.0425531914893617 0.05293072824156305
10 0.5548167848699763 0.8623445825932504 0.0008865248226950354 0.002486678507992895
9 0.5397458628841607 0.8646536412078152 0.0032505910165484633 0.0021314387211367673
9 0.538563829787234 0.8550621669626998 0.0038416075650118202 0.0021314387211367673
9 0.5375295508274232 0.8525754884547069 0.004137115839243499 0.0021314387211367673
9 0.483451536643026 0.8479573712255772 0.008274231678486997 0.0035523978685612786
10 0.4658687943262411 0.9678507992895203 0.0014775413711583924 0.0031971580817051507
10 0.463209219858156 0.9678507992895203 0.0014775413711583924 0.0031971580817051507
10 0.4593676122931442 0.9666074600355239 0.0014775413711583924 0.0035523978685612786
10 0.46941489361702127 0.9316163410301953 0.0020685579196217494 0.0017761989342806393
10 0.4570035460992908 0.9312611012433392 0.0038416075650118202 0.0017761989342806393
10 0.4852245862884161 0.9332149200710479 0.0035460992907801418 0.0021314387211367673
10 0.43971631205673756 0.8934280639431615 0.002955082742316785 0.0021314387211367673
10 0.43469267139479906 0.8934280639431615 0.002955082742316785 0.0014209591474245115
9 0.47414302600472813 0.9262877442273534 0.0038416075650118202 0.0017761989342806393
9 0.466903073286052 0.9339253996447602 0.005319148936170213 0.0021314387211367673
10 0.5236406619385343 0.9614564831261101 0.000591016548463357 0.0031971580817051507
10 0.5246749408983451 0.9614564831261101 0.0008865248226950354 0.0031971580817051507
10 0.5260047281323877 0.961101243339254 0.001182033096926714 0.0031971580817051507
0 0.7901891252955082 0.42380106571936055 0.024822695035460994 0.02841918294849023
9 0.8034869976359338 0.8415630550621669 0.0076832151300236405 0.0063943161634103015
9 0.7830969267139479 0.8477797513321491 0.0070921985815602835 0.0031971580817051507
10 0.8018617021276595 0.6410301953818828 0.0020685579196217494 0.003907637655417406
9 0.799645390070922 0.5717584369449378 0.002955082742316785 0.005328596802841918
9 0.7893026004728132 0.536412078152753 0.004728132387706856 0.00852575488454707
10 0.7916666666666666 0.5719360568383659 0.0017730496453900709 0.0035523978685612786
0 0.7987588652482269 0.4589698046181172 0.018912529550827423 0.02699822380106572
0 0.7829491725768322 0.3895204262877442 0.03102836879432624 0.028774422735346358
10 0.6632683215130023 0.8323268206039076 0.0020685579196217494 0.0035523978685612786
9 0.7557624113475178 0.3259325044404973 0.0020685579196217494 0.006039076376554174
0 0.7733451536643026 0.3181172291296625 0.026595744680851064 0.027353463587921845
0 0.7647754137115839 0.07619893428063942 0.03664302600472813 0.05293072824156305
10 0.75 0.8710479573712255 0.002364066193853428 0.002841918294849023
10 0.7384751773049645 0.8936056838365897 0.001182033096926714 0.0031971580817051507
10 0.7615248226950354 0.9591474245115452 0.0035460992907801418 0.0021314387211367673
10 0.754580378250591 0.9589698046181172 0.0032505910165484633 0.002486678507992895
10 0.7776300236406619 0.9603907637655417 0.0026595744680851063 0.002486678507992895
10 0.8086583924349882 0.9873889875666074 0.0020685579196217494 0.0031971580817051507
10 0.8064420803782506 0.9912966252220248 0.002364066193853428 0.0031971580817051507
9 0.8031914893617021 0.9898756660746003 0.004137115839243499 0.006039076376554174
9 0.9336583924349882 0.8143872113676731 0.0062056737588652485 0.00817051509769094
2 0.8984929078014184 0.5593250444049733 0.010342789598108746 0.012433392539964476
0 0.6248522458628841 0.7708703374777974 0.020390070921985814 0.02202486678507993
0 0.6353427895981087 0.8253996447602131 0.024231678486997636 0.025222024866785077
0 0.48212174940898345 0.2984014209591474 0.054669030732860516 0.06678507992895204
0 0.4589243498817967 0.5067495559502664 0.04196217494089834 0.0522202486678508
0 0.4657210401891253 0.7488454706927176 0.027777777777777776 0.03197158081705151
9 0.8201832151300236 0.8019538188277087 0.006796690307328605 0.00674955595026643
9 0.8260933806146572 0.7909413854351687 0.007387706855791962 0.00674955595026643
9 0.8274231678486997 0.7841918294849023 0.0070921985815602835 0.00674955595026643
9 0.8286052009456265 0.775133214920071 0.0076832151300236405 0.007104795737122557
0 0.8294917257683215 0.6909413854351687 0.016548463356973995 0.01989342806394316
0 0.8023049645390071 0.4955595026642984 0.02304964539007092 0.02984014209591474
10 0.7788120567375887 0.9674955595026642 0.0020685579196217494 0.0010657193605683837
10 0.8110224586288416 0.9522202486678507 0.0032505910165484633 0.0031971580817051507
10 0.7483747044917257 0.9538188277087033 0.0032505910165484633 0.0035523978685612786
10 0.7025709219858156 0.8733570159857904 0.0032505910165484633 0.002486678507992895
9 0.5285165484633569 0.9616341030195381 0.0008865248226950354 0.0035523978685612786
10 0.6044621749408984 0.9408525754884547 0.0032505910165484633 0.0017761989342806393
10 0.6375591016548463 0.9367673179396092 0.0032505910165484633 0.0021314387211367673
10 0.6235224586288416 0.9422735346358792 0.002955082742316785 0.0017761989342806393
10 0.6136229314420804 0.9330373001776199 0.0026595744680851063 0.0017761989342806393
10 0.5895390070921985 0.9468916518650088 0.002955082742316785 0.0017761989342806393
10 0.5917553191489362 0.9420959147424511 0.0032505910165484633 0.0021314387211367673
10 0.5843676122931442 0.9440497335701598 0.0032505910165484633 0.0017761989342806393
10 0.5774231678486997 0.9328596802841918 0.002955082742316785 0.0021314387211367673
10 0.5982565011820331 0.944760213143872 0.0032505910165484633 0.0017761989342806393
10 0.7167553191489362 0.9426287744227353 0.0020685579196217494 0.002486678507992895
9 0.6464243498817966 0.9396092362344582 0.004432624113475177 0.0021314387211367673
9 0.6416962174940898 0.9454706927175843 0.0038416075650118202 0.0017761989342806393
9 0.6380023640661938 0.9477797513321492 0.0035460992907801418 0.0021314387211367673
10 0.5883569739952719 0.9314387211367673 0.002955082742316785 0.0021314387211367673
10 0.5180260047281324 0.9699822380106572 0.002955082742316785 0.0031971580817051507
9 0.5311761229314421 0.9630550621669627 0.0014775413711583924 0.0035523978685612786
9 0.5299940898345153 0.9621669626998224 0.0020685579196217494 0.0031971580817051507
10 0.6374113475177304 0.9532859680284191 0.002955082742316785 0.0017761989342806393
10 0.6447990543735225 0.9431616341030195 0.0035460992907801418 0.0021314387211367673
10 0.6026891252955082 0.9010657193605683 0.0032505910165484633 0.002486678507992895
10 0.6300236406619385 0.8969804618117229 0.002955082742316785 0.0021314387211367673
10 0.7018321513002364 0.9477797513321492 0.002364066193853428 0.0021314387211367673
10 0.7127659574468085 0.9708703374777975 0.002955082742316785 0.0021314387211367673
10 0.6827718676122931 0.9651865008880994 0.0038416075650118202 0.002841918294849023
10 0.6908983451536643 0.9625222024866784 0.002364066193853428 0.0017761989342806393
10 0.6715425531914894 0.9488454706927175 0.0032505910165484633 0.002841918294849023
10 0.6579491725768322 0.955772646536412 0.0026595744680851063 0.002486678507992895
10 0.6492316784869976 0.9376554174067495 0.002955082742316785 0.002486678507992895
9 0.6450945626477541 0.9344582593250443 0.01004728132387707 0.002486678507992895
0 0.5333924349881797 0.2857904085257549 0.0384160756501182 0.05364120781527531
0 0.512854609929078 0.3456483126110124 0.026300236406619385 0.02984014209591474
0 0.5199468085106382 0.38880994671403196 0.044030732860520096 0.047246891651865006
0 0.5338356973995272 0.48863232682060387 0.0398936170212766 0.05150976909413854
0 0.5407801418439716 0.5314387211367673 0.03900709219858156 0.04262877442273534
10 0.5982565011820331 0.8765541740674955 0.0026595744680851063 0.002486678507992895
10 0.6343085106382979 0.8996447602131438 0.0032505910165484633 0.002486678507992895
10 0.38563829787234044 0.9268206039076377 0.0035460992907801418 0.0021314387211367673
10 0.3544621749408983 0.9266429840142095 0.0032505910165484633 0.002486678507992895
10 0.14036643026004728 0.1950266429840142 0.0017730496453900709 0.0035523978685612786
10 0.11510047281323876 0.12735346358792185 0.0026595744680851063 0.0031971580817051507
10 0.12721631205673758 0.13410301953818826 0.0020685579196217494 0.0031971580817051507
10 0.12869385342789597 0.1349911190053286 0.0020685579196217494 0.0035523978685612786
10 0.13002364066193853 0.13605683836589696 0.002364066193853428 0.0035523978685612786
10 0.10904255319148935 0.12202486678507993 0.002364066193853428 0.003907637655417406
10 0.11155437352245863 0.12397868561278863 0.0026595744680851063 0.0035523978685612786
10 0.1125886524822695 0.12539964476021315 0.002364066193853428 0.0035523978685612786
10 0.11391843971631205 0.12628774422735345 0.0026595744680851063 0.0031971580817051507
10 0.11731678486997636 0.1294849023090586 0.002955082742316785 0.003907637655417406
10 0.12485224586288415 0.13161634103019537 0.0020685579196217494 0.0031971580817051507
10 0.11953309692671395 0.1314387211367673 0.0020685579196217494 0.0035523978685612786
10 0.1208628841607565 0.1325044404973357 0.002364066193853428 0.0035523978685612786
10 0.12440898345153664 0.13552397868561278 0.002364066193853428 0.0031971580817051507
10 0.12677304964539007 0.13783303730017762 0.002955082742316785 0.0035523978685612786
10 0.1279550827423168 0.13907637655417407 0.002364066193853428 0.002486678507992895
10 0.10741725768321513 0.12984014209591474 0.0026595744680851063 0.0031971580817051507
10 0.10889479905437352 0.1309058614564831 0.0026595744680851063 0.0031971580817051507
10 0.12618203309692672 0.13268206039076375 0.002364066193853428 0.0031971580817051507
10 0.12381796690307328 0.13019538188277086 0.0017730496453900709 0.002486678507992895
9 0.36997635933806144 0.9200710479573712 0.008274231678486997 0.002841918294849023
10 0.1235224586288416 0.12007104795737122 0.002364066193853428 0.002841918294849023
10 0.11524822695035461 0.11261101243339254 0.002364066193853428 0.0035523978685612786
10 0.11628250591016548 0.11385435168738899 0.0020685579196217494 0.002486678507992895
10 0.1174645390070922 0.11492007104795736 0.0020685579196217494 0.0031971580817051507
10 0.11849881796690306 0.11563055062166962 0.0017730496453900709 0.002486678507992895
10 0.11953309692671395 0.11651865008880995 0.0020685579196217494 0.002841918294849023
10 0.12071513002364066 0.11793960923623445 0.0020685579196217494 0.002841918294849023
10 0.12219267139479906 0.11900532859680284 0.0026595744680851063 0.0035523978685612786
10 0.1257387706855792 0.12255772646536411 0.0026595744680851063 0.0035523978685612786
10 0.12234042553191489 0.12984014209591474 0.0017730496453900709 0.0031971580817051507
10 0.13031914893617022 0.12646536412078152 0.002364066193853428 0.0035523978685612786
10 0.1317966903073286 0.12788632326820604 0.002364066193853428 0.0035523978685612786
10 0.11554373522458629 0.12326820603907637 0.002364066193853428 0.002841918294849023
10 0.11687352245862884 0.12433392539964476 0.0020685579196217494 0.0035523978685612786
10 0.11790780141843972 0.12539964476021315 0.0017730496453900709 0.002841918294849023
10 0.11923758865248227 0.12628774422735345 0.0020685579196217494 0.0031971580817051507
10 0.12115839243498817 0.1285968028419183 0.0017730496453900709 0.002841918294849023
10 0.11022458628841607 0.13214920071047956 0.002364066193853428 0.002841918294849023
10 0.10963356973995271 0.13587921847246892 0.002364066193853428 0.0031971580817051507
10 0.11229314420803782 0.1344582593250444 0.002364066193853428 0.0031971580817051507
10 0.11982860520094563 0.17761989342806395 0.0026595744680851063 0.002841918294849023
10 0.12898936170212766 0.1847246891651865 0.0026595744680851063 0.0021314387211367673
10 0.12632978723404256 0.18401420959147424 0.0020685579196217494 0.0014209591474245115
10 0.12411347517730496 0.18330373001776198 0.002364066193853428 0.0021314387211367673
10 0.12307919621749408 0.17175843694493784 0.0020685579196217494 0.002486678507992895
10 0.12234042553191489 0.1733570159857904 0.002364066193853428 0.002841918294849023
10 0.12145390070921985 0.1747779751332149 0.002364066193853428 0.002841918294849023
10 0.12056737588652482 0.17619893428063943 0.002364066193853428 0.002841918294849023
10 0.11835106382978723 0.17868561278863232 0.0020685579196217494 0.0021314387211367673
10 0.11391843971631205 0.13552397868561278 0.0026595744680851063 0.0031971580817051507
10 0.11776004728132387 0.18063943161634102 0.0026595744680851063 0.002486678507992895
10 0.11687352245862884 0.1817051509769094 0.0026595744680851063 0.0031971580817051507
10 0.11583924349881797 0.18294849023090584 0.002364066193853428 0.002841918294849023
10 0.11524822695035461 0.18454706927175843 0.002364066193853428 0.0031971580817051507
10 0.11436170212765957 0.18596802841918295 0.002364066193853428 0.002486678507992895
10 0.11347517730496454 0.18774422735346358 0.002955082742316785 0.0031971580817051507
10 0.1125886524822695 0.18898756660746002 0.002955082742316785 0.002841918294849023
10 0.13194444444444445 0.18579040852575487 0.0026595744680851063 0.0021314387211367673
10 0.1347517730496454 0.18685612788632325 0.002364066193853428 0.0021314387211367673
10 0.13755910165484633 0.1875666074600355 0.0026595744680851063 0.0021314387211367673
10 0.14036643026004728 0.18845470692717584 0.002364066193853428 0.0017761989342806393
10 0.11554373522458629 0.13712255772646537 0.002364066193853428 0.0035523978685612786
10 0.11716903073286052 0.1383658969804618 0.0026595744680851063 0.0031971580817051507
10 0.12204491725768321 0.1428063943161634 0.002364066193853428 0.002841918294849023
10 0.12071513002364066 0.1413854351687389 0.0026595744680851063 0.002841918294849023
10 0.11879432624113474 0.14440497335701596 0.002364066193853428 0.0031971580817051507
10 0.12027186761229314 0.14564831261101244 0.002364066193853428 0.002841918294849023
10 0.16873522458628842 0.18330373001776198 0.002955082742316785 0.0021314387211367673
10 0.137854609929078 0.1689165186500888 0.0020685579196217494 0.003907637655417406
10 0.13076241134751773 0.16642984014209591 0.0020685579196217494 0.0031971580817051507
10 0.13076241134751773 0.1747779751332149 0.0020685579196217494 0.004262877442273535
10 0.1381501182033097 0.18152753108348135 0.0020685579196217494 0.0035523978685612786
10 0.13268321513002362 0.17992895204262876 0.0017730496453900709 0.0031971580817051507
10 0.1283983451536643 0.17797513321492006 0.0020685579196217494 0.0035523978685612786
10 0.13017139479905437 0.1792184724689165 0.0020685579196217494 0.003907637655417406
10 0.14923167848699764 0.1856127886323268 0.001182033096926714 0.0031971580817051507
10 0.11377068557919622 0.11172291296625221 0.002364066193853428 0.0031971580817051507
10 0.1125886524822695 0.11047957371225577 0.002364066193853428 0.002841918294849023
10 0.12780732860520094 0.09609236234458259 0.0026595744680851063 0.0031971580817051507
10 0.32668439716312053 0.9218472468916518 0.0026595744680851063 0.0021314387211367673
10 0.28560874704491723 0.9573712255772646 0.0026595744680851063 0.002841918294849023
10 0.2853132387706856 0.9539964476021314 0.0026595744680851063 0.002486678507992895
10 0.3475177304964539 0.9163410301953818 0.002955082742316785 0.0017761989342806393
10 0.3407210401891253 0.9255772646536412 0.002955082742316785 0.0017761989342806393
10 0.34101654846335694 0.9198934280639431 0.002955082742316785 0.0017761989342806393
9 0.338209219858156 0.9301953818827708 0.004432624113475177 0.002486678507992895
10 0.32328605200945626 0.9175843694493783 0.002364066193853428 0.0021314387211367673
9 0.3234338061465721 0.930728241563055 0.0038416075650118202 0.0021314387211367673
10 0.2763002364066194 0.9214920071047957 0.002955082742316785 0.0021314387211367673
10 0.29728132387706857 0.930728241563055 0.002955082742316785 0.0021314387211367673
10 0.3113179669030733 0.9280639431616341 0.0026595744680851063 0.0017761989342806393
10 0.30865839243498816 0.9259325044404972 0.0026595744680851063 0.0017761989342806393
10 0.30215721040189125 0.9287744227353463 0.0020685579196217494 0.0017761989342806393
10 0.3127955082742317 0.9175843694493783 0.0026595744680851063 0.0021314387211367673
10 0.2916666666666667 0.9229129662522202 0.002955082742316785 0.0021314387211367673
10 0.2927009456264775 0.9062166962699821 0.0032505910165484633 0.0021314387211367673
10 0.28605200945626474 0.9596802841918294 0.002955082742316785 0.0031971580817051507
10 0.28856382978723405 0.9591474245115452 0.0014775413711583924 0.002841918294849023
10 0.2833924349881797 0.9506216696269981 0.001182033096926714 0.002841918294849023
10 0.2832446808510638 0.9538188277087033 0.0014775413711583924 0.0035523978685612786
10 0.3995271867612293 0.961278863232682 0.0017730496453900709 0.0035523978685612786
10 0.30629432624113473 0.9705150976909414 0.0026595744680851063 0.0021314387211367673
10 0.3059988179669031 0.9685612788632326 0.0032505910165484633 0.0017761989342806393
10 0.30629432624113473 0.966785079928952 0.0026595744680851063 0.0017761989342806393
10 0.3064420803782506 0.9650088809946713 0.002364066193853428 0.0010657193605683837
10 0.30629432624113473 0.9634103019538188 0.0026595744680851063 0.0021314387211367673
10 0.3064420803782506 0.9618117229129662 0.002364066193853428 0.0010657193605683837
10 0.3065898345153664 0.9600355239786855 0.0026595744680851063 0.0017761989342806393
10 0.3065898345153664 0.9570159857904085 0.0026595744680851063 0.0021314387211367673
10 0.30673758865248224 0.9532859680284191 0.002364066193853428 0.0017761989342806393
10 0.3107269503546099 0.9415630550621669 0.0026595744680851063 0.0031971580817051507
10 0.28605200945626474 0.9671403197158082 0.002955082742316785 0.0031971580817051507
10 0.28605200945626474 0.9648312611012433 0.002955082742316785 0.002841918294849023
10 0.2838356973995272 0.961101243339254 0.0014775413711583924 0.003907637655417406
10 0.2833924349881797 0.9577264653641208 0.001182033096926714 0.002841918294849023
10 0.2888593380614657 0.9062166962699821 0.0032505910165484633 0.0014209591474245115
10 0.2777777777777778 0.9296625222024866 0.002364066193853428 0.0021314387211367673
10 0.1291371158392435 0.09875666074600355 0.002364066193853428 0.0035523978685612786
10 0.1894208037825059 0.9289520426287744 0.002955082742316785 0.0021314387211367673
10 0.23995271867612292 0.9330373001776199 0.002955082742316785 0.0017761989342806393
10 0.23404255319148937 0.9211367673179396 0.002364066193853428 0.0021314387211367673
10 0.2322695035460993 0.9364120781527531 0.0035460992907801418 0.0021314387211367673
10 0.23108747044917258 0.9319715808170514 0.002955082742316785 0.0017761989342806393
10 0.22163120567375885 0.9262877442273534 0.002364066193853428 0.0017761989342806393
10 0.2074468085106383 0.9211367673179396 0.002955082742316785 0.002841918294849023
10 0.2010933806146572 0.9291296625222024 0.0026595744680851063 0.002486678507992895
10 0.2093676122931442 0.9257548845470692 0.0026595744680851063 0.0021314387211367673
10 0.28043735224586286 0.9328596802841918 0.002955082742316785 0.0021314387211367673
10 0.20759456264775414 0.9353463587921846 0.0026595744680851063 0.0021314387211367673
10 0.19001182033096925 0.9397868561278863 0.0035460992907801418 0.002486678507992895
10 0.1833628841607565 0.9323268206039076 0.0032505910165484633 0.0017761989342806393
10 0.1867612293144208 0.9428063943161633 0.0035460992907801418 0.0021314387211367673
9 0.17715721040189125 0.2550621669626998 0.0032505910165484633 0.004262877442273535
10 0.15233451536643025 0.09538188277087033 0.0026595744680851063 0.003907637655417406
10 0.13091016548463358 0.09964476021314386 0.002364066193853428 0.003907637655417406
10 0.2421690307328605 0.9243339253996448 0.0026595744680851063 0.0021314387211367673
10 0.25206855791962174 0.9209591474245115 0.002955082742316785 0.0017761989342806393
10 0.2557624113475177 0.9296625222024866 0.0026595744680851063 0.0021314387211367673
10 0.25916075650118203 0.9230905861456483 0.0035460992907801418 0.002486678507992895
0 0.2783687943262411 0.24884547069271756 0.017730496453900707 0.025932504440497335
10 0.25103427895981084 0.8936056838365897 0.0020685579196217494 0.0017761989342806393
10 0.24556737588652483 0.8937833037300177 0.002364066193853428 0.0014209591474245115
10 0.23862293144208038 0.894671403197158 0.0032505910165484633 0.002486678507992895
10 0.2432033096926714 0.9049733570159857 0.002364066193853428 0.0017761989342806393
10 0.2432033096926714 0.9071047957371225 0.0035460992907801418 0.0017761989342806393
10 0.24349881796690306 0.9092362344582593 0.002955082742316785 0.0017761989342806393
10 0.2492612293144208 0.9103019538188276 0.0026595744680851063 0.0017761989342806393
10 0.24349881796690306 0.9134991119005328 0.002364066193853428 0.0017761989342806393
10 0.2361111111111111 0.9051509769094138 0.002364066193853428 0.0035523978685612786
10 0.23995271867612292 0.9103019538188276 0.0017730496453900709 0.003907637655417406
10 0.2319739952718676 0.9106571936056838 0.002955082742316785 0.0031971580817051507
9 0.24689716312056736 0.9579040852575488 0.0020685579196217494 0.003907637655417406
10 0.26802600472813237 0.9220248667850799 0.002955082742316785 0.002486678507992895
10 0.2712765957446808 0.927886323268206 0.002364066193853428 0.0021314387211367673
2 0.1317966903073286 0.059325044404973354 0.01359338061465721 0.01705150976909414
