10 0.9150689272698463 0.21459112773917688 0.006338139755981619 0.014430785676109031
0 0.3761685945175091 0.4281133083912346 0.014894628426556806 0.05558524853019775
0 0.4828077959118999 0.48209513629075357 0.014894628426556806 0.036344200962052375
0 0.46632863254634765 0.477552111170497 0.013310093487561401 0.03367183324425441
0 0.43329107906829345 0.4714056654195617 0.013468546981460942 0.030999465526456438
0 0.44984946918079544 0.47327632282202026 0.014894628426556806 0.03687867450561197
0 0.41831722389478687 0.47594869053981825 0.015211535414355886 0.056119722073757344
0 0.42322928220567263 0.5181721004810261 0.015211535414355886 0.05398182789951897
0 0.4090476945016638 0.5219134152859433 0.015053081920456346 0.05291288081239978
0 0.4008081128188877 0.5678781400320684 0.01600380288385359 0.05505077498663816
0 0.4150689272698463 0.5660074826296098 0.021391221676437967 0.07375734901122394
0 0.35818412295991126 0.5203099946552645 0.015369988908255427 0.05398182789951897
0 0.36254159404214864 0.4323890967397114 0.014577721438757725 0.05665419561731694
0 0.3854381239106322 0.3810796365579904 0.01600380288385359 0.05451630144307856
0 0.16495008714942164 0.7509353287012293 0.013627000475360482 0.05237840726884019
0 0.3943115195690065 0.3335114911811865 0.014736174932657265 0.053447354355959376
0 0.4026303279987324 0.28674505611972206 0.01584534938995405 0.05398182789951897
0 0.41237521787355413 0.24265098877605557 0.014736174932657265 0.05237840726884019
0 0.4212486135319284 0.19294494922501335 0.01663761685945175 0.05665419561731694
0 0.3562826810331168 0.18973810796365578 0.014102360957059103 0.053447354355959376
0 0.36095705910315323 0.23169428113308388 0.015211535414355886 0.05505077498663816
0 0.34693392489304387 0.23570283270978085 0.013785453969260023 0.051309460181721
0 0.3381397559816194 0.2832709780865847 0.014260814450958644 0.05451630144307856
0 0.3428933607986056 0.3244254409406734 0.014894628426556806 0.053447354355959376
0 0.3293455870701949 0.32896846606092994 0.013468546981460942 0.051843933725280594
0 0.32007605767707176 0.37413148049171563 0.013627000475360482 0.05024051309460181
0 0.15623514498494692 0.7966328166755745 0.012042465536365076 0.04863709246392303
0 0.16700998257011568 0.7864778193479423 0.012676279511963238 0.05077498663816141
0 0.3116780225003961 0.4238375200427579 0.013627000475360482 0.05237840726884019
0 0.5018222151798447 0.339390700160342 0.013943907463159563 0.03313735970069481
0 0.5873871018855966 0.21592731159807588 0.014894628426556806 0.03848209513629075
0 0.5712248455078435 0.21004810261892035 0.013943907463159563 0.036344200962052375
0 0.55514181587704 0.206574024585783 0.014102360957059103 0.03580972741849278
0 0.5389003327523372 0.203901656867985 0.01299318649976232 0.034740780331373594
0 0.5225003961337348 0.20256547300908603 0.012517826018063697 0.03527525387493319
0 0.5071304072254793 0.1972207375734901 0.012200919030264617 0.03313735970069481
0 0.49001742988432895 0.19561731694281131 0.010933291079068293 0.030999465526456438
0 0.47456821422912376 0.19401389631213253 0.014577721438757725 0.036344200962052375
0 0.543812391063223 0.31827899518973807 0.013627000475360482 0.029396044895777657
0 0.5277293614324196 0.31293425975414213 0.01315163999366186 0.034740780331373594
0 0.5190936460148946 0.34206306787814 0.013627000475360482 0.03527525387493319
0 0.48700681350023767 0.33858898984500263 0.013468546981460942 0.034740780331373594
0 0.1765171922040881 0.7447888829502939 0.013310093487561401 0.05077498663816141
0 0.4954840754238631 0.307856761090326 0.010141023609570591 0.027792624265098875
0 0.4795594992869593 0.3073222875467664 0.014102360957059103 0.03527525387493319
0 0.4637141498970052 0.30358097274184925 0.014102360957059103 0.030999465526456438
0 0.447234986531453 0.3003741314804917 0.01315163999366186 0.030999465526456438
0 0.5487244493741087 0.49385355424906463 0.01584534938995405 0.036344200962052375
0 0.22540009507209632 0.7159273115980759 0.015053081920456346 0.05398182789951897
0 0.2060687688163524 0.772314270443613 0.013468546981460942 0.049171566007482626
0 0.20868325146569483 0.8102618920363441 0.012042465536365076 0.04596472474612506
0 0.19687846617017904 0.8153393907001603 0.013785453969260023 0.05291288081239978
0 0.18459832039296467 0.6977552111170496 0.012676279511963238 0.04649919828968466
0 0.1724766281096498 0.7084446819882415 0.014102360957059103 0.056119722073757344
0 0.3254634764696562 0.4203634420096205 0.013310093487561401 0.04649919828968466
0 0.3168277610521312 0.46499198289684657 0.015686895896054508 0.05451630144307856
10 0.9053240373950245 0.7282202030999465 0.0033275233718903503 0.01977552111170497
0 0.18222151798447156 0.239444147514698 0.01299318649976232 0.049171566007482626
0 0.14023134210109334 0.6964190272581506 0.013310093487561401 0.049171566007482626
0 0.13143717318966883 0.7426509887760555 0.014419267944858184 0.05291288081239978
0 0.12319759150689273 0.7888829502939604 0.014102360957059103 0.05451630144307856
0 0.11131357946442719 0.7960983431320149 0.012200919030264617 0.04543025120256547
0 0.07502772936143241 0.7517370390165686 0.012517826018063697 0.04649919828968466
0 0.08437648550150531 0.7079102084446819 0.014736174932657265 0.05398182789951897
0 0.10386626525114878 0.6504543025120256 0.020440500713040724 0.07482629609834313
0 0.14815401679607035 0.4225013361838589 0.014577721438757725 0.05291288081239978
0 0.1540960228173031 0.33992517370390163 0.014736174932657265 0.05237840726884019
0 0.16510854064332117 0.3284339925173704 0.013627000475360482 0.051843933725280594
0 0.17033750594200603 0.2485301977552111 0.017429884328949454 0.061998931052912876
0 0.18032007605767708 0.20149652592196685 0.012042465536365076 0.0427578834847675
0 0.1823799714783711 0.5435595938001069 0.013627000475360482 0.053447354355959376
0 0.18990651243859927 0.1533939070016034 0.015053081920456346 0.05237840726884019
0 0.1485501505308192 0.1878674505611972 0.017588337822848993 0.06360235168359166
0 0.13935984788464587 0.23303046499198288 0.014736174932657265 0.053447354355959376
0 0.13104103945492 0.27792624265098875 0.020915861194739344 0.07589524318546231
0 0.11337347488512121 0.3698556921432389 0.012517826018063697 0.04596472474612506
0 0.1392806211376961 0.46846606092998394 0.013310093487561401 0.04649919828968466
0 0.11907780066550468 0.5235168359166221 0.015053081920456346 0.05718866916087653
0 0.09523054983362383 0.4615179048637092 0.015211535414355886 0.05505077498663816
0 0.06971953731579782 0.599946552645644 0.010457930597369672 0.039016568679850344
0 0.05197274599904928 0.6910742918225548 0.015528442402154967 0.05665419561731694
0 0.04325780383457455 0.7365045430251203 0.015528442402154967 0.05558524853019775
0 0.13627000475360482 0.6576696953500801 0.018697512280145778 0.06574024585783003
0 0.1951354777372841 0.5408872260823089 0.014419267944858184 0.05451630144307856
0 0.3024877198542228 0.46819882415820413 0.013310093487561401 0.04703367183324425
0 0.27824433528759307 0.3190807055050775 0.01616225637775313 0.057723142704436126
0 0.3075582316590081 0.5136290753607696 0.013310093487561401 0.04810261892036344
0 0.29298051022025035 0.5138963121325494 0.01299318649976232 0.04649919828968466
0 0.29828870226588494 0.560395510422234 0.015686895896054508 0.05505077498663816
0 0.28442402154967517 0.5625334045964724 0.013943907463159563 0.04970603955104222
0 0.2332435430201236 0.5542490646712988 0.015211535414355886 0.05879208979155531
0 0.24243384566629694 0.5066809192944949 0.013310093487561401 0.04596472474612506
0 0.25598161939470765 0.5026723677177979 0.015686895896054508 0.05718866916087653
0 0.2515449215655205 0.4607161945483698 0.015053081920456346 0.05451630144307856
0 0.265171922040881 0.4580438268305719 0.014419267944858184 0.053447354355959376
0 0.2601014102360957 0.41421699625868513 0.014736174932657265 0.05451630144307856
0 0.273807637458406 0.4094067343666488 0.014260814450958644 0.05558524853019775
0 0.29195056250990337 0.3166755745590593 0.014736174932657265 0.05398182789951897
0 0.2049595943590556 0.4957242116515232 0.013468546981460942 0.051843933725280594
0 0.28743463793376645 0.2741849278460716 0.01299318649976232 0.04810261892036344
0 0.3011408651560767 0.27044361304115444 0.014102360957059103 0.053447354355959376
0 0.30898431310410396 0.2220737573490112 0.014577721438757725 0.05398182789951897
0 0.3183330692441768 0.17584179583110635 0.016796070353351292 0.057723142704436126
0 0.252416415781968 0.17022982362373063 0.015528442402154967 0.05718866916087653
0 0.24956425289177625 0.26082308925708175 0.013943907463159563 0.053447354355959376
0 0.2403739502456029 0.3089257081774452 0.015528442402154967 0.05665419561731694
0 0.23157978133417842 0.35489043292357025 0.013468546981460942 0.049171566007482626
0 0.21826968784661702 0.3597006948156066 0.011250198066867374 0.040619989310529125
0 0.22341942639835208 0.4032602886157135 0.013943907463159563 0.04863709246392303
0 0.2090001584534939 0.4040619989310529 0.012042465536365076 0.044895777659005875
0 0.5631437173189668 0.3479422768572955 0.014260814450958644 0.04596472474612506
0 0.5823165900808113 0.3428647781934794 0.014894628426556806 0.03794762159273116
0 0.5995880209158612 0.34500267236771776 0.01616225637775313 0.04008551576696953
10 0.49667247662810965 0.6793158738642436 0.0033275233718903503 0.02137894174238375
10 0.5148946284265568 0.5146980224478888 0.00649659324988116 0.019241047568145375
10 0.522738076374584 0.524853019775521 0.005387418792584376 0.019241047568145375
10 0.5165583901125019 0.5251202565473009 0.006021232768182538 0.01870657402458578
10 0.5172714308350499 0.5531801175841795 0.005545872286483917 0.018172100481026188
10 0.5171129773411504 0.6079636557990379 0.005862779274282998 0.01977552111170497
10 0.5337505942006021 0.6076964190272581 0.00649659324988116 0.02137894174238375
10 0.5225796228806845 0.5938001068947086 0.0050705118047852955 0.016034206306787813
10 0.5065758199968309 0.5954035275253875 0.0038028838535889716 0.02137894174238375
10 0.5312945650451593 0.6913415285943345 0.0038028838535889716 0.02298236237306253
10 0.508952622405324 0.7365045430251203 0.0031690698779908094 0.022447888829502938
10 0.5005545872286484 0.678781400320684 0.0031690698779908094 0.0256547300908605
10 0.2659641895103787 0.6862640299305184 0.003010616384091269 0.019241047568145375
10 0.52757090793852 0.6913415285943345 0.002693709396292188 0.020844468198824156
10 0.27864046902234196 0.68412613575628 0.0033275233718903503 0.022447888829502938
10 0.28632546347646964 0.686798503474078 0.0028521628901917286 0.018172100481026188
10 0.29662494057993977 0.6851950828433993 0.0031690698779908094 0.019241047568145375
10 0.2926636032324513 0.685462319615179 0.0028521628901917286 0.016568679850347406
10 0.28949453335446046 0.6846606092998396 0.0034859768657898907 0.022447888829502938
10 0.28276025986373 0.6870657402458578 0.002693709396292188 0.017637626937466594
10 0.2631912533671367 0.8348476750400855 0.004436697829187134 0.027792624265098875
10 0.2675487244493741 0.8372528059861036 0.003010616384091269 0.016568679850347406
10 0.2745206781809539 0.836718332442544 0.003010616384091269 0.01870657402458578
10 0.28101727143083505 0.834045964724746 0.006813500237680241 0.02298236237306253
10 0.36119473934400254 0.8532870122928914 0.003010616384091269 0.017637626937466594
10 0.5369196640785929 0.5053447354355959 0.00649659324988116 0.01977552111170497
10 0.5300269370939629 0.7455905932656333 0.0028521628901917286 0.02137894174238375
0 0.6367453652353035 0.2501336183858899 0.00966566312787197 0.03955104222340994
10 0.9314688638884487 0.7397113842864778 0.00649659324988116 0.022447888829502938
10 0.9833623831405482 0.7474612506680919 0.0028521628901917286 0.017637626937466594
10 0.9799556330217081 0.7477284874398716 0.004278244335287593 0.018172100481026188
10 0.9705276501346854 0.7447888829502939 0.006338139755981619 0.021913415285943344
10 0.8571541752495643 0.4102084446819882 0.006813500237680241 0.021913415285943344
10 0.8577087624782126 0.39738107963655794 0.006021232768182538 0.01977552111170497
10 0.845190936460149 0.651256012827365 0.0028521628901917286 0.015499732763228219
10 0.8472508318808429 0.5358097274184928 0.0031690698779908094 0.02405130946018172
10 0.8825067342734907 0.5040085515766969 0.0033275233718903503 0.023516835916622125
10 0.9115037236571066 0.5975414216996258 0.003010616384091269 0.020309994655264563
10 0.8881318333069244 0.5991448423303046 0.006021232768182538 0.0085515766969535
10 0.9368562826810332 0.7399786210582575 0.007130407225479322 0.01977552111170497
10 0.8857550308984313 0.7306253340459646 0.005387418792584376 0.024585783003741313
10 0.5232926636032325 0.7423837520042758 0.0033275233718903503 0.0256547300908605
10 0.8940738393281572 0.7282202030999465 0.005228965298684836 0.025120256547300907
10 0.7395024560291554 0.7862105825761624 0.0034859768657898907 0.02137894174238375
9 0.7163682459198225 0.4796900053447354 0.004119790841388053 0.039016568679850344
9 0.7212803042307083 0.5724211651523249 0.010457930597369672 0.011758417958311063
10 0.6623356045000792 0.7049706039551041 0.0025352559023926477 0.018172100481026188
10 0.6468071620979242 0.7600213789417423 0.0028521628901917286 0.019241047568145375
10 0.6356361907780066 0.7570817744521645 0.003010616384091269 0.01870657402458578
10 0.6037078117572492 0.5887226082308925 0.0028521628901917286 0.01977552111170497
10 0.60687688163524 0.569748797434527 0.0025352559023926477 0.019241047568145375
10 0.6070353351291395 0.5467664350614644 0.0025352559023926477 0.019241047568145375
10 0.6111551259705277 0.5539818278995189 0.0028521628901917286 0.021913415285943344
10 0.365156076691491 0.8506146445750935 0.003010616384091269 0.02298236237306253
10 0.37315797813341783 0.8527525387493319 0.0031690698779908094 0.021913415285943344
10 0.3771193154809063 0.8546231961517904 0.0031690698779908094 0.018172100481026188
0 0.8658691174140389 0.2731159807589524 0.011884012042465536 0.05558524853019775
10 0.38591348439233086 0.8556921432389096 0.0033275233718903503 0.02137894174238375
10 0.3695135477737284 0.8519508284339925 0.0034859768657898907 0.019241047568145375
0 0.6854698146094121 0.31453768038482094 0.010141023609570591 0.04543025120256547
0 0.989304389161781 0.27819347942276856 0.010616384091269212 0.04543025120256547
0 0.9748851212169228 0.27552111170497057 0.013785453969260023 0.05077498663816141
0 0.9304389161781017 0.27071084981293425 0.04151481540167961 0.13201496525921966
0 0.831405482490889 0.3417958311063602 0.010457930597369672 0.04115446285408872
0 0.8428933607986056 0.3150721539283805 0.009348756140072889 0.043292357028327094
0 0.8321185232134368 0.28727952966328163 0.010299477103470131 0.04222340994120791
0 0.8306132150213912 0.24211651523249597 0.014894628426556806 0.05024051309460181
0 0.8430518142925051 0.26215927311598075 0.011250198066867374 0.05077498663816141
0 0.8941530660751069 0.27819347942276856 0.010141023609570591 0.04649919828968466
10 0.42893360798605606 0.6638161411010155 0.0069719537315797815 0.011758417958311063
0 0.8893994612581207 0.4879743452699091 0.017746791316748535 0.06306787814003206
0 0.9006496593249881 0.7108498129342598 0.018697512280145778 0.05558524853019775
0 0.8888448740294723 0.5758952431854623 0.015053081920456346 0.051843933725280594
0 0.7893360798605609 0.4200962052378407 0.011884012042465536 0.04382683057188669
0 0.7948027254000951 0.31320149652592194 0.00982411662177151 0.0427578834847675
0 0.7956742196165425 0.2514698022447889 0.009031849152273808 0.04436130411544628
0 0.7851370622722231 0.28380545163014426 0.010774837585168753 0.04382683057188669
0 0.7336396767548724 0.25360769641902725 0.011725558548565995 0.04970603955104222
0 0.7429092061479956 0.3113308391234634 0.014419267944858184 0.06360235168359166
0 0.6324671209000159 0.4457509353287012 0.00998257011567105 0.0427578834847675
0 0.6333386151164633 0.3931052912880812 0.009190302646173348 0.04115446285408872
10 0.47623197591506894 0.7276857295563869 0.0033275233718903503 0.01870657402458578
10 0.4777372841071146 0.681453768038482 0.0031690698779908094 0.018172100481026188
10 0.48130248771985423 0.681453768038482 0.002693709396292188 0.017103153393907
10 0.4853430518142925 0.6803848209513629 0.0028521628901917286 0.018172100481026188
10 0.47393440025352557 0.6817210048102619 0.0031690698779908094 0.017637626937466594
10 0.4697353826651878 0.7180652057723143 0.007447314213278403 0.013361838588989844
10 0.8509744889874822 0.8786745056119721 0.0033275233718903503 0.022447888829502938
10 0.8478846458564411 0.46846606092998394 0.0025352559023926477 0.01870657402458578
10 0.7878307716685152 0.5823089257081774 0.006655046743780701 0.014430785676109031
10 0.6661384883536682 0.706574024585783 0.0025352559023926477 0.018172100481026188
10 0.6518776739027096 0.7044361304115445 0.0031690698779908094 0.018172100481026188
10 0.6486293772777689 0.702565473009086 0.003010616384091269 0.021913415285943344
10 0.601727143083505 0.6405665419561731 0.002693709396292188 0.01870657402458578
10 0.5828711773094597 0.5980758952431854 0.003010616384091269 0.018172100481026188
10 0.5792267469497703 0.5964724746125066 0.003010616384091269 0.019241047568145375
10 0.5354143558865473 0.5708177445216461 0.006338139755981619 0.022447888829502938
10 0.5395341467279353 0.4957242116515232 0.0050705118047852955 0.01977552111170497
10 0.516875297100301 0.5398182789951897 0.006338139755981619 0.020309994655264563
10 0.5171129773411504 0.5681453768038481 0.005545872286483917 0.020309994655264563
10 0.5225796228806845 0.5510422234099411 0.005704325780383457 0.019241047568145375
10 0.5171922040881002 0.5812399786210583 0.006021232768182538 0.020844468198824156
10 0.5198066867374426 0.740780331373597 0.003010616384091269 0.020309994655264563
10 0.5160830296308033 0.7421165152324959 0.0031690698779908094 0.020844468198824156
10 0.5125970527650134 0.7413148049171565 0.0031690698779908094 0.019241047568145375
10 0.4405007130407225 0.7797969000534473 0.0034859768657898907 0.023516835916622125
10 0.4927903660275709 0.6817210048102619 0.0031690698779908094 0.01870657402458578
10 0.48930438916178104 0.682789951897381 0.0034859768657898907 0.01977552111170497
0 0.035018222151798443 0.7824692677712453 0.013310093487561401 0.053447354355959376
