0 0.6631875414181577 0.6816901408450704 0.032803180914512925 0.10140845070422536
0 0.20427435387673956 0.2300469483568075 0.025513585155732273 0.07887323943661971
0 0.3237243207422134 0.24647887323943662 0.02584493041749503 0.07981220657276995
0 0.297713717693837 0.30422535211267604 0.040755467196819085 0.12018779342723004
0 0.4058979456593771 0.684037558685446 0.02186878727634195 0.057276995305164315
0 0.42992047713717696 0.6807511737089201 0.024188204108681246 0.07511737089201878
0 0.4532803180914513 0.6765258215962441 0.02054340622929092 0.05539906103286385
0 0.4726640159045726 0.6769953051643193 0.016898608349900597 0.05258215962441314
0 0.49254473161033796 0.6727699530516432 0.01888667992047714 0.05539906103286385
0 0.5198807157057654 0.5 0.02054340622929092 0.05539906103286385
0 0.49403578528827036 0.5126760563380282 0.027833001988071572 0.07887323943661971
0 0.4807819748177601 0.5450704225352112 0.013253810470510271 0.04225352112676056
0 0.44996686547382375 0.5225352112676056 0.021206096752816435 0.06291079812206572
0 0.17809807819748177 0.2272300469483568 0.026176275679257788 0.0863849765258216
0 0.6890324718356527 0.7136150234741784 0.01756129887342611 0.0431924882629108
0 0.16285619615639496 0.2661971830985915 0.0268389662027833 0.10985915492957746
0 0.14231278992710406 0.23661971830985915 0.030815109343936383 0.10140845070422536
0 0.19118621603711067 0.5305164319248826 0.03777335984095428 0.1107981220657277
0 0.15904572564612326 0.5300469483568075 0.02186878727634195 0.07230046948356807
0 0.139662027833002 0.5159624413145539 0.026176275679257788 0.08169014084507042
0 0.08913187541418158 0.5089201877934272 0.039761431411530816 0.12206572769953052
0 0.027833001988071572 0.6 0.03711066931742876 0.12018779342723004
0 0.08068257123923128 0.21690140845070421 0.01888667992047714 0.0431924882629108
0 0.9357190192180251 0.6953051643192488 0.05036447978793903 0.15305164319248826
0 0.7165341285619615 0.6699530516431925 0.025513585155732273 0.10985915492957746
0 0.802518223989397 0.6821596244131455 0.027170311464546057 0.07042253521126761
0 0.2803180914512923 0.2507042253521127 0.02054340622929092 0.06009389671361502
