0 0.7425213675213675 0.32468123861566484 0.03347578347578348 0.023679417122040074
0 0.7514245014245015 0.738615664845173 0.027065527065527065 0.02185792349726776
0 0.7257834757834758 0.46766848816029144 0.03418803418803419 0.022768670309653915
0 0.7218660968660969 0.4842896174863388 0.030626780626780627 0.021402550091074682
0 0.64494301994302 0.5061475409836066 0.029202279202279205 0.018670309653916212
0 0.6688034188034189 0.5223132969034608 0.03561253561253561 0.022768670309653915
0 0.6937321937321937 0.5403005464480874 0.03418803418803419 0.021402550091074682
0 0.7435897435897436 0.5746812386156649 0.03703703703703704 0.023679417122040074
0 0.6527777777777778 0.6762295081967213 0.032051282051282055 0.017304189435336976
0 0.6264245014245015 0.674863387978142 0.02777777777777778 0.015482695810564663
0 0.628917378917379 0.7306466302367942 0.03418803418803419 0.018670309653916212
0 0.5893874643874644 0.7383879781420765 0.03347578347578348 0.018670309653916212
0 0.7589031339031339 0.7568306010928961 0.022079772079772082 0.015482695810564663
0 0.7706552706552707 0.34153005464480873 0.03418803418803419 0.022768670309653915
0 0.7685185185185186 0.7750455373406193 0.022792022792022793 0.01912568306010929
0 0.7792022792022792 0.7932604735883424 0.027065527065527065 0.020036429872495445
0 0.6755698005698006 0.8119307832422586 0.02777777777777778 0.02185792349726776
0 0.5922364672364673 0.8025956284153005 0.029202279202279205 0.023224043715846996
0 0.6025641025641026 0.8228597449908925 0.03133903133903134 0.023679417122040074
0 0.6118233618233618 0.8424408014571949 0.025641025641025644 0.020947176684881604
0 0.6203703703703703 0.86316029143898 0.025641025641025644 0.022313296903460837
0 0.7443019943019943 0.8784153005464481 0.03418803418803419 0.020036429872495445
0 0.7756410256410257 0.8761384335154827 0.029914529914529916 0.023679417122040074
0 0.5690883190883191 0.8843351548269581 0.03276353276353276 0.02185792349726776
0 0.6962250712250713 0.46675774134790526 0.032051282051282055 0.02185792349726776
0 0.02955840455840456 0.3938979963570127 0.022079772079772082 0.01639344262295082
0 0.029914529914529916 0.37841530054644806 0.025641025641025644 0.015482695810564663
0 0.027065527065527065 0.3638433515482696 0.03418803418803419 0.018214936247723135
0 0.323005698005698 0.19262295081967212 0.032051282051282055 0.020947176684881604
0 0.36502849002849 0.2226775956284153 0.0349002849002849 0.022768670309653915
0 0.40740740740740744 0.25364298724954465 0.03703703703703704 0.02459016393442623
0 0.32015669515669515 0.33697632058287796 0.026353276353276354 0.02185792349726776
0 0.44551282051282054 0.3957194899817851 0.032051282051282055 0.020947176684881604
0 0.391025641025641 0.4599271402550091 0.03276353276353276 0.017304189435336976
0 0.3575498575498576 0.459471766848816 0.03276353276353276 0.01639344262295082
0 0.32371794871794873 0.4642531876138434 0.03347578347578348 0.018670309653916212
0 0.29273504273504275 0.4719945355191257 0.03418803418803419 0.019581056466302368
0 0.26353276353276356 0.476775956284153 0.03418803418803419 0.020947176684881604
0 0.22970085470085472 0.48360655737704916 0.032051282051282055 0.018214936247723135
0 0.5961538461538461 0.4719945355191257 0.03418803418803419 0.022313296903460837
0 0.5480769230769231 0.4367030965391621 0.032051282051282055 0.020947176684881604
0 0.6029202279202279 0.38228597449908924 0.03347578347578348 0.021402550091074682
0 0.6278490028490029 0.3986794171220401 0.032051282051282055 0.021402550091074682
0 0.6506410256410257 0.41598360655737704 0.03347578347578348 0.022313296903460837
0 0.6755698005698006 0.43214936247723135 0.03347578347578348 0.022768670309653915
0 0.6716524216524217 0.4503642987249545 0.03276353276353276 0.020947176684881604
0 0.6203703703703703 0.4883879781420765 0.03276353276353276 0.021402550091074682
0 0.08475783475783476 0.36885245901639346 0.03561253561253561 0.02185792349726776
0 0.04843304843304844 0.37363387978142076 0.03276353276353276 0.018670309653916212
0 0.5580484330484331 0.8649817850637522 0.026353276353276354 0.022313296903460837
0 0.5505698005698006 0.8451730418943534 0.027065527065527065 0.020947176684881604
0 0.5416666666666667 0.825591985428051 0.02492877492877493 0.01912568306010929
0 0.5277777777777778 0.6418488160291439 0.03418803418803419 0.018670309653916212
0 0.5192307692307693 0.16848816029143898 0.03561253561253561 0.02459016393442623
0 0.48611111111111116 0.14845173041894352 0.04344729344729345 0.031876138433515486
0 0.4504985754985755 0.12363387978142076 0.04344729344729345 0.03051001821493625
0 0.5687321937321937 0.30806010928961747 0.02492877492877493 0.015938069216757743
0 0.6602564102564102 0.34790528233151186 0.041310541310541314 0.0273224043715847
0 0.6858974358974359 0.3645264116575592 0.03276353276353276 0.022313296903460837
0 0.707977207977208 0.383879781420765 0.044159544159544165 0.031876138433515486
0 0.7325498575498576 0.3989071038251366 0.02492877492877493 0.01639344262295082
0 0.784900284900285 0.4323770491803279 0.03418803418803419 0.023224043715846996
0 0.8084045584045585 0.4494535519125683 0.027065527065527065 0.01912568306010929
0 0.832977207977208 0.4672131147540984 0.032051282051282055 0.02185792349726776
0 0.7492877492877493 0.48474499089253187 0.03133903133903134 0.021402550091074682
0 0.775997150997151 0.5009107468123861 0.032051282051282055 0.02185792349726776
0 0.795940170940171 0.5352914389799636 0.03347578347578348 0.023224043715846996
0 0.823005698005698 0.5362021857923497 0.03347578347578348 0.023224043715846996
0 0.926994301994302 0.4512750455373406 0.0349002849002849 0.023679417122040074
0 0.8992165242165243 0.4335154826958106 0.0349002849002849 0.023679417122040074
0 0.8735754985754987 0.41530054644808745 0.03632478632478633 0.022768670309653915
0 0.8465099715099715 0.3975409836065574 0.030626780626780627 0.020947176684881604
0 0.8190883190883191 0.38046448087431695 0.03703703703703704 0.025045537340619307
0 0.7955840455840456 0.35951730418943534 0.03561253561253561 0.023224043715846996
0 0.6239316239316239 0.2424863387978142 0.041310541310541314 0.02959927140255009
0 0.4953703703703704 0.6473132969034608 0.03632478632478633 0.019581056466302368
0 0.532051282051282 0.8062386156648452 0.025641025641025644 0.021402550091074682
0 0.49430199430199434 0.31489071038251365 0.029914529914529916 0.020491803278688523
0 0.5106837606837608 0.7657103825136612 0.02849002849002849 0.02413479052823315
0 0.48005698005698005 0.7135701275045537 0.027065527065527065 0.01639344262295082
0 0.49572649572649574 0.6985428051001822 0.03418803418803419 0.020036429872495445
0 0.43696581196581197 0.7235883424408015 0.023504273504273504 0.014571948998178506
0 0.40740740740740744 0.7108378870673953 0.03133903133903134 0.017304189435336976
0 0.3945868945868946 0.7317850637522769 0.03276353276353276 0.018214936247723135
0 0.36396011396011396 0.718351548269581 0.025641025641025644 0.015938069216757743
0 0.35113960113960113 0.7408925318761385 0.022792022792022793 0.01366120218579235
0 0.3660968660968661 0.8144353369763205 0.03133903133903134 0.02413479052823315
0 0.37642450142450146 0.8344717668488161 0.02777777777777778 0.022313296903460837
0 0.3842592592592593 0.8549635701275046 0.02777777777777778 0.022313296903460837
0 0.33618233618233617 0.8752276867030966 0.02849002849002849 0.022768670309653915
0 0.3454415954415955 0.895264116575592 0.027065527065527065 0.022768670309653915
0 0.3272792022792023 0.8561020036429873 0.02777777777777778 0.02185792349726776
0 0.3023504273504274 0.848816029143898 0.023504273504273504 0.020036429872495445
0 0.41274928774928776 0.913023679417122 0.02777777777777778 0.02185792349726776
0 0.3636039886039886 0.9351092896174863 0.02777777777777778 0.022313296903460837
0 0.29843304843304846 0.8091985428051002 0.03133903133903134 0.022768670309653915
0 0.7635327635327636 0.9032331511839709 0.019943019943019943 0.018670309653916212
0 0.7962962962962964 0.8977686703096539 0.025641025641025644 0.020491803278688523
0 0.4611823361823362 0.3224043715846995 0.029202279202279205 0.020947176684881604
0 0.32621082621082625 0.06944444444444445 0.03703703703703704 0.025045537340619307
