4 0.8324447829398325 0.5644827586206896 0.06397562833206398 0.07103448275862069
4 0.31873571972581877 0.4875862068965517 0.03427265803503427 0.06344827586206896
14 0.37776085300837775 0.6875862068965517 0.09444021325209444 0.1268965517241379
14 0.5228484386900228 0.7206896551724138 0.0753998476770754 0.10068965517241378
4 0.6329017517136329 0.7889655172413792 0.048743335872048744 0.06896551724137931
4 0.6721249047981721 0.7972413793103448 0.04798172124904798 0.06896551724137931
5 0.6694592536176694 0.46896551724137925 0.048743335872048744 0.07999999999999999
4 0.5955826351865956 0.4744827586206896 0.03351104341203351 0.06344827586206896
4 0.5525514089870526 0.4741379310344827 0.0357958872810358 0.06413793103448276
4 0.448971820258949 0.4896551724137931 0.04036557501904037 0.06620689655172413
4 0.4067022086824067 0.4862068965517241 0.039603960396039604 0.06620689655172413
4 0.2757044935262757 0.4879310344827586 0.035034272658035034 0.06413793103448276
4 0.7962680883472962 0.5468965517241379 0.06473724295506474 0.07034482758620689
4 0.456968773800457 0.3427586206896551 0.039603960396039604 0.06620689655172413
4 0.5605483625285606 0.3251724137931034 0.039603960396039604 0.06689655172413793
4 0.6012947448591013 0.32034482758620686 0.04036557501904037 0.06689655172413793
4 0.6942117288651942 0.31413793103448273 0.03884234577303884 0.0682758620689655
4 0.7372429550647372 0.31 0.039603960396039604 0.06689655172413793
4 0.781035795887281 0.30517241379310345 0.03884234577303884 0.06551724137931034
4 0.8175932977913176 0.4475862068965517 0.06473724295506474 0.07034482758620689
4 0.8514851485148515 0.4648275862068965 0.06397562833206398 0.07172413793103448
4 0.8857578065498858 0.48310344827586205 0.06397562833206398 0.07103448275862069
14 0.35453160700685454 0.7837931034482758 0.08301599390708302 0.05172413793103448
