10 0.24198250728862974 0.7614942528735632 0.03498542274052478 0.054022988505747126
9 0.46355685131195334 0.30517241379310345 0.029154518950437316 0.07011494252873562
9 0.7849854227405247 0.31551724137931036 0.06559766763848396 0.09540229885057472
9 0.7230320699708455 0.4339080459770115 0.06997084548104957 0.09310344827586206
9 0.6027696793002916 0.6580459770114943 0.06851311953352769 0.08390804597701149
9 0.3112244897959184 0.30344827586206896 0.033527696793002916 0.0735632183908046
9 0.34766763848396504 0.30689655172413793 0.030612244897959183 0.07126436781609195
9 0.5451895043731778 0.3063218390804598 0.03498542274052478 0.07241379310344828
9 0.37682215743440234 0.47011494252873565 0.033527696793002916 0.06896551724137931
9 0.3017492711370262 0.4724137931034483 0.03498542274052478 0.07126436781609195
9 0.22740524781341107 0.46551724137931033 0.037900874635568516 0.0735632183908046
9 0.3360058309037901 0.4689655172413793 0.033527696793002916 0.07126436781609195
9 0.532069970845481 0.48160919540229885 0.037900874635568516 0.0735632183908046
9 0.3877551020408163 0.3063218390804598 0.03206997084548105 0.07471264367816091
9 0.5932944606413995 0.3045977011494253 0.026239067055393587 0.06896551724137931
10 0.11224489795918367 0.7505747126436781 0.029154518950437316 0.04827586206896552
9 0.42565597667638483 0.3063218390804598 0.03206997084548105 0.07011494252873562
9 0.6326530612244898 0.3103448275862069 0.03206997084548105 0.06896551724137931
9 0.5714285714285714 0.02413793103448276 0.13119533527696792 0.029885057471264367
10 0.06486880466472303 0.13160919540229885 0.02769679300291545 0.047126436781609195
10 0.10787172011661808 0.12298850574712644 0.029154518950437316 0.04827586206896552
10 0.10058309037900874 0.1752873563218391 0.026239067055393587 0.03793103448275862
10 0.060495626822157436 0.17701149425287355 0.030612244897959183 0.041379310344827586
10 0.05393586005830904 0.2764367816091954 0.023323615160349854 0.05172413793103448
10 0.09110787172011661 0.27413793103448275 0.02478134110787172 0.047126436781609195
10 0.08746355685131195 0.33160919540229883 0.026239067055393587 0.04482758620689655
10 0.12900874635568513 0.33275862068965517 0.030612244897959183 0.04942528735632184
10 0.08819241982507288 0.48563218390804597 0.021865889212827987 0.04942528735632184
9 0.8418367346938775 0.19942528735632184 0.06851311953352769 0.09540229885057472
