10 0.8503740648379052 0.09314775160599573 0.038237738985868665 0.034261241970021415
9 0.6167913549459684 0.3211991434689508 0.03158769742310889 0.08779443254817988
9 0.8275145469659185 0.4919700214132763 0.03408146300914381 0.08244111349036402
9 0.8054862842892768 0.4967880085653105 0.034912718204488775 0.08779443254817988
9 0.6812136325852036 0.6129550321199144 0.032418952618453865 0.09957173447537473
9 0.656691604322527 0.6150963597430407 0.03325020781379884 0.10171306209850108
9 0.46467165419783873 0.6450749464668094 0.034912718204488775 0.09314775160599573
9 0.4372402327514547 0.6402569593147752 0.038237738985868665 0.08137044967880086
9 0.25228595178719865 0.6413276231263384 0.15045719035743974 0.07066381156316917
9 0.6504571903574398 0.34635974304068523 0.05070656691604323 0.15952890792291222
9 0.5881130507065669 0.33190578158458245 0.03408146300914381 0.09207708779443255
9 0.8906899418121363 0.46895074946466814 0.032418952618453865 0.08779443254817988
9 0.5340814630091438 0.3485010706638116 0.032418952618453865 0.08886509635974305
9 0.5054031587697423 0.35653104925053536 0.03158769742310889 0.08779443254817988
9 0.4796342477140482 0.36670235546038543 0.03158769742310889 0.09100642398286939
9 0.3940149625935162 0.3875802997858673 0.029925187032418952 0.07922912205567452
9 0.36658354114713215 0.3966809421841542 0.03158769742310889 0.0802997858672377
9 0.31255195344970904 0.4213062098501071 0.03325020781379884 0.08886509635974305
9 0.28428927680798005 0.423982869379015 0.03158769742310889 0.07708779443254818
9 0.257689110556941 0.439507494646681 0.03325020781379884 0.0867237687366167
9 0.8495428096425602 0.4866167023554604 0.03158769742310889 0.07815845824411136
9 0.9110556940980882 0.46306209850107066 0.03325020781379884 0.0867237687366167
10 0.7697423108894431 0.10278372591006424 0.038237738985868665 0.032119914346895075
10 0.7660016625103907 0.31209850107066384 0.03740648379052369 0.02890792291220557
10 0.7755610972568578 0.14453961456102785 0.03325020781379884 0.029978586723768737
10 0.8653366583541148 0.16916488222698073 0.038237738985868665 0.032119914346895075
10 0.7880299251870324 0.21788008565310493 0.038237738985868665 0.02890792291220557
10 0.7926018287614298 0.24143468950749467 0.03906899418121363 0.031049250535331908
10 0.8067331670822943 0.31209850107066384 0.032418952618453865 0.024625267665952893
10 0.8038237738985868 0.2885438972162741 0.03657522859517872 0.024625267665952893
10 0.799667497921862 0.2639186295503212 0.034912718204488775 0.02676659528907923
10 0.7589359933499584 0.2810492505353319 0.03657522859517872 0.02676659528907923
10 0.07107231920199501 0.8645610278372592 0.03574397339983375 0.033190578158458245
9 0.5627597672485453 0.3420770877944326 0.034912718204488775 0.09314775160599573
10 0.06192851205320033 0.8147751605995718 0.03574397339983375 0.032119914346895075
10 0.06026600166251039 0.7890792291220557 0.040731504571903575 0.0278372591006424
10 0.052784704904405656 0.7698072805139187 0.03906899418121363 0.0278372591006424
10 0.128428927680798 0.4989293361884369 0.022443890274314215 0.047109207708779445
10 0.15211970074812967 0.5176659528907923 0.021612635078969242 0.046038543897216275
9 0.7049044056525353 0.6022483940042827 0.03657522859517872 0.09314775160599573
9 0.9330839567747299 0.45610278372591007 0.030756442227763924 0.06638115631691649
9 0.8694929343308396 0.4769807280513919 0.03325020781379884 0.08886509635974305
9 0.20781379883624274 0.44914346895074947 0.03158769742310889 0.07601713062098502
