10 0.992214967353089 0.12056737588652483 0.012556504269211453 0.05268490374873354
10 0.5095429432446007 0.2335359675785208 0.020592667001506783 0.025329280648429587
10 0.5045203415369162 0.19199594731509625 0.021597187343043698 0.025329280648429587
10 0.503264691109995 0.1727456940222898 0.023103967855349072 0.02735562310030395
10 0.4969864389753893 0.13323201621073963 0.02360622802611753 0.033434650455927056
10 0.4934706177800101 0.11246200607902736 0.02661978905072828 0.034447821681864235
10 0.49221496735308895 0.08915906788247215 0.023103967855349072 0.028368794326241138
10 0.49171270718232046 0.06281661600810537 0.023103967855349072 0.028368794326241138
10 0.48769462581617284 0.04154002026342452 0.02410848819688599 0.02634245187436677
10 0.44299347061778005 0.2608915906788247 0.01908588648920141 0.025329280648429587
10 0.4455047714716223 0.28470111448834856 0.020090406830738324 0.02634245187436677
10 0.44650929181315924 0.306484295845998 0.021094927172275242 0.025329280648429587
10 0.4487694625816173 0.3308004052684904 0.022601707684580617 0.031408308004052685
10 0.4517830236062281 0.35410334346504563 0.02360622802611753 0.025329280648429587
10 0.42893018583626324 0.3657548125633232 0.022099447513812157 0.024316109422492405
10 0.42667001506780516 0.342451874366768 0.022601707684580617 0.02634245187436677
10 0.42340532395781016 0.3181357649442756 0.022099447513812157 0.02634245187436677
10 0.42390758412857865 0.2922998986828774 0.023103967855349072 0.025329280648429587
10 0.42214967353088906 0.2684903748733536 0.021597187343043698 0.022289766970618036
10 0.43520843797086894 0.1909827760891591 0.021597187343043698 0.031408308004052685
10 0.43797086891009546 0.2127659574468085 0.020090406830738324 0.024316109422492405
10 0.4417378201908589 0.23505572441742656 0.020592667001506783 0.024316109422492405
10 0.4208940231039679 0.2446808510638298 0.022099447513812157 0.02735562310030395
10 0.41612255148166755 0.22391084093211755 0.02360622802611753 0.030395136778115502
10 0.41436464088397795 0.2016210739614995 0.022099447513812157 0.02634245187436677
10 0.5055248618784531 0.2142857142857143 0.020592667001506783 0.025329280648429587
10 0.5113008538422904 0.25531914893617025 0.022099447513812157 0.02634245187436677
10 0.5582621798091412 0.2558257345491388 0.022601707684580617 0.031408308004052685
10 0.5135610246107484 0.2765957446808511 0.024610748367654447 0.030395136778115502
10 0.5637870416875942 0.2988855116514691 0.021597187343043698 0.028368794326241138
10 0.5640381717729784 0.32117527862208717 0.021094927172275242 0.028368794326241138
10 0.566800602712205 0.34042553191489366 0.02360622802611753 0.028368794326241138
10 0.608488196885987 0.3870314083080041 0.022601707684580617 0.02634245187436677
10 0.582119537920643 0.39868287740628167 0.021094927172275242 0.02735562310030395
10 0.6112506278252136 0.5516717325227964 0.025113008538422906 0.04356636271529889
10 0.5253641386238072 0.5896656534954408 0.020090406830738324 0.03850050658561297
10 0.5409342039176294 0.5780141843971631 0.022099447513812157 0.04356636271529889
10 0.5592667001506781 0.5734549138804458 0.022601707684580617 0.04255319148936171
10 0.5828729281767956 0.6833839918946303 0.014565544952285285 0.04559270516717326
10 0.5715720743345053 0.6945288753799392 0.015067805123053743 0.04356636271529889
10 0.5549974886991462 0.6970618034447822 0.014063284781516827 0.050658561296859174
10 0.5313912606730287 0.7051671732522797 0.01305876443997991 0.04255319148936171
10 0.5198392767453541 0.7117527862208713 0.012054244098442995 0.03951367781155016
10 0.2877950778503265 0.9569402228976698 0.01908588648920141 0.033434650455927056
10 0.35560020090406835 0.4072948328267477 0.022099447513812157 0.02634245187436677
10 0.3621295831240583 0.4427558257345492 0.021094927172275242 0.022289766970618036
10 0.3638874937217479 0.46757852077001016 0.025615268709191362 0.02735562310030395
10 0.4218985434455048 0.45440729483282677 0.015067805123053743 0.05167173252279635
10 0.5223505775991965 0.35866261398176297 0.023103967855349072 0.030395136778115502
10 0.5203415369161226 0.33941236068895647 0.020090406830738324 0.02634245187436677
10 0.5168257157207434 0.3196555217831814 0.023103967855349072 0.02938196555217832
10 0.5145655449522853 0.2993920972644377 0.02360622802611753 0.02938196555217832
10 0.43018583626318435 0.13829787234042554 0.020592667001506783 0.025329280648429587
10 0.43445504771471627 0.1661600810536981 0.023103967855349072 0.02634245187436677
10 0.4131089904570568 0.17629179331306993 0.019588146659969868 0.02634245187436677
10 0.40607734806629836 0.1540020263424519 0.02862882973380211 0.028368794326241138
9 0.7353088900050226 0.7006079027355624 0.022099447513812157 0.08409321175278622
9 0.719236564540432 0.7082066869300913 0.020090406830738324 0.08308004052684904
9 0.7021597187343044 0.7168186423505573 0.020090406830738324 0.0861195542046606
9 0.6850828729281768 0.7259371833839919 0.021094927172275242 0.09017223910840932
9 0.7948267202410849 0.4584599797365755 0.021597187343043698 0.08814589665653497
9 0.7797589151180312 0.4645390070921986 0.019588146659969868 0.08814589665653497
9 0.7659467604218986 0.475177304964539 0.020090406830738324 0.08510638297872342
9 0.7516323455549976 0.4787234042553192 0.01858362631843295 0.08409321175278622
9 0.7245102963335008 0.4964539007092199 0.021597187343043698 0.08713272543059777
9 0.7024108488196886 0.5040526849037488 0.02360622802611753 0.0861195542046606
9 0.6891009542943245 0.5111448834853091 0.025113008538422906 0.0861195542046606
9 0.6637368156705173 0.5339412360688957 0.024610748367654447 0.09321175278622088
9 0.646911099949774 0.5405268490374874 0.022099447513812157 0.09017223910840932
9 0.4183827222501256 0.7811550151975685 0.01908588648920141 0.09118541033434652
9 0.4040683073832245 0.7872340425531915 0.021597187343043698 0.09118541033434652
9 0.37694625816172783 0.8039513677811551 0.020592667001506783 0.08814589665653497
9 0.3480662983425415 0.8140830800405269 0.021094927172275242 0.09017223910840932
9 0.3309894525364139 0.8262411347517731 0.021094927172275242 0.09422492401215807
9 0.07885484681064793 0.8029381965552179 0.08538422903063787 0.07396149949341439
9 0.1519337016574586 0.7644376899696049 0.03666499246609744 0.1914893617021277
9 0.14992466097438475 0.3130699088145897 0.022601707684580617 0.10131712259371835
9 0.13510798593671522 0.3171225937183384 0.022099447513812157 0.09523809523809525
9 0.2081868407835259 0.31560283687943264 0.019588146659969868 0.07598784194528876
9 0.7538925163234557 0.6925025329280649 0.020090406830738324 0.08206686930091187
9 0.7714716223003517 0.682370820668693 0.01908588648920141 0.08409321175278622
9 0.7877950778503265 0.6722391084093212 0.019588146659969868 0.09017223910840932
10 0.27900552486187846 0.8733535967578522 0.022601707684580617 0.040526849037487336
10 0.40557508789552993 0.12968591691995948 0.021597187343043698 0.024316109422492405
10 0.4271722752385736 0.11904761904761905 0.022601707684580617 0.025329280648429587
10 0.4241587142139629 0.09675785207700102 0.021597187343043698 0.025329280648429587
10 0.4218985434455048 0.07244174265450862 0.02410848819688599 0.025329280648429587
10 0.42039176293319946 0.04609929078014185 0.02410848819688599 0.02938196555217832
10 0.4028126569563034 0.10587639311043567 0.023103967855349072 0.02938196555217832
10 0.3407835258663988 0.2558257345491388 0.021597187343043698 0.02735562310030395
10 0.22099447513812157 0.9300911854103344 0.018081366147664493 0.04457953394123607
10 0.2782521346057258 0.9078014184397164 0.021094927172275242 0.03647416413373861
10 0.2832747363134104 0.9351570415400203 0.021094927172275242 0.03850050658561297
10 0.27523857358111503 0.8500506585612969 0.022099447513812157 0.03647416413373861
9 0.8061275740833753 0.6656534954407295 0.021094927172275242 0.08510638297872342
10 0.2722250125565043 0.8267477203647416 0.023103967855349072 0.03850050658561297
10 0.26820693119035666 0.7857142857142858 0.021094927172275242 0.037487335359675786
10 0.2626820693119036 0.7467071935157042 0.023103967855349072 0.04255319148936171
10 0.25891511803114015 0.7102330293819656 0.021597187343043698 0.040526849037487336
10 0.16700150678051232 0.3059777102330294 0.01657458563535912 0.060790273556231005
10 0.23304871923656456 0.12310030395136778 0.022099447513812157 0.025329280648429587
10 0.2350577599196384 0.14539007092198583 0.021094927172275242 0.025329280648429587
10 0.23731793068809645 0.171225937183384 0.024610748367654447 0.028368794326241138
10 0.08362631843294828 0.1788247213779129 0.010547463586137621 0.04559270516717326
9 0.8237066800602713 0.6565349544072949 0.021094927172275242 0.08915906788247215
10 0.5600200904068308 0.27912867274569403 0.022099447513812157 0.02938196555217832
10 0.5544952285283777 0.23606889564336375 0.023103967855349072 0.030395136778115502
10 0.9836765444500252 0.1914893617021277 0.021597187343043698 0.05268490374873354
10 0.7865394274234054 0.08510638297872342 0.023103967855349072 0.024316109422492405
10 0.7898041185334004 0.12765957446808512 0.022601707684580617 0.02634245187436677
10 0.8033651431441488 0.24316109422492402 0.022601707684580617 0.024316109422492405
10 0.8016072325464592 0.22188449848024316 0.023103967855349072 0.024316109422492405
10 0.800351582119538 0.2021276595744681 0.02360622802611753 0.02735562310030395
10 0.7975891511803115 0.18135764944275584 0.023103967855349072 0.028368794326241138
10 0.7739829231541939 0.2198581560283688 0.023103967855349072 0.028368794326241138
10 0.7774987443495731 0.24113475177304966 0.023103967855349072 0.028368794326241138
10 0.7664490205926671 0.19908814589665655 0.022099447513812157 0.02735562310030395
10 0.7636865896534406 0.1783181357649443 0.027624309392265196 0.03242147922998987
10 0.7596685082872929 0.15602836879432624 0.02661978905072828 0.034447821681864235
10 0.7556504269211453 0.13323201621073963 0.027624309392265196 0.033434650455927056
10 0.7536413862380714 0.10891590678824722 0.025615268709191362 0.02735562310030395
10 0.7513812154696133 0.0861195542046606 0.025113008538422906 0.028368794326241138
10 0.748869914615771 0.06332320162107397 0.023103967855349072 0.02735562310030395
10 0.7466097438473129 0.04204660587639311 0.02360622802611753 0.025329280648429587
10 0.7026619789050729 0.2892603850050659 0.022099447513812157 0.02735562310030395
10 0.7031642390758414 0.26595744680851063 0.020090406830738324 0.025329280648429587
10 0.7021597187343044 0.24113475177304966 0.021094927172275242 0.02634245187436677
10 0.701657458563536 0.21631205673758866 0.023103967855349072 0.02938196555217832
10 0.6993972877950779 0.19351570415400204 0.021597187343043698 0.02634245187436677
10 0.6988950276243094 0.17021276595744683 0.027624309392265196 0.03242147922998987
10 0.6973882471120041 0.14589665653495443 0.021597187343043698 0.028368794326241138
10 0.6916122551481668 0.12462006079027356 0.022099447513812157 0.02634245187436677
10 0.788297338021095 0.10587639311043567 0.022601707684580617 0.025329280648429587
10 0.7847815168257158 0.05876393110435664 0.027624309392265196 0.030395136778115502
10 0.5534907081868409 0.2137791286727457 0.021094927172275242 0.030395136778115502
10 0.8616273229532899 0.05876393110435664 0.024610748367654447 0.028368794326241138
10 0.9550477147162231 0.22492401215805471 0.019588146659969868 0.024316109422492405
10 0.953792064289302 0.20415400202634246 0.022099447513812157 0.02938196555217832
10 0.9525364138623809 0.1828774062816616 0.020592667001506783 0.02735562310030395
10 0.9480160723254647 0.16261398176291794 0.025615268709191362 0.03546099290780142
10 0.947262682069312 0.13931104356636273 0.021094927172275242 0.031408308004052685
10 0.9447513812154698 0.12006079027355623 0.02410848819688599 0.02938196555217832
10 0.9424912104470117 0.10081053698074975 0.02360622802611753 0.031408308004052685
10 0.9407332998493221 0.07801418439716312 0.02410848819688599 0.030395136778115502
10 0.9357106981416374 0.05623100303951368 0.023103967855349072 0.02735562310030395
10 0.8874937217478654 0.0612968591691996 0.023103967855349072 0.031408308004052685
10 0.8905072827724763 0.085612968591692 0.023103967855349072 0.031408308004052685
10 0.8927674535409343 0.10688956433637285 0.020592667001506783 0.02735562310030395
10 0.8960321446509293 0.12664640324214793 0.021094927172275242 0.028368794326241138
10 0.8985434455047716 0.15096251266464034 0.022099447513812157 0.030395136778115502
10 0.9005524861878453 0.17325227963525838 0.023103967855349072 0.030395136778115502
10 0.9035660472124561 0.196048632218845 0.02410848819688599 0.031408308004052685
10 0.8797086891009543 0.2092198581560284 0.022601707684580617 0.02938196555217832
10 0.8779507785032648 0.18642350557244175 0.023103967855349072 0.02634245187436677
10 0.8766951280763436 0.16109422492401218 0.021597187343043698 0.024316109422492405
10 0.8751883475640383 0.1413373860182371 0.02360622802611753 0.02735562310030395
10 0.8719236564540432 0.12310030395136778 0.02410848819688599 0.02735562310030395
10 0.8679055750878956 0.1043566362715299 0.02611752887995982 0.02634245187436677
10 0.8648920140632849 0.08308004052684904 0.02410848819688599 0.02634245187436677
10 0.6893520843797087 0.0982776089159068 0.022601707684580617 0.028368794326241138
10 0.6870919136112507 0.07548125633232017 0.023103967855349072 0.031408308004052685
10 0.680813661476645 0.05116514690982776 0.021597187343043698 0.02735562310030395
10 0.6810647915620291 0.29736575481256333 0.022099447513812157 0.031408308004052685
10 0.5954294324460071 0.1788247213779129 0.020592667001506783 0.031408308004052685
10 0.5926670015067805 0.15754812563323203 0.021094927172275242 0.02735562310030395
10 0.5911602209944752 0.135258358662614 0.020090406830738324 0.02938196555217832
10 0.6172777498744351 0.184903748733536 0.021094927172275242 0.025329280648429587
10 0.6160220994475138 0.16413373860182373 0.019588146659969868 0.024316109422492405
10 0.6130085384229031 0.14184397163120568 0.022601707684580617 0.020263424518743668
10 0.6127574083375189 0.11955420466058765 0.022099447513812157 0.022289766970618036
10 0.6104972375690608 0.0977710233029382 0.022601707684580617 0.025329280648429587
10 0.586639879457559 0.11550151975683891 0.022099447513812157 0.03242147922998987
10 0.5856353591160222 0.09371833839918947 0.021094927172275242 0.02938196555217832
10 0.6077348066298344 0.07548125633232017 0.023103967855349072 0.025329280648429587
10 0.6019588146659971 0.057750759878419454 0.022601707684580617 0.024316109422492405
10 0.5806127574083376 0.07193515704154002 0.023103967855349072 0.030395136778115502
10 0.5994475138121548 0.03850050658561297 0.022601707684580617 0.02634245187436677
10 0.5781014565544953 0.04964539007092199 0.022099447513812157 0.028368794326241138
10 0.5366649924660974 0.04863221884498481 0.024610748367654447 0.02634245187436677
10 0.5374183827222502 0.06990881458966566 0.025113008538422906 0.028368794326241138
10 0.5399296835760925 0.09118541033434652 0.023103967855349072 0.028368794326241138
10 0.5421898543445506 0.110435663627153 0.021597187343043698 0.024316109422492405
10 0.5444500251130086 0.13069908814589667 0.023103967855349072 0.028368794326241138
10 0.5464590657960824 0.1529888551165147 0.023103967855349072 0.02634245187436677
10 0.5489703666499247 0.1727456940222898 0.022099447513812157 0.025329280648429587
10 0.5509794073329985 0.19250253292806485 0.022099447513812157 0.02634245187436677
10 0.5984429934706178 0.19807497467071936 0.019588146659969868 0.02735562310030395
10 0.6200401808136615 0.20415400202634246 0.02360622802611753 0.025329280648429587
10 0.6002009040683074 0.2188449848024316 0.021094927172275242 0.028368794326241138
10 0.6584630838774486 0.05927051671732523 0.023103967855349072 0.031408308004052685
10 0.6805625313912608 0.2750759878419453 0.023103967855349072 0.031408308004052685
10 0.6815670517327976 0.2517730496453901 0.01908588648920141 0.02735562310030395
10 0.679809141135108 0.23049645390070925 0.019588146659969868 0.02735562310030395
10 0.67754897036665 0.20972644376899696 0.022099447513812157 0.028368794326241138
10 0.673279758915118 0.1899696048632219 0.02661978905072828 0.033434650455927056
10 0.6715218483174284 0.16869300911854104 0.02611752887995982 0.03546099290780142
10 0.6682571572074335 0.14488348530901723 0.025615268709191362 0.034447821681864235
10 0.6657458563535912 0.12107396149949343 0.019588146659969868 0.025329280648429587
10 0.6634856855851332 0.1033434650455927 0.023103967855349072 0.028368794326241138
10 0.6609743847312909 0.08156028368794327 0.028126569563033655 0.02938196555217832
10 0.6577096936212959 0.03900709219858156 0.02360622802611753 0.02735562310030395
10 0.62054244098443 0.22492401215805471 0.019588146659969868 0.022289766970618036
10 0.6341034655951784 0.06838905775075989 0.013561024610748368 0.04761904761904762
10 0.6288297338021096 0.3110435663627153 0.020090406830738324 0.022289766970618036
10 0.608488196885987 0.3247213779128673 0.021597187343043698 0.02938196555217832
10 0.6270718232044199 0.29128672745694023 0.01858362631843295 0.019250253292806486
10 0.6059768960321447 0.30344478216818643 0.020592667001506783 0.02938196555217832
10 0.6270718232044199 0.2700101317122594 0.017579105976896034 0.021276595744680854
10 0.6064791562029131 0.27963525835866265 0.02360622802611753 0.030395136778115502
10 0.6032144650929182 0.25987841945288753 0.022099447513812157 0.02938196555217832
10 0.6228026117528881 0.24620060790273557 0.021094927172275242 0.022289766970618036
10 0.6017076845806129 0.2396149949341439 0.020090406830738324 0.025329280648429587
9 0.2307885484681065 0.30192502532928067 0.02661978905072828 0.09523809523809525
