9 0.21083571655544966 0.04568165596002855 0.014934858595487767 0.04568165596002855
7 0.9890371782650144 0.09850107066381156 0.015570384493168098 0.11420413990007137
14 0.43867175087384813 0.1952177016416845 0.03272958373053702 0.04354032833690221
14 0.3724181760406737 0.16666666666666666 0.0374960279631395 0.05638829407566024
14 0.29313632030505243 0.2462526766595289 0.037178265014299335 0.06566738044254104
14 0.1628535112805847 0.400785153461813 0.03336510962821735 0.06638115631691649
14 0.0978709882427709 0.5039257673090649 0.031140768986336196 0.05710206995003569
14 0.02907530981887512 0.6031406138472519 0.037178265014299335 0.07994289793004997
7 0.3304734667937719 0.4564596716630978 0.03940260565618049 0.139186295503212
7 0.19081665077851925 0.5653104925053534 0.015570384493168098 0.05852962169878658
7 0.9137273593898952 0.16167023554603854 0.021925643469971404 0.14632405424696646
14 0.6169367651731809 0.17059243397573162 0.03590721321893867 0.04853675945753034
7 0.8250714966634891 0.2044967880085653 0.04289799809342231 0.14917915774446824
7 0.7918652685096919 0.27194860813704497 0.04829996822370512 0.1655960028551035
7 0.6731808071178901 0.41077801570306927 0.04162694629806165 0.2605281941470378
7 0.5198601843025104 0.4100642398286938 0.04448681283762314 0.21770164168451106
7 0.4445503654273912 0.39364739471805854 0.03177629488401652 0.15488936473947182
7 0.38131553860819833 0.4189864382583869 0.033047346679377185 0.17844396859386152
7 0.2591356847791548 0.46823697359029265 0.03527168732125834 0.10278372591006424
7 0.13743247537337147 0.6491791577444682 0.047346679377184626 0.13062098501070663
14 0.5481410867492851 0.17987152034261242 0.02732761360025421 0.04425410421127766
10 0.04512233873530347 0.08065667380442541 0.012710517953606611 0.03283369022127052
10 0.21750873848109312 0.029978586723768737 0.009850651414045123 0.029978586723768737
1 0.4332697807435653 0.39257673090649536 0.013663806800127106 0.049964311206281226
10 0.22656498252303783 0.08850820842255532 0.01207499205592628 0.03997144896502498
10 0.21639656816015254 0.08422555317630265 0.01143946615824595 0.03283369022127052
10 0.2184620273276136 0.12455389007851535 0.013028280902446775 0.03640256959314775
10 0.21163012392755007 0.13882940756602427 0.01143946615824595 0.03354746609564597
10 0.6178900540197013 0.014632405424696645 0.015570384493168098 0.014989293361884369
1 0.9065776930409915 0.14989293361884368 0.01080394026056562 0.04425410421127766
1 0.8330155703844933 0.2444682369735903 0.016841436288528758 0.04782298358315489
1 0.6846202732761361 0.520699500356888 0.011121703209405785 0.04068522483940043
1 0.39386717508738484 0.4025695931477516 0.013028280902446775 0.049964311206281226
10 0.052272005084207186 0.38615274803711636 0.011121703209405785 0.029978586723768737
1 0.3436606291706387 0.4236259814418273 0.015570384493168098 0.0649536045681656
1 0.18700349539243727 0.5795860099928622 0.013663806800127106 0.03854389721627409
1 0.12853511280584684 0.6841541755888652 0.023196695265332065 0.07066381156316917
1 0.08674928503336511 0.8019271948608138 0.019701302828090246 0.04782298358315489
1 0.0567206863679695 0.8426124197002142 0.01747696218620909 0.04782298358315489
1 0.007785192246584049 0.8922198429693077 0.014934858595487767 0.042826552462526764
10 0.15220845249443915 0.274446823697359 0.01143946615824595 0.030692362598144184
10 0.00540197013028281 0.4014989293361884 0.010168414362885288 0.032119914346895075
7 0.06482364156339371 0.7844396859386152 0.06418811566571338 0.15132048536759457
