10 0.060941828254847646 0.181740614334471 0.04247460757156048 0.01877133105802048
10 0.06463527239150507 0.1621160409556314 0.03693444136657433 0.017064846416382253
10 0.060480147737765465 0.12286689419795221 0.04339796860572483 0.02218430034129693
4 0.8162511542012927 0.5063993174061433 0.14219759926131118 0.18003412969283278
4 0.7220683287165282 0.47013651877133106 0.14219759926131118 0.18088737201365188
4 0.6283471837488458 0.4334470989761092 0.14496768236380425 0.18088737201365188
4 0.7123730378578024 0.7337883959044369 0.14496768236380425 0.17918088737201365
4 0.61865189289012 0.697098976109215 0.14219759926131118 0.17918088737201365
4 0.5244690674053555 0.6604095563139932 0.14219759926131118 0.17918088737201365
4 0.4312096029547553 0.6245733788395904 0.14219759926131118 0.17918088737201365
4 0.33702677746999077 0.5878839590443686 0.14219759926131118 0.17918088737201365
4 0.24238227146814403 0.5511945392491467 0.14312096029547552 0.17918088737201365
4 0.5346260387811634 0.39803754266211605 0.14219759926131118 0.17832764505119453
4 0.44044321329639885 0.3604948805460751 0.14404432132963987 0.17832764505119453
4 0.3467220683287165 0.32380546075085326 0.1412742382271468 0.1766211604095563
