9 0.4781718963165075 0.1202928870292887 0.07094133697135062 0.10041841004184099
9 0.21623465211459755 0.6385983263598326 0.04638472032742155 0.10355648535564853
9 0.5395634379263301 0.3457112970711297 0.058663028649386086 0.1119246861924686
9 0.5255798090040927 0.3268828451882845 0.059345156889495224 0.10564853556485354
9 0.45736698499317874 0.3734309623430962 0.07298772169167804 0.0899581589958159
9 0.0941336971350614 0.5324267782426778 0.045020463847203276 0.10878661087866108
9 0.13199181446111868 0.5496861924686192 0.045702592087312414 0.11401673640167363
9 0.14836289222373805 0.5648535564853556 0.042974079126875855 0.10669456066945605
9 0.20259208731241474 0.610878661087866 0.03274215552523874 0.07740585774058577
9 0.2489768076398363 0.6835774058577405 0.045020463847203276 0.11820083682008367
9 0.376193724420191 0.8148535564853556 0.0470668485675307 0.11087866108786609
9 0.2786493860845839 0.7275104602510459 0.04433833560709413 0.1119246861924686
9 0.3966575716234652 0.8368200836820083 0.045702592087312414 0.10878661087866108
9 0.41916780354706684 0.4544979079497908 0.07708049113233288 0.08472803347280335
9 0.7049795361527967 0.5031380753138075 0.07844474761255116 0.0794979079497908
9 0.75 0.3687238493723849 0.07708049113233288 0.06380753138075314
9 0.5133015006821282 0.3017782426778242 0.05798090040927695 0.10564853556485354
9 0.46487039563437926 0.1469665271966527 0.0688949522510232 0.08682008368200836
9 0.5590040927694406 0.3640167364016736 0.05525238744884038 0.11506276150627615
9 0.18724420190995908 0.5910041841004183 0.032060027285129605 0.07531380753138074
10 0.7564802182810368 0.323744769874477 0.04365620736698499 0.05125523012552301
10 0.3567530695770805 0.6668410041841004 0.030013642564802184 0.038702928870292884
10 0.6364256480218281 0.4963389121338912 0.03137789904502047 0.036610878661087864
10 0.6122100954979536 0.5387029288702928 0.03342428376534789 0.03556485355648535
10 0.592087312414734 0.5899581589958158 0.03819918144611187 0.03556485355648535
10 0.4225784447476126 0.7452928870292886 0.030695770804911322 0.038702928870292884
10 0.4068894952251023 0.7290794979079497 0.032060027285129605 0.0397489539748954
10 0.38233287858117326 0.698744769874477 0.03342428376534789 0.04184100418410042
10 0.3707366984993179 0.6814853556485355 0.032060027285129605 0.0407949790794979
10 0.3246930422919509 0.6422594142259413 0.030013642564802184 0.03556485355648535
9 0.16916780354706684 0.5763598326359832 0.040927694406548434 0.11297071129707112
10 0.2994542974079127 0.6072175732217573 0.03274215552523874 0.038702928870292884
10 0.27251023192360163 0.5784518828451882 0.029331514324693043 0.03556485355648535
10 0.24181446111869032 0.5523012552301255 0.030695770804911322 0.0397489539748954
10 0.2305593451568895 0.5329497907949791 0.0286493860845839 0.036610878661087864
10 0.32878581173260574 0.5371338912133891 0.03274215552523874 0.0407949790794979
10 0.2766030013642565 0.48064853556485354 0.032060027285129605 0.0407949790794979
9 0.08969986357435197 0.1061715481171548 0.05798090040927695 0.05125523012552301
9 0.15620736698499318 0.14016736401673638 0.08049113233287858 0.15062761506276148
