10 0.1452581032412965 0.17782909930715934 0.024009603841536612 0.04003079291762894
9 0.5945378151260504 0.5658198614318707 0.034213685474189674 0.06004618937644341
9 0.375750300120048 0.2159353348729792 0.058823529411764705 0.11470361816782139
9 0.2821128451380552 0.14742109314857582 0.058823529411764705 0.1193225558121632
9 0.3631452581032413 0.5985373364126251 0.03601440576230492 0.06543494996150885
9 0.38055222088835533 0.5892994611239415 0.03361344537815126 0.06389530408006158
9 0.4009603841536614 0.573518090839107 0.03481392557022809 0.07390300230946882
9 0.5663265306122448 0.49999999999999994 0.04141656662665066 0.07313317936874518
9 0.553421368547419 0.6193225558121631 0.03601440576230492 0.06697459584295612
9 0.6209483793517406 0.5481139337952271 0.034213685474189674 0.06466512702078521
10 0.1293517406962785 0.09969207082371054 0.025810324129651858 0.042340261739799843
9 0.6422569027611044 0.537721324095458 0.03721488595438175 0.07159353348729791
9 0.6608643457382952 0.4869130100076982 0.03481392557022809 0.060816012317167045
9 0.7094837935174069 0.3163972286374134 0.062424969987995196 0.12009237875288682
9 0.7842136854741896 0.26828329484218627 0.04501800720288115 0.07159353348729791
9 0.33913565426170467 0.5873749037721324 0.03481392557022809 0.06774441878367975
9 0.45228091236494594 0.527328714395689 0.033013205282112844 0.06312548113933796
9 0.39735894357743096 0.17397998460354117 0.03601440576230492 0.06620477290223248
9 0.4561824729891956 0.1720554272517321 0.058823529411764705 0.12548113933795227
