10 0.9657451923076924 0.22743207712532867 0.054086538461538464 0.028921998247151623
10 0.1778846153846154 0.8238387379491674 0.04326923076923077 0.02979842243645925
4 0.5054086538461539 0.5127081507449606 0.21514423076923078 0.17177914110429449
4 0.6598557692307693 0.6717791411042945 0.23798076923076925 0.1551270815074496
4 0.7391826923076924 0.5924627519719544 0.23798076923076925 0.15600350569675722
4 0.8179086538461539 0.5135845749342682 0.234375 0.15600350569675722
10 0.20372596153846154 0.03374233128834356 0.06129807692307693 0.03067484662576687
10 0.43509615384615385 0.05083260297984225 0.04567307692307693 0.033304119193689745
10 0.3401442307692308 0.10517090271691498 0.05288461538461539 0.033304119193689745
10 0.2746394230769231 0.07668711656441718 0.05168269230769231 0.025416301489921123
10 0.3118990384615385 0.09640666082383874 0.056490384615384616 0.04382120946538125
10 0.5997596153846154 0.1757230499561788 0.05288461538461539 0.037686240140227874
10 0.6856971153846154 0.19456617002629273 0.04447115384615385 0.035056967572304996
10 0.7211538461538461 0.19763365468886943 0.05048076923076923 0.03593339176161262
10 0.14963942307692307 0.6971954425942156 0.05168269230769231 0.03242769500438212
10 0.19230769230769232 0.8098159509202454 0.05048076923076923 0.035056967572304996
10 0.15745192307692307 0.8378615249780894 0.05048076923076923 0.035056967572304996
10 0.9008413461538463 0.22962313759859773 0.03485576923076923 0.03680981595092025
10 0.45793269230769235 0.8562664329535495 0.04326923076923077 0.028045574057843997
10 0.4411057692307693 0.871603856266433 0.04326923076923077 0.03242769500438212
10 0.09254807692307693 0.9084136722173533 0.04567307692307693 0.03067484662576687
10 0.03125 0.8242769500438212 0.05048076923076923 0.03418054338299737
10 0.018028846153846156 0.8396143733567046 0.03365384615384616 0.02979842243645925
10 0.7295673076923077 0.9728308501314636 0.04326923076923077 0.03856266432953549
10 0.9459134615384616 0.9145486415425066 0.04807692307692308 0.03242769500438212
10 0.9765625 0.8527607361963191 0.042067307692307696 0.035056967572304996
10 0.8070913461538461 0.08588957055214724 0.056490384615384616 0.028045574057843997
10 0.8137019230769231 0.06792287467134094 0.05288461538461539 0.02366345311130587
10 0.967548076923077 0.1200701139351446 0.05048076923076923 0.028045574057843997
10 0.9729567307692308 0.10254163014899212 0.05168269230769231 0.026292725679228746
10 0.8094951923076924 0.12269938650306748 0.04447115384615385 0.024539877300613498
10 0.9453125 0.16520595968448729 0.05168269230769231 0.025416301489921123
4 0.4014423076923077 0.45617879053461874 0.21153846153846156 0.17440841367221735
