10 0.05814977973568282 0.3065934065934066 0.01762114537444934 0.04395604395604395
10 0.052422907488986786 0.22087912087912087 0.02026431718061674 0.041758241758241756
10 0.9665198237885463 0.37967032967032965 0.04052863436123348 0.02967032967032967
10 0.8916299559471366 0.010989010989010988 0.033480176211453744 0.021978021978021976
10 0.8096916299559471 0.03296703296703297 0.02290748898678414 0.046153846153846156
10 0.6951541850220264 0.013736263736263736 0.04052863436123348 0.025274725274725275
10 0.6110132158590309 0.024725274725274724 0.039647577092511016 0.023076923076923078
10 0.5709251101321586 0.02912087912087912 0.03876651982378855 0.027472527472527472
10 0.49735682819383265 0.036813186813186814 0.03788546255506608 0.027472527472527472
10 0.29118942731277536 0.05714285714285714 0.03788546255506608 0.021978021978021976
10 0.17312775330396477 0.06923076923076923 0.03612334801762115 0.01978021978021978
10 0.25242290748898677 0.06208791208791209 0.03612334801762115 0.023076923076923078
10 0.1277533039647577 0.07252747252747253 0.03700440528634361 0.021978021978021976
13 0.33480176211453744 0.8741758241758242 0.2643171806167401 0.24945054945054945
5 0.22290748898678414 0.5543956043956044 0.18854625550660795 0.15714285714285714
4 0.707488986784141 0.2587912087912088 0.09691629955947137 0.22527472527472528
4 0.6013215859030837 0.2703296703296703 0.0960352422907489 0.22197802197802197
4 0.4960352422907489 0.2796703296703297 0.09339207048458151 0.2230769230769231
4 0.39118942731277534 0.28846153846153844 0.09691629955947137 0.2230769230769231
10 0.954625550660793 0.9258241758241759 0.025550660792951544 0.023076923076923078
10 0.9700440528634362 0.984065934065934 0.03700440528634361 0.025274725274725275
10 0.8577092511013216 0.07747252747252747 0.02378854625550661 0.056043956043956046
10 0.08590308370044053 0.6851648351648352 0.02026431718061674 0.04285714285714286
10 0.05550660792951542 0.26263736263736265 0.021145374449339206 0.03956043956043956
10 0.06167400881057269 0.3631868131868132 0.019383259911894275 0.04945054945054945
10 0.06607929515418502 0.42637362637362636 0.01762114537444934 0.046153846153846156
10 0.0696035242290749 0.4736263736263736 0.019383259911894275 0.046153846153846156
10 0.07312775330396476 0.528021978021978 0.021145374449339206 0.04945054945054945
10 0.07841409691629957 0.5802197802197803 0.01762114537444934 0.04835164835164835
10 0.0814977973568282 0.6318681318681318 0.01497797356828194 0.05054945054945055
10 0.086784140969163 0.7489010989010989 0.02026431718061674 0.051648351648351645
10 0.8740088105726873 0.25274725274725274 0.021145374449339206 0.04835164835164835
10 0.0907488986784141 0.8087912087912088 0.021145374449339206 0.04835164835164835
10 0.09427312775330397 0.8571428571428571 0.02290748898678414 0.046153846153846156
10 0.10088105726872247 0.9054945054945055 0.02378854625550661 0.046153846153846156
10 0.10308370044052864 0.9626373626373627 0.02290748898678414 0.05714285714285714
10 0.8916299559471366 0.5659340659340659 0.019383259911894275 0.046153846153846156
10 0.8885462555066079 0.5131868131868131 0.018502202643171806 0.041758241758241756
10 0.8859030837004406 0.4554945054945055 0.018502202643171806 0.045054945054945054
4 0.2850220264317181 0.3 0.0960352422907489 0.22417582417582418
