10 0.21078875793291024 0.4959165154264973 0.019038984587488667 0.02087114337568058
10 0.19900271985494106 0.4941016333938294 0.017225747960108794 0.019056261343012703
10 0.18766999093381687 0.49137931034482757 0.012692656391659111 0.019056261343012703
1 0.1686310063463282 0.16243194192377494 0.02357207615593835 0.02722323049001815
14 0.19809610154125112 0.8003629764065335 0.04442429737080689 0.029038112522686024
7 0.7914777878513146 0.7273139745916515 0.20489573889392565 0.04809437386569873
7 0.6087941976427924 0.4895644283121597 0.08794197642792384 0.03720508166969147
7 0.6613780598368088 0.2885662431941924 0.22393472348141433 0.050816696914700546
7 0.64233907524932 0.21052631578947367 0.22756119673617406 0.045372050816696916
14 0.3594741613780598 0.3643375680580762 0.028105167724388033 0.05535390199637023
