10 0.9476954945624029 0.19461077844311378 0.024857586742620404 0.03473053892215569
10 0.9031589849818746 0.15568862275449102 0.015535991714137751 0.05269461077844311
10 0.8876229932677369 0.1497005988023952 0.0186431900569653 0.06946107784431138
10 0.8153806317969963 0.053293413173652694 0.015018125323666493 0.06107784431137724
1 0.3169342309684101 0.34850299401197604 0.017607457276022784 0.06467065868263473
7 0.8534438114966338 0.6826347305389221 0.06421543241843604 0.19640718562874251
7 0.7107716209218021 0.6119760479041916 0.07405489383738995 0.2562874251497006
7 0.6359399274987053 0.5706586826347305 0.0435007767995857 0.18083832335329342
7 0.5572242361470741 0.5149700598802395 0.039357845675815635 0.162874251497006
7 0.49999999999999994 0.4544910179640719 0.03987571206628689 0.18083832335329342
7 0.40833764888658725 0.36706586826347304 0.059554634904194714 0.19760479041916168
7 0.31175556706369756 0.2622754491017964 0.06525116519937856 0.20838323353293414
7 0.11289487312273433 0.19341317365269461 0.05385810460901087 0.29101796407185626
