7 0.9115413819286257 0.9383971291866028 0.08731966590736523 0.0645933014354067
7 0.8185269552012149 0.8447966507177033 0.09111617312072894 0.06758373205741626
7 0.7619589977220957 0.7796052631578947 0.07668944570994685 0.0604066985645933
7 0.6890660592255126 0.6949760765550239 0.09187547456340167 0.06578947368421052
7 0.6108580106302203 0.6010765550239234 0.06454062262718299 0.039473684210526314
7 0.5330296127562643 0.5077751196172249 0.060744115413819286 0.04904306220095694
7 0.4449506454062263 0.4084928229665072 0.0683371298405467 0.04186602870813397
7 0.3519362186788155 0.305322966507177 0.09643128321943813 0.0735645933014354
7 0.27258921791951407 0.21082535885167464 0.07289293849658315 0.05801435406698564
7 0.19438116932422173 0.1492224880382775 0.11541381928625664 0.08791866028708134
