10 0.9552414605418138 0.757366482504604 0.05653710247349823 0.037753222836095765
1 0.2779740871613663 0.9746777163904236 0.03297997644287397 0.04880294659300184
1 0.3680800942285041 0.9668508287292819 0.04593639575971731 0.04604051565377532
1 0.574793875147232 0.5308471454880295 0.05653710247349823 0.03959484346224678
1 0.7555948174322732 0.27302025782688766 0.06242638398115429 0.046961325966850834
1 0.3504122497055359 0.19843462246777166 0.06242638398115429 0.05248618784530387
7 0.93698468786808 0.13213627992633517 0.12838633686690223 0.15377532228360957
7 0.8062426383981154 0.30570902394106814 0.11425206124852767 0.08287292817679558
7 0.6878680800942285 0.43738489871086556 0.11778563015312131 0.11602209944751382
7 0.6071849234393404 0.5768876611418048 0.1707891637220259 0.09300184162062615
7 0.4935217903415783 0.7615101289134438 0.24734982332155475 0.13812154696132597
7 0.40577149587750294 0.9631675874769797 0.09540636042402827 0.07366482504604052
7 0.11307420494699646 0.7656537753222836 0.09658421672555947 0.07458563535911603
7 0.14958775029446406 0.46915285451197053 0.2143698468786808 0.12430939226519337
7 0.33745583038869253 0.1694290976058932 0.10482921083627797 0.09392265193370167
