10 0.41965811965811967 0.5568561872909699 0.04786324786324786 0.028428093645484948
9 0.38333333333333336 0.6229096989966555 0.08632478632478632 0.03177257525083612
9 0.6611111111111111 0.3804347826086956 0.05384615384615385 0.07190635451505016
9 0.6269230769230769 0.3432274247491639 0.05384615384615385 0.09448160535117056
9 0.517948717948718 0.3733277591973244 0.06837606837606838 0.05936454849498328
9 0.5068376068376068 0.44816053511705684 0.06495726495726496 0.056856187290969896
9 0.5222222222222223 0.4908026755852843 0.06153846153846154 0.06354515050167224
9 0.6602564102564102 0.5313545150501672 0.07264957264957266 0.07608695652173914
9 0.67008547008547 0.5948996655518395 0.06495726495726496 0.061036789297658864
9 0.5235042735042735 0.6279264214046822 0.04700854700854701 0.033444816053511704
9 0.6876068376068376 0.8081103678929765 0.019658119658119658 0.05434782608695652
9 0.49786324786324787 0.2964046822742475 0.05555555555555555 0.061036789297658864
9 0.6782051282051282 0.9013377926421404 0.028205128205128206 0.07692307692307693
9 0.5538461538461539 0.8892140468227424 0.08034188034188035 0.03595317725752508
9 0.5598290598290598 0.9101170568561873 0.08034188034188035 0.039297658862876256
9 0.5811965811965812 0.9502508361204013 0.07179487179487179 0.03595317725752508
9 0.5696581196581196 0.9306020066889632 0.07777777777777778 0.03678929765886287
9 0.6358974358974359 0.7642140468227424 0.02905982905982906 0.08695652173913043
9 0.5435897435897435 0.7525083612040133 0.06666666666666667 0.03177257525083612
9 0.5393162393162393 0.7801003344481605 0.07179487179487179 0.030100334448160536
9 0.5551282051282052 0.3616220735785953 0.05213675213675214 0.06270903010033445
9 0.5461538461538461 0.28762541806020064 0.02735042735042735 0.06521739130434782
9 0.38504273504273506 0.7642140468227424 0.040170940170940174 0.07357859531772575
9 0.7457264957264957 0.8841973244147157 0.07435897435897436 0.03595317725752508
9 0.5021367521367521 0.33277591973244147 0.0641025641025641 0.056856187290969896
9 0.49572649572649574 0.41304347826086957 0.06324786324786325 0.06020066889632107
9 0.5316239316239316 0.5464046822742474 0.06495726495726496 0.06939799331103678
9 0.6581196581196581 0.4661371237458194 0.05811965811965812 0.07107023411371237
9 0.6534188034188034 0.5045986622073578 0.05555555555555555 0.05936454849498328
9 0.6735042735042736 0.5556020066889632 0.05982905982905983 0.06438127090301003
9 0.6722222222222223 0.68938127090301 0.07435897435897436 0.03762541806020067
9 0.6675213675213675 0.7784280936454849 0.017094017094017096 0.06856187290969899
9 0.7508547008547009 0.9251672240802675 0.07777777777777778 0.03260869565217391
9 0.5824786324786325 0.3085284280936455 0.023076923076923078 0.05351170568561873
9 0.7564102564102564 0.9456521739130435 0.07692307692307693 0.033444816053511704
9 0.21452991452991452 0.5819397993311036 0.035897435897435895 0.07190635451505016
9 0.0829059829059829 0.6383779264214047 0.02905982905982906 0.04933110367892977
9 0.37264957264957266 0.5940635451505016 0.0905982905982906 0.04096989966555184
9 0.3803418803418803 0.6760033444816054 0.09401709401709402 0.034280936454849496
9 0.09316239316239316 0.9561036789297659 0.03247863247863248 0.04431438127090301
9 0.20598290598290597 0.8804347826086957 0.035897435897435895 0.043478260869565216
9 0.5735042735042735 0.24749163879598662 0.02393162393162393 0.051839464882943144
9 0.5508547008547009 0.8265050167224081 0.07264957264957266 0.02926421404682274
9 0.18717948717948718 0.778010033444816 0.046153846153846156 0.08779264214046822
10 0.1294871794871795 0.93938127090301 0.023076923076923078 0.04096989966555184
10 0.261965811965812 0.7399665551839465 0.03162393162393162 0.015050167224080268
10 0.6987179487179487 0.7562709030100334 0.026495726495726495 0.04096989966555184
9 0.7435897435897436 0.8173076923076923 0.02564102564102564 0.06270903010033445
10 0.647008547008547 0.8561872909698997 0.03247863247863248 0.04180602006688963
1 0.6183760683760684 0.963628762541806 0.0452991452991453 0.0225752508361204
9 0.7670940170940171 0.8979933110367893 0.05555555555555555 0.033444816053511704
10 0.7833333333333333 0.9841137123745819 0.038461538461538464 0.023411371237458192
10 0.3388888888888889 0.9046822742474916 0.026495726495726495 0.03678929765886287
10 0.25769230769230766 0.8754180602006689 0.01623931623931624 0.03678929765886287
10 0.26794871794871794 0.7211538461538461 0.04358974358974359 0.020903010033444816
9 0.497008547008547 0.3841973244147157 0.06923076923076923 0.0677257525083612
10 0.3017094017094017 0.7441471571906354 0.02393162393162393 0.033444816053511704
10 0.3243589743589744 0.7608695652173912 0.023076923076923078 0.03511705685618729
10 0.308974358974359 0.7771739130434783 0.017948717948717947 0.03260869565217391
10 0.2948717948717949 0.7834448160535117 0.015384615384615385 0.03177257525083612
10 0.22777777777777777 0.737876254180602 0.024786324786324785 0.03595317725752508
10 0.28675213675213673 0.7491638795986622 0.024786324786324785 0.03678929765886287
10 0.08547008547008547 0.782190635451505 0.017094017094017096 0.03762541806020067
10 0.08803418803418804 0.8189799331103679 0.017094017094017096 0.03260869565217391
10 0.5974358974358974 0.7462374581939799 0.02393162393162393 0.03260869565217391
9 0.7068376068376069 0.3457357859531773 0.046153846153846156 0.04598662207357859
9 0.3457264957264957 0.7704849498327759 0.029914529914529916 0.0794314381270903
9 0.1482905982905983 0.6103678929765887 0.040170940170940174 0.07859531772575251
9 0.7564102564102564 0.967809364548495 0.07179487179487179 0.030936454849498328
9 0.6816239316239316 0.7148829431438127 0.07435897435897436 0.03678929765886287
9 0.7235042735042735 0.7884615384615384 0.028205128205128206 0.07525083612040134
10 0.20085470085470086 0.6091137123745819 0.02393162393162393 0.034280936454849496
10 0.16367521367521368 0.5372073578595318 0.021367521367521368 0.03595317725752508
10 0.1675213675213675 0.5706521739130435 0.017094017094017096 0.030936454849498328
10 0.046153846153846156 0.6659698996655519 0.022222222222222223 0.030936454849498328
10 0.10256410256410256 0.6362876254180602 0.022222222222222223 0.04013377926421405
1 0.17222222222222222 0.6153846153846154 0.03675213675213675 0.05852842809364548
10 0.6982905982905983 0.3010033444816054 0.03076923076923077 0.033444816053511704
9 0.06153846153846154 0.6467391304347826 0.02905982905982906 0.052675585284280936
9 0.6252136752136752 0.6066053511705686 0.029914529914529916 0.05100334448160535
9 0.5290598290598291 0.5974080267558528 0.09230769230769231 0.07608695652173914
10 0.5512820512820513 0.21948160535117056 0.018803418803418803 0.02926421404682274
10 0.5230769230769231 0.23787625418060201 0.022222222222222223 0.03762541806020067
10 0.5363247863247863 0.22157190635451504 0.019658119658119658 0.028428093645484948
10 0.6311965811965812 0.270066889632107 0.03333333333333333 0.03678929765886287
10 0.7307692307692307 0.31521739130434784 0.02564102564102564 0.030100334448160536
9 0.5987179487179487 0.262123745819398 0.026495726495726495 0.07608695652173914
