1 0.6597487711632987 0.3698630136986301 0.07209175314036045 0.07270811380400422
7 0.3978700163844893 0.6649104320337197 0.1600218459858001 0.16754478398314013
1 0.7872747132714363 0.3477344573234984 0.025669033315128344 0.026343519494204423
7 0.07973784817039868 0.95231822971549 0.09721463681048606 0.09536354056902001
1 0.15811032222829055 0.7052160168598525 0.020207536865101038 0.02370916754478398
1 0.1646641179683233 0.7015279241306638 0.020207536865101038 0.02160168598524763
1 0.17640633533588201 0.6888830347734457 0.020753686510103765 0.02160168598524763
1 0.18186783178590932 0.6841412012644889 0.021845985800109227 0.02160168598524763
7 0.24303659202621516 0.7721285563751317 0.1725832878208629 0.18177028451001054
7 0.28727471327143633 0.7220758693361432 0.1638448935008192 0.17228661749209692
7 0.35253959584926264 0.7012644889357218 0.14363735663571817 0.1506849315068493
7 0.45821955215729104 0.6135405690200211 0.1441835062807209 0.15015806111696522
1 0.9262697979246313 0.04873551106427818 0.018569087930092845 0.022655426765015804
7 0.5062807209175314 0.5698103266596417 0.14199890770070997 0.14910432033719703
7 0.554614964500273 0.523972602739726 0.13817586018569086 0.14383561643835616
7 0.608410704533042 0.4847207586933614 0.1474604041507373 0.15489989462592202
7 0.659202621518296 0.44204425711275025 0.1474604041507373 0.15489989462592202
7 0.7097214636810485 0.3996311907270811 0.15019115237575095 0.15858798735511062
7 0.7558711086837793 0.35089567966280294 0.14199890770070997 0.14857744994731295
7 0.8069361004915346 0.30979978925184404 0.1458219552157291 0.15279241306638566
7 0.8574549426542872 0.26580611169652263 0.14636810486073182 0.15437302423603794
7 0.9142545057345712 0.20574288724973655 0.1583833970507919 0.16280295047418333
1 0.9197160021845985 0.052423603793466805 0.018569087930092845 0.02370916754478398
1 0.9330966684871654 0.04478398314014752 0.018022938285090113 0.022128556375131715
1 0.7255598033861277 0.43993677555321387 0.07263790278536318 0.07165437302423604
1 0.4120699071545603 0.6946786090621706 0.019115237575095576 0.0184404636459431
1 0.674221736755871 0.48208640674394093 0.07154560349535773 0.07270811380400422
1 0.6471873293282359 0.5036880927291886 0.06990715456034953 0.07270811380400422
1 0.5988530857454942 0.5487355110642782 0.06826870562534133 0.0732349841938883
1 0.5764609503003822 0.571917808219178 0.07263790278536318 0.07218124341412012
1 0.48115783724740574 0.5205479452054794 0.07099945385035498 0.0737618545837724
1 0.4287274713271436 0.6003688092729188 0.0338612779901693 0.03424657534246575
1 0.4429273620972146 0.7276080084299262 0.018569087930092845 0.018967334035827184
1 0.4309120699071545 0.714436248682824 0.018569087930092845 0.01685985247629083
1 0.41807755324959034 0.7017913593256059 0.019115237575095576 0.01791359325605901
1 0.36755871108683774 0.6496311907270811 0.019661387220098307 0.020021074815595362
1 0.9492080830147459 0.06875658587987354 0.01638448935008192 0.016332982086406742
1 0.3618241398143091 0.6438356164383561 0.020207536865101038 0.018967334035827184
1 0.3555434188967777 0.6364594309799789 0.021845985800109227 0.020021074815595362
1 0.3233205898416166 0.685194942044257 0.020753686510103765 0.02160168598524763
1 0.7069907154560349 0.3601159114857745 0.025669033315128344 0.025816649104320334
1 0.682413981430912 0.3340358271865121 0.025669033315128344 0.026343519494204423
1 0.9732386673948661 0.08798735511064278 0.019661387220098307 0.022128556375131715
1 0.9666848716548333 0.09299262381454161 0.020753686510103765 0.022655426765015804
1 0.9609503003823047 0.09694415173867228 0.020207536865101038 0.023182297154899893
1 0.9530311305297651 0.06559536354056901 0.01638448935008192 0.016332982086406742
7 0.9538503549972692 0.051896733403582716 0.09339158929546695 0.10273972602739725
