1 0.06926658905704307 0.8141025641025641 0.05704307334109429 0.038461538461538464
1 0.5529685681024447 0.038461538461538464 0.046565774155995346 0.037707390648567124
7 0.5314318975552969 0.36387631975867274 0.2060535506402794 0.11236802413273002
14 0.44644935972060534 0.23001508295625944 0.11525029103608847 0.08748114630467572
14 0.05180442374854482 0.12141779788838612 0.08963911525029103 0.07692307692307693
7 0.37834691501746215 0.3137254901960784 0.06519208381839348 0.05128205128205129
7 0.13329452852153667 0.7835595776772247 0.2479627473806752 0.17345399698340874
7 0.24272409778812573 0.7081447963800905 0.2270081490104773 0.13423831070889894
7 0.31140861466821884 0.6421568627450981 0.2270081490104773 0.12292609351432882
7 0.3987194412107101 0.5874811463046757 0.1850989522700815 0.09351432880844646
7 0.4447031431897555 0.5211161387631976 0.1559953434225844 0.0799396681749623
7 0.470314318975553 0.44079939668174967 0.22118742724097787 0.11236802413273002
1 0.7136204889406286 0.10294117647058824 0.07683352735739231 0.038461538461538464
1 0.1629802095459837 0.8152337858220211 0.05587892898719441 0.021116138763197588
1 0.6449359720605355 0.07654600301659126 0.046565774155995346 0.023378582202111614
1 0.6233993015133876 0.09389140271493213 0.05238649592549476 0.0248868778280543
1 0.679860302677532 0.1191553544494721 0.05820721769499418 0.03167420814479638
1 0.5616996507566938 0.36613876319758676 0.1478463329452852 0.06561085972850679
1 0.4569266589057043 0.4939668174962293 0.05238649592549476 0.025641025641025644
1 0.4662398137369034 0.5343137254901961 0.05704307334109429 0.029411764705882353
1 0.3969732246798603 0.6391402714932127 0.09778812572759021 0.04600301659125189
1 0.3370197904540163 0.6508295625942685 0.119906868451688 0.06184012066365008
1 0.31548311990686845 0.6821266968325792 0.05355064027939464 0.029411764705882353
1 0.210128055878929 0.7714932126696833 0.06169965075669383 0.02262443438914027
7 0.6426076833527358 0.13273001508295626 0.3608847497089639 0.220211161387632
