10 0.03364002300172513 0.9044943820224719 0.022426682001150087 0.09363295880149813
7 0.6900517538815412 0.6348314606741573 0.027602070155261643 0.4344569288389513
1 0.15813686026451984 0.33239700374531833 0.03680276020701553 0.21910112359550563
1 0.136860264519839 0.31741573033707865 0.018401380103507763 0.09550561797752809
1 0.09689476710753307 0.2893258426966292 0.025876940770557792 0.11423220973782772
1 0.015526164462334676 0.08895131086142322 0.020701552616446232 0.09925093632958802
1 0.03622771707878091 0.15543071161048688 0.048303622771707876 0.250936329588015
7 0.9709603220241518 0.649812734082397 0.03737780333525014 0.39325842696629215
7 0.9085681426106959 0.6432584269662921 0.05635422656699252 0.37265917602996257
7 0.8522139160437033 0.6338951310861424 0.019551466359977 0.38764044943820225
7 0.765382403680276 0.6264044943820225 0.039102932719954 0.38764044943820225
7 0.7291546866014951 0.647003745318352 0.027602070155261643 0.4213483146067416
7 0.6040828062104658 0.6413857677902621 0.02817711328349626 0.29775280898876405
10 0.04629097182288672 0.8033707865168539 0.02127659574468085 0.09737827715355805
7 0.5483036227717079 0.750936329588015 0.0684301322599195 0.4344569288389513
7 0.5132259919493962 0.7284644194756554 0.08338125359401956 0.4906367041198502
7 0.4758481886141461 0.7200374531835206 0.0684301322599195 0.4250936329588015
7 0.43041978148361126 0.7078651685393258 0.08338125359401956 0.47191011235955055
7 0.37406555491661875 0.6460674157303371 0.11213341000575043 0.5131086142322098
7 0.2777458309373203 0.552434456928839 0.08280621046578493 0.4419475655430712
7 0.2389304197814836 0.49812734082397003 0.06728004600345026 0.40823970037453183
7 0.1868890166762507 0.44382022471910115 0.07130534790109258 0.3895131086142322
7 0.14951121334100057 0.3895131086142322 0.06900517538815411 0.3857677902621723
7 0.06670500287521564 0.37453183520599254 0.062104657849338704 0.33707865168539325
1 0.18803910293271994 0.30337078651685395 0.018401380103507763 0.09737827715355805
1 0.20730304772857966 0.3342696629213483 0.03162737205290397 0.15168539325842698
1 0.26998274870615296 0.39325842696629215 0.022426682001150087 0.11235955056179775
1 0.29672225416906267 0.38670411985018727 0.04370327774583094 0.2340823970037453
1 0.980448533640023 0.5168539325842697 0.016101207590569294 0.1348314606741573
1 0.9606095457159287 0.5065543071161048 0.012075905692926969 0.08801498127340825
1 0.9419206440483037 0.5215355805243446 0.013801035077630822 0.1104868913857678
1 0.9240943070730305 0.5187265917602997 0.011500862564692352 0.09363295880149813
1 0.8642898217366303 0.5 0.012650948821161587 0.07865168539325842
1 0.8384128809660725 0.5346441947565543 0.014951121334100058 0.13670411985018727
1 0.761644623346751 0.49812734082397003 0.013225991949396205 0.09737827715355805
1 0.7392179413456009 0.5346441947565543 0.015526164462334676 0.1404494382022472
1 0.7153536515238643 0.5692883895131087 0.011500862564692352 0.08614232209737828
1 0.6472110408280621 0.7902621722846442 0.013225991949396205 0.0749063670411985
1 0.6730879815986199 0.5280898876404494 0.023576768257619323 0.250936329588015
1 0.6003450258769408 0.6441947565543071 0.011500862564692352 0.09363295880149813
1 0.6279470960322024 0.598314606741573 0.019551466359977 0.21161048689138576
1 0.6029327199539966 0.5121722846441947 0.012075905692926969 0.09176029962546817
1 0.5718803910293272 0.6020599250936329 0.02702702702702703 0.14794007490636704
1 0.518688901667625 0.6704119850187266 0.019551466359977 0.10112359550561797
1 0.4281196089706728 0.5383895131086143 0.01897642323174238 0.09550561797752809
1 0.4508338125359402 0.5234082397003745 0.034502587694077054 0.17415730337078653
1 0.3881541115583669 0.4653558052434457 0.044853364002300174 0.21161048689138576
1 0.3553766532489937 0.4934456928838951 0.019551466359977 0.09176029962546817
1 0.3162737205290397 0.43258426966292135 0.018401380103507763 0.09363295880149813
7 0.0327774583093732 0.23220973782771537 0.06325474410580793 0.3445692883895131
