10 0.2799707602339181 0.47758620689655173 0.09210526315789473 0.03793103448275862
10 0.4137426900584795 0.45517241379310347 0.09649122807017543 0.041379310344827586
9 0.1739766081871345 0.3683908045977011 0.0847953216374269 0.03793103448275862
9 0.4130116959064327 0.3896551724137931 0.08333333333333333 0.034482758620689655
9 0.29605263157894735 0.4103448275862069 0.07456140350877193 0.03908045977011494
9 0.18567251461988304 0.43103448275862066 0.11988304093567251 0.04597701149425287
9 0.5416666666666666 0.3971264367816092 0.12719298245614036 0.04482758620689655
9 0.5533625730994152 0.42586206896551726 0.12426900584795321 0.04252873563218391
9 0.30409356725146197 0.5017241379310344 0.12573099415204678 0.047126436781609195
9 0.19663742690058478 0.4902298850574713 0.07456140350877193 0.035632183908045977
9 0.25511695906432746 0.603448275862069 0.1154970760233918 0.04367816091954023
9 0.4364035087719298 0.6201149425287357 0.11257309941520467 0.047126436781609195
9 0.19517543859649122 0.33563218390804594 0.12134502923976608 0.04367816091954023
9 0.4612573099415204 0.3195402298850575 0.097953216374269 0.041379310344827586
9 0.527046783625731 0.49195402298850577 0.12134502923976608 0.04827586206896552
10 0.44225146198830406 0.1 0.039473684210526314 0.05747126436781609
10 0.4758771929824561 0.10057471264367816 0.033625730994152045 0.04252873563218391
10 0.22149122807017543 0.1781609195402299 0.04824561403508772 0.05517241379310345
10 0.739766081871345 0.35172413793103446 0.06140350877192982 0.029885057471264367
10 0.4751461988304093 0.5827586206896551 0.07017543859649122 0.034482758620689655
10 0.5614035087719298 0.5448275862068965 0.09064327485380116 0.041379310344827586
9 0.2909356725146199 0.35 0.12280701754385964 0.04252873563218391
