10 0.30586734693877554 0.8886168910648714 0.012755102040816327 0.046511627906976744
1 0.1229591836734694 0.3365973072215422 0.01326530612244898 0.056303549571603426
7 0.9752551020408164 0.8745410036719705 0.04948979591836735 0.2362301101591187
7 0.880357142857143 0.8623011015911872 0.06071428571428572 0.24602203182374538
7 0.8362244897959185 0.8359853121175029 0.06122448979591837 0.26193390452876375
7 0.7767857142857143 0.7858017135862913 0.09336734693877552 0.2766217870257038
7 0.715561224489796 0.7368421052631579 0.06071428571428572 0.25948592411260707
7 0.6387755102040817 0.679314565483476 0.0663265306122449 0.23500611995104037
7 0.5903061224489796 0.6493268053855569 0.06122448979591837 0.23378212974296203
7 0.5428571428571429 0.6052631578947368 0.03571428571428572 0.20685434516523865
7 0.5102040816326531 0.591187270501836 0.05408163265306123 0.2252141982864137
7 0.4686224489795919 0.5679314565483475 0.053571428571428575 0.23745410036719705
7 0.42933673469387756 0.5434516523867808 0.053571428571428575 0.24724602203182372
7 0.3806122448979592 0.4993880048959608 0.05102040816326531 0.22766217870257036
7 0.29158163265306125 0.4516523867809057 0.051530612244897966 0.2325581395348837
7 0.250765306122449 0.4351285189718482 0.05561224489795919 0.24602203182374538
7 0.21275510204081635 0.40942472460220314 0.04693877551020409 0.23133414932680538
7 0.16198979591836737 0.37698898408812725 0.051530612244897966 0.23011015911872704
7 0.12219387755102042 0.3623011015911872 0.03928571428571429 0.2325581395348837
7 0.0778061224489796 0.3384332925336597 0.03214285714285715 0.23133414932680538
7 0.04005102040816327 0.3231334149326805 0.03928571428571429 0.22766217870257036
1 0.013775510204081635 0.26438188494492043 0.017346938775510204 0.06854345165238677
1 0.1701530612244898 0.310281517747858 0.021938775510204084 0.10893512851897184
10 0.2783163265306123 0.8641370869033047 0.01683673469387755 0.06854345165238677
1 0.19056122448979593 0.2937576499388005 0.01683673469387755 0.06609547123623011
10 0.1844387755102041 0.9663402692778457 0.028061224489795922 0.03549571603427172
10 0.14846938775510204 0.9498164014687882 0.020408163265306124 0.029375764993880046
10 0.125 0.9332925336597306 0.02142857142857143 0.03059975520195838
10 0.32729591836734695 0.9651162790697674 0.019897959183673472 0.03059975520195838
10 0.061734693877551025 0.8127294981640146 0.020408163265306124 0.03182374541003671
10 0.09234693877551022 0.9186046511627907 0.020408163265306124 0.033047735618115054
1 0.9747448979591837 0.7802937576499387 0.01785714285714286 0.0624235006119951
1 0.8931122448979593 0.8047735618115054 0.018877551020408164 0.06487148102815177
1 0.8482142857142858 0.7625458996328028 0.02602040816326531 0.11015911872705017
1 0.8229591836734694 0.7288861689106486 0.015306122448979593 0.0624235006119951
1 0.751530612244898 0.6713586291309669 0.017346938775510204 0.06487148102815177
1 0.65 0.6291309669522643 0.04183673469387755 0.17135862913096694
1 0.5966836734693878 0.6009791921664626 0.03214285714285715 0.13463892288861687
1 0.5622448979591838 0.5917992656058751 0.04387755102040817 0.21419828641370867
1 0.5181122448979593 0.5336597307221542 0.018877551020408164 0.07588739290085679
1 0.4247448979591837 0.4602203182374541 0.028061224489795922 0.11260709914320685
1 0.38673469387755105 0.4351285189718482 0.018367346938775512 0.06976744186046512
1 0.2951530612244898 0.397796817625459 0.019897959183673472 0.0905752753977968
1 0.18418367346938777 0.3616891064871481 0.017346938775510204 0.06731946144430843
7 0.010459183673469388 0.27906976744186046 0.020918367346938777 0.18849449204406363
