0 0.7832780672666982 0.710457325953976 0.11416390336333491 0.07165744247014273
0 0.7967787778304122 0.785318963006117 0.13169114163903364 0.07224002330323331
0 0.32425390810042637 0.30381590445674334 0.12269066792989104 0.08097873579959218
0 0.35338702036949315 0.5489367899796096 0.10800568450971104 0.06321002039032915
0 0.22335386072951208 0.7586658898922225 0.14258645191852204 0.0795222837168657
0 0.5701089531027949 0.9481503058549373 0.13879677877783042 0.09146519079522283
0 0.5727143533870204 0.857704631517623 0.11084793936522976 0.06961840955432566
0 0.530317385125533 0.6765219924264492 0.13216485078162007 0.08942615787940576
0 0.48744670772145904 0.2742499271773958 0.14969208905731882 0.08360034954849985
0 0.7475130270014211 0.10967084182930381 0.16485078162008526 0.0993300320419458
0 0.7306963524396021 0.25662685697640547 0.133112269066793 0.07690066996795805
0 0.7406442444339176 0.33309059131954555 0.13216485078162007 0.07544421788523158
0 0.9701563240170535 0.12015729682493445 0.05968735196589294 0.05214098456160792
0 0.9841307437233539 0.1590445674337314 0.03268593083846518 0.03786775415088843
0 0.9767882520132639 0.193125546169531 0.04642349597347229 0.0401980774832508
0 0.8019895783988631 0.9332944946111272 0.13453339649455234 0.08447422079813574
0 0.8019895783988631 0.8612001165161666 0.10232117479867361 0.06787066705505389
0 0.15277119848413073 0.203466355956889 0.1122690667929891 0.06495776288960092
