0 0.6312814070351759 0.6990469208211144 0.07412060301507538 0.12976539589442815
0 0.14363484087102177 0.5293255131964809 0.06448911222780569 0.13049853372434017
0 0.7640284757118928 0.7976539589442815 0.06574539363484087 0.10850439882697947
0 0.708961474036851 0.6202346041055719 0.07537688442211056 0.11730205278592376
0 0.5251256281407035 0.6348973607038123 0.10469011725293133 0.15249266862170088
0 0.5117252931323283 0.5029325513196481 0.06532663316582915 0.09530791788856305
0 0.3379396984924623 0.6517595307917888 0.04773869346733668 0.10997067448680352
0 0.32726130653266333 0.781891495601173 0.09087102177554439 0.1532258064516129
0 0.4013819095477387 0.15505865102639296 0.052345058626465664 0.09310850439882698
0 0.5104690117252931 0.13233137829912023 0.07788944723618091 0.14002932551319647
0 0.086892797319933 0.3251466275659824 0.039782244556113906 0.07404692082111437
0 0.09443048576214405 0.5590175953079178 0.05820770519262981 0.10483870967741936
0 0.12709380234505863 0.4222873900293255 0.10008375209380235 0.1906158357771261
0 0.8379396984924623 0.7269061583577713 0.1390284757118928 0.24413489736070382
0 0.16038525963149078 0.33284457478005863 0.11809045226130653 0.22287390029325513
0 0.18676716917922948 0.13599706744868034 0.0695142378559464 0.11950146627565983
0 0.21608040201005024 0.19538123167155425 0.06365159128978225 0.09750733137829912
0 0.2556532663316583 0.14809384164222875 0.0992462311557789 0.17595307917888564
0 0.44974874371859297 0.09750733137829912 0.11222780569514237 0.19208211143695014
0 0.35217755443886095 0.12316715542521994 0.10385259631490787 0.18181818181818182
0 0.9143634840871022 0.48497067448680353 0.06490787269681741 0.09310850439882698
0 0.8837939698492463 0.5439882697947214 0.1277219430485762 0.21700879765395895
0 0.9315326633165829 0.625733137829912 0.08835845896147404 0.16055718475073313
0 0.878140703517588 0.6546920821114369 0.09045226130653267 0.1627565982404692
0 0.660175879396985 0.812683284457478 0.07747068676716919 0.11950146627565983
