1 0.8553173948887057 0.6198979591836734 0.023907666941467436 0.025510204081632654
1 0.8291426215993405 0.6437074829931972 0.02019785655399835 0.022108843537414966
1 0.2823577906018137 0.5701530612244897 0.014014839241549877 0.017857142857142856
1 0.26380873866446825 0.5824829931972789 0.01483924154987634 0.01870748299319728
1 0.283800494641385 0.5850340136054422 0.012778235779060182 0.017006802721088433
1 0.286479802143446 0.5982142857142857 0.014014839241549877 0.017857142857142856
1 0.2885408079142622 0.6113945578231292 0.01483924154987634 0.017006802721088433
1 0.28936521022258865 0.6258503401360545 0.011541632316570486 0.015306122448979591
1 0.2749381698268755 0.6471088435374149 0.014014839241549877 0.017006802721088433
1 0.2774113767518549 0.6602891156462585 0.01236603462489695 0.016156462585034014
1 0.2955482275350371 0.6517857142857143 0.01483924154987634 0.017857142857142856
1 0.2786479802143446 0.673469387755102 0.01731244847485573 0.01870748299319728
1 0.2809150865622424 0.6862244897959183 0.013602638087386645 0.017006802721088433
1 0.28153338829348723 0.6994047619047619 0.01483924154987634 0.016156462585034014
1 0.2846248969497115 0.7130102040816326 0.013602638087386645 0.016156462585034014
1 0.2868920032976092 0.7257653061224489 0.014014839241549877 0.017857142857142856
1 0.3054410552349547 0.7210884353741497 0.014014839241549877 0.017006802721088433
1 0.28833470733718053 0.7393707482993197 0.013602638087386645 0.016156462585034014
1 0.2899835119538335 0.7534013605442177 0.009480626545754328 0.011904761904761904
1 0.2802967848309975 0.5573979591836734 0.01483924154987634 0.017857142857142856
1 0.27844187963726297 0.5437925170068028 0.013602638087386645 0.016156462585034014
1 0.26092333058532563 0.5552721088435374 0.014014839241549877 0.017006802721088433
1 0.27040395713107995 0.48767006802721086 0.014014839241549877 0.017857142857142856
1 0.17353668590272053 0.461734693877551 0.010717230008244023 0.015306122448979591
1 0.24299258037922505 0.43664965986394555 0.013602638087386645 0.017857142857142856
1 0.2590684253915911 0.421343537414966 0.013602638087386645 0.017857142857142856
1 0.2619538334707337 0.43452380952380953 0.014427040395713108 0.01870748299319728
1 0.26380873866446825 0.44812925170068024 0.01483924154987634 0.01870748299319728
1 0.2662819455894477 0.461734693877551 0.01483924154987634 0.01870748299319728
1 0.2685490519373454 0.47534013605442177 0.013602638087386645 0.01870748299319728
1 0.24505358615004122 0.45068027210884354 0.013602638087386645 0.017006802721088433
1 0.25927452596867273 0.5412414965986394 0.013190436933223413 0.016156462585034014
1 0.24670239076669415 0.4638605442176871 0.014427040395713108 0.017857142857142856
1 0.2487633965375103 0.47619047619047616 0.012778235779060182 0.017006802721088433
1 0.25185490519373455 0.4889455782312925 0.01236603462489695 0.017006802721088433
1 0.25309150865622426 0.502125850340136 0.011541632316570486 0.016156462585034014
1 0.27122835943940643 0.5029761904761905 0.013190436933223413 0.017857142857142856
1 0.2745259686727123 0.516156462585034 0.015663643858202802 0.02040816326530612
1 0.2563891178895301 0.5284863945578231 0.01483924154987634 0.017857142857142856
1 0.2926628194558945 0.7653061224489796 0.01483924154987634 0.017006802721088433
1 0.3112118713932399 0.7619047619047619 0.014014839241549877 0.017006802721088433
1 0.31327287716405605 0.7772108843537414 0.01236603462489695 0.015306122448979591
1 0.34645507007419624 0.508078231292517 0.021022258862324814 0.026360544217687073
1 0.34295136026380874 0.6458333333333333 0.015663643858202802 0.0195578231292517
1 0.3629431162407255 0.6143707482993197 0.01772464962901896 0.022959183673469385
1 0.3394476504534213 0.6169217687074829 0.016075845012366034 0.017857142857142856
1 0.3359439406430338 0.6045918367346939 0.014014839241549877 0.017006802721088433
1 0.35160758450123664 0.5425170068027211 0.01978565539983512 0.023809523809523808
1 0.3297609233305853 0.546343537414966 0.01483924154987634 0.0195578231292517
1 0.3485160758450124 0.5246598639455782 0.019373454245671887 0.023809523809523808
1 0.34274525968672714 0.49022108843537415 0.019373454245671887 0.022959183673469385
1 0.3726298433635614 0.6849489795918368 0.021434460016488046 0.026360544217687073
1 0.3396537510305029 0.4719387755102041 0.01731244847485573 0.023809523809523808
1 0.33800494641385 0.45408163265306123 0.018961253091508656 0.023809523809523808
1 0.3163643858202803 0.46215986394557823 0.016075845012366034 0.021258503401360544
1 0.31389117889530094 0.447704081632653 0.01772464962901896 0.022959183673469385
1 0.30873866446826054 0.4200680272108843 0.018961253091508656 0.022108843537414966
1 0.3060593569661995 0.40561224489795916 0.016900247320692497 0.01870748299319728
1 0.3058532563891179 0.391156462585034 0.015663643858202802 0.02040816326530612
1 0.3476916735366859 0.6738945578231292 0.016075845012366034 0.0195578231292517
1 0.35469909315746084 0.7159863945578231 0.015251442704039572 0.02040816326530612
1 0.31760098928277 0.8039965986394557 0.013602638087386645 0.016156462585034014
1 0.3868507831821929 0.8741496598639455 0.034212695795548226 0.04081632653061224
1 0.3004946413849959 0.8171768707482993 0.014014839241549877 0.017006802721088433
1 0.3046166529266282 0.8439625850340136 0.01483924154987634 0.017857142857142856
1 0.32337180544105526 0.846938775510204 0.014427040395713108 0.01870748299319728
1 0.32584501236603464 0.860969387755102 0.014427040395713108 0.017857142857142856
1 0.31553998351195384 0.8941326530612245 0.02267106347897774 0.03826530612244898
1 0.3763396537510305 0.8596938775510203 0.01483924154987634 0.017006802721088433
1 0.37304204451772466 0.8452380952380952 0.01483924154987634 0.017006802721088433
1 0.3948887056883759 0.8265306122448979 0.018136850783182192 0.022108843537414966
1 0.3751030502885408 0.7011054421768708 0.018136850783182192 0.0195578231292517
1 0.3713932399010717 0.8295068027210885 0.015663643858202802 0.0195578231292517
1 0.3670651277823578 0.8014455782312925 0.016075845012366034 0.017857142857142856
1 0.38870568837592745 0.790391156462585 0.021434460016488046 0.026360544217687073
1 0.3860263808738665 0.7725340136054422 0.021846661170651278 0.026360544217687073
1 0.3602638087386645 0.7589285714285714 0.01483924154987634 0.017857142857142856
1 0.38128606760098926 0.7376700680272109 0.018136850783182192 0.022959183673469385
1 0.37840065952184665 0.7215136054421768 0.018136850783182192 0.0195578231292517
1 0.17724649629018963 0.4740646258503401 0.01978565539983512 0.022959183673469385
1 0.17930750206100576 0.4914965986394558 0.01731244847485573 0.022108843537414966
1 0.19950535861500412 0.4655612244897959 0.018961253091508656 0.021258503401360544
1 0.15436933223413027 0.6900510204081632 0.013602638087386645 0.017857142857142856
1 0.11830173124484748 0.6024659863945578 0.025556471558120363 0.02976190476190476
1 0.12159934047815334 0.6224489795918368 0.02225886232481451 0.027210884353741496
1 0.1224237427864798 0.6454081632653061 0.028854080791426217 0.030612244897959183
1 0.14530090684253916 0.6147959183673469 0.014427040395713108 0.01870748299319728
1 0.1483924154987634 0.6441326530612245 0.015663643858202802 0.017857142857142856
1 0.15065952184666118 0.659438775510204 0.016075845012366034 0.021258503401360544
1 0.12984336356141798 0.6909013605442177 0.025556471558120363 0.02976190476190476
1 0.13211046990931574 0.7159863945578231 0.030090684253915912 0.03231292517006803
1 0.1391178895300907 0.5837585034013605 0.014427040395713108 0.017857142857142856
1 0.13767518549051938 0.7363945578231292 0.0247320692497939 0.028911564625850338
1 0.16240725474031328 0.733843537414966 0.015663643858202802 0.01870748299319728
1 0.1382934872217642 0.7614795918367346 0.024319868095630668 0.02806122448979592
1 0.16776586974443528 0.7644557823129251 0.01731244847485573 0.02040816326530612
1 0.14220939818631492 0.7874149659863945 0.02967848309975268 0.030612244897959183
1 0.14694971145919208 0.8095238095238095 0.027617477328936522 0.03231292517006803
1 0.1718878812860676 0.7950680272108843 0.016488046166529265 0.02040816326530612
1 0.14117889530090685 0.5977891156462585 0.015251442704039572 0.02040816326530612
1 0.137881286067601 0.5680272108843537 0.016075845012366034 0.02040816326530612
1 0.17642209398186315 0.8278061224489796 0.016488046166529265 0.0195578231292517
7 0.6702390766694147 0.5497448979591837 0.12283594394064304 0.689625850340136
7 0.1420032976092333 0.6930272108843537 0.09604286892003298 0.3843537414965986
7 0.21805441055234956 0.6730442176870748 0.10305028854080792 0.4549319727891156
7 0.2852431986809563 0.6488095238095238 0.10057708161582853 0.48639455782312924
7 0.3526380873866447 0.6194727891156462 0.11500412201154163 0.5195578231292517
7 0.4266281945589448 0.5858843537414966 0.1236603462489695 0.5425170068027211
7 0.05956306677658697 0.7363945578231292 0.058120362737015666 0.26360544217687076
7 0.6055234954657873 0.5391156462585034 0.10634789777411377 0.6020408163265306
7 0.7765869744435284 0.7551020408163265 0.0832646331409728 0.3724489795918367
1 0.13520197856553998 0.5522959183673469 0.016488046166529265 0.0195578231292517
7 0.8604699093157461 0.7504251700680272 0.08944765045342128 0.32568027210884354
1 0.057502061005770815 0.5437925170068028 0.009480626545754328 0.026360544217687073
1 0.055441055234954656 0.673469387755102 0.013602638087386645 0.017006802721088433
1 0.05688375927452597 0.6875 0.00989282769991756 0.014455782312925169
12 0.038746908491343775 0.8728741496598639 0.00741962077493817 0.014455782312925169
1 0.13107996702390767 0.5221088435374149 0.018961253091508656 0.023809523809523808
1 0.13293487221764222 0.5386904761904762 0.01772464962901896 0.022959183673469385
1 0.17497938994229184 0.8112244897959183 0.016900247320692497 0.02040816326530612
1 0.17910140148392417 0.8452380952380952 0.015251442704039572 0.01870748299319728
1 0.19991755976916736 0.47916666666666663 0.015663643858202802 0.021258503401360544
1 0.20898598516075845 0.5352891156462585 0.016488046166529265 0.021258503401360544
1 0.22464962901896127 0.6369047619047619 0.015663643858202802 0.02040816326530612
1 0.20403957131079967 0.6517857142857143 0.020610057708161583 0.02465986394557823
1 0.20136026380873867 0.6364795918367346 0.019373454245671887 0.022959183673469385
1 0.21393239901071723 0.578656462585034 0.01236603462489695 0.016156462585034014
1 0.1941467436108821 0.5875850340136054 0.01978565539983512 0.025510204081632654
1 0.21393239901071723 0.5633503401360545 0.01483924154987634 0.0195578231292517
1 0.21145919208573785 0.5488945578231292 0.015663643858202802 0.0195578231292517
1 0.1914674361088211 0.570578231292517 0.019373454245671887 0.023809523809523808
1 0.21166529266281947 0.7002551020408163 0.01772464962901896 0.021258503401360544
1 0.19023083264633142 0.5552721088435374 0.01772464962901896 0.022108843537414966
1 0.1871393239901072 0.5391156462585034 0.018961253091508656 0.022108843537414966
1 0.20403957131079967 0.5229591836734694 0.010717230008244023 0.015306122448979591
1 0.20507007419620776 0.5072278911564626 0.014427040395713108 0.0195578231292517
1 0.1848722176422094 0.5238095238095238 0.019373454245671887 0.023809523809523808
1 0.18281121187139324 0.5063775510204082 0.02019785655399835 0.02465986394557823
1 0.20321516900247322 0.4931972789115646 0.014014839241549877 0.01870748299319728
1 0.22815333882934874 0.6679421768707483 0.015251442704039572 0.0195578231292517
1 0.21393239901071723 0.7164115646258503 0.020610057708161583 0.022959183673469385
1 0.1496290189612531 0.8341836734693877 0.03215169002473207 0.030612244897959183
1 0.247320692497939 0.796343537414966 0.015663643858202802 0.0195578231292517
1 0.1549876339653751 0.8571428571428571 0.026380873866446827 0.028911564625850338
1 0.1704451772464963 0.8762755102040816 0.04080791426215993 0.046768707482993194
1 0.2522671063478978 0.8928571428571428 0.036273701566364384 0.04081632653061224
1 0.23866446826051113 0.8779761904761905 0.020610057708161583 0.022959183673469385
1 0.23371805441055235 0.8460884353741497 0.01731244847485573 0.02040816326530612
1 0.23000824402308326 0.83078231292517 0.018961253091508656 0.023809523809523808
1 0.22835943940643033 0.8137755102040816 0.01731244847485573 0.022108843537414966
1 0.24546578730420446 0.7780612244897959 0.016900247320692497 0.022108843537414966
1 0.23227535037098104 0.6989795918367346 0.014427040395713108 0.01870748299319728
1 0.24319868095630667 0.7619047619047619 0.015663643858202802 0.02040816326530612
1 0.2238252267106348 0.7793367346938775 0.01731244847485573 0.0195578231292517
1 0.22732893652102226 0.7971938775510203 0.014427040395713108 0.017857142857142856
1 0.2382522671063479 0.7312925170068026 0.015663643858202802 0.02040816326530612
1 0.22032151690024732 0.7653061224489796 0.018549051937345424 0.022108843537414966
1 0.21805441055234956 0.7491496598639455 0.016488046166529265 0.01870748299319728
1 0.23619126133553175 0.7142857142857143 0.015663643858202802 0.02040816326530612
1 0.3293487221764221 0.3839285714285714 0.020610057708161583 0.022959183673469385
1 0.3757213520197857 0.35331632653061223 0.024319868095630668 0.02806122448979592
1 0.4000412201154163 0.33375850340136054 0.023495465787304205 0.02806122448979592
1 0.7467023907666942 0.5782312925170068 0.02679307502061006 0.025510204081632654
1 0.6253091508656224 0.282312925170068 0.018136850783182192 0.022108843537414966
1 0.6415910964550701 0.25977891156462585 0.012778235779060182 0.016156462585034014
1 0.6397361912613355 0.2457482993197279 0.011541632316570486 0.015306122448979591
1 0.6376751854905194 0.23214285714285712 0.013190436933223413 0.017006802721088433
1 0.6366446826051113 0.219812925170068 0.011953833470733718 0.014455782312925169
1 0.6189200329760923 0.23554421768707481 0.018549051937345424 0.022108843537414966
1 0.6222176422093982 0.2508503401360544 0.016075845012366034 0.01870748299319728
1 0.7481450948062655 0.5999149659863945 0.02720527617477329 0.02806122448979592
1 0.6485985160758451 0.31164965986394555 0.012778235779060182 0.016156462585034014
1 0.751648804616653 0.6190476190476191 0.025968672712283595 0.027210884353741496
1 0.7539159109645507 0.6407312925170068 0.02225886232481451 0.02465986394557823
1 0.754328112118714 0.659438775510204 0.020610057708161583 0.0195578231292517
1 0.7772052761747733 0.6534863945578231 0.02019785655399835 0.021258503401360544
1 0.783800494641385 0.629251700680272 0.013602638087386645 0.015306122448979591
1 0.7800906842539159 0.6717687074829932 0.01772464962901896 0.022108843537414966
1 0.7823577906018137 0.6887755102040816 0.020610057708161583 0.023809523809523808
1 0.6471558120362737 0.29931972789115646 0.00989282769991756 0.013605442176870748
1 0.6500412201154163 0.3252551020408163 0.01236603462489695 0.016156462585034014
1 0.7842126957955482 0.70578231292517 0.016900247320692497 0.01870748299319728
1 0.6481863149216818 0.4549319727891156 0.016900247320692497 0.022108843537414966
1 0.6640560593569662 0.5693027210884354 0.015663643858202802 0.0195578231292517
1 0.6805441055234955 0.5420918367346939 0.01483924154987634 0.017857142857142856
1 0.6768342951360264 0.5127551020408163 0.015663643858202802 0.01870748299319728
1 0.6741549876339654 0.49829931972789115 0.014427040395713108 0.01870748299319728
1 0.6702390766694147 0.4685374149659864 0.014014839241549877 0.01870748299319728
1 0.6521022258862325 0.48639455782312924 0.016488046166529265 0.02040816326530612
1 0.6671475680131904 0.4532312925170068 0.012778235779060182 0.017006802721088433
1 0.6644682605111294 0.42389455782312924 0.014014839241549877 0.017857142857142856
1 0.6523083264633142 0.3388605442176871 0.011129431162407255 0.014455782312925169
1 0.6597279472382522 0.3954081632653061 0.012778235779060182 0.017006802721088433
1 0.6584913437757626 0.38137755102040816 0.014427040395713108 0.017857142857142856
1 0.6413849958779885 0.4060374149659864 0.01731244847485573 0.021258503401360544
1 0.6391178895300907 0.38903061224489793 0.019373454245671887 0.022959183673469385
1 0.6372629843363562 0.3737244897959184 0.015663643858202802 0.0195578231292517
1 0.6345836768342952 0.35841836734693877 0.01772464962901896 0.021258503401360544
1 0.6335531739488871 0.34268707482993194 0.018136850783182192 0.022108843537414966
1 0.7584501236603463 0.6960034013605442 0.023083264633140973 0.02465986394557823
1 0.7862737015663644 0.7253401360544217 0.02019785655399835 0.022108843537414966
1 0.6856966199505359 0.5727040816326531 0.015251442704039572 0.017857142857142856
1 0.84439406430338 0.7814625850340136 0.02514427040395713 0.027210884353741496
1 0.8557295960428689 0.8711734693877551 0.01483924154987634 0.014455782312925169
1 0.8538746908491344 0.8562925170068026 0.02019785655399835 0.02040816326530612
1 0.8821104699093157 0.8214285714285714 0.026380873866446827 0.027210884353741496
1 0.8505770816158286 0.836734693877551 0.023495465787304205 0.025510204081632654
1 0.848722176422094 0.8184523809523809 0.023907666941467436 0.02465986394557823
1 0.8792250618301731 0.7971938775510203 0.03297609233305853 0.03486394557823129
1 0.8470733718054411 0.800595238095238 0.020610057708161583 0.022959183673469385
1 0.8423330585325639 0.7627551020408163 0.021022258862324814 0.023809523809523808
1 0.8856141797197032 0.8715986394557823 0.028441879637262985 0.028911564625850338
1 0.8404781533388294 0.7453231292517006 0.023907666941467436 0.026360544217687073
1 0.8699505358615004 0.721938775510204 0.028441879637262985 0.027210884353741496
1 0.8386232481450948 0.7266156462585034 0.018549051937345424 0.022959183673469385
1 0.8367683429513603 0.7096088435374149 0.018961253091508656 0.022959183673469385
1 0.8347073371805441 0.6934523809523809 0.01978565539983512 0.022959183673469385
1 0.8629431162407255 0.6692176870748299 0.028441879637262985 0.028911564625850338
1 0.8316158285243199 0.6777210884353742 0.016900247320692497 0.01870748299319728
1 0.857790601813685 0.8924319727891156 0.02225886232481451 0.02465986394557823
1 0.8895300906842539 0.8983843537414966 0.023083264633140973 0.02465986394557823
1 0.7609233305853257 0.735969387755102 0.01731244847485573 0.0195578231292517
1 0.7776174773289365 0.8635204081632653 0.021846661170651278 0.02465986394557823
1 0.7648392415498764 0.7504251700680272 0.01772464962901896 0.0195578231292517
1 0.7901896125309151 0.7610544217687074 0.018961253091508656 0.02040816326530612
1 0.7922506183017313 0.7789115646258503 0.018961253091508656 0.022108843537414966
1 0.7669002473206925 0.7712585034013605 0.02267106347897774 0.023809523809523808
1 0.7710222588623248 0.8065476190476191 0.01772464962901896 0.017857142857142856
1 0.7947238252267107 0.7980442176870748 0.018136850783182192 0.021258503401360544
1 0.7755564715581204 0.844812925170068 0.02267106347897774 0.02465986394557823
1 0.8009068425391591 0.8507653061224489 0.01978565539983512 0.02465986394557823
1 0.8615004122011541 0.9124149659863945 0.026380873866446827 0.027210884353741496
1 0.8027617477328937 0.8703231292517006 0.019373454245671887 0.021258503401360544
1 0.7800906842539159 0.8818027210884354 0.021846661170651278 0.023809523809523808
1 0.8046166529266282 0.8903061224489796 0.018136850783182192 0.02040816326530612
1 0.7807089859851608 0.9026360544217686 0.020610057708161583 0.021258503401360544
1 0.7833882934872218 0.9200680272108843 0.02019785655399835 0.02040816326530612
1 0.8083264633140973 0.907312925170068 0.01731244847485573 0.02040816326530612
1 0.8019373454245672 0.9332482993197279 0.034212695795548226 0.03316326530612245
1 0.6654987633965376 0.5846088435374149 0.016075845012366034 0.0195578231292517
1 0.686727122835944 0.5897108843537415 0.01483924154987634 0.017857142857142856
1 0.4037510305028854 0.35416666666666663 0.02019785655399835 0.026360544217687073
1 0.5560593569661996 0.30272108843537415 0.00741962077493817 0.025510204081632654
1 0.468878812860676 0.7755102040816326 0.021846661170651278 0.025510204081632654
1 0.44558944765045344 0.8154761904761905 0.023083264633140973 0.027210884353741496
1 0.4488870568837593 0.836734693877551 0.01731244847485573 0.022108843537414966
1 0.4762984336356142 0.8388605442176871 0.02267106347897774 0.02465986394557823
1 0.4532151690024732 0.8592687074829931 0.02267106347897774 0.03826530612244898
1 0.5373042044517725 0.9136904761904762 0.024319868095630668 0.02976190476190476
1 0.5517312448474856 0.26785714285714285 0.008656224237427864 0.027210884353741496
1 0.5698680956306678 0.26318027210884354 0.024319868095630668 0.026360544217687073
1 0.4311624072547403 0.7223639455782312 0.016488046166529265 0.021258503401360544
1 0.5752267106347898 0.3039965986394558 0.023495465787304205 0.026360544217687073
1 0.5638911788953009 0.358843537414966 0.008244023083264633 0.028911564625850338
1 0.578318219291014 0.3252551020408163 0.021434460016488046 0.026360544217687073
1 0.5812036273701566 0.344812925170068 0.02225886232481451 0.02465986394557823
1 0.5830585325638912 0.36522108843537415 0.02267106347897774 0.026360544217687073
1 0.5857378400659522 0.3852040816326531 0.020610057708161583 0.023809523809523808
1 0.5892415498763397 0.40476190476190477 0.024319868095630668 0.025510204081632654
1 0.4606347897774114 0.7385204081632653 0.021022258862324814 0.026360544217687073
1 0.4542456718878813 0.6985544217687074 0.021434460016488046 0.02806122448979592
1 0.5950123660346249 0.44812925170068024 0.024319868095630668 0.027210884353741496
1 0.3969497114591921 0.49574829931972786 0.023083264633140973 0.027210884353741496
1 0.3788128606760099 0.3715986394557823 0.023907666941467436 0.027210884353741496
1 0.4062242374278648 0.37202380952380953 0.02514427040395713 0.02806122448979592
1 0.3843775762572135 0.40561224489795916 0.024319868095630668 0.027210884353741496
1 0.41323165704863973 0.4149659863945578 0.021846661170651278 0.027210884353741496
1 0.41611706512778235 0.4349489795918367 0.023495465787304205 0.02976190476190476
1 0.3897361912613355 0.4409013605442177 0.02267106347897774 0.026360544217687073
1 0.3946826051112943 0.4774659863945578 0.021022258862324814 0.02465986394557823
1 0.40045342126957956 0.5127551020408163 0.021846661170651278 0.025510204081632654
1 0.45094806265457543 0.6581632653061225 0.021434460016488046 0.023809523809523808
1 0.4229183841714757 0.47576530612244894 0.023083264633140973 0.02806122448979592
1 0.4260098928276999 0.49362244897959184 0.023495465787304205 0.02806122448979592
1 0.4074608408903545 0.5654761904761905 0.021846661170651278 0.027210884353741496
1 0.43446001648804616 0.5556972789115646 0.020610057708161583 0.02465986394557823
1 0.44043693322341304 0.5956632653061225 0.024319868095630668 0.02976190476190476
1 0.44332234130255566 0.6160714285714286 0.023495465787304205 0.02806122448979592
1 0.4223000824402308 0.6526360544217686 0.021022258862324814 0.02465986394557823
1 0.593363561417972 0.42517006802721086 0.023495465787304205 0.025510204081632654
1 0.5781121187139324 0.4689625850340136 0.008656224237427864 0.031462585034013606
1 0.6696207749381698 0.6203231292517006 0.016075845012366034 0.0195578231292517
1 0.6865210222588624 0.7372448979591837 0.01772464962901896 0.022108843537414966
1 0.7242374278647981 0.7848639455782312 0.01483924154987634 0.05442176870748299
1 0.7005358615004122 0.7908163265306122 0.028441879637262985 0.030612244897959183
1 0.7089859851607585 0.7555272108843537 0.013190436933223413 0.016156462585034014
1 0.6896125309150866 0.7691326530612245 0.01731244847485573 0.0195578231292517
1 0.6869332234130255 0.7546768707482993 0.01772464962901896 0.021258503401360544
1 0.7063066776586975 0.7453231292517006 0.012778235779060182 0.016156462585034014
1 0.7048639736191261 0.7274659863945578 0.015663643858202802 0.017857142857142856
1 0.6834295136026382 0.7215136054421768 0.015663643858202802 0.0195578231292517
1 0.7069249793899423 0.8405612244897959 0.02967848309975268 0.03486394557823129
1 0.6819868095630668 0.7019557823129251 0.019373454245671887 0.022959183673469385
1 0.6962077493816983 0.665391156462585 0.01483924154987634 0.017857142857142856
1 0.6949711459192086 0.6496598639455782 0.013190436933223413 0.017006802721088433
1 0.6760098928277 0.6696428571428571 0.01731244847485573 0.021258503401360544
1 0.6735366859027205 0.6513605442176871 0.01483924154987634 0.017006802721088433
1 0.6908491343775762 0.6190476190476191 0.015663643858202802 0.01870748299319728
1 0.6720939818631493 0.6364795918367346 0.016900247320692497 0.021258503401360544
1 0.7302143446001649 0.8380102040816326 0.013602638087386645 0.04846938775510204
1 0.7110469909315746 0.863095238095238 0.02967848309975268 0.030612244897959183
1 0.5968672712283595 0.46811224489795916 0.0247320692497939 0.02806122448979592
1 0.6197444352844188 0.6318027210884354 0.023495465787304205 0.027210884353741496
1 0.6036685902720528 0.5097789115646258 0.02267106347897774 0.02806122448979592
1 0.6059356966199505 0.5293367346938775 0.021434460016488046 0.02806122448979592
1 0.6092333058532564 0.5488945578231292 0.023907666941467436 0.026360544217687073
1 0.5919208573784007 0.5748299319727891 0.016488046166529265 0.0663265306122449
1 0.6108821104699094 0.5684523809523809 0.023083264633140973 0.02465986394557823
1 0.613767518549052 0.5901360544217686 0.023907666941467436 0.025510204081632654
1 0.6166529266281946 0.6092687074829932 0.023083264633140973 0.02806122448979592
1 0.6220115416323165 0.6505102040816326 0.023083264633140973 0.027210884353741496
1 0.7159934047815334 0.8864795918367346 0.033800494641384994 0.03316326530612245
1 0.6275762572135202 0.6921768707482993 0.02514427040395713 0.027210884353741496
1 0.6302555647155812 0.7130102040816326 0.01978565539983512 0.022959183673469385
1 0.6370568837592745 0.7529761904761905 0.02019785655399835 0.02465986394557823
1 0.6104699093157461 0.7232142857142857 0.014014839241549877 0.03996598639455782
1 0.6430338004946414 0.8142006802721088 0.023907666941467436 0.02806122448979592
1 0.6440643033800495 0.8371598639455782 0.02514427040395713 0.02976190476190476
1 0.622835943940643 0.8171768707482993 0.01483924154987634 0.04251700680272109
12 0.1290189612530915 0.3363095238095238 0.023907666941467436 0.05187074829931972
