7 0.9671551949751374 0.2661353032659409 0.0164878304108872 0.08359253499222395
7 0.5397801622611881 0.6788491446345256 0.06045537817325307 0.11275272161741835
7 0.11266684114106254 0.8889968895800933 0.05574456948442816 0.08048211508553654
7 0.1275844019890081 0.8520606531881804 0.05679141585972258 0.0734836702954899
7 0.16199947657681235 0.8009331259720062 0.09002878827532058 0.10808709175738725
14 0.19602198377388116 0.6189735614307932 0.012562156503533106 0.015552099533437013
14 0.11685422664224024 0.7089813374805599 0.013870714472651138 0.01982892690513219
7 0.2265113844543313 0.6998444790046656 0.05051033760795603 0.15241057542768274
7 0.26589897932478407 0.6650466562986003 0.046584663700601936 0.12791601866251945
7 0.3014917560847945 0.6395800933125972 0.033499084009421615 0.14774494556765164
7 0.3415336299398063 0.6014774494556765 0.03192881444647998 0.14385692068429237
7 0.5468463752944255 0.6275272161741835 0.04265898979324784 0.07465007776049767
7 0.8754252813399633 0.2511664074650078 0.058623397016487826 0.09020217729393468
7 0.5815231614760533 0.6020606531881804 0.029835121695891125 0.06259720062208399
7 0.6231353048940067 0.567457231726283 0.0287882753205967 0.06337480559875583
7 0.6503533106516618 0.5425738724727838 0.03506935357236325 0.06415241057542768
7 0.6909186076943208 0.5033048211508554 0.04815493326354357 0.0734836702954899
7 0.73802669458257 0.4772550544323484 0.07327924627060978 0.10225505443234836
7 0.7575242083224286 0.4072706065318818 0.05260403035854488 0.04860031104199067
7 0.7925935618947919 0.3608087091757387 0.04318241298089505 0.0660964230171073
7 0.8081654017272965 0.3357309486780715 0.06804501439413765 0.08359253499222395
7 0.8253075111227427 0.2881026438569207 0.05679141585972258 0.07153965785381027
14 0.028133996336037685 0.9080482115085536 0.01439413766029835 0.012052877138413685
