10 0.7567164179104477 0.05232558139534884 0.05373134328358209 0.01699463327370304
10 0.1828358208955224 0.2558139534883721 0.0373134328358209 0.03935599284436494
10 0.16940298507462687 0.21824686940966012 0.03134328358208955 0.03220035778175313
10 0.1701492537313433 0.12656529516994633 0.041791044776119404 0.04382826475849732
10 0.19850746268656716 0.120304114490161 0.03582089552238806 0.03309481216457961
10 0.11044776119402985 0.1283542039355993 0.03283582089552239 0.03488372093023256
10 0.13880597014925372 0.12477638640429338 0.03880597014925373 0.038461538461538464
9 0.3716417910447761 0.20706618962432916 0.04477611940298507 0.050983899821109124
9 0.40746268656716417 0.7267441860465116 0.2417910447761194 0.05635062611806798
9 0.7283582089552239 0.5845259391771019 0.08955223880597014 0.027728085867620753
9 0.7604477611940299 0.5478533094812165 0.12686567164179105 0.03130590339892665
9 0.6611940298507463 0.509391771019678 0.08656716417910448 0.029516994633273702
9 0.6141791044776119 0.4807692307692308 0.08805970149253732 0.03130590339892665
9 0.5962686567164179 0.4597495527728086 0.08805970149253732 0.028622540250447227
9 0.5865671641791045 0.4351520572450805 0.08955223880597014 0.027728085867620753
9 0.5746268656716418 0.41234347048300535 0.08955223880597014 0.028622540250447227
9 0.5701492537313433 0.38595706618962433 0.08955223880597014 0.027728085867620753
9 0.5694029850746268 0.3555456171735242 0.08208955223880597 0.027728085867620753
9 0.7223880597014926 0.33273703041144903 0.11641791044776119 0.03577817531305903
9 0.5440298507462686 0.3215563506261181 0.09104477611940298 0.027728085867620753
9 0.5104477611940299 0.29964221824686943 0.0746268656716418 0.03041144901610018
10 0.21417910447761193 0.25536672629695883 0.034328358208955224 0.04025044722719141
10 0.14850746268656717 0.2571556350626118 0.034328358208955224 0.038461538461538464
10 0.767910447761194 0.08989266547406083 0.058208955223880594 0.022361359570661897
10 0.06567164179104477 0.2723613595706619 0.03582089552238806 0.03667262969588551
10 0.8402985074626865 0.1131484794275492 0.03283582089552239 0.03309481216457961
10 0.7567164179104477 0.07155635062611806 0.05970149253731343 0.021466905187835422
10 0.208955223880597 0.37298747763864043 0.023880597014925373 0.028622540250447227
10 0.17686567164179104 0.370304114490161 0.022388059701492536 0.03041144901610018
10 0.735820895522388 0.6091234347048301 0.04776119402985075 0.017889087656529516
10 0.7544776119402985 0.6292486583184258 0.05223880597014925 0.018783542039355994
10 0.8059701492537313 0.6587656529516994 0.05373134328358209 0.018783542039355994
10 0.7567164179104477 0.6471377459749553 0.056716417910447764 0.018783542039355994
10 0.7425373134328358 0.7093023255813954 0.06417910447761194 0.021466905187835422
10 0.7425373134328358 0.7343470483005367 0.06119402985074627 0.021466905187835422
10 0.75 0.7567084078711985 0.06417910447761194 0.023255813953488372
10 0.753731343283582 0.778175313059034 0.0626865671641791 0.021466905187835422
10 0.7559701492537314 0.8009838998211092 0.05522388059701493 0.018783542039355994
10 0.7634328358208955 0.8237924865831843 0.06716417910447761 0.01967799642218247
10 0.7940298507462686 0.8644901610017889 0.03582089552238806 0.03488372093023256
10 0.5485074626865671 0.9637745974955277 0.05522388059701493 0.03488372093023256
10 0.6328358208955224 0.9132379248658319 0.03582089552238806 0.03935599284436494
10 0.45 0.9101073345259392 0.05522388059701493 0.024150268336314847
10 0.43656716417910446 0.8649373881932022 0.06417910447761194 0.023255813953488372
9 0.49776119402985075 0.27951699463327373 0.07611940298507462 0.027728085867620753
