1 0.7976102941176471 0.6732758620689655 0.006985294117647058 0.029310344827586206
1 0.7522058823529412 0.756896551724138 0.0058823529411764705 0.027586206896551724
7 0.12095588235294118 0.6866379310344828 0.022794117647058822 0.18189655172413793
7 0.1610294117647059 0.719396551724138 0.023529411764705882 0.2025862068965517
7 0.19246323529411766 0.7353448275862069 0.016544117647058824 0.1810344827586207
7 0.22481617647058824 0.7724137931034483 0.017279411764705883 0.15517241379310345
7 0.34154411764705883 0.8297413793103449 0.019852941176470587 0.1353448275862069
7 0.38529411764705884 0.8202586206896552 0.027205882352941177 0.19224137931034482
7 0.4875 0.7693965517241379 0.01838235294117647 0.19741379310344828
7 0.5112132352941177 0.7728448275862069 0.022426470588235294 0.19224137931034482
7 0.6305147058823529 0.7409482758620689 0.015441176470588236 0.17672413793103448
7 0.685110294117647 0.6198275862068966 0.03419117647058823 0.36379310344827587
7 0.7145220588235294 0.5280172413793104 0.02463235294117647 0.29051724137931034
7 0.7501838235294117 0.5836206896551724 0.04522058823529412 0.41551724137931034
7 0.8080882352941177 0.5439655172413793 0.021323529411764706 0.2810344827586207
7 0.8851102941176471 0.5456896551724137 0.027573529411764705 0.3568965517241379
7 0.9056985294117647 0.5331896551724138 0.023161764705882354 0.325
7 0.9306985294117647 0.5521551724137931 0.026838235294117645 0.2956896551724138
1 0.14852941176470588 0.7870689655172414 0.006617647058823529 0.03103448275862069
1 0.1943014705882353 0.8068965517241379 0.006985294117647058 0.0396551724137931
1 0.2145220588235294 0.8267241379310345 0.006985294117647058 0.02586206896551724
1 0.34558823529411764 0.877155172413793 0.008088235294117646 0.03362068965517241
1 0.6755514705882353 0.756896551724138 0.008455882352941176 0.03620689655172414
1 0.7358455882352941 0.7564655172413793 0.007720588235294118 0.028448275862068967
1 0.7454044117647058 0.7586206896551724 0.005514705882352941 0.027586206896551724
7 0.03308823529411765 0.6349137931034483 0.025735294117647058 0.16637931034482759
