7 0.3860381861575179 0.7851835664335665 0.023269689737470168 0.10008741258741259
7 0.531772076372315 0.4405594405594406 0.014618138424821002 0.05944055944055944
7 0.4680787589498807 0.9077797202797203 0.026252983293556086 0.06818181818181818
7 0.4834427207637232 0.8430944055944056 0.015214797136038186 0.06555944055944056
7 0.9370525059665872 0.5487325174825175 0.023866348448687354 0.03802447552447553
7 0.9124403341288784 0.47880244755244755 0.035501193317422436 0.059877622377622376
7 0.8394988066825776 0.4143356643356643 0.012529832935560859 0.05856643356643357
7 0.8086217183770883 0.3942307692307692 0.008651551312649166 0.10402097902097902
7 0.784755369928401 0.4160839160839161 0.011634844868735084 0.06555944055944056
7 0.7537291169451075 0.3994755244755245 0.011634844868735084 0.057692307692307696
7 0.693019093078759 0.4093094405594406 0.012529832935560859 0.07648601398601398
7 0.6408114558472554 0.4357517482517482 0.014319809069212411 0.06993006993006994
7 0.5903937947494033 0.4031905594405594 0.010739856801909309 0.14117132867132867
7 0.4677804295942721 0.3039772727272727 0.031622911694510744 0.2722902097902098
7 0.4194510739856802 0.7451923076923077 0.013126491646778043 0.06818181818181818
7 0.430936754176611 0.305506993006993 0.042064439140811455 0.270979020979021
7 0.35516109785202865 0.30332167832167833 0.027744630071599045 0.23426573426573427
7 0.32264319809069214 0.3039772727272727 0.02356801909307876 0.23732517482517482
7 0.29266109785202865 0.2950174825174825 0.011933174224343677 0.21416083916083917
7 0.26730310262529833 0.29130244755244755 0.010739856801909309 0.20323426573426573
7 0.23389021479713604 0.37893356643356646 0.00954653937947494 0.045454545454545456
7 0.2031622911694511 0.3605769230769231 0.011933174224343677 0.07080419580419581
7 0.17497016706443916 0.2736013986013986 0.02237470167064439 0.20017482517482518
7 0.12768496420047734 0.2567744755244755 0.023866348448687354 0.1909965034965035
7 0.10187947494033413 0.24562937062937062 0.027744630071599045 0.20104895104895104
7 0.06697494033412889 0.22727272727272727 0.02834128878281623 0.20017482517482518
7 0.43988663484486873 0.9554195804195804 0.03430787589498807 0.03496503496503497
7 0.5632458233890215 0.84375 0.010143198090692125 0.035402097902097904
7 0.5775656324582339 0.8586101398601399 0.00954653937947494 0.027534965034965036
7 0.5936754176610979 0.8664772727272727 0.012529832935560859 0.034527972027972025
7 0.4636038186157518 0.7222465034965035 0.016706443914081145 0.05201048951048951
7 0.4958233890214797 0.7130681818181818 0.012529832935560859 0.053758741258741256
7 0.5253579952267303 0.708041958041958 0.010739856801909309 0.04807692307692308
7 0.5434069212410502 0.7082604895104895 0.017601431980906922 0.05812937062937063
7 0.5793556085918855 0.7073863636363636 0.00954653937947494 0.034527972027972025
7 0.6009844868735084 0.7113199300699301 0.008651551312649166 0.030157342657342656
7 0.6272374701670644 0.7137237762237763 0.008651551312649166 0.043706293706293704
7 0.6500596658711217 0.7108828671328671 0.00775656324582339 0.03715034965034965
7 0.6815334128878282 0.711756993006993 0.011634844868735084 0.024912587412587412
7 0.70868138424821 0.7198426573426573 0.012231503579952268 0.03583916083916084
7 0.7319510739856803 0.7215909090909091 0.008651551312649166 0.03146853146853147
7 0.7629773269689738 0.7174388111888111 0.005668257756563246 0.034527972027972025
7 0.7987768496420048 0.7174388111888111 0.01879474940334129 0.040646853146853144
7 0.8272673031026253 0.7062937062937062 0.010739856801909309 0.039335664335664336
7 0.8715692124105012 0.6536276223776224 0.025357995226730313 0.02666083916083916
7 0.8952863961813843 0.6123251748251748 0.025059665871121718 0.04108391608391608
7 0.8293556085918855 0.9420891608391608 0.053699284009546544 0.029283216783216784
7 0.6880966587112172 0.8966346153846154 0.013424821002386636 0.04938811188811189
7 0.6651252983293556 0.8990384615384616 0.018198090692124105 0.055944055944055944
7 0.6451372315035799 0.8986013986013986 0.016408114558472554 0.038461538461538464
7 0.6333532219570406 0.8876748251748252 0.01909307875894988 0.04807692307692308
7 0.6191825775656324 0.8852709790209791 0.014618138424821002 0.03715034965034965
7 0.6079952267303103 0.8734702797202797 0.017899761336515514 0.03977272727272727
7 0.012529832935560859 0.20541958041958042 0.024463007159904536 0.20541958041958042
