7 0.9782823297137216 0.10990990990990991 0.017110891740704178 0.209009009009009
7 0.9052319842053307 0.5306306306306307 0.017769002961500493 0.5783783783783784
7 0.8759460348798946 0.5486486486486487 0.015136558078315236 0.5711711711711712
7 0.8532411977624218 0.40450450450450454 0.011187890753537348 0.27207207207207207
7 0.7938466600855545 0.4774774774774775 0.01217505758473182 0.2954954954954955
7 0.7481079302402106 0.5054054054054055 0.010200723922342876 0.29009009009009007
7 0.7179993418887792 0.5099099099099099 0.008555445870352089 0.2810810810810811
7 0.6860809476801579 0.4882882882882883 0.009213557091148404 0.3891891891891892
7 0.56071076011846 0.5585585585585585 0.015136558078315236 0.45045045045045046
7 0.3861467588022376 0.554954954954955 0.008226390259953932 0.4720720720720721
7 0.32148733135899965 0.6648648648648648 0.011846001974333662 0.6630630630630631
7 0.2780519907864429 0.5693693693693693 0.010529779532741033 0.42882882882882883
14 0.27607765712405397 0.16216216216216217 0.007239223428759461 0.06486486486486487
7 0.242678512668641 0.6738738738738739 0.012833168805528134 0.6162162162162163
7 0.07502467917077986 0.6900900900900901 0.01579466929911155 0.46126126126126127
