1 0.09740259740259741 0.7761752136752138 0.05194805194805195 0.019230769230769232
1 0.7903525046382189 0.6987179487179488 0.059369202226345084 0.02243589743589744
1 0.5862708719851577 0.42307692307692313 0.0575139146567718 0.024572649572649576
1 0.5487012987012987 0.3619123931623932 0.04730983302411874 0.020833333333333336
1 0.5709647495361782 0.10149572649572651 0.045454545454545456 0.017094017094017096
7 0.7012987012987013 0.7847222222222223 0.3580705009276438 0.10897435897435899
7 0.6354359925788498 0.7222222222222223 0.36363636363636365 0.08867521367521368
7 0.6215213358070502 0.6423611111111112 0.2782931354359926 0.08707264957264958
7 0.5477736549165121 0.5259081196581197 0.2606679035250464 0.09241452991452992
7 0.49165120593692024 0.45966880341880345 0.27087198515769945 0.07425213675213677
7 0.4605751391465677 0.3947649572649573 0.24025974025974026 0.06303418803418805
7 0.42810760667903525 0.327190170940171 0.2031539888682746 0.05502136752136753
7 0.4155844155844156 0.26495726495726496 0.18738404452690166 0.04807692307692308
7 0.40816326530612246 0.17548076923076925 0.450834879406308 0.10416666666666667
7 0.35714285714285715 0.14022435897435898 0.5009276437847866 0.12126068376068377
