4 0.8994299674267101 0.8784843205574913 0.026058631921824105 0.08797909407665505
7 0.5221905537459284 0.6280487804878049 0.015879478827361564 0.06097560975609756
7 0.14434039087947884 0.8702090592334495 0.015879478827361564 0.10627177700348432
7 0.20215798045602607 0.8371080139372822 0.031351791530944625 0.09581881533101046
7 0.25895765472312704 0.8405923344947736 0.013029315960912053 0.07317073170731707
7 0.2968241042345277 0.8292682926829268 0.023615635179153095 0.08710801393728224
7 0.3367263843648209 0.8022648083623694 0.01954397394136808 0.08188153310104529
7 0.3745928338762215 0.8131533101045296 0.020358306188925084 0.08275261324041812
7 0.41266286644951145 0.7717770034843205 0.014250814332247558 0.06445993031358885
7 0.4603013029315961 0.7099303135888502 0.020765472312703585 0.05400696864111498
7 0.48697068403908794 0.6681184668989547 0.020358306188925084 0.06445993031358885
7 0.6156351791530945 0.546602787456446 0.011400651465798045 0.08101045296167247
4 0.8760179153094463 0.8880662020905923 0.025651465798045604 0.08797909407665505
7 0.6357899022801303 0.5121951219512195 0.02972312703583062 0.13066202090592335
7 0.6763029315960912 0.45993031358885017 0.020358306188925084 0.15853658536585366
7 0.7005293159609121 0.4616724738675958 0.019136807817589578 0.11846689895470383
7 0.7341205211726385 0.4202961672473868 0.026058631921824105 0.16289198606271776
7 0.7829804560260587 0.4329268292682927 0.021172638436482087 0.13588850174216027
7 0.8078175895765473 0.4372822299651568 0.020358306188925084 0.11149825783972125
7 0.8428338762214984 0.37325783972125437 0.03175895765472313 0.15940766550522648
7 0.875814332247557 0.3475609756097561 0.02280130293159609 0.1480836236933798
7 0.9037052117263844 0.32447735191637633 0.012622149837133551 0.1402439024390244
7 0.11522801302931597 0.8867595818815331 0.01954397394136808 0.15156794425087108
