7 0.777661795407098 0.7969924812030076 0.004543779933685373 0.10827067669172932
7 0.41477342502763104 0.1 0.007982316099717548 0.15789473684210528
7 0.49447378116173396 0.23909774436090228 0.005034999385975685 0.16541353383458648
7 0.4771582954685005 0.24661654135338348 0.004543779933685373 0.11729323308270677
7 0.4678865283065209 0.21879699248120302 0.0054034139751934175 0.1067669172932331
7 0.45161488394940436 0.16766917293233083 0.00577182856441115 0.16090225563909774
7 0.43153628883703793 0.14962406015037594 0.00687707233206435 0.1518796992481203
7 0.4226943386958123 0.1218045112781955 0.004912194522903106 0.1323308270676692
7 0.40587007245486917 0.08195488721804511 0.004420975070612796 0.13383458646616542
7 0.5125874984649392 0.27518796992481204 0.007122682058209505 0.17142857142857143
7 0.3776863563797126 0.06766917293233084 0.0035613410291047524 0.1323308270676692
7 0.38548446518482127 0.07218045112781955 0.00368414589217733 0.14135338345864662
14 0.33857300749109664 0.14962406015037594 0.004912194522903106 0.03458646616541353
7 0.10874370625076753 0.09323308270676692 0.005034999385975685 0.18646616541353384
7 0.0967702321011912 0.11729323308270677 0.006631462605919194 0.19849624060150378
7 0.04648164067297065 0.21278195488721804 0.0060174382905563055 0.32030075187969925
7 0.503622743460641 0.2548872180451128 0.00687707233206435 0.1699248120300752
7 0.5387449342993982 0.3218045112781955 0.0054034139751934175 0.18345864661654138
7 0.7862581358221785 0.8022556390977444 0.00577182856441115 0.14285714285714288
8 0.7637234434483605 0.5015037593984962 0.02898194768512833 1.0
7 0.7958369151418395 0.8105263157894738 0.0035613410291047524 0.11127819548872181
7 0.8121699619304924 0.8894736842105264 0.0038069507552499077 0.08571428571428572
7 0.8273363625199557 0.8909774436090226 0.004666584796757951 0.1218045112781955
7 0.8420115436571287 0.9293233082706768 0.004543779933685373 0.12330827067669174
7 0.8584059928773179 0.9488721804511279 0.004912194522903106 0.0962406015037594
7 0.8770723320643496 0.9518796992481203 0.0041753653444676405 0.0962406015037594
7 0.7343730811740145 0.724812030075188 0.004420975070612796 0.15338345864661654
7 0.5470342625567972 0.3849624060150376 0.0035613410291047524 0.11127819548872181
7 0.6892422939948422 0.6398496240601504 0.004298170207540218 0.14285714285714288
7 0.6814441851897335 0.6150375939849625 0.004666584796757951 0.1593984962406015
7 0.6477342502763109 0.5601503759398496 0.005034999385975685 0.1729323308270677
7 0.6321380326660936 0.5293233082706768 0.0047893896598305286 0.1804511278195489
7 0.610340169470711 0.4842105263157895 0.004420975070612796 0.16842105263157897
7 0.5567972491710671 0.36766917293233087 0.0054034139751934175 0.16691729323308271
7 0.03622743460641041 0.224812030075188 0.005894633427483728 0.3142857142857143
