10 0.8219978746014878 0.047533092659446455 0.03294367693942614 0.049338146811071
10 0.8788522848034006 0.20156438026474127 0.03188097768331562 0.051744885679903735
4 0.7268862911795961 0.5354993983152828 0.15302869287991497 0.2358604091456077
4 0.616365568544102 0.2364620938628159 0.15302869287991497 0.2370637785800241
4 0.5095642933049946 0.2851985559566787 0.1540913921360255 0.2358604091456077
4 0.3777895855472901 0.3483754512635379 0.1540913921360255 0.2370637785800241
4 0.27151965993623806 0.39651022864019253 0.15621679064824653 0.2370637785800241
10 0.30286928799149837 0.95367027677497 0.036131774707757705 0.025270758122743684
10 0.563230605738576 0.9217809867629363 0.040382571732199786 0.024067388688327317
10 0.5462274176408076 0.746690734055355 0.025504782146652496 0.04211793020457281
10 0.7656748140276302 0.9091456077015644 0.039319872476089264 0.025270758122743684
10 0.12061636556854409 0.9741275571600482 0.04144527098831031 0.025270758122743684
10 0.22157279489904355 0.9590854392298436 0.043570669500531345 0.026474127557160047
10 0.45111583421891605 0.7743682310469314 0.028692879914984058 0.051744885679903735
10 0.4287991498405951 0.670878459687124 0.024442082890541974 0.049338146811071
10 0.3575982996811902 0.6889290012033694 0.024442082890541974 0.04693140794223827
9 0.926673751328374 0.32731648616125153 0.04463336875664187 0.07460890493381468
4 0.618490967056323 0.5872442839951866 0.155154091392136 0.2358604091456077
