10 0.8003502626970228 0.8850110213078618 0.02276707530647986 0.02718589272593681
4 0.8056042031523643 0.68626010286554 0.1085814360770578 0.1381337252020573
4 0.3340630472854641 0.35929463629684055 0.10945709281961472 0.1396032329169728
4 0.4220665499124343 0.33761939750183684 0.1085814360770578 0.13886847905951505
4 0.3104203152364273 0.5837619397501836 0.11120840630472854 0.13886847905951505
4 0.4001751313485114 0.5624540778839089 0.1085814360770578 0.13886847905951505
4 0.489492119089317 0.5418809698750918 0.11033274956217162 0.13886847905951505
4 0.36033274956217165 0.7920646583394563 0.10945709281961472 0.1381337252020573
4 0.44964973730297725 0.7703894195444525 0.10945709281961472 0.14033798677443055
4 0.5836252189141856 0.7387950036737693 0.11120840630472854 0.13739897134459955
4 0.7180385288966725 0.7083027185892725 0.11033274956217162 0.1396032329169728
10 0.5547285464098074 0.19324026451138868 0.03415061295971979 0.022042615723732548
10 0.5796847635726795 0.2428361498897869 0.03502626970227671 0.025716385011021307
10 0.5626094570928196 0.21307861866274797 0.03415061295971979 0.02351212343864805
10 0.5678633975481612 0.2296105804555474 0.03415061295971979 0.025716385011021307
10 0.5928196147110333 0.2942689199118295 0.03152364273204904 0.02718589272593681
10 0.7044658493870403 0.2509184423218222 0.020140105078809107 0.02718589272593681
10 0.7657618213660246 0.23291697281410725 0.023642732049036778 0.027920646583394562
10 0.6129597197898424 0.33174136664217485 0.03677758318739054 0.030124908155767814
10 0.6037653239929948 0.3130051432770022 0.03590192644483363 0.029390154298310066
10 0.6816987740805605 0.2571638501102131 0.021891418563922942 0.030859662013225566
10 0.6887040280210157 0.30308596620132255 0.021891418563922942 0.028655400440852314
4 0.24387040280210157 0.38023512123438646 0.11120840630472854 0.13886847905951505
