10 0.6760722347629796 0.44135429262394194 0.11963882618510158 0.03143893591293833
10 0.5970654627539503 0.3035066505441354 0.10158013544018057 0.02418379685610641
10 0.463882618510158 0.037484885126964934 0.10609480812641083 0.03385731559854897
9 0.5733634311512414 0.18561064087061668 0.12641083521444693 0.03506650544135429
9 0.4176072234762979 0.5622732769044739 0.15349887133182843 0.03869407496977025
9 0.4492099322799097 0.6892382103990327 0.15801354401805867 0.045949214026602174
9 0.42889390519187354 0.626360338573156 0.15349887133182843 0.041112454655380895
9 0.4153498871331828 0.5912938331318016 0.15801354401805867 0.03869407496977025
9 0.391647855530474 0.5296251511487303 0.1693002257336343 0.04353083434099153
9 0.5993227990970654 0.24848851269649333 0.12415349887133181 0.037484885126964934
9 0.5857787810383747 0.21704957678355502 0.12415349887133181 0.03506650544135429
9 0.5598194130925508 0.15114873035066503 0.1309255079006772 0.03627569528415961
9 0.5451467268623025 0.11426844014510278 0.13318284424379231 0.03990326481257557
