0 0.172886393659181 0.9181275643416636 0.0703434610303831 0.08392390898918314
0 0.220442536327609 0.8692651995524059 0.07100396301188903 0.08317791868705707
0 0.34329590488771466 0.756620663931369 0.07100396301188903 0.08093994778067885
0 0.4189233817701453 0.690787019768743 0.07166446499339497 0.08205893323386797
0 0.46383751651254956 0.638567698619918 0.06638044914134743 0.07982096232748975
0 0.5227873183619551 0.5708690787019769 0.08850726552179657 0.10555762775083924
0 0.5810766182298547 0.5095113763521074 0.08619550858652576 0.10518463259977621
0 0.6413474240422722 0.45524058187243566 0.08256274768824307 0.10182767624020889
0 0.7060766182298547 0.40339425587467365 0.08520475561426684 0.10257366654233495
0 0.7604029062087186 0.3377471092875793 0.08751651254953766 0.10555762775083924
0 0.8241413474240423 0.28273032450578145 0.09147952443857332 0.10369265199552406
0 0.8637714663143989 0.23535994032077584 0.0881770145310436 0.10369265199552406
