10 0.5112075198843095 0.631326352530541 0.021691973969631236 0.03577661431064572
9 0.2592190889370933 0.45200698080279234 0.035430224150397684 0.02617801047120419
9 0.33731019522776573 0.46815008726003493 0.035430224150397684 0.02530541012216405
9 0.37129428778018797 0.4869109947643979 0.035430224150397684 0.02617801047120419
9 0.4063629790310918 0.506108202443281 0.036153289949385395 0.02617801047120419
9 0.40238611713665945 0.5157068062827225 0.035430224150397684 0.02617801047120419
9 0.3976861894432393 0.5266143106457243 0.036153289949385395 0.02705061082024433
9 0.3673174258857556 0.49781849912739967 0.036153289949385395 0.02705061082024433
9 0.36297903109182933 0.5082897033158813 0.03470715835140998 0.02530541012216405
9 0.33297180043383945 0.4781849912739965 0.035430224150397684 0.02617801047120419
9 0.2982646420824295 0.4598603839441536 0.035430224150397684 0.02617801047120419
9 0.32827187274041936 0.4899650959860384 0.036153289949385395 0.02705061082024433
9 0.2935647143890094 0.4707678883071553 0.036153289949385395 0.02705061082024433
9 0.26428054953000724 0.4410994764397906 0.035430224150397684 0.02705061082024433
9 0.193058568329718 0.4031413612565445 0.03470715835140998 0.02617801047120419
9 0.22740419378163412 0.42190226876090753 0.035430224150397684 0.02356020942408377
9 0.22487346348517714 0.4323734729493892 0.036153289949385395 0.02530541012216405
9 0.2660882140274765 0.43019197207678883 0.036153289949385395 0.02617801047120419
9 0.17064352856109904 0.46335078534031415 0.03470715835140998 0.02617801047120419
9 0.17462039045553146 0.45200698080279234 0.035430224150397684 0.02617801047120419
9 0.19486623282718726 0.4489528795811518 0.038322487346348515 0.02705061082024433
9 0.20932754880694143 0.4707678883071553 0.03398409255242227 0.02530541012216405
9 0.23282718727404195 0.47033158813263526 0.03759942154736081 0.027923211169284468
9 0.24367317425885754 0.48909249563699825 0.03470715835140998 0.02530541012216405
9 0.27187274041937814 0.4904013961605585 0.03759942154736081 0.027923211169284468
9 0.3083875632682574 0.5113438045375218 0.038322487346348515 0.027923211169284468
9 0.2787418655097614 0.5087260034904014 0.035430224150397684 0.02617801047120419
9 0.34743311641359365 0.5322862129144852 0.038322487346348515 0.029668411867364748
9 0.3853940708604483 0.5532286212914486 0.03759942154736081 0.027923211169284468
9 0.2736804049168474 0.518324607329843 0.035430224150397684 0.02617801047120419
9 0.30874909616775126 0.537085514834206 0.03470715835140998 0.02705061082024433
9 0.3438177874186551 0.556282722513089 0.035430224150397684 0.02705061082024433
9 0.30115690527838035 0.4493891797556719 0.035430224150397684 0.02617801047120419
9 0.23210412147505421 0.4109947643979058 0.03470715835140998 0.02617801047120419
9 0.05386840202458423 0.41143106457242584 0.035430224150397684 0.028795811518324606
9 0.18004338394793926 0.30017452006980805 0.03470715835140998 0.02617801047120419
9 0.23427331887201736 0.2918848167539267 0.03470715835140998 0.02530541012216405
9 0.27006507592190887 0.31064572425828973 0.03398409255242227 0.02617801047120419
9 0.3054953000723066 0.33027923211169286 0.035430224150397684 0.02705061082024433
9 0.31489515545914676 0.3010471204188482 0.035430224150397684 0.02617801047120419
9 0.3543022415039769 0.32329842931937175 0.03470715835140998 0.02530541012216405
9 0.3897324656543745 0.3416230366492147 0.03470715835140998 0.02530541012216405
9 0.42516268980477223 0.36038394415357766 0.03181489515545915 0.02443280977312391
9 0.3781634128705712 0.3486038394415358 0.03470715835140998 0.02530541012216405
9 0.41250903832248736 0.36736474694589877 0.035430224150397684 0.02617801047120419
9 0.44685466377440347 0.3861256544502618 0.036153289949385395 0.02705061082024433
9 0.19414316702819956 0.2949389179755672 0.035430224150397684 0.02617801047120419
9 0.227765726681128 0.31326352530541013 0.03470715835140998 0.02617801047120419
9 0.2613882863340564 0.331151832460733 0.035430224150397684 0.02705061082024433
9 0.2950108459869848 0.35122164048865623 0.03470715835140998 0.02705061082024433
9 0.2143890093998554 0.3180628272251309 0.03398409255242227 0.02530541012216405
9 0.1984815618221258 0.3922338568935428 0.03398409255242227 0.02705061082024433
9 0.2487346348517715 0.3368237347294939 0.03470715835140998 0.02443280977312391
9 0.2885032537960954 0.35951134380453753 0.03470715835140998 0.02617801047120419
9 0.324295010845987 0.37914485165794065 0.035430224150397684 0.02530541012216405
9 0.35791757049891537 0.3970331588132635 0.03470715835140998 0.02617801047120419
9 0.39660159074475776 0.41710296684118675 0.035430224150397684 0.02617801047120419
9 0.43094721619667387 0.43586387434554974 0.03470715835140998 0.02705061082024433
9 0.17715112075198844 0.31195462478184993 0.03470715835140998 0.02530541012216405
9 0.21330441070137382 0.33027923211169286 0.03470715835140998 0.02530541012216405
9 0.24692697035430225 0.3486038394415358 0.035430224150397684 0.02356020942408377
9 0.28344179320318147 0.3704188481675393 0.03470715835140998 0.02530541012216405
9 0.31742588575560376 0.3887434554973822 0.03470715835140998 0.02705061082024433
9 0.3557483731019523 0.4075043630017452 0.03470715835140998 0.02443280977312391
9 0.36117136659436005 0.4245200698080279 0.031091829356471437 0.02356020942408377
9 0.40708604483007954 0.49345549738219896 0.03470715835140998 0.02530541012216405
9 0.3792480115690528 0.574607329842932 0.0368763557483731 0.02705061082024433
9 0.040853217642805494 0.4166666666666667 0.03398409255242227 0.02705061082024433
10 0.29067245119305857 0.4869109947643979 0.026030368763557483 0.022687609075043632
10 0.2158351409978308 0.19197207678883071 0.018076644974692697 0.029668411867364748
9 0.3543022415039769 0.5890052356020943 0.03470715835140998 0.02617801047120419
9 0.3532176428054953 0.6007853403141361 0.035430224150397684 0.02530541012216405
9 0.5939985538684021 0.6845549738219895 0.022415039768618944 0.04275741710296684
9 0.6417208966015907 0.7137870855148343 0.02096890817064353 0.041884816753926704
9 0.6561822125813449 0.7207678883071553 0.022415039768618944 0.041884816753926704
9 0.7223427331887201 0.7547993019197208 0.021691973969631236 0.041884816753926704
9 0.7378886478669558 0.7626527050610821 0.02096890817064353 0.038394415357766144
2 0.8557483731019523 0.3307155322862129 0.06724511930585683 0.07504363001745201
10 0.13195950831525669 0.17321116928446773 0.016630513376717282 0.028795811518324606
10 0.14569775849602312 0.16448516579406633 0.015184381778741865 0.028795811518324606
10 0.17678958785249457 0.1662303664921466 0.016630513376717282 0.02705061082024433
10 0.18618944323933478 0.17015706806282724 0.015184381778741865 0.02617801047120419
10 0.1970354302241504 0.17713787085514834 0.016630513376717282 0.02617801047120419
10 0.20571221981200288 0.18717277486910996 0.016630513376717282 0.02705061082024433
10 0.06869125090383224 0.23298429319371727 0.023138105567606652 0.020942408376963352
9 0.29681851048445407 0.5828970331588132 0.035430224150397684 0.02617801047120419
10 0.06182212581344902 0.22425828970331588 0.022415039768618944 0.019197207678883072
10 0.06290672451193058 0.20680628272251309 0.023138105567606652 0.019197207678883072
10 0.03940708604483008 0.2181500872600349 0.022415039768618944 0.020942408376963352
10 0.05386840202458423 0.19764397905759162 0.022415039768618944 0.02006980802792321
10 0.02928416485900217 0.2081151832460733 0.022415039768618944 0.02006980802792321
10 0.03651482284887925 0.1893542757417103 0.02096890817064353 0.017452006980802792
10 0.03398409255242227 0.17801047120418848 0.023138105567606652 0.019197207678883072
10 0.033622559652928416 0.13394415357766143 0.022415039768618944 0.018324607329842934
10 0.04302241503976862 0.11692844677137872 0.02386117136659436 0.019197207678883072
10 0.030007230657989877 0.10776614310645724 0.022415039768618944 0.018324607329842934
10 0.023499638467100507 0.09162303664921466 0.022415039768618944 0.019197207678883072
10 0.21149674620390455 0.4441535776614311 0.02675343456254519 0.022687609075043632
10 0.23680404916847433 0.4594240837696335 0.025307302964569775 0.02181500872600349
10 0.2635574837310195 0.4729493891797557 0.025307302964569775 0.020942408376963352
9 0.3322487346348518 0.6016579406631762 0.03398409255242227 0.02530541012216405
9 0.26247288503253796 0.5636998254799302 0.03470715835140998 0.02617801047120419
9 0.07519884309472162 0.43586387434554974 0.03470715835140998 0.02530541012216405
9 0.4613159797541576 0.6112565445026178 0.02024584237165582 0.041012216404886566
9 0.08857556037599422 0.43106457242582896 0.035430224150397684 0.02617801047120419
9 0.04736080983369487 0.4336823734729494 0.03398409255242227 0.02617801047120419
9 0.10918293564714389 0.45462478184991273 0.03470715835140998 0.02443280977312391
9 0.08242950108459869 0.45157068062827227 0.03470715835140998 0.02530541012216405
9 0.11713665943600868 0.4712041884816754 0.03470715835140998 0.02443280977312391
9 0.2856109906001446 0.550174520069808 0.03470715835140998 0.02530541012216405
9 0.3203181489515546 0.5693717277486912 0.03470715835140998 0.02705061082024433
9 0.3152566883586406 0.5798429319371727 0.03759942154736081 0.02705061082024433
9 0.7704266088214027 0.7809773123909249 0.02096890817064353 0.041884816753926704
9 0.7064352856109906 0.7465095986038395 0.021691973969631236 0.041012216404886566
9 0.6229211858279103 0.7076788830715532 0.02096890817064353 0.04013961605584642
9 0.5556760665220535 0.6657940663176265 0.022415039768618944 0.04013961605584642
9 0.5448300795372378 0.6566317626527051 0.02096890817064353 0.04275741710296684
9 0.4804772234273319 0.6221640488656196 0.022415039768618944 0.04013961605584642
9 0.04591467823571945 0.36954624781849915 0.02096890817064353 0.041012216404886566
9 0.2794649313087491 0.5593368237347295 0.03398409255242227 0.02617801047120419
9 0.06290672451193058 0.3237347294938918 0.021691973969631236 0.041884816753926704
9 0.05350686912509038 0.38089005235602097 0.01735357917570499 0.030541012216404886
9 0.06471438900939985 0.3782722513089005 0.02096890817064353 0.041012216404886566
9 0.08134490238611713 0.33595113438045376 0.02096890817064353 0.04013961605584642
9 0.06471438900939985 0.3472949389179756 0.019522776572668113 0.03315881326352531
9 0.07700650759219088 0.31544502617801046 0.019522776572668113 0.034031413612565446
9 0.056760665220535064 0.4511343804537522 0.035430224150397684 0.02443280977312391
9 0.09508315256688359 0.47164048865619546 0.035430224150397684 0.02530541012216405
9 0.12979031091829357 0.4904013961605585 0.035430224150397684 0.02617801047120419
9 0.16377440347071584 0.5100349040139616 0.035430224150397684 0.02530541012216405
9 0.1561822125813449 0.49258289703315883 0.03470715835140998 0.02530541012216405
9 0.19414316702819956 0.5126527050610821 0.035430224150397684 0.02530541012216405
9 0.22342733188720174 0.5418848167539267 0.03470715835140998 0.02617801047120419
9 0.24367317425885754 0.5392670157068062 0.03470715835140998 0.02617801047120419
9 0.16775126536514823 0.25654450261780104 0.03470715835140998 0.02617801047120419
