7 0.51 0.527375 0.018000000000000002 0.01125
1 0.377375 0.337625 0.01175 0.00975
1 0.2255 0.2175 0.0155 0.014
1 0.184875 0.258 0.01225 0.021500000000000002
1 0.185875 0.265125 0.010750000000000001 0.01875
1 0.19025 0.26525 0.0125 0.021500000000000002
1 0.215 0.26937500000000003 0.004 0.01575
1 0.21975 0.264125 0.0055 0.02325
1 0.29525 0.294 0.0165 0.014
1 0.29825 0.301375 0.019 0.01625
1 0.30025 0.315375 0.017 0.01225
1 0.298 0.311875 0.014 0.00975
1 0.250125 0.27175 0.00575 0.009000000000000001
1 0.24725 0.27075 0.006500000000000001 0.01
1 0.170125 0.2625 0.00725 0.0135
1 0.057125 0.27625 0.00475 0.0045000000000000005
7 0.15525 0.263625 0.004 0.00525
1 0.090125 0.130375 0.00425 0.0032500000000000003
1 0.104375 0.151375 0.00625 0.0032500000000000003
1 0.375875 0.342875 0.012750000000000001 0.01125
1 0.376625 0.393125 0.01875 0.01925
1 0.383125 0.399625 0.017750000000000002 0.01825
7 0.494375 0.518375 0.01325 0.01175
1 0.224125 0.22175 0.01875 0.0175
