8 0.70825 0.527625 0.005 0.00375
8 0.0615 0.87375 0.009000000000000001 0.01
1 0.33037500000000003 0.94675 0.01225 0.009000000000000001
1 0.35625 0.9535 0.009000000000000001 0.0135
6 0.9275 0.018375 0.0185 0.02025
8 0.35025 0.177625 0.0145 0.01025
8 0.21075 0.652375 0.006 0.01325
8 0.19075 0.5251250000000001 0.005 0.00375
8 0.62 0.55025 0.0045000000000000005 0.0035
8 0.820625 0.68375 0.01975 0.0205
8 0.626375 0.557 0.010750000000000001 0.01
8 0.592375 0.517375 0.00475 0.0032500000000000003
8 0.704375 0.5325 0.00375 0.004
8 0.67475 0.569125 0.005 0.00375
8 0.705 0.669375 0.006 0.00375
8 0.94325 0.205625 0.0035 0.00425
8 0.8535 0.061625 0.007 0.00825
