8 0.797875 0.141625 0.09125 0.01225
8 0.78075 0.410625 0.0155 0.00625
8 0.127 0.5695 0.0085 0.009000000000000001
8 0.064375 0.725875 0.01025 0.01675
8 0.023 0.70925 0.011 0.016
8 0.1965 0.704875 0.0085 0.0032500000000000003
8 0.29975 0.787125 0.003 0.00775
8 0.30425 0.5885 0.006500000000000001 0.0105
8 0.367 0.5573750000000001 0.0135 0.01925
8 0.318125 0.43825000000000003 0.01125 0.009000000000000001
8 0.44325000000000003 0.98175 0.0205 0.0335
8 0.6803750000000001 0.96275 0.00675 0.0025
8 0.56275 0.759125 0.007 0.00425
8 0.710375 0.141625 0.02675 0.012750000000000001
1 0.773375 0.371125 0.00425 0.01175
1 0.769875 0.358875 0.00575 0.01425
1 0.77425 0.3605 0.0055 0.013000000000000001
8 0.099625 0.10675 0.00525 0.007
