8 0.9924038461538461 0.42362500000000003 0.0025 0.0032500000000000003
1 0.3996153846153846 0.24875 0.007692307692307693 0.0095
1 0.28 0.358875 0.00923076923076923 0.00925
1 0.28048076923076926 0.3615 0.009038461538461539 0.009000000000000001
8 0.2940384615384615 0.521875 0.009615384615384616 0.01025
8 0.23567307692307693 0.87775 0.0025 0.0045000000000000005
8 0.09125 0.606875 0.0040384615384615385 0.00375
8 0.18990384615384615 0.29575 0.005192307692307692 0.006
8 0.13375 0.019 0.003269230769230769 0.004
8 0.36653846153846154 0.03725 0.004230769230769231 0.004
8 0.395 0.10212500000000001 0.005 0.00575
1 0.44 0.25 0.0057692307692307696 0.0075
1 0.4863461538461539 0.18975 0.020384615384615383 0.023
1 0.4645192307692308 0.19275 0.009423076923076923 0.0125
1 0.40221153846153845 0.22825 0.011346153846153846 0.0135
8 0.5309615384615385 0.685 0.010769230769230769 0.004
1 0.4003846153846154 0.225375 0.011153846153846153 0.01375
1 0.5213461538461538 0.098 0.007307692307692308 0.0155
8 0.43038461538461537 0.96175 0.005 0.005
8 0.2896153846153846 0.979875 0.003076923076923077 0.00475
1 0.22384615384615383 0.3025 0.007692307692307693 0.0095
1 0.21778846153846154 0.310625 0.007884615384615384 0.00925
1 0.21721153846153846 0.332125 0.010576923076923078 0.014750000000000001
1 0.2243269230769231 0.338625 0.006730769230769231 0.00925
1 0.2298076923076923 0.34725 0.006923076923076923 0.01
1 0.21086538461538462 0.317375 0.0055769230769230765 0.01125
1 0.21211538461538462 0.318375 0.005 0.010750000000000001
8 0.7823076923076923 0.62725 0.005 0.006500000000000001
1 0.2783653846153846 0.35725 0.009807692307692307 0.0095
1 0.27634615384615385 0.35575 0.010384615384615384 0.011
8 0.30759615384615385 0.374875 0.0751923076923077 0.09375
1 0.3499038461538462 0.350625 0.010961538461538462 0.01525
1 0.002980769230769231 0.76125 0.0055769230769230765 0.007
1 0.046057692307692306 0.77525 0.01173076923076923 0.01
1 0.07096153846153846 0.768 0.012307692307692308 0.011
1 0.05875 0.757375 0.010192307692307691 0.010750000000000001
1 0.09134615384615384 0.74725 0.011153846153846153 0.01
1 0.12923076923076923 0.699375 0.01 0.01525
1 0.11836538461538461 0.7292500000000001 0.009038461538461539 0.011
1 0.13317307692307692 0.718 0.008653846153846154 0.0135
1 0.14961538461538462 0.69825 0.008076923076923077 0.0135
8 0.10836538461538461 0.660625 0.005192307692307692 0.00675
1 0.19259615384615383 0.610625 0.00826923076923077 0.01325
8 0.10028846153846153 0.058875000000000004 0.009038461538461539 0.01125
8 0.09230769230769231 0.067125 0.0034615384615384616 0.00475
1 0.0475 0.1075 0.004230769230769231 0.0025
8 0.008942307692307692 0.350625 0.003269230769230769 0.00375
8 0.031153846153846153 0.421 0.0034615384615384616 0.0035
8 0.06951923076923076 0.5377500000000001 0.003653846153846154 0.003
1 0.22278846153846155 0.5573750000000001 0.0075 0.01225
1 0.26826923076923076 0.49162500000000003 0.007307692307692308 0.01375
1 0.2560576923076923 0.50375 0.009038461538461539 0.018000000000000002
1 0.23682692307692307 0.525875 0.0075 0.012750000000000001
1 0.25548076923076923 0.4415 0.007115384615384615 0.011
1 0.24 0.428875 0.010384615384615384 0.01575
1 0.2310576923076923 0.46975 0.0075 0.0155
1 0.22875 0.468875 0.0075 0.01525
8 0.8570192307692308 0.013375 0.003653846153846154 0.00475
8 0.8032692307692307 0.03675 0.0023076923076923075 0.004
8 0.9363461538461538 0.00425 0.0034615384615384616 0.003
1 0.5460576923076923 0.022375 0.019807692307692307 0.03025
1 0.5492307692307692 0.0285 0.008461538461538461 0.012
8 0.485 0.69475 0.0019230769230769232 0.003
8 0.4458653846153846 0.703375 0.0021153846153846153 0.0032500000000000003
8 0.40028846153846154 0.713875 0.0017307692307692308 0.00375
8 0.3305769230769231 0.729625 0.0019230769230769232 0.00425
8 0.6784615384615384 0.882625 0.004230769230769231 0.00425
8 0.6065384615384616 0.666625 0.004230769230769231 0.0032500000000000003
8 0.5594230769230769 0.678 0.0015384615384615385 0.003
8 0.6792307692307692 0.6511250000000001 0.004230769230769231 0.00375
8 0.8521153846153846 0.611 0.005 0.006500000000000001
8 0.849423076923077 0.612125 0.0038461538461538464 0.00475
8 0.8611538461538462 0.609625 0.0019230769230769232 0.00375
8 0.9822115384615384 0.665625 0.014807692307692308 0.01675
8 0.8891346153846154 0.131625 0.003269230769230769 0.00425
8 0.9526923076923077 0.257125 0.003076923076923077 0.00475
8 0.9410576923076923 0.442875 0.0025 0.00375
8 0.8692307692307693 0.8245 0.004615384615384615 0.006500000000000001
8 0.9214423076923077 0.8003750000000001 0.004807692307692308 0.00575
8 0.9575961538461538 0.784375 0.006346153846153846 0.00775
8 0.9788461538461538 0.77525 0.005 0.006500000000000001
8 0.8800961538461538 0.9117500000000001 0.0040384615384615385 0.006500000000000001
8 0.8922115384615384 0.9782500000000001 0.0040384615384615385 0.007
8 0.9629807692307693 0.113875 0.003269230769230769 0.0032500000000000003
8 0.9565384615384616 0.10400000000000001 0.0019230769230769232 0.0035
8 0.3894230769230769 0.47750000000000004 0.012307692307692308 0.005
1 0.5475961538461539 0.026625 0.009038461538461539 0.01375
1 0.5011538461538462 0.22375 0.006538461538461538 0.0075
8 0.6434615384615384 0.10875 0.002692307692307692 0.004
1 0.5017307692307692 0.22025 0.006538461538461538 0.0075
8 0.7225 0.25025000000000003 0.006538461538461538 0.008
8 0.7388461538461538 0.225875 0.006538461538461538 0.01025
1 0.6969230769230769 0.22162500000000002 0.007692307692307693 0.010750000000000001
1 0.6893269230769231 0.20975 0.009807692307692307 0.013000000000000001
1 0.6770192307692308 0.19275 0.00826923076923077 0.011
1 0.67875 0.19125 0.009038461538461539 0.0115
1 0.6733653846153846 0.179625 0.00826923076923077 0.01125
1 0.6716346153846153 0.18125 0.00826923076923077 0.0115
1 0.6698076923076923 0.18275 0.008076923076923077 0.011
1 0.6421153846153846 0.145625 0.00923076923076923 0.00975
1 0.6408653846153847 0.147625 0.009807692307692307 0.01025
1 0.6399038461538461 0.15 0.009038461538461539 0.0095
1 0.6624038461538462 0.159 0.009807692307692307 0.0115
1 0.6602884615384615 0.160875 0.010961538461538462 0.01325
1 0.6588461538461539 0.163 0.008461538461538461 0.01
1 0.6573076923076923 0.165125 0.01 0.01175
1 0.6476923076923077 0.15525 0.005 0.0045000000000000005
1 0.6472115384615384 0.15675 0.005192307692307692 0.005
8 0.6133653846153846 0.90275 0.010576923076923078 0.006
8 0.5855769230769231 0.9115 0.004615384615384615 0.006
8 0.5652884615384616 0.917375 0.0021153846153846153 0.00425
8 0.5558653846153846 0.438375 0.0021153846153846153 0.00375
8 0.6273076923076923 0.421375 0.0015384615384615385 0.0032500000000000003
8 0.5208653846153846 0.129125 0.06634615384615385 0.09425
8 0.5165384615384615 0.135375 0.06576923076923077 0.09225
8 0.16423076923076924 0.9475 0.005 0.0035
