12 0.7916346153846154 0.357125 0.004423076923076923 0.00625
2 0.7111538461538461 0.29375 0.0038461538461538464 0.0055
1 0.6264423076923077 0.39725 0.014038461538461538 0.0185
1 0.5279807692307692 0.57175 0.0040384615384615385 0.0075
1 0.5602884615384616 0.50075 0.0055769230769230765 0.0105
1 0.5609615384615385 0.503375 0.004230769230769231 0.00775
1 0.5632692307692307 0.501875 0.007307692307692308 0.01525
1 0.555 0.5125 0.006153846153846154 0.012
1 0.5070192307692307 0.644875 0.023653846153846154 0.02725
1 0.5094230769230769 0.67575 0.006538461538461538 0.0105
1 0.5074038461538461 0.6755 0.007115384615384615 0.0115
1 0.46971153846153846 0.682625 0.005961538461538462 0.00925
1 0.4676923076923077 0.682875 0.004615384615384615 0.00625
1 0.4618269230769231 0.694375 0.0075 0.01025
1 0.4608653846153846 0.692125 0.0075 0.01025
1 0.46721153846153846 0.6805 0.007884615384615384 0.0105
1 0.4596153846153846 0.6910000000000001 0.007692307692307693 0.011
8 0.34971153846153846 0.801125 0.01326923076923077 0.03025
8 0.35951923076923076 0.7955 0.021346153846153845 0.0335
8 0.17490384615384616 0.775375 0.02519230769230769 0.03225
8 0.18067307692307694 0.7755 0.019807692307692307 0.025
2 0.19028846153846155 0.2915 0.003653846153846154 0.005
2 0.1918269230769231 0.286375 0.003269230769230769 0.00475
2 0.63375 0.321 0.0025 0.003
2 0.6877884615384615 0.880375 0.0017307692307692308 0.0022500000000000003
7 0.7377884615384616 0.348125 0.017884615384615384 0.012750000000000001
2 0.6891346153846154 0.87875 0.0017307692307692308 0.0025
7 0.7195192307692307 0.359375 0.01903846153846154 0.014750000000000001
1 0.7551923076923077 0.333125 0.015769230769230768 0.00875
1 0.7226923076923077 0.352625 0.010769230769230769 0.00925
1 0.7328846153846154 0.343625 0.012307692307692308 0.00925
1 0.7559615384615385 0.340625 0.015769230769230768 0.00775
1 0.755673076923077 0.33725 0.015576923076923077 0.008
1 0.771826923076923 0.336625 0.015192307692307692 0.00725
1 0.77125 0.33225 0.015192307692307692 0.0075
1 0.7707692307692308 0.32887500000000003 0.015769230769230768 0.00675
1 0.04798076923076923 0.57575 0.0055769230769230765 0.009000000000000001
1 0.050673076923076925 0.57525 0.007115384615384615 0.012
1 0.04519230769230769 0.560875 0.011538461538461539 0.01875
1 0.04230769230769231 0.5635 0.011538461538461539 0.0195
8 0.9399038461538461 0.538375 0.034423076923076924 0.02875
8 0.9240384615384616 0.691875 0.031153846153846153 0.02675
1 0.9244230769230769 0.604375 0.005 0.02125
2 0.9224038461538462 0.446375 0.03596153846153846 0.02275
8 0.8580769230769231 0.33337500000000003 0.04 0.04475
2 0.8675 0.03625 0.011153846153846153 0.0145
1 0.7084615384615385 0.35925 0.0038461538461538464 0.006
1 0.7095192307692307 0.357125 0.0040384615384615385 0.00775
8 0.06317307692307693 0.5835 0.026346153846153846 0.034
