0 0.7834492800517716 0.8188920454545455 0.05355120530658469 0.049715909090909095
0 0.6483578708946772 0.27982954545454547 0.042549749231515936 0.0422979797979798
0 0.4070538747775441 0.7639678030303031 0.04400582430027504 0.045296717171717175
0 0.5411745672221323 0.6737689393939394 0.05112441352531953 0.049558080808080815
0 0.5808121663161301 0.6366792929292929 0.04141724640025886 0.043560606060606064
0 0.6368710564633555 0.6105587121212122 0.03025400420643909 0.030145202020202023
0 0.6613007603947582 0.5413510101010102 0.061964083481637275 0.05744949494949495
0 0.6600873645041255 0.5051294191919192 0.047565118912797286 0.045296717171717175
0 0.6587930755541175 0.3137626262626263 0.027180067950169876 0.024936868686868688
0 0.6393787413039961 0.23421717171717174 0.052095130237825596 0.04797979797979798
0 0.600469179744378 0.4701704545454546 0.028959715256431 0.028724747474747476
0 0.6180229736288626 0.18063446969696972 0.012942889500080892 0.013099747474747476
0 0.7556220676265977 0.6145044191919192 0.038343310143989645 0.03708964646464647
0 0.7399288141077496 0.6569602272727273 0.05063905516906649 0.04908459595959597
0 0.6537777058728361 0.5861742424242424 0.044976541012781104 0.045454545454545456
0 0.6162433263226015 0.6336805555555556 0.030092218087688076 0.031881313131313135
0 0.6996440705387478 0.7339804292929294 0.028312570781426953 0.02730429292929293
0 0.6354149813945964 0.4719065656565657 0.05419834978158874 0.052083333333333336
0 0.19543763145122148 0.7231691919191919 0.050477269050315486 0.052083333333333336
