14 0.2946854888935022 0.6532225913621262 0.021797799460244967 0.014219269102990035
1 0.5366410629022214 0.7967441860465116 0.008719119784097987 0.007574750830564784
1 0.5778492837865892 0.778405315614618 0.006850736973219846 0.0054485049833887045
1 0.5748391114801744 0.7813953488372093 0.010379904504878556 0.00823920265780731
1 0.5695453601826863 0.7824584717607974 0.008926717874195559 0.006910299003322259
1 0.5616566327589787 0.7859136212624586 0.009757110234585843 0.0074418604651162795
1 0.5575046709570273 0.7885714285714286 0.010587502594976126 0.00850498338870432
1 0.5536641062902221 0.7903654485049835 0.008719119784097987 0.007308970099667775
1 0.5493045463981732 0.7925581395348837 0.009134315964293128 0.00823920265780731
1 0.5451525845962217 0.7937541528239203 0.008303923603902844 0.00717607973421927
1 0.5408968237492215 0.7954152823920266 0.010587502594976126 0.008637873754152824
1 0.5331118953705626 0.7984717607973423 0.008719119784097987 0.006777408637873754
1 0.5616566327589787 0.7733554817275748 0.012248287315756695 0.009435215946843854
1 0.5254307660369525 0.8016611295681063 0.009549512144488272 0.007043189368770765
1 0.5212788042350011 0.8031229235880399 0.008303923603902844 0.007043189368770765
1 0.5171268424330496 0.8045847176079735 0.008719119784097987 0.007308970099667775
1 0.5139090720365372 0.8067109634551496 0.0093419140543907 0.008106312292358805
1 0.5095495121444883 0.8077740863787376 0.008511521694000415 0.007840531561461795
7 0.5350840772264895 0.79156146179402 0.09238115009341914 0.03946843853820598
1 0.481627569026365 0.6635880398671097 0.013701473946439693 0.007840531561461795
1 0.47913639194519414 0.660265780730897 0.013701473946439693 0.007308970099667775
1 0.48775171268424333 0.6693023255813954 0.013909072036537264 0.006777408637873754
1 0.5666389869213203 0.770764119601329 0.014324268216732407 0.01169435215946844
1 0.5562590824164418 0.7759468438538206 0.01100269877517127 0.00877076411960133
1 0.4925264687564875 0.6753488372093024 0.013909072036537264 0.0074418604651162795
1 0.4756072244135354 0.7413953488372094 0.010795100685073698 0.004784053156146179
1 0.52906373261366 0.7372093023255815 0.017230641478098403 0.008106312292358805
1 0.5397550342536849 0.7495681063122924 0.017438239568195974 0.010232558139534885
1 0.5452563836412705 0.7532225913621263 0.015569856757317833 0.00823920265780731
1 0.4654349179987544 0.7142857142857143 0.01121029686526884 0.0045182724252491695
1 0.46813369317002285 0.717873754152824 0.014531866306829977 0.0053156146179402
1 0.46875648744031556 0.7219269102990034 0.012455885405854267 0.005182724252491695
1 0.4703134731160474 0.7251827242524918 0.013909072036537264 0.00584717607973422
1 0.47104006643138885 0.7293023255813954 0.011625493045463982 0.00425249169435216
1 0.47488063109819395 0.737076411960133 0.011833091135561554 0.005182724252491695
1 0.4775794062694623 0.7467109634551495 0.01141789495536641 0.004784053156146179
1 0.5518995225243928 0.7780066445182725 0.013493875856342123 0.010498338870431894
1 0.487440315549097 0.765514950166113 0.013286277766244551 0.0054485049833887045
1 0.500934191405439 0.7964119601328904 0.015362258667220262 0.013820598006644518
1 0.507784928378659 0.7957475083056479 0.010379904504878556 0.009302325581395349
1 0.5127672825410007 0.7939534883720931 0.012040689225659125 0.010232558139534885
1 0.5252231679468549 0.7892358803986711 0.010379904504878556 0.009302325581395349
1 0.5307245173344406 0.7867774086378738 0.01141789495536641 0.011029900332225914
1 0.5358106705418311 0.7850498338870432 0.009964708324683413 0.008637873754152824
1 0.5406892256591239 0.7825913621262459 0.010587502594976126 0.009036544850498339
1 0.5465019721818559 0.7801328903654485 0.011833091135561554 0.009169435215946844
1 0.48899730122482876 0.6727574750830565 0.012248287315756695 0.0065116279069767444
1 0.49761262196387795 0.6813953488372093 0.012455885405854267 0.0065116279069767444
1 0.5571932738218809 0.8312292358803988 0.010795100685073698 0.006644518272425249
1 0.5841810255345651 0.8283056478405316 0.010379904504878556 0.007707641196013289
1 0.5497197425783683 0.8535548172757476 0.010795100685073698 0.009036544850498339
1 0.553248910110027 0.85156146179402 0.009134315964293128 0.007707641196013289
1 0.5579198671372224 0.8502325581395349 0.012248287315756695 0.009568106312292358
1 0.5611376375337347 0.8477740863787376 0.010379904504878556 0.008106312292358805
1 0.5630060203446129 0.8421262458471761 0.012040689225659125 0.0106312292358804
1 0.5659123936059789 0.8384717607973422 0.014116670126634836 0.009966777408637875
1 0.5732821258044426 0.8368770764119602 0.013909072036537264 0.012093023255813955
1 0.5761884990658086 0.8328239202657808 0.01307867967614698 0.01036544850498339
1 0.5809632551380528 0.8306976744186046 0.01141789495536641 0.00877076411960133
1 0.5886443844716629 0.8267774086378737 0.01100269877517127 0.009435215946843854
1 0.5316587087398796 0.8373421926910299 0.013701473946439693 0.007707641196013289
1 0.5935229395889559 0.8249169435215947 0.01121029686526884 0.009169435215946844
1 0.5974673033008097 0.8229900332225915 0.01121029686526884 0.00877076411960133
1 0.6027610545982978 0.8217940199335548 0.010587502594976126 0.00877076411960133
1 0.5446335893709778 0.8100332225913621 0.010587502594976126 0.006245847176079735
1 0.5423500103799045 0.8153488372093024 0.010587502594976126 0.005714285714285714
1 0.5443221922358314 0.8184053156146179 0.01287108158604941 0.007043189368770765
1 0.5475399626323438 0.8206644518272426 0.009757110234585843 0.005182724252491695
1 0.5501349387585635 0.8235215946843855 0.010795100685073698 0.0063787375415282396
1 0.5527299148847831 0.8259136212624585 0.010587502594976126 0.0063787375415282396
1 0.5349802781814408 0.8405980066445183 0.012455885405854267 0.007308970099667775
1 0.5284409383433673 0.8350830564784054 0.01141789495536641 0.00611295681063123
1 0.500934191405439 0.6842524916943522 0.014116670126634836 0.0074418604651162795
1 0.5429728046501973 0.7275747508305648 0.01640024911770812 0.00823920265780731
1 0.5041519618019514 0.6873754152823921 0.013909072036537264 0.008106312292358805
1 0.5107951006850737 0.6930897009966778 0.013909072036537264 0.007840531561461795
1 0.5146356653518788 0.6968106312292359 0.016192651027610548 0.008372093023255815
1 0.5180610338384887 0.7016611295681063 0.015154660577122692 0.0074418604651162795
1 0.5208636080548059 0.7055813953488372 0.011625493045463982 0.006777408637873754
1 0.5254307660369525 0.7085714285714286 0.01494706248702512 0.0079734219269103
1 0.5288561345235624 0.712358803986711 0.015569856757317833 0.009169435215946844
1 0.5357068714967823 0.7203322259136213 0.013909072036537264 0.008903654485049834
1 0.5391322399833922 0.7239867109634552 0.014116670126634836 0.007707641196013289
1 0.5462943740917584 0.7320265780730898 0.013493875856342123 0.008372093023255815
1 0.526157359352294 0.8325581395348838 0.012248287315756695 0.0079734219269103
1 0.5499273406684659 0.7354817275747508 0.014531866306829977 0.008637873754152824
1 0.5539755034253685 0.7390697674418605 0.014739464396927549 0.008637873754152824
1 0.5574008719119784 0.7425913621262459 0.015362258667220262 0.009036544850498339
1 0.5604110442183933 0.7471760797342193 0.014324268216732407 0.008106312292358805
7 0.5119368901806104 0.7061794019933555 0.096325513805273 0.1012624584717608
7 0.4664729084492423 0.7377408637873755 0.04110442183931908 0.08943521594684387
1 0.5123520863608055 0.8248504983388705 0.006643138883122276 0.004784053156146179
1 0.5177496367033424 0.8254485049833887 0.009964708324683413 0.005980066445182725
1 0.5198256176043181 0.8277076411960134 0.010795100685073698 0.006245847176079735
1 0.5255345650820012 0.732358803986711 0.01640024911770812 0.00877076411960133
1 0.5212788042350011 0.7284385382059801 0.01494706248702512 0.008106312292358805
1 0.5134938758563421 0.7200664451827243 0.017645837658293546 0.008372093023255815
1 0.45287523354785136 0.6003322259136213 0.01100269877517127 0.008106312292358805
2 0.4456093003944364 0.4787375415282392 0.008926717874195559 0.0065116279069767444
14 0.3988997301224829 0.9732225913621263 0.01889142619887897 0.016345514950166114
1 0.6165663275897862 0.9124916943521595 0.03902844093834337 0.017674418604651163
1 0.43159642931285036 0.592358803986711 0.012040689225659125 0.009169435215946844
1 0.4322192235831431 0.5817275747508306 0.009549512144488272 0.010232558139534885
1 0.441457338592485 0.5799335548172758 0.008926717874195559 0.0074418604651162795
1 0.45235623832260746 0.5853820598006645 0.01121029686526884 0.009302325581395349
1 0.44363711853850946 0.5884385382059801 0.009964708324683413 0.00850498338870432
1 0.43792817106082627 0.5908305647840532 0.008096325513805274 0.006910299003322259
1 0.4585841810255346 0.5980066445182725 0.009134315964293128 0.0074418604651162795
14 0.20002075980900977 0.8270431893687709 0.015154660577122692 0.009700996677740865
1 0.46356653518787627 0.5952823920265781 0.012455885405854267 0.009435215946843854
1 0.4219431181233133 0.605249169435216 0.012663483495951838 0.007043189368770765
1 0.42713307037575254 0.6146843853820598 0.0093419140543907 0.009169435215946844
1 0.4236039028440939 0.6190697674418605 0.005189952252439278 0.007043189368770765
1 0.41965953913224 0.6129568106312293 0.0093419140543907 0.0054485049833887045
1 0.41882914677184974 0.6196677740863787 0.003944363711853851 0.0063787375415282396
1 0.4112518164832884 0.6236544850498339 0.00373676562175628 0.00611295681063123
1 0.4074112518164833 0.6253156146179403 0.003944363711853851 0.006245847176079735
1 0.38426406477060415 0.6164784053156146 0.007058335063317418 0.006910299003322259
12 0.3699397965538717 0.1512292358803987 0.015777454847415405 0.010897009966777409
14 0.25700643554079305 0.6582724252491695 0.04691716836205107 0.028039867109634554
1 0.5099647083246834 0.7159468438538207 0.017645837658293546 0.009966777408637875
13 0.3687980070583351 0.366046511627907 0.10483703549927341 0.06099667774086379
14 0.20012455885405855 0.11973421926910299 0.05148432634419764 0.030299003322259137
14 0.12030309321154246 0.12139534883720932 0.008511521694000415 0.008903654485049834
4 0.2271123105667428 0.3623920265780731 0.03363089059580652 0.02471760797342193
4 0.24911770811708533 0.3544186046511628 0.03404608677600166 0.025514950166112958
4 0.26998131617189125 0.34571428571428575 0.03383848868590409 0.024053156146179405
4 0.2910525223167947 0.33734219269102994 0.03363089059580652 0.025382059800664453
4 0.311708532281503 0.3285049833887043 0.03383848868590409 0.02445182724252492
4 0.3324683412912601 0.320265780730897 0.03342329250570895 0.02498338870431894
4 0.35177496367033423 0.31196013289036545 0.03259290014531867 0.024850498338870434
13 0.23250986090927964 0.41880398671096347 0.08636080548058958 0.059933554817275754
12 0.15829354369939796 0.5916943521594684 0.01100269877517127 0.007043189368770765
14 0.40408968237492215 0.4885714285714286 0.05418310151546606 0.028305647840531564
14 0.39661615113140963 0.471827242524917 0.022628191820635253 0.012358803986710964
4 0.3811500934191406 0.5234551495016612 0.025326966991903677 0.02498338870431894
4 0.4037782852397758 0.5266445182724253 0.02408137845131825 0.02418604651162791
4 0.42630267801536226 0.5298338870431893 0.023458584181025536 0.02471760797342193
4 0.44893086983599756 0.5324252491694352 0.025119368901806105 0.025382059800664453
14 0.14687564874403156 0.5215282392026578 0.08449242266971144 0.04558139534883721
14 0.18704587917791157 0.4964119601328904 0.023250986090927964 0.013687707641196013
14 0.1890180610338385 0.5049169435215947 0.019721818559269255 0.013953488372093025
1 0.3877932323022628 0.6153488372093023 0.007058335063317418 0.0065116279069767444
1 0.382395681959726 0.6112956810631229 0.009964708324683413 0.0063787375415282396
1 0.3953705625908242 0.6104318936877077 0.008926717874195559 0.006245847176079735
1 0.4668881046294374 0.6679734219269103 0.010795100685073698 0.006245847176079735
1 0.3968237492215072 0.6578073089700998 0.01141789495536641 0.007707641196013289
1 0.3924641893294582 0.6601993355481728 0.01100269877517127 0.0074418604651162795
1 0.3881046294374092 0.6621926910299004 0.0093419140543907 0.007707641196013289
1 0.422565912393606 0.6556146179401994 0.010172306414780985 0.004916943521594685
1 0.4282748598712892 0.6421926910299004 0.008719119784097987 0.006777408637873754
1 0.4245380942495329 0.6437873754152824 0.009134315964293128 0.006777408637873754
12 0.32302262819182065 0.4439202657807309 0.019929416649366826 0.011561461794019933
1 0.4593107743408761 0.661594684385382 0.013493875856342123 0.007840531561461795
1 0.4642931285032178 0.6644518272425249 0.012248287315756695 0.0063787375415282396
1 0.4693792817106083 0.6712292358803987 0.011625493045463982 0.00611295681063123
1 0.39838073489723896 0.6084385382059802 0.01121029686526884 0.005714285714285714
1 0.47249325306207185 0.6741528239202658 0.010795100685073698 0.00611295681063123
1 0.4786173967199502 0.6804651162790698 0.012663483495951838 0.007574750830564784
1 0.481627569026365 0.6848504983388705 0.013286277766244551 0.007574750830564784
1 0.48546813369317005 0.6877076411960134 0.01141789495536641 0.006644518272425249
1 0.4867137222337555 0.6922923588039868 0.01640024911770812 0.008106312292358805
1 0.49263026780153624 0.6940863787375415 0.010379904504878556 0.004784053156146179
1 0.4942910525223168 0.6964784053156147 0.010379904504878556 0.00504983388704319
1 0.5010379904504879 0.7051162790697675 0.014324268216732407 0.00717607973421927
1 0.5066431388831223 0.7120265780730898 0.015985052937512977 0.00823920265780731
1 0.382395681959726 0.6330232558139536 0.012455885405854267 0.007308970099667775
1 0.3791779115632136 0.6307641196013289 0.01100269877517127 0.005980066445182725
1 0.378036122067677 0.6282392026578073 0.009964708324683413 0.0054485049833887045
1 0.3746107535810671 0.6259136212624585 0.009757110234585843 0.00611295681063123
1 0.40440107951006854 0.6065116279069768 0.010379904504878556 0.0053156146179402
1 0.40616566327589787 0.6047840531561463 0.009757110234585843 0.005581395348837209
1 0.41862154868175216 0.5983388704318937 0.0093419140543907 0.006777408637873754
1 0.41498858210504463 0.6142192691029901 0.010379904504878556 0.004784053156146179
1 0.41156321361843473 0.6158139534883721 0.010172306414780985 0.004784053156146179
1 0.4088644384471663 0.6175415282392027 0.008511521694000415 0.00611295681063123
1 0.40471247664521487 0.6190697674418605 0.008926717874195559 0.004119601328903655
1 0.40004151961801954 0.6211295681063124 0.01121029686526884 0.004784053156146179
1 0.3958895578160681 0.6235880398671096 0.010795100685073698 0.003588039867109635
1 0.40408968237492215 0.626578073089701 0.005189952252439278 0.006644518272425249
1 0.40066431388831225 0.6282392026578073 0.0049823541623417065 0.006245847176079735
1 0.3973427444467511 0.6295016611295682 0.006643138883122276 0.006644518272425249
1 0.4390699605563629 0.6233222591362126 0.01121029686526884 0.006777408637873754
1 0.4369939796553872 0.626312292358804 0.010379904504878556 0.006910299003322259
1 0.43356861116877726 0.627375415282392 0.011833091135561554 0.007707641196013289
1 0.4290014531866307 0.6291029900332227 0.011833091135561554 0.006644518272425249
1 0.4255760847000208 0.6302990033222592 0.011625493045463982 0.0045182724252491695
1 0.421112725762923 0.6316943521594685 0.011833091135561554 0.005182724252491695
1 0.424019099024289 0.6356810631229236 0.0093419140543907 0.004916943521594685
1 0.5553248910110027 0.8285049833887044 0.010379904504878556 0.006245847176079735
1 0.5542869005605149 0.8100996677740864 0.01121029686526884 0.0063787375415282396
1 0.8254100062279427 0.7516943521594684 0.006643138883122276 0.010232558139534885
1 0.618642308490762 0.7334219269102991 0.008719119784097987 0.0079734219269103
1 0.6505086153207391 0.7325581395348838 0.012663483495951838 0.010498338870431894
1 0.6573593522939589 0.7302325581395349 0.014324268216732407 0.010897009966777409
1 0.6645214864023251 0.7274418604651163 0.013701473946439693 0.010897009966777409
1 0.6700228357899107 0.7251162790697675 0.01307867967614698 0.010232558139534885
1 0.6755241851774964 0.7223920265780731 0.013701473946439693 0.010897009966777409
1 0.6825825202408138 0.7196677740863788 0.013286277766244551 0.009966777408637875
1 0.6029686526883953 0.738936877076412 0.010172306414780985 0.008106312292358805
1 0.6086776001660785 0.7371428571428572 0.010795100685073698 0.00850498338870432
1 0.6130371600581275 0.7346179401993356 0.01287108158604941 0.00983388704318937
1 0.6232094664729085 0.7308970099667774 0.010379904504878556 0.00823920265780731
1 0.6328627776624456 0.7409966777408639 0.013909072036537264 0.011162790697674419
1 0.6279842225451526 0.7289700996677742 0.010379904504878556 0.008637873754152824
1 0.6327589786173967 0.7269102990033223 0.011625493045463982 0.009036544850498339
1 0.6376375337346897 0.724717607973422 0.011833091135561554 0.009169435215946844
1 0.6504048162756902 0.7197342192691031 0.01121029686526884 0.009302325581395349
1 0.6558023666182271 0.717607973421927 0.010379904504878556 0.0079734219269103
1 0.6608885198256177 0.7160132890365449 0.01100269877517127 0.00823920265780731
1 0.6671164625285447 0.7130232558139535 0.01141789495536641 0.008106312292358805
1 0.6732406061864231 0.7100332225913621 0.012455885405854267 0.00877076411960133
7 0.6376375337346897 0.7307641196013289 0.0898899730122483 0.038272425249169434
1 0.6450072659331535 0.7353488372093023 0.013286277766244551 0.010764119601328904
1 0.626323437824372 0.7436544850498339 0.014531866306829977 0.01009966777408638
1 0.6388831222752751 0.7821926910299004 0.01307867967614698 0.009036544850498339
1 0.6189537056259082 0.673953488372093 0.015569856757317833 0.009169435215946844
1 0.6207182893917377 0.6968106312292359 0.014116670126634836 0.006777408637873754
1 0.6231056674278597 0.6997342192691031 0.01307867967614698 0.007308970099667775
1 0.6260120406892257 0.7035215946843855 0.013909072036537264 0.007707641196013289
1 0.6289184139505917 0.7061794019933555 0.012248287315756695 0.006644518272425249
1 0.6317209881669089 0.7083056478405316 0.012040689225659125 0.0074418604651162795
1 0.6020344612829562 0.6548837209302326 0.014116670126634836 0.00850498338870432
1 0.604110442183932 0.6588704318936878 0.01287108158604941 0.0074418604651162795
1 0.6134523562383226 0.6675747508305648 0.015362258667220262 0.008106312292358805
1 0.6159435333194935 0.671029900332226 0.01287108158604941 0.007308970099667775
1 0.6258044425991282 0.6812624584717608 0.013909072036537264 0.008372093023255815
1 0.6190575046709571 0.7453820598006645 0.011625493045463982 0.01036544850498339
1 0.6290222129956404 0.6841196013289037 0.014116670126634836 0.00823920265780731
1 0.6325513805272992 0.6882392026578074 0.015362258667220262 0.009302325581395349
1 0.635561552833714 0.6918936877076413 0.015569856757317833 0.008106312292358805
1 0.6392983184554702 0.6954817275747509 0.015985052937512977 0.008372093023255815
1 0.6418932945816899 0.6985382059800664 0.016192651027610548 0.008106312292358805
1 0.6439692754826656 0.7023920265780731 0.01494706248702512 0.007840531561461795
7 0.6113763753373469 0.6763455149501661 0.060203446128295625 0.06152823920265781
1 0.6011002698775172 0.7536212624584718 0.012248287315756695 0.00983388704318937
1 0.6140751505086154 0.7478405315614618 0.012455885405854267 0.010232558139534885
1 0.6339007681129334 0.7847840531561462 0.011833091135561554 0.009966777408637875
1 0.6438654764376168 0.780797342192691 0.013493875856342123 0.010764119601328904
1 0.5564666805065394 0.8127574750830565 0.012248287315756695 0.006644518272425249
7 0.7127880423500104 0.7774086378737542 0.04837035499273407 0.044916943521594685
1 0.7022005397550343 0.804717607973422 0.01307867967614698 0.010764119601328904
1 0.7082208843678639 0.8023920265780732 0.01307867967614698 0.01036544850498339
1 0.6578783475192028 0.80578073089701 0.014531866306829977 0.012358803986710964
1 0.6651442806726179 0.8026578073089702 0.014116670126634836 0.01249169435215947
1 0.6789495536641064 0.7978737541528239 0.015154660577122692 0.01249169435215947
1 0.6834129126012041 0.7940863787375416 0.019514220469171686 0.015548172757475083
1 0.6974257836827902 0.7881727574750831 0.019721818559269255 0.01568106312292359
1 0.7227527506746938 0.7827906976744187 0.008511521694000415 0.006777408637873754
7 0.6917168362051069 0.8015282392026578 0.06310981938966162 0.02750830564784053
1 0.7117500518995226 0.7844518272425249 0.015154660577122692 0.012757475083056479
1 0.6732406061864231 0.8152159468438539 0.008303923603902844 0.008106312292358805
7 0.9493460660161928 0.4828571428571429 0.02200539755034254 0.036279069767441864
14 0.7703965123520864 0.7042524916943522 0.03902844093834337 0.029900332225913623
1 0.8310151546605772 0.7487043189368772 0.005397550342536849 0.0079734219269103
1 0.8386962839941873 0.7531561461794021 0.01287108158604941 0.006777408637873754
1 0.8375544944986507 0.7565448504983389 0.01100269877517127 0.00611295681063123
1 0.8404608677600166 0.7617275747508306 0.01141789495536641 0.0037209302325581397
1 0.8083869628399419 0.7564119601328904 0.007058335063317418 0.00850498338870432
1 0.8164832883537472 0.7528239202657808 0.005397550342536849 0.009302325581395349
1 0.8208428482457962 0.752093023255814 0.005812746522731991 0.008637873754152824
1 0.6972181855926926 0.8071760797342193 0.013493875856342123 0.00983388704318937
1 0.6672202615735936 0.8176079734219269 0.009549512144488272 0.007043189368770765
1 0.6496782229603488 0.7788704318936878 0.013493875856342123 0.010897009966777409
1 0.6673240606186424 0.7559468438538206 0.015154660577122692 0.009435215946843854
1 0.6591239360597883 0.7747508305647841 0.01494706248702512 0.010897009966777409
1 0.6648328835374715 0.7726910299003322 0.014324268216732407 0.010764119601328904
1 0.6744861947270085 0.7687043189368771 0.014116670126634836 0.010498338870431894
1 0.679572347934399 0.7661129568106313 0.013909072036537264 0.00983388704318937
1 0.6901598505293751 0.7619269102990034 0.012663483495951838 0.009700996677740865
1 0.6300602034461283 0.7708970099667775 0.017438239568195974 0.0106312292358804
1 0.6404401079510069 0.7655813953488373 0.017853435748391117 0.0106312292358804
1 0.6483288353747146 0.7631229235880399 0.014531866306829977 0.008903654485049834
1 0.6550757733028857 0.7609302325581396 0.015569856757317833 0.009302325581395349
1 0.6776001660784721 0.7506976744186047 0.017853435748391117 0.009568106312292358
7 0.6780153622586672 0.759202657807309 0.09798629852605356 0.04066445182724253
1 0.684450903051692 0.7477076411960133 0.0186838281087814 0.011295681063122924
1 0.6928586257006436 0.745514950166113 0.015985052937512977 0.00983388704318937
1 0.7044841187461076 0.7405980066445184 0.017645837658293546 0.011162790697674419
1 0.711542453809425 0.7374086378737542 0.017230641478098403 0.0106312292358804
1 0.699916960763961 0.7578073089700997 0.012663483495951838 0.009169435215946844
1 0.7045879177911564 0.7560132890365449 0.013286277766244551 0.00983388704318937
1 0.7106082624039859 0.7540863787375416 0.013701473946439693 0.010232558139534885
1 0.715902013701474 0.7522259136212625 0.01307867967614698 0.009700996677740865
1 0.7211957649989621 0.7499003322259137 0.012455885405854267 0.00823920265780731
1 0.6164625285447374 0.6943521594684385 0.015569856757317833 0.007707641196013289
1 0.6138675524185178 0.6911627906976745 0.013701473946439693 0.007707641196013289
1 0.6122067676977372 0.6879734219269104 0.01287108158604941 0.00584717607973422
7 0.5914469586879801 0.8065116279069768 0.023666182271123107 0.02152823920265781
1 0.6189537056259082 0.8226578073089701 0.01640024911770812 0.009169435215946844
1 0.627776624455055 0.8312292358803988 0.01287108158604941 0.00717607973421927
1 0.6307867967614699 0.834750830564784 0.013493875856342123 0.006777408637873754
1 0.6383641270500312 0.837873754152824 0.019929416649366826 0.01009966777408638
1 0.6196802989412498 0.846843853820598 0.014116670126634836 0.008372093023255815
1 0.6175005189952253 0.8419933554817276 0.012248287315756695 0.006910299003322259
1 0.6135561552833714 0.8392026578073091 0.015154660577122692 0.00823920265780731
1 0.611791571517542 0.8356810631229237 0.01121029686526884 0.0054485049833887045
7 0.617604318040274 0.8318936877076413 0.034461282956196805 0.0318936877076412
1 0.511625493045464 0.6422591362126246 0.011833091135561554 0.006644518272425249
1 0.610857380112103 0.8154152823920267 0.015154660577122692 0.0079734219269103
1 0.5128710815860494 0.6451162790697674 0.01307867967614698 0.007043189368770765
1 0.5211750051899523 0.6522923588039867 0.011833091135561554 0.007308970099667775
1 0.5243927755864647 0.6546179401993356 0.010379904504878556 0.00584717607973422
1 0.526157359352294 0.6580066445182725 0.011833091135561554 0.0065116279069767444
1 0.5286485364334649 0.660531561461794 0.011833091135561554 0.006777408637873754
1 0.5309321154245381 0.6635215946843854 0.012248287315756695 0.006644518272425249
1 0.5340460867760017 0.6666445182724253 0.01141789495536641 0.006245847176079735
1 0.5367448619472701 0.6692358803986711 0.010587502594976126 0.0063787375415282396
1 0.539236039028441 0.6722923588039867 0.01100269877517127 0.006910299003322259
1 0.6139713514635665 0.8190697674418606 0.01640024911770812 0.008903654485049834
1 0.6084700020759809 0.812624584717608 0.015362258667220262 0.0079734219269103
1 0.6089889973012249 0.684717607973422 0.01307867967614698 0.007043189368770765
1 0.5841810255345651 0.8078405315614618 0.01121029686526884 0.00717607973421927
1 0.5584388623624663 0.8156146179401994 0.012040689225659125 0.005980066445182725
1 0.5612414365787836 0.8185382059800664 0.010587502594976126 0.0054485049833887045
1 0.5636288146149055 0.8204651162790698 0.012040689225659125 0.00611295681063123
1 0.5672617811916131 0.8235215946843855 0.012663483495951838 0.006910299003322259
1 0.5694415611376376 0.8259800664451827 0.01287108158604941 0.007308970099667775
7 0.5563628814614906 0.8221262458471761 0.019929416649366826 0.020863787375415284
1 0.5758771019306622 0.8007308970099668 0.012455885405854267 0.007043189368770765
1 0.5798214656425161 0.8027242524916944 0.008719119784097987 0.0054485049833887045
1 0.5809632551380528 0.8053156146179402 0.01141789495536641 0.00717607973421927
1 0.5865684035706872 0.8108970099667775 0.012248287315756695 0.00717607973421927
1 0.6044218393190783 0.8097009966777409 0.014739464396927549 0.00850498338870432
1 0.5902013701473947 0.813421926910299 0.01121029686526884 0.006644518272425249
1 0.5926925472285656 0.8157475083056479 0.010795100685073698 0.006245847176079735
1 0.5870873987959311 0.7978073089700997 0.008719119784097987 0.0065116279069767444
1 0.5913431596429313 0.7962126245847176 0.0093419140543907 0.007308970099667775
1 0.5953913223998339 0.7940863787375416 0.009134315964293128 0.007308970099667775
1 0.5989204899314927 0.7927574750830565 0.009134315964293128 0.007840531561461795
1 0.5936267386340046 0.8012624584717608 0.01141789495536641 0.0065116279069767444
1 0.5996470832468341 0.8027906976744187 0.01640024911770812 0.009302325581395349
1 0.6020344612829562 0.8063787375415283 0.016192651027610548 0.00877076411960133
1 0.545048785551173 0.6782724252491694 0.012248287315756695 0.0074418604651162795
1 0.5471247664521487 0.6813953488372093 0.013493875856342123 0.006777408637873754
1 0.548889350217978 0.684983388704319 0.015362258667220262 0.007574750830564784
1 0.6016192651027611 0.7200000000000001 0.015777454847415405 0.00717607973421927
1 0.5685073697321985 0.6845847176079735 0.01307867967614698 0.007043189368770765
1 0.572140336308906 0.6873089700996678 0.015362258667220262 0.006910299003322259
1 0.5749429105252232 0.690764119601329 0.014739464396927549 0.009036544850498339
1 0.5787834751920282 0.6936212624584718 0.01494706248702512 0.007840531561461795
1 0.5812746522731991 0.6974750830564784 0.015362258667220262 0.007308970099667775
1 0.586153207390492 0.7045182724252492 0.01141789495536641 0.0054485049833887045
1 0.5894747768320532 0.7078405315614619 0.013909072036537264 0.008372093023255815
1 0.5935229395889559 0.7106312292358804 0.015362258667220262 0.008903654485049834
1 0.5989204899314927 0.7170764119601329 0.014116670126634836 0.00717607973421927
7 0.5558438862362467 0.6800664451827243 0.08449242266971144 0.09023255813953489
1 0.5550134938758564 0.6910963455149502 0.013909072036537264 0.006777408637873754
1 0.5675731783267595 0.6458471760797343 0.013286277766244551 0.0106312292358804
1 0.5912393605978825 0.6462458471760798 0.012455885405854267 0.0063787375415282396
1 0.5781606809217356 0.6525581395348837 0.015362258667220262 0.007840531561461795
1 0.5812746522731991 0.6552823920265781 0.015777454847415405 0.0079734219269103
1 0.5882291882914678 0.6617940199335548 0.01307867967614698 0.0079734219269103
1 0.5936267386340046 0.6683720930232558 0.014324268216732407 0.007308970099667775
1 0.5954951214448827 0.672093023255814 0.015985052937512977 0.008372093023255815
1 0.5993356861116879 0.6748172757475084 0.014116670126634836 0.00717607973421927
1 0.6017230641478098 0.6781395348837209 0.015569856757317833 0.007707641196013289
1 0.5659123936059789 0.6820598006644518 0.013286277766244551 0.0065116279069767444
1 0.563421216524808 0.6782724252491694 0.014116670126634836 0.0074418604651162795
1 0.5607224413535395 0.6754817275747509 0.013286277766244551 0.0079734219269103
1 0.5581274652273199 0.6728239202657808 0.01141789495536641 0.006644518272425249
1 0.5574008719119784 0.6941528239202658 0.01702304338800083 0.009169435215946844
1 0.5604110442183933 0.6974086378737542 0.01640024911770812 0.007707641196013289
1 0.5637326136599543 0.7007308970099668 0.015154660577122692 0.009302325581395349
1 0.5660161926510276 0.704451827242525 0.015154660577122692 0.00850498338870432
1 0.5695453601826863 0.7077076411960134 0.015569856757317833 0.008106312292358805
1 0.5728669296242475 0.7110299003322259 0.015985052937512977 0.008106312292358805
1 0.5759809009757111 0.7146843853820598 0.015154660577122692 0.0079734219269103
1 0.5788872742370771 0.718405315614618 0.01681544529790326 0.009036544850498339
1 0.5817936474984431 0.7215282392026579 0.01640024911770812 0.008903654485049834
1 0.523250986090928 0.6348172757475083 0.013909072036537264 0.00717607973421927
1 0.5242889765414158 0.638139534883721 0.010172306414780985 0.00584717607973422
1 0.5337346896408554 0.646046511627907 0.012455885405854267 0.007308970099667775
1 0.5367448619472701 0.6494352159468438 0.01307867967614698 0.006644518272425249
1 0.5393398380734897 0.6525581395348837 0.012040689225659125 0.007043189368770765
1 0.5414158189744654 0.6552823920265781 0.011625493045463982 0.006644518272425249
1 0.5453601826863194 0.6583388704318938 0.012040689225659125 0.0063787375415282396
1 0.5501349387585635 0.6629235880398672 0.013286277766244551 0.007574750830564784
1 0.5520033215694415 0.6676411960132891 0.012455885405854267 0.00717607973421927
1 0.5558438862362467 0.6692358803986711 0.012248287315756695 0.006910299003322259
14 0.18818766867344822 0.03169435215946844 0.027610545982976957 0.017408637873754153
