0 0.859035004730369 0.6631165919282511 0.06575212866603596 0.07174887892376682
0 0.8540681173131505 0.7338845291479821 0.04966887417218543 0.05409192825112107
0 0.11246452223273415 0.18329596412556054 0.045175023651844844 0.051569506726457395
0 0.2654919583727531 0.2549047085201794 0.06882686849574267 0.09389013452914798
0 0.19370860927152317 0.3793441704035874 0.07805108798486282 0.08660313901345291
0 0.3675496688741722 0.35664237668161436 0.04588457899716178 0.056334080717488785
0 0.4120151371807001 0.35033632286995514 0.04446546830652791 0.0554932735426009
0 0.4543519394512772 0.16157511210762332 0.03453169347209082 0.038957399103139015
0 0.4781220435193945 0.3972813901345291 0.04470198675496689 0.05297085201793722
0 0.5021286660359509 0.45193385650224216 0.044938505203405865 0.05409192825112107
0 0.5464758751182592 0.44380605381165916 0.045175023651844844 0.05297085201793722
0 0.5908230842005676 0.4915919282511211 0.046357615894039736 0.052690582959641255
0 0.6445127719962157 0.5270459641255605 0.04683065279091769 0.056894618834080715
0 0.6973746452223274 0.5660033632286996 0.051797540208136233 0.0647421524663677
0 0.5839640491958372 0.24971973094170402 0.04541154210028382 0.05437219730941704
0 0.6281929990539262 0.15835201793721973 0.08609271523178808 0.10033632286995516
0 0.7507095553453169 0.5999159192825112 0.04446546830652791 0.05353139013452915
0 0.8032166508987701 0.6376121076233183 0.04162724692526017 0.052130044843049325
0 0.7955298013245033 0.8587443946188341 0.08822138126773889 0.0952914798206278
0 0.08171712393566698 0.24663677130044842 0.048013245033112585 0.053811659192825115
