0 0.8815700808625337 0.10252334591694814 0.052223719676549867 0.05642757798529704
0 0.20485175202156336 0.6207033578382675 0.03032345013477089 0.03616133518776078
9 0.30643530997304586 0.14911583548579377 0.0033692722371967657 0.012120007947546195
0 0.2886623989218329 0.6384859924498311 0.027796495956873318 0.02920723226703755
0 0.28529312668463613 0.6636201072918736 0.027122641509433963 0.02821378899264852
0 0.2872304582210243 0.6838863500894099 0.021900269541778976 0.02265050665606994
0 0.2428402964959569 0.7643552553149215 0.03049191374663073 0.03616133518776078
0 0.2601920485175202 0.7723028015100337 0.024764150943396228 0.031392807470693423
0 0.27543800539083557 0.7958474071130538 0.02459568733153639 0.031194118815815616
0 0.29405323450134774 0.8049870852374329 0.023416442048517522 0.031194118815815616
0 0.2067890835579515 0.8890323862507451 0.026785714285714288 0.03159149612557123
9 0.23433288409703507 0.6158354857937611 0.007749326145552561 0.011722630637790582
0 0.31932277628032346 0.7099145638784026 0.029144204851752023 0.0337770713292271
9 0.23904986522911054 0.5839459566858732 0.010107816711590297 0.005563282336578581
9 0.2340801886792453 0.4085038744287701 0.0052223719676549865 0.011126564673157162
8 0.18244609164420486 0.13649910590105305 0.025943396226415096 0.029008543612159744
8 0.19019541778975743 0.1290482813431353 0.02459568733153639 0.028015100337770712
9 0.14016172506738545 0.40671567653486984 0.00977088948787062 0.00397377309755613
9 0.13704514824797845 0.0799721835883171 0.00690700808625337 0.011722630637790582
0 0.14386792452830188 0.5384462547188555 0.03537735849056604 0.040135108285316905
0 0.13931940700808626 0.5786807073316114 0.02628032345013477 0.030001986886548777
0 0.08861185983827494 0.7635605006954103 0.04514824797843666 0.05285118219749652
9 0.3591644204851752 0.46095767931651105 0.009433962264150945 0.005960659646334195
0 0.3568059299191375 0.7126962050466918 0.016172506738544475 0.02662427975362607
0 0.8931940700808626 0.15855354659248957 0.05188679245283019 0.056030200675541424
9 0.5086758760107817 0.5303000198688654 0.010613207547169812 0.009139678124379097
0 0.8055929919137467 0.3756209020464931 0.06401617250673855 0.07887939598648917
0 0.8127526954177898 0.33041923306179216 0.05879380053908356 0.06238823763163123
0 0.8384433962264152 0.20723226703755215 0.04043126684636119 0.05046691833896284
0 0.7857142857142858 0.10828531690840452 0.05997304582210243 0.07232267037552156
0 0.7588443396226415 0.2695211603417445 0.04363207547169812 0.047883965825551364
0 0.7308793800539084 0.49294655275183785 0.029144204851752023 0.027816411682892908
0 0.6319912398921833 0.6023246572620703 0.038578167115902964 0.04232068348897278
9 0.5838948787061995 0.270017881978939 0.007412398921832885 0.010331810053645937
9 0.532345013477089 0.5891118617126962 0.007412398921832885 0.008344923504867872
0 0.5191206199460917 0.7112060401351082 0.018362533692722373 0.028412477647526326
0 0.37154649595687333 0.7017683290284125 0.020047169811320757 0.030200675541426584
0 0.49149258760107817 0.5820584144645341 0.023416442048517522 0.028412477647526326
9 0.44457547169811323 0.487681303397576 0.011118598382749327 0.007748857540234452
0 0.39083557951482484 0.6280548380687463 0.022911051212938006 0.019471488178025034
0 0.3925202156334232 0.6497119014504271 0.02459568733153639 0.0214583747268031
0 0.3824966307277628 0.686866679912577 0.027122641509433963 0.032982316709715874
9 0.41214622641509435 0.7964434730776873 0.010276280323450135 0.009338366779256905
0 0.3741576819407008 0.8016093781045103 0.021900269541778976 0.021657063381680906
0 0.33254716981132076 0.7961454400953706 0.0215633423180593 0.030200675541426584
0 0.31233153638814015 0.8127359427776674 0.022911051212938006 0.030796741506060005
0 0.06064690026954178 0.621200079475462 0.03773584905660378 0.040731174249950326
