10 0.42444260941370765 0.19444444444444442 0.018166804293971925 0.005847953216374269
9 0.37530966143682903 0.802266081871345 0.03137902559867878 0.010477582846003898
9 0.6011560693641618 0.9702729044834307 0.021469859620148635 0.007309941520467836
9 0.6102394715111478 0.9876949317738791 0.02394715111478117 0.00804093567251462
9 0.5078447563996696 0.8641569200779726 0.02972749793559042 0.009990253411306042
9 0.4432287365813377 0.8804824561403508 0.018579686209744012 0.006578947368421052
9 0.44838976052848883 0.8385721247563352 0.027250206440957884 0.031432748538011694
9 0.4574731626754748 0.8352826510721247 0.02394715111478117 0.028752436647173488
9 0.4659372419488026 0.8323586744639375 0.021882741535920725 0.02729044834307992
9 0.47729149463253506 0.832480506822612 0.02477291494632535 0.03192007797270955
9 0.49009083402146986 0.8345516569200779 0.02394715111478117 0.03070175438596491
9 0.5090834021469859 0.8278508771929824 0.02559867877786953 0.031432748538011694
9 0.5412881915772089 0.8229775828460039 0.02477291494632535 0.030458089668615983
9 0.5611065235342692 0.8189571150097466 0.02477291494632535 0.03216374269005848
9 0.5846407927332783 0.8167641325536061 0.02807597027250206 0.03216374269005848
9 0.5978530140379851 0.8178606237816763 0.027250206440957884 0.03192007797270955
9 0.6151940545004129 0.8111598440545809 0.02477291494632535 0.03167641325536062
9 0.6694880264244426 0.8023879142300194 0.02436003303055326 0.03216374269005848
9 0.5216763005780346 0.6695906432748537 0.016928158546655657 0.030214424951267055
9 0.5348885218827415 0.6669103313840156 0.016928158546655657 0.03070175438596491
9 0.5458298926507019 0.6661793372319688 0.018166804293971925 0.030214424951267055
9 0.5794797687861272 0.6610623781676412 0.017753922378199834 0.030214424951267055
9 0.5914533443435177 0.6582602339181286 0.016928158546655657 0.029970760233918127
9 0.3736581337737407 0.8094541910331383 0.023121387283236993 0.009259259259259259
9 0.3746903385631709 0.7960526315789473 0.02023121387283237 0.007797270955165692
9 0.6467795210569777 0.6705653021442495 0.03674649050371594 0.011695906432748537
9 0.36705202312138724 0.790448343079922 0.028901734104046242 0.009746588693957114
9 0.2630057803468208 0.1695906432748538 0.041288191577208914 0.007797270955165692
9 0.25949628406275804 0.1766569200779727 0.02518579686209744 0.005360623781676413
9 0.2698183319570603 0.1884746588693957 0.04252683732452518 0.006578947368421052
9 0.27064409578860443 0.19578460038986353 0.04335260115606936 0.0060916179337231965
9 0.27580511973575556 0.22892300194931772 0.03963666391412056 0.009502923976608187
9 0.2745664739884393 0.22051656920077972 0.037985136251032205 0.008771929824561403
9 0.11890999174236168 0.15216861598440545 0.00990916597853014 0.011939571150097465
9 0.1329479768786127 0.15046296296296297 0.009083402146985962 0.011939571150097465
9 0.18208092485549132 0.16057504873294345 0.009083402146985962 0.009259259259259259
9 0.15524360033030551 0.4580896686159844 0.022295623451692816 0.02729044834307992
9 0.20396366639141206 0.5361842105263157 0.04376548307184145 0.01827485380116959
9 0.3536333608587944 0.5376461988304093 0.04500412881915772 0.0192495126705653
9 0.30367464905037156 0.5846734892787524 0.052436003303055326 0.023148148148148147
9 0.3408340214698596 0.6431530214424951 0.0458298926507019 0.013888888888888888
9 0.3973988439306358 0.6331627680311891 0.0532617671345995 0.013888888888888888
9 0.3829479768786127 0.677022417153996 0.023534269199009084 0.008528265107212475
9 0.38852188274153593 0.682504873294347 0.02394715111478117 0.008771929824561403
9 0.3538398018166804 0.7648635477582846 0.028901734104046242 0.009746588693957114
9 0.3579686209744013 0.7714424951267056 0.02972749793559042 0.008771929824561403
9 0.3625103220478943 0.7775341130604289 0.022295623451692816 0.007797270955165692
9 0.3577621800165153 0.7858187134502923 0.02436003303055326 0.009259259259259259
9 0.6143682906688687 0.6559454191033138 0.017341040462427744 0.028752436647173488
9 0.6488439306358381 0.6777534113060428 0.03674649050371594 0.010964912280701754
10 0.4225846407927333 0.18969298245614033 0.015276630883567299 0.005116959064327485
10 0.10033030553261767 0.6932261208576997 0.011560693641618497 0.004873294346978557
10 0.10920726672171759 0.7048001949317738 0.013625103220478942 0.005604288499025341
10 0.12221304706853839 0.7326998050682261 0.01403798513625103 0.005360623781676413
10 0.10115606936416184 0.763401559454191 0.008257638315441783 0.008284600389863547
10 0.09042113955408752 0.8541666666666666 0.007431874483897605 0.008528265107212475
10 0.37159372419488024 0.8919346978557504 0.01403798513625103 0.005604288499025341
10 0.38831544178364985 0.8882797270955165 0.012799339388934764 0.005116959064327485
10 0.4071015689512799 0.8860867446393762 0.013212221304706853 0.005604288499025341
10 0.42464905037159373 0.8835282651072124 0.014450867052023121 0.005360623781676413
10 0.3577621800165153 0.7227095516569201 0.011147811725846408 0.007797270955165692
10 0.402972749793559 0.7213693957115009 0.022295623451692816 0.00804093567251462
9 0.4015276630883567 0.7136939571150097 0.021882741535920725 0.007309941520467836
9 0.39946325350949624 0.7073586744639376 0.021056977704376548 0.007309941520467836
9 0.3963666391412056 0.7015107212475633 0.021469859620148635 0.007309941520467836
9 0.3943022295623452 0.6950536062378168 0.022295623451692816 0.007066276803118908
9 0.3943022295623452 0.6883528265107212 0.02394715111478117 0.007797270955165692
9 0.4857555739058629 0.6962719298245613 0.02023121387283237 0.00804093567251462
9 0.5037159372419487 0.581140350877193 0.01568951279933939 0.012670565302144249
9 0.5150701899256812 0.579312865497076 0.017753922378199834 0.012914230019493177
10 0.41659785301403796 0.17519493177387913 0.01568951279933939 0.005360623781676413
10 0.4180429397192403 0.17994639376218322 0.015276630883567299 0.005116959064327485
10 0.42113955408753095 0.18494152046783624 0.017341040462427744 0.005847953216374269
10 0.10549132947976878 0.6998050682261208 0.013625103220478942 0.004873294346978557
10 0.07658959537572253 0.6326754385964912 0.013625103220478942 0.005116959064327485
9 0.6509083402146986 0.6838450292397661 0.03674649050371594 0.010477582846003898
10 0.06461601981833195 0.607943469785575 0.013625103220478942 0.005847953216374269
9 0.6637076796036333 0.6883528265107212 0.05821635012386457 0.014132553606237816
9 0.6626754748142031 0.6955409356725146 0.05202312138728323 0.012914230019493177
9 0.5348885218827415 0.5684697855750487 0.035920726672171756 0.030214424951267055
9 0.5780346820809248 0.5600633528265107 0.037985136251032205 0.029970760233918127
9 0.5914533443435177 0.5587231968810916 0.04087530966143683 0.0297270955165692
9 0.6141618497109826 0.5512914230019493 0.04252683732452518 0.028021442495126704
9 0.43682906688687034 0.32711988304093564 0.022295623451692816 0.012914230019493177
9 0.7681668042939719 0.4576023391812865 0.0532617671345995 0.018518518518518517
9 0.7725020644095788 0.4641812865497076 0.05037159372419488 0.01705653021442495
9 0.777869529314616 0.4716130604288499 0.05119735755573906 0.016325536062378167
9 0.7807597027250206 0.48513645224171537 0.05532617671345995 0.01608187134502924
9 0.7795210569777044 0.4989035087719298 0.05037159372419488 0.0148635477582846
9 0.787159372419488 0.5052387914230019 0.052436003303055326 0.013401559454191032
9 0.7921139554087531 0.5135233918128654 0.04913294797687861 0.011939571150097465
10 0.17217175887696118 0.15947855750487328 0.008257638315441783 0.009015594541910331
10 0.18951279933938892 0.1581384015594542 0.008257638315441783 0.008771929824561403
10 0.20602807597027248 0.15631091617933723 0.007431874483897605 0.008528265107212475
10 0.22440132122213047 0.15557992202729043 0.009496284062758051 0.00804093567251462
10 0.28323699421965315 0.24780701754385964 0.010734929810074317 0.008284600389863547
10 0.15957886044591246 0.2324561403508772 0.008670520231213872 0.008284600389863547
10 0.13604459124690338 0.2330653021442495 0.007844756399669695 0.008528265107212475
9 0.1996284062758051 0.15886939571150097 0.012799339388934764 0.015594541910331383
