10 0.8142337426102774 0.48566485417696487 0.01500682128240109 0.0054374691052891735
9 0.4699863574351978 0.06055363321799307 0.020463847203274214 0.007909045971329708
9 0.7221464301955434 0.9482204646564507 0.011823556161891768 0.013099357390014828
9 0.9452023647112323 0.22985664854176963 0.010459299681673487 0.011369253583786454
9 0.9547521600727603 0.22985664854176963 0.011368804001819008 0.010874938210578347
9 0.964756707594361 0.23072170044488383 0.011368804001819008 0.010627780523974294
9 0.9718053660754888 0.23467622343054867 0.010914051841746248 0.009639149777558082
9 0.8674397453387903 0.3405832921403855 0.01682582992269213 0.015818091942659415
9 0.47407912687585263 0.0532624814631735 0.019554342883128694 0.00815620365793376
10 0.5272851296043656 0.5173010380622837 0.018644838562983174 0.007909045971329708
9 0.6898590268303775 0.9514335145823034 0.021828103683492497 0.006178942165101334
10 0.5311505229649841 0.5111220958971824 0.019099590723055934 0.0074147305981216004
9 0.6305138699408822 0.8091942659416707 0.01500682128240109 0.012357884330202669
9 0.5991359708958617 0.8445378151260503 0.01227830832196453 0.010874938210578347
10 0.15393360618462937 0.8162382600098862 0.01227830832196453 0.011122095897182402
10 0.14006366530241018 0.8140138408304497 0.010914051841746248 0.010133465150766187
10 0.11141427921782628 0.8136431043005437 0.009095043201455207 0.009391992090954027
10 0.10072760345611641 0.8140138408304497 0.010459299681673487 0.009639149777558082
9 0.7121418826739426 0.9480968858131487 0.011823556161891768 0.011369253583786454
9 0.6921327876307413 0.9461196243203163 0.021828103683492497 0.006426099851705388
9 0.5356980445657117 0.24443895205140878 0.01455206912232833 0.015818091942659415
9 0.5129604365620737 0.6887048937221947 0.01455206912232833 0.015076618882847255
9 0.556844020009095 0.24802273850716755 0.01682582992269213 0.017053880375679682
9 0.5786721236925875 0.2579090459713297 0.022282855843565257 0.028423133959466138
9 0.5911778080945884 0.25988630746416214 0.022737608003638016 0.028917449332674244
9 0.602319236016371 0.2614928324270885 0.023192360163710776 0.02867029164607019
9 0.6143701682582992 0.26309935739001483 0.022737608003638016 0.028917449332674244
9 0.490450204638472 0.6896935244686109 0.01409731696225557 0.015570934256055362
9 0.502955889040473 0.6872219476025704 0.015461573442473852 0.015076618882847255
9 0.4997726239199636 0.7098368759268413 0.02455661664392906 0.010874938210578347
9 0.6950886766712142 0.9413000494315372 0.022282855843565257 0.005684626791893227
9 0.4961346066393815 0.7226890756302521 0.02455661664392906 0.008897676717745922
9 0.5575261482492042 0.77805239742956 0.023647112323783536 0.018783984181908055
9 0.5654843110504775 0.7717498764211567 0.022282855843565257 0.019525457241720216
9 0.6473396998635743 0.8049925852694018 0.01682582992269213 0.013346515076618881
9 0.7341973624374716 0.916831438457736 0.01773533424283765 0.013593672763222936
9 0.6980445657116872 0.9304251112209588 0.020918599363346974 0.006178942165101334
9 0.6964529331514324 0.9366040533860602 0.022282855843565257 0.006178942165101334
10 0.17144156434743066 0.21613939693524467 0.019099590723055934 0.006673257538309441
10 0.16530241018644837 0.23096885813148788 0.015916325602546612 0.006673257538309441
10 0.16030013642564803 0.2356648541769649 0.01500682128240109 0.006178942165101334
10 0.5320600272851296 0.5321304992585268 0.009095043201455207 0.010380622837370242
10 0.26193724420190995 0.44686109738012847 0.010004547521600727 0.009391992090954027
10 0.28717598908594816 0.45093919920909536 0.011368804001819008 0.010133465150766187
10 0.32060027285129605 0.4562530894710825 0.01273306048203729 0.010874938210578347
10 0.4536152796725784 0.03756796836381611 0.01409731696225557 0.009886307464162135
10 0.5457025920873124 0.49122590212555606 0.010914051841746248 0.009144834404349975
10 0.5379718053660755 0.48986653484923376 0.010914051841746248 0.009391992090954027
10 0.5190995907230559 0.5334898665348492 0.018644838562983174 0.006673257538309441
10 0.47180536607548884 0.6222194760257044 0.015916325602546612 0.006178942165101334
10 0.15848112778535697 0.2404844290657439 0.01500682128240109 0.005931784478497281
10 0.47385175079581626 0.6176470588235293 0.01637107776261937 0.0054374691052891735
10 0.4763528876762164 0.6135689569945625 0.01682582992269213 0.005684626791893227
10 0.47817189631650747 0.6093672763222936 0.01773533424283765 0.005684626791893227
10 0.4802182810368349 0.6045477014335146 0.01637107776261937 0.004943153732081067
10 0.4827194179172351 0.6004695996045476 0.018644838562983174 0.006178942165101334
10 0.4847658026375625 0.5963914977755808 0.01637107776261937 0.004943153732081067
10 0.48681218735788995 0.5918190805734058 0.01773533424283765 0.005190311418685121
10 0.2719417917235107 0.4479733069698467 0.010004547521600727 0.007661888284725654
10 0.16302864938608458 0.57439446366782 0.015916325602546612 0.0054374691052891735
10 0.3162801273306048 0.5991102323282254 0.011368804001819008 0.010874938210578347
10 0.32446566621191447 0.6012110726643598 0.011368804001819008 0.009639149777558082
10 0.15438835834470213 0.2445625308947108 0.01682582992269213 0.006673257538309441
10 0.2189631650750341 0.3557834898665348 0.01318781264211005 0.010133465150766187
10 0.10368349249658936 0.5795847750865052 0.009095043201455207 0.007909045971329708
10 0.2016825829922692 0.5800790904597133 0.010459299681673487 0.010380622837370242
10 0.23556161891768984 0.5872466633712308 0.011823556161891768 0.010380622837370242
10 0.2612551159618008 0.5803262481463173 0.011368804001819008 0.009886307464162135
10 0.2921782628467485 0.5965150766188828 0.01227830832196453 0.010133465150766187
10 0.34561164165529784 0.5947849728126544 0.011823556161891768 0.009144834404349975
10 0.3540245566166439 0.5963914977755808 0.01227830832196453 0.009391992090954027
10 0.3371987266939518 0.5933020266930301 0.011368804001819008 0.010627780523974294
10 0.32992269213278763 0.5914483440434997 0.009549795361527967 0.009391992090954027
10 0.31423374261027737 0.5876173999011368 0.010914051841746248 0.011122095897182402
10 0.2892223738062756 0.5841571922886801 0.010004547521600727 0.011122095897182402
10 0.3494770350159163 0.6047948591201185 0.010459299681673487 0.009391992090954027
10 0.34106412005457026 0.6030647553138903 0.010004547521600727 0.008897676717745922
9 0.545475216007276 0.24740484429065743 0.01773533424283765 0.01828966880869995
9 0.4870395634379263 0.2310924369747899 0.018190086402910415 0.019278299555116164
10 0.5045475216007276 0.5594414236282748 0.018644838562983174 0.006673257538309441
9 0.2132787630741246 0.7079831932773109 0.022737608003638016 0.007167572911517548
9 0.15643474306502955 0.7302273850716756 0.01637107776261937 0.012110726643598614
9 0.14870395634379263 0.7081067721206129 0.01728058208276489 0.015323776569451308
9 0.13574351978171895 0.7071181413741967 0.015916325602546612 0.014829461196243201
9 0.16098226466575716 0.7099604547701432 0.01455206912232833 0.014087988136431041
9 0.17166894042746703 0.7113198220464656 0.01318781264211005 0.013840830449826988
9 0.18303774442928603 0.7120612951062777 0.01227830832196453 0.014829461196243201
9 0.19577080491132332 0.713667820069204 0.010459299681673487 0.014087988136431041
9 0.2214643019554343 0.7187345526445872 0.010914051841746248 0.010874938210578347
9 0.13392451114142792 0.7284972812654473 0.018644838562983174 0.014087988136431041
9 0.21714415643474305 0.7309688581314878 0.010459299681673487 0.011122095897182402
9 0.21350613915416097 0.7438210578348986 0.01227830832196453 0.011122095897182402
9 0.2096407457935425 0.7558082056351951 0.011823556161891768 0.010874938210578347
9 0.2648931332423829 0.7867029164607019 0.03137789904502046 0.006920415224913494
9 0.3155979990904957 0.7906574394463667 0.02728512960436562 0.0074147305981216004
9 0.3419736243747158 0.7932525951557092 0.02455661664392906 0.006673257538309441
9 0.36743974533879037 0.7947355412753336 0.02546612096407458 0.006178942165101334
9 0.1443838108231014 0.7304745427582797 0.018644838562983174 0.015570934256055362
9 0.10118235561618917 0.7508650519031141 0.01409731696225557 0.012357884330202669
9 0.4711232378353797 0.2288680177953534 0.018190086402910415 0.017795353435491844
9 0.1778080945884493 0.7355412753336628 0.02455661664392906 0.009886307464162135
9 0.11959981809913596 0.7656945130993573 0.021828103683492497 0.011863568956994561
9 0.13096862210095497 0.7680425111220959 0.023647112323783536 0.014087988136431041
9 0.14370168258299226 0.769154720711814 0.021828103683492497 0.014335145823035095
9 0.15711687130513868 0.7705140879881364 0.021373351523419737 0.014582303509639148
9 0.1696225557071396 0.7716262975778546 0.020918599363346974 0.014829461196243201
9 0.18144611186903137 0.773232822540781 0.020918599363346974 0.014582303509639148
9 0.17962710322874034 0.7291151754819574 0.0263756252842201 0.010874938210578347
9 0.17598908594815824 0.7419673751853681 0.0263756252842201 0.010380622837370242
9 0.10641200545702592 0.7383835887296094 0.01273306048203729 0.011616411270390509
9 0.17280582082764892 0.7480227385071675 0.02728512960436562 0.009639149777558082
9 0.17053206002728513 0.7544488383588729 0.02728512960436562 0.009639149777558082
9 0.14984083674397453 0.7471576866040534 0.010459299681673487 0.013346515076618881
9 0.13847203274215553 0.7451804251112208 0.009549795361527967 0.014335145823035095
9 0.1273306048203729 0.7440682155215026 0.010004547521600727 0.012605042016806721
9 0.11709868121873579 0.7119377162629758 0.01500682128240109 0.014582303509639148
9 0.11186903137789904 0.7254078101828966 0.01273306048203729 0.011369253583786454
9 0.3888130968622101 0.79695996045477 0.020918599363346974 0.006673257538309441
9 0.41086857662573895 0.7993079584775086 0.024101864483856296 0.005931784478497281
9 0.4283765347885402 0.7939940682155214 0.01273306048203729 0.013099357390014828
9 0.47544338335607095 0.7466633712308453 0.02683037744429286 0.006920415224913494
9 0.16302864938608458 0.8167325753830943 0.010459299681673487 0.012110726643598614
9 0.4715779899954525 0.7880622837370241 0.02546612096407458 0.006673257538309441
9 0.472487494315598 0.7821304992585268 0.02819463392451114 0.006673257538309441
9 0.47385175079581626 0.7757043994068215 0.020918599363346974 0.004695996045477014
9 0.474306502955889 0.7707612456747404 0.022737608003638016 0.005684626791893227
9 0.47612551159618005 0.764458724666337 0.02819463392451114 0.008403361344537815
9 0.4779445202364711 0.7534602076124567 0.02728512960436562 0.005684626791893227
9 0.48954070031832647 0.7427088482451804 0.024101864483856296 0.006426099851705388
9 0.4320145520691223 0.7811418685121106 0.01273306048203729 0.012605042016806721
9 0.43997271487039563 0.7305981216015818 0.018644838562983174 0.015323776569451308
9 0.4283765347885402 0.7296094908551656 0.015461573442473852 0.012852199703410776
9 0.41882673942701226 0.7280029658922392 0.01728058208276489 0.014087988136431041
9 0.40859481582537516 0.7277558082056351 0.01500682128240109 0.012605042016806721
9 0.3990450204638472 0.7273850716757291 0.01500682128240109 0.015323776569451308
9 0.3885857207821737 0.7251606524962926 0.01318781264211005 0.013346515076618881
9 0.318781264211005 0.7168808699950567 0.020918599363346974 0.006178942165101334
9 0.45065939063210547 0.7575383094414235 0.011823556161891768 0.013840830449826988
9 0.4390632105502501 0.7566732575383094 0.01227830832196453 0.014087988136431041
9 0.42951341518872216 0.7554374691052891 0.015916325602546612 0.016065249629263468
9 0.4197362437471578 0.7554374691052891 0.01455206912232833 0.015076618882847255
9 0.4165529786266485 0.7721206129510627 0.018190086402910415 0.012357884330202669
9 0.346293769895407 0.7800296589223924 0.03046839472487494 0.009391992090954027
9 0.3333333333333333 0.7635936727632229 0.01637107776261937 0.013099357390014828
9 0.34652114597544337 0.764211566979733 0.018190086402910415 0.014829461196243201
9 0.34129149613460663 0.7466633712308453 0.01409731696225557 0.014335145823035095
9 0.3517507958162801 0.7485170538803756 0.01409731696225557 0.014582303509639148
9 0.3610732150977717 0.7491349480968857 0.01273306048203729 0.014829461196243201
9 0.3717598908594816 0.7492585269401878 0.01227830832196453 0.015076618882847255
9 0.3815370623010459 0.750370736529906 0.010914051841746248 0.014829461196243201
9 0.39995452478399274 0.7523479980227384 0.01409731696225557 0.014829461196243201
9 0.3694861300591178 0.7664359861591695 0.019554342883128694 0.013840830449826988
9 0.38221919054115505 0.7674246169055857 0.019554342883128694 0.014335145823035095
9 0.3933606184629377 0.768536826495304 0.020918599363346974 0.014582303509639148
9 0.4045020463847203 0.7697726149283242 0.020463847203274214 0.014087988136431041
9 0.41132332878581174 0.7529658922392486 0.01318781264211005 0.012605042016806721
10 0.49226921327876305 0.5825506673257538 0.01682582992269213 0.006426099851705388
10 0.5591177808094588 0.5305239742956005 0.019554342883128694 0.006673257538309441
10 0.44997726239199637 0.47478991596638653 0.01500682128240109 0.006426099851705388
10 0.5097771714415643 0.5480721700444884 0.01728058208276489 0.006673257538309441
10 0.48749431559799905 0.6643598615916955 0.018190086402910415 0.006426099851705388
10 0.48954070031832647 0.6596638655462185 0.01682582992269213 0.006426099851705388
10 0.4083674397453388 0.6632476520019772 0.010914051841746248 0.009144834404349975
10 0.4172351068667576 0.6644834404349975 0.011368804001819008 0.009144834404349975
10 0.5213733515234197 0.5281759762728621 0.015916325602546612 0.006920415224913494
10 0.5168258299226921 0.5376915472071181 0.018644838562983174 0.007167572911517548
10 0.5134151887221464 0.5427582797825011 0.015461573442473852 0.005931784478497281
10 0.5081855388813097 0.5544982698961938 0.015916325602546612 0.006178942165101334
10 0.48249204183719874 0.6728868017795353 0.01637107776261937 0.006178942165101334
10 0.5015916325602546 0.5637666831438457 0.01728058208276489 0.006426099851705388
10 0.49931787175989084 0.5690805734058328 0.01728058208276489 0.007167572911517548
10 0.49704411095952705 0.5734058329214038 0.01728058208276489 0.006426099851705388
10 0.49477035015916326 0.5779782501235788 0.01728058208276489 0.006673257538309441
10 0.48999545247839926 0.5867523479980227 0.01773533424283765 0.006920415224913494
10 0.4668030923146885 0.625556104794859 0.01500682128240109 0.006426099851705388
10 0.39017735334242837 0.6327236777063766 0.011823556161891768 0.010380622837370242
10 0.48408367439745337 0.6685615422639644 0.015916325602546612 0.005931784478497281
10 0.47976352887676216 0.6773356401384082 0.01637107776261937 0.006178942165101334
10 0.36766712141882674 0.6569451309935739 0.011368804001819008 0.010380622837370242
10 0.3926784902228285 0.6433514582303509 0.011368804001819008 0.009391992090954027
10 0.38381082310140974 0.6596638655462185 0.011823556161891768 0.009391992090954027
10 0.3667576170986812 0.639520514087988 0.01227830832196453 0.010627780523974294
10 0.3644838562983174 0.6275333662876915 0.010459299681673487 0.009391992090954027
10 0.37244201909959074 0.6293870489372219 0.010914051841746248 0.009144834404349975
10 0.3813096862210095 0.6308699950568462 0.01227830832196453 0.009639149777558082
10 0.37562528422010005 0.6408798813643104 0.01273306048203729 0.010380622837370242
10 0.38381082310140974 0.6429807217004448 0.011823556161891768 0.010133465150766187
10 0.3919963619827194 0.6605289174493326 0.011823556161891768 0.010133465150766187
10 0.41905411550704863 0.6552150271873455 0.01682582992269213 0.006426099851705388
10 0.4004092769440655 0.6616411270390509 0.01227830832196453 0.010380622837370242
10 0.401318781264211 0.6440929312901631 0.011368804001819008 0.009886307464162135
10 0.4095043201455207 0.6453287197231833 0.010459299681673487 0.009391992090954027
10 0.41768985902683037 0.6461937716262975 0.01227830832196453 0.010133465150766187
10 0.4251932696680309 0.6470588235294117 0.010914051841746248 0.009391992090954027
10 0.4331514324693042 0.648294611962432 0.010459299681673487 0.008897676717745922
10 0.4413369713506139 0.6497775580820563 0.010459299681673487 0.009391992090954027
10 0.3985902683037744 0.6334651507661888 0.010459299681673487 0.009391992090954027
10 0.4920418371987267 0.6555857637172515 0.01728058208276489 0.006673257538309441
10 0.4940882219190541 0.6505190311418685 0.015916325602546612 0.006426099851705388
10 0.4504320145520691 0.6636183885318833 0.018644838562983174 0.006920415224913494
10 0.4308776716689404 0.6379139891250617 0.011368804001819008 0.008897676717745922
10 0.4390632105502501 0.63902619871478 0.010459299681673487 0.00815620365793376
10 0.4470213733515234 0.6407563025210083 0.011823556161891768 0.009144834404349975
10 0.4254206457480673 0.6657192288680177 0.011368804001819008 0.011122095897182402
10 0.43246930422919505 0.666831438457736 0.011823556161891768 0.010380622837370242
10 0.4440654843110505 0.6725160652496291 0.01682582992269213 0.005931784478497281
10 0.44861300591177805 0.6688086999505684 0.01682582992269213 0.006426099851705388
10 0.4520236471123238 0.6592931290163123 0.018190086402910415 0.006673257538309441
10 0.49818099135970895 0.6464409293129015 0.01409731696225557 0.005684626791893227
10 0.4552069122328331 0.6552150271873455 0.018190086402910415 0.0074147305981216004
10 0.45793542519326963 0.6496539792387542 0.01637107776261937 0.006673257538309441
10 0.46043656207366984 0.6456994562530894 0.01773533424283765 0.006673257538309441
10 0.46293769895407 0.6410034602076123 0.018190086402910415 0.007167572911517548
10 0.4597544338335607 0.03435491843796342 0.010004547521600727 0.004943153732081067
10 0.4656662119145066 0.06450815620365792 0.01637107776261937 0.006920415224913494
10 0.4201909959072305 0.10603064755313889 0.01364256480218281 0.010380622837370242
10 0.42246475670759437 0.6368017795353434 0.010914051841746248 0.009144834404349975
10 0.41405184174624826 0.6353188334157192 0.010459299681673487 0.008650519031141867
10 0.40632105502501137 0.634700939199209 0.01227830832196453 0.009886307464162135
10 0.5404729422464757 0.5658675234799802 0.019554342883128694 0.007167572911517548
10 0.49931787175989084 0.6419920909540286 0.01728058208276489 0.007661888284725654
10 0.5013642564802183 0.6370489372219476 0.015916325602546612 0.006178942165101334
10 0.5036380172805821 0.6330944142362827 0.01682582992269213 0.006673257538309441
10 0.5061391541609822 0.6286455758774098 0.01728058208276489 0.006673257538309441
10 0.5097771714415643 0.6243203163618388 0.01637107776261937 0.006426099851705388
10 0.5115961800818554 0.6196243203163618 0.018190086402910415 0.006920415224913494
10 0.5136425648021828 0.6152990608007909 0.01773533424283765 0.006673257538309441
10 0.5186448385629832 0.606277805239743 0.018644838562983174 0.006426099851705388
10 0.5213733515234197 0.60182896688087 0.01500682128240109 0.006426099851705388
10 0.5225102319236016 0.597132970835393 0.01728058208276489 0.006920415224913494
10 0.529331514324693 0.588358872960949 0.019099590723055934 0.007167572911517548
10 0.5354706684856753 0.5748887790410281 0.01682582992269213 0.006426099851705388
10 0.5386539336061846 0.5709342560553633 0.01682582992269213 0.006426099851705388
10 0.5457025920873124 0.5572170044488383 0.01637107776261937 0.006178942165101334
10 0.5429740791268758 0.5616658428077113 0.01455206912232833 0.005684626791893227
10 0.37630741246020916 0.6579337617399901 0.011368804001819008 0.009886307464162135
10 0.3599363346975898 0.6554621848739495 0.01227830832196453 0.010380622837370242
10 0.5566166439290586 0.5348492338111714 0.018190086402910415 0.006426099851705388
10 0.4370168258299227 0.717745921898171 0.011823556161891768 0.009886307464162135
10 0.37789904502046384 0.7115669797330696 0.011823556161891768 0.009886307464162135
10 0.38562983174170073 0.7123084527928818 0.009095043201455207 0.009391992090954027
10 0.3944974988631196 0.7134206623826 0.010459299681673487 0.009639149777558082
10 0.40268303774442926 0.7142857142857142 0.010459299681673487 0.009391992090954027
10 0.41132332878581174 0.7150271873455264 0.011368804001819008 0.009886307464162135
10 0.41905411550704863 0.7160158180919426 0.011368804001819008 0.009886307464162135
10 0.4283765347885402 0.7168808699950567 0.010914051841746248 0.010133465150766187
10 0.44520236471123237 0.7184873949579831 0.01273306048203729 0.009886307464162135
10 0.3610732150977717 0.7097132970835393 0.010914051841746248 0.009639149777558082
10 0.4583901773533424 0.7191052891744932 0.018190086402910415 0.010133465150766187
10 0.47407912687585263 0.6909293129016312 0.019554342883128694 0.007661888284725654
10 0.47180536607548884 0.6956253089471082 0.019554342883128694 0.007661888284725654
10 0.43724420190995905 0.685862580326248 0.01773533424283765 0.0074147305981216004
10 0.43497044110959526 0.690064260998517 0.01682582992269213 0.006920415224913494
10 0.40768531150522963 0.6723924864063272 0.01682582992269213 0.005190311418685121
10 0.406093678944975 0.6767177459218982 0.01728058208276489 0.005931784478497281
10 0.36857662573897226 0.7107019278299554 0.011368804001819008 0.009144834404349975
10 0.35243292405638926 0.708971824023727 0.010914051841746248 0.009639149777558082
10 0.47748976807639837 0.6817844784972812 0.01728058208276489 0.007167572911517548
10 0.4552069122328331 0.6220958971824023 0.01273306048203729 0.011863568956994561
10 0.5543428831286948 0.5396688086999505 0.020009095043201454 0.007167572911517548
10 0.5513869940882219 0.5442412259021255 0.021373351523419737 0.006920415224913494
10 0.5475216007276035 0.5528917449332674 0.020918599363346974 0.0074147305981216004
10 0.5159163256025466 0.5860108749382105 0.011368804001819008 0.011369253583786454
10 0.5329695316052752 0.5795847750865052 0.019099590723055934 0.006920415224913494
10 0.5313778990450204 0.5842807711319822 0.01773533424283765 0.006426099851705388
10 0.5145520691223283 0.6107266435986158 0.01682582992269213 0.005931784478497281
10 0.43769895407003184 0.6186356895699455 0.01318781264211005 0.010380622837370242
10 0.34333788085493405 0.7081067721206129 0.010914051841746248 0.009391992090954027
10 0.4297407912687585 0.6178942165101334 0.01364256480218281 0.010380622837370242
10 0.42110050022737605 0.6164112703905091 0.010914051841746248 0.009886307464162135
10 0.4117780809458845 0.6159169550173009 0.010459299681673487 0.009886307464162135
10 0.39722601182355616 0.6124567474048442 0.010459299681673487 0.009391992090954027
10 0.3879035925420646 0.6115916955017301 0.010004547521600727 0.010133465150766187
10 0.38017280582082763 0.6098615916955017 0.009095043201455207 0.009639149777558082
10 0.334924965893588 0.7069945625308947 0.008640291041382446 0.009144834404349975
10 0.4229195088676671 0.6785714285714285 0.018190086402910415 0.007167572911517548
10 0.4201909959072305 0.6828966880869994 0.018190086402910415 0.0074147305981216004
10 0.4183719872669395 0.6877162629757785 0.020009095043201454 0.007661888284725654
10 0.3635743519781719 0.6882105783489866 0.01682582992269213 0.007167572911517548
10 0.21168713051386992 0.791893227879387 0.008640291041382446 0.008897676717745922
10 0.22214643019554342 0.7916460701927829 0.008640291041382446 0.008897676717745922
10 0.1994088221919054 0.9519278299555115 0.01500682128240109 0.005684626791893227
10 0.39949977262391995 0.6890756302521007 0.01682582992269213 0.006920415224913494
10 0.433606184629377 0.694760257043994 0.01682582992269213 0.006920415224913494
10 0.42928603910868574 0.6984676223430548 0.01637107776261937 0.006920415224913494
10 0.3678944974988631 0.6790657439446366 0.01728058208276489 0.006673257538309441
10 0.3472032742155525 0.6925358378645575 0.011368804001819008 0.008897676717745922
10 0.4618008185538881 0.713049925852694 0.018644838562983174 0.0074147305981216004
10 0.35788994997726237 0.6627533366287691 0.01637107776261937 0.006178942165101334
10 0.3567530695770805 0.6674493326742461 0.018644838562983174 0.006673257538309441
10 0.3537971805366075 0.6721453287197231 0.01728058208276489 0.007167572911517548
10 0.35129604365620737 0.676470588235294 0.01682582992269213 0.006920415224913494
10 0.3472032742155525 0.685615422639644 0.01773533424283765 0.006920415224913494
10 0.3494770350159163 0.6810430054374691 0.01773533424283765 0.007661888284725654
10 0.3392451114142792 0.6911764705882353 0.009095043201455207 0.008650519031141867
10 0.17303319690768532 0.7886801779535343 0.011368804001819008 0.009886307464162135
10 0.13824465666211913 0.7837370242214532 0.010004547521600727 0.008897676717745922
10 0.1066393815370623 0.7833662876915471 0.008640291041382446 0.008650519031141867
10 0.1821282401091405 0.6088729609490855 0.01227830832196453 0.010627780523974294
10 0.46589358799454295 0.7042758279782501 0.01773533424283765 0.006178942165101334
10 0.46271032287403363 0.708477508650519 0.01500682128240109 0.005684626791893227
10 0.37517053206002726 0.6659663865546218 0.01637107776261937 0.005684626791893227
10 0.41678035470668484 0.6915472071181413 0.019554342883128694 0.0074147305981216004
10 0.39608913142337426 0.6941423628274839 0.01637107776261937 0.006673257538309441
10 0.41268758526603 0.6962432031636183 0.01773533424283765 0.006920415224913494
10 0.4745338790359254 0.6862333168561542 0.015916325602546612 0.006178942165101334
10 0.3710777626193724 0.6748640632723677 0.020009095043201454 0.007661888284725654
10 0.0882219190541155 0.4233811171527434 0.01728058208276489 0.008897676717745922
10 0.06093678944974988 0.48442906574394456 0.015461573442473852 0.005931784478497281
10 0.05479763528876762 0.49715768660405335 0.01318781264211005 0.005684626791893227
10 0.15757162346521145 0.5876173999011368 0.01773533424283765 0.006178942165101334
10 0.15643474306502955 0.5920662382600098 0.01728058208276489 0.006178942165101334
10 0.15416098226466576 0.5968858131487889 0.018190086402910415 0.0074147305981216004
10 0.1418826739427012 0.5727879387048936 0.010914051841746248 0.009144834404349975
9 0.10482037289677125 0.764458724666337 0.023192360163710776 0.012852199703410776
