10 0.21505376344086022 0.6098193896616152 0.007820136852394917 0.008511521694000415
10 0.1360377973281199 0.46813369317002285 0.004887585532746823 0.008719119784097987
10 0.08927989573150863 0.46356653518787627 0.0032583903551645487 0.008719119784097987
10 0.0931899641577061 0.46315133900768113 0.0032583903551645487 0.007888727423707702
10 0.06687846203975237 0.52906373261366 0.0063538611925708696 0.005189952252439278
10 0.04643206256109482 0.5147394643969275 0.007168458781362007 0.00560514843263442
10 0.04887585532746823 0.5336308905958066 0.006516780710329097 0.00560514843263442
10 0.023297491039426525 0.5433880008303924 0.0061909416748126425 0.00560514843263442
10 0.17008797653958943 0.7591862154868175 0.002932551319648094 0.009134315964293128
10 0.17228739002932553 0.3826032800498236 0.007005539263603779 0.007058335063317418
10 0.36135549038774845 0.4197633381772888 0.004235907461713913 0.008303923603902844
10 0.13954056695992179 0.31513390076811293 0.00439882697947214 0.007888727423707702
10 0.15241120886282178 0.24288976541415822 0.003747148908439231 0.010379904504878556
10 0.1982730531117628 0.22015777454847416 0.007494297816878462 0.006850736973219846
10 0.1970511567285761 0.19784097986298527 0.0063538611925708696 0.005812746522731991
10 0.19778429455848812 0.1817521278804235 0.007820136852394917 0.007265933153414989
10 0.1965623981753014 0.1652480797176666 0.007005539263603779 0.005397550342536849
10 0.19566634082763115 0.14832883537471456 0.0061909416748126425 0.003944363711853851
10 0.06500488758553274 0.4420801328627777 0.004561746497230368 0.008926717874195559
10 0.05433365917236885 0.44425991280880217 0.004724666014988596 0.009549512144488272
10 0.050912349299446075 0.44664729084492427 0.00505050505050505 0.009757110234585843
10 0.4149560117302053 0.31658708739879593 0.0032583903551645487 0.007888727423707702
9 0.7264581296839361 0.6564251608885199 0.014011078527207559 0.007888727423707702
9 0.7393287715868361 0.45380942495329046 0.014988595633756924 0.015777454847415405
9 0.7438905180840665 0.4495536641062903 0.013685239491691105 0.015569856757317833
9 0.921961550993809 0.5481627569026365 0.014336917562724014 0.025119368901806105
9 0.9266862170087976 0.5525223167946856 0.014336917562724014 0.02387378036122068
9 0.9355653307266211 0.5603072451733444 0.015151515151515152 0.024911770811708533
9 0.9399641577060932 0.5646668050653935 0.014825676115998696 0.024911770811708533
9 0.9443629846855653 0.5689225659123937 0.014499837080482242 0.02387378036122068
9 0.953486477680026 0.577434087606394 0.015151515151515152 0.02428897654141582
9 0.7771260997067448 0.6542453809424954 0.018246985988921473 0.008926717874195559
9 0.7797328119908765 0.6610961179157152 0.02476376669925057 0.0093419140543907
9 0.7768817204301075 0.6671164625285447 0.02036493971977843 0.0093419140543907
9 0.7763115021179537 0.679572347934399 0.023786249592701206 0.011833091135561554
9 0.20030954708374063 0.6633796969067884 0.00505050505050505 0.014739464396927549
12 0.17318344737699576 0.330599958480382 0.07461713913326816 0.0969483080755657
10 0.19753991528185078 0.13919451941042144 0.0063538611925708696 0.003944363711853851
10 0.19908765070055393 0.12009549512144489 0.006842619745845552 0.006020344612829563
10 0.20796676441837733 0.09943948515673656 0.007331378299120235 0.007888727423707702
10 0.2523623330074943 0.2948930869835998 0.0035842293906810036 0.0093419140543907
10 0.26099706744868034 0.29281710608262407 0.0032583903551645487 0.008511521694000415
10 0.2647442163571196 0.29333610130786797 0.0032583903551645487 0.009134315964293128
10 0.2691430433365917 0.29333610130786797 0.0035842293906810036 0.009549512144488272
10 0.2731345715216683 0.2934399003529168 0.0030954708374063213 0.008926717874195559
10 0.27704463994786577 0.29302470417272164 0.0030954708374063213 0.008511521694000415
10 0.2810361681329423 0.2929209051276728 0.002932551319648094 0.00747353124351256
10 0.2850276963180189 0.2919867137222338 0.0030954708374063213 0.007681129333610131
10 0.19639947865754318 0.6133485571932739 0.006679700228087325 0.007681129333610131
10 0.31932225480612575 0.4090720365372639 0.004235907461713913 0.0093419140543907
10 0.32282502443792765 0.40959103176250783 0.004072987943955686 0.009134315964293128
10 0.3262463343108504 0.4106290222129957 0.00439882697947214 0.009134315964293128
10 0.3334962528510916 0.41073282125804444 0.004235907461713913 0.008096325513805274
10 0.3397686542847833 0.4134315964293129 0.004072987943955686 0.008096325513805274
10 0.3501955034213099 0.41706456300602035 0.004072987943955686 0.008719119784097987
10 0.35386119257087 0.41716836205106916 0.0035842293906810036 0.008926717874195559
10 0.2570869990224829 0.29447789080340464 0.0032583903551645487 0.008511521694000415
10 0.24788204626914304 0.2948930869835998 0.003747148908439231 0.008511521694000415
10 0.2222222222222222 0.09352293958895579 0.007168458781362007 0.008096325513805274
10 0.2406321277289019 0.29572347934399007 0.005865102639296188 0.00560514843263442
10 0.23256761159986966 0.09362673863400457 0.007331378299120235 0.00747353124351256
10 0.24275008145975888 0.09373053767905336 0.007168458781362007 0.007681129333610131
10 0.2852720755946562 0.10244965746315135 0.006516780710329097 0.00560514843263442
10 0.26726946888237213 0.22545152584596223 0.008308895405669599 0.00747353124351256
10 0.26621049201694363 0.23334025326966992 0.005213424568263278 0.004151961801951422
10 0.2760671228413164 0.231368071413743 0.007657217334636689 0.006020344612829563
10 0.27647442163571195 0.23749221507162135 0.006842619745845552 0.0049823541623417065
10 0.2754969045291626 0.24174797591862157 0.006516780710329097 0.004774756072244136
10 0.2741120886282177 0.24610753581067055 0.007331378299120235 0.006020344612829563
10 0.27403062886933854 0.2515050861532074 0.006516780710329097 0.005189952252439278
10 0.27386770935158034 0.2558646460452564 0.006516780710329097 0.005189952252439278
10 0.27060931899641577 0.26043180402740296 0.007168458781362007 0.00560514843263442
10 0.27891821440208536 0.26219638779323234 0.008145975887911373 0.005812746522731991
10 0.2227109807754969 0.28056881876686735 0.007820136852394917 0.007265933153414989
10 0.2351743238840013 0.2910525223167947 0.007005539263603779 0.007058335063317418
9 0.6275659824046921 0.6867344820427652 0.014336917562724014 0.009134315964293128
9 0.6256109481915934 0.694104214241229 0.013685239491691105 0.008926717874195559
9 0.6243890518084066 0.7003321569441562 0.013522319973932877 0.009757110234585843
9 0.05278592375366569 0.6133485571932739 0.014336917562724014 0.008926717874195559
9 0.015884652981427175 0.685385094457131 0.016780710329097427 0.01141789495536641
9 0.018491365265558814 0.6906788457546191 0.01645487129358097 0.012040689225659125
9 0.06508634734441186 0.6949346066016193 0.015151515151515152 0.009757110234585843
9 0.06622678396871945 0.7007473531243513 0.014499837080482242 0.009757110234585843
9 0.06695992179863147 0.7068714967822296 0.013685239491691105 0.009549512144488272
9 0.07029977191267514 0.7109196595391323 0.009938090583251874 0.006850736973219846
9 0.06858911697621375 0.7172514012871082 0.014011078527207559 0.009964708324683413
9 0.07021831215379602 0.7302262819182064 0.014011078527207559 0.0093419140543907
9 0.1441837732160313 0.7235831430350841 0.021831215379602475 0.01100269877517127
9 0.13554903877484523 0.7143450280257422 0.00879765395894428 0.007058335063317418
9 0.1366080156402737 0.7191197840979864 0.009286412512218964 0.00747353124351256
9 0.09595959595959595 0.8327797384264065 0.0101010101010101 0.03134731160473324
9 0.26555881394591074 0.8329873365165041 0.025089605734767026 0.007265933153414989
9 0.24258716194200064 0.6696076396097156 0.004887585532746823 0.012663483495951838
9 0.22727272727272727 0.667012663483496 0.005539263603779733 0.01287108158604941
9 0.01335940045617465 0.665040481627569 0.01596611274030629 0.010172306414780985
9 0.05213424568263278 0.6080548058957858 0.014336917562724014 0.008719119784097987
9 0.20959595959595959 0.6643138883122276 0.00570218312153796 0.016607847207805688
9 0.0516454871293581 0.6025534565082001 0.012707722385141739 0.009757110234585843
9 0.024682306940371455 0.3608054805895786 0.015151515151515152 0.012040689225659125
9 0.04863147605083089 0.35042557608470004 0.013522319973932877 0.009964708324683413
9 0.06598240469208211 0.34326344197633385 0.015314434669273378 0.012248287315756695
9 0.14393939393939395 0.46356653518787627 0.005376344086021506 0.012455885405854267
9 0.153307266210492 0.4678222960348765 0.009775171065493646 0.01100269877517127
9 0.15632127728901923 0.4723894540170231 0.009612251547735418 0.010172306414780985
9 0.15803193222548062 0.47737180817936475 0.009775171065493646 0.0093419140543907
9 0.023053111762789184 0.5338384886859041 0.0063538611925708696 0.014324268216732407
9 0.11355490387748453 0.5496159435333196 0.01596611274030629 0.010172306414780985
9 0.11550993809058326 0.5671579821465643 0.013685239491691105 0.009134315964293128
9 0.12031606386445096 0.5960141166701267 0.015477354187031606 0.009964708324683413
9 0.04740957966764418 0.5785758771019307 0.014336917562724014 0.009549512144488272
9 0.04651352231997393 0.5720365372638572 0.014499837080482242 0.009757110234585843
9 0.04903877484522646 0.5885405854266141 0.014988595633756924 0.009549512144488272
9 0.04985337243401759 0.5947685281295413 0.014988595633756924 0.010379904504878556
9 0.21472792440534377 0.6647290844924227 0.004561746497230368 0.01494706248702512
9 0.2049527533398501 0.6635872949968861 0.005213424568263278 0.014324268216732407
9 0.6199902248289345 0.7062487025119369 0.015151515151515152 0.009134315964293128
9 0.6042684913652655 0.5024911770811709 0.014011078527207559 0.0093419140543907
9 0.5992994460736396 0.5204484118746108 0.010589768654284784 0.008303923603902844
9 0.5993809058325187 0.5268839526676354 0.012707722385141739 0.008719119784097987
9 0.5983219289670902 0.5337346896408554 0.012544802867383513 0.008719119784097987
9 0.5954708374063212 0.5398588332987336 0.00879765395894428 0.007681129333610131
9 0.5952264581296839 0.5465019721818559 0.011241446725317693 0.008096325513805274
9 0.5950635386119257 0.553248910110027 0.013196480938416423 0.008719119784097987
9 0.593108504398827 0.5664313888312228 0.012218963831867057 0.007681129333610131
9 0.6208862821766048 0.6558023666182271 0.006842619745845552 0.015362258667220262
9 0.69485174323884 0.6077434087606395 0.025089605734767026 0.01100269877517127
9 0.5818670576735093 0.2801536225866722 0.024926686217008796 0.011833091135561554
9 0.5829260345389378 0.27423707701889144 0.025089605734767026 0.011625493045463982
9 0.6056533072662105 0.19784097986298527 0.009938090583251874 0.019514220469171686
9 0.57811990876507 0.6662860701681544 0.014825676115998696 0.0093419140543907
9 0.6213750407298795 0.7200539755034254 0.014988595633756924 0.008926717874195559
9 0.6219452590420332 0.7128918413950592 0.013196480938416423 0.008303923603902844
9 0.606712284131639 0.5115216940004153 0.021831215379602475 0.011625493045463982
9 0.5887096774193549 0.5999584803819805 0.014173998044965786 0.009134315964293128
9 0.18963831867057673 0.37263857172514014 0.009123492994460736 0.00747353124351256
9 0.5849625285109156 0.61282956196803 0.011567285760834147 0.008303923603902844
9 0.24568263277940697 0.15850114178949554 0.009123492994460736 0.033008096325513804
9 0.20446399478657543 0.23240606186423085 0.014011078527207559 0.01141789495536641
9 0.2090257412838058 0.22296034876479137 0.02476376669925057 0.016607847207805688
9 0.3035190615835777 0.2506746937928171 0.008145975887911373 0.03176250778492838
9 0.3181818181818182 0.2543076603695246 0.008471814923427827 0.03155490969483081
9 0.32559465623981754 0.2562798422254515 0.007983056370153145 0.033008096325513804
9 0.24421635711958292 0.19420801328627776 0.025089605734767026 0.01307867967614698
9 0.42823395242750084 0.14178949553664108 0.024926686217008796 0.012040689225659125
9 0.5105083088954057 0.17427859663691095 0.025904203323558164 0.013909072036537264
9 0.5127891821440208 0.1890180610338385 0.010263929618768328 0.007681129333610131
9 0.5746171391332682 0.6878762715383019 0.015640273704789834 0.010172306414780985
9 0.5737210817855979 0.6946232094664729 0.014173998044965786 0.009964708324683413
9 0.578853046594982 0.6591239360597883 0.012707722385141739 0.008719119784097987
9 0.5790974258716194 0.6488478305999585 0.011567285760834147 0.008926717874195559
9 0.5843923101987618 0.619576499896201 0.012707722385141739 0.0093419140543907
10 0.3576083414793092 0.418206352501557 0.004235907461713913 0.008926717874195559
10 0.3444118605408928 0.39339838073489725 0.004235907461713913 0.008303923603902844
10 0.1454871293580971 0.6235208636080548 0.00879765395894428 0.006435540793024705
10 0.9011893124796351 0.5970521071206145 0.0060280221570544155 0.008303923603902844
10 0.770120560443141 0.5018683828108782 0.0061909416748126425 0.008511521694000415
10 0.7831541218637993 0.4871289184139506 0.0061909416748126425 0.009757110234585843
10 0.7924405343760182 0.4942910525223168 0.005865102639296188 0.009134315964293128
10 0.7825839035516455 0.5131824787211958 0.005376344086021506 0.007888727423707702
10 0.8218475073313783 0.5216940004151962 0.0063538611925708696 0.009549512144488272
10 0.8334962528510915 0.5326966991903674 0.005865102639296188 0.009134315964293128
10 0.8365917236884979 0.5353954743616359 0.006842619745845552 0.009964708324683413
10 0.8703975236233301 0.59487232717459 0.007005539263603779 0.009757110234585843
10 0.3408276311502118 0.3921527921943118 0.005213424568263278 0.009964708324683413
10 0.8643695014662757 0.5900975711023458 0.0060280221570544155 0.008511521694000415
10 0.8614369501466276 0.5876063940211751 0.005376344086021506 0.008096325513805274
10 0.8585043988269795 0.5847000207598091 0.00570218312153796 0.008511521694000415
10 0.8471000325839035 0.5732821258044426 0.00570218312153796 0.007681129333610131
10 0.8777289019224503 0.5746315133900769 0.0063538611925708696 0.009549512144488272
10 0.8743075920495276 0.5719327382188084 0.005376344086021506 0.008719119784097987
10 0.8657543173672206 0.5633174174797592 0.005865102639296188 0.008926717874195559
10 0.7690615835777126 0.4723894540170231 0.006679700228087325 0.009757110234585843
10 0.69485174323884 0.5725555324891012 0.006516780710329097 0.004567157982146564
10 0.695503421309873 0.5673655802366618 0.006516780710329097 0.005397550342536849
10 0.7302052785923754 0.5462943740917584 0.006842619745845552 0.008926717874195559
10 0.6634897360703812 0.5140128710815861 0.006679700228087325 0.0049823541623417065
10 0.6641414141414141 0.5052937512974881 0.007005539263603779 0.005397550342536849
10 0.6656076898012382 0.5006227942702928 0.007005539263603779 0.00560514843263442
10 0.6671554252199413 0.49179987544114595 0.007168458781362007 0.0049823541623417065
10 0.6674812642554578 0.48256176043180404 0.0061909416748126425 0.0043595598920489935
10 0.646871945259042 0.500934191405439 0.0060280221570544155 0.0049823541623417065
10 0.6920821114369502 0.49387585634212167 0.006842619745845552 0.005812746522731991
10 0.6950146627565983 0.5061241436578784 0.007168458781362007 0.009549512144488272
10 0.6978657543173672 0.509653311189537 0.007331378299120235 0.009134315964293128
10 0.7003095470837406 0.5133900768112933 0.0063538611925708696 0.008303923603902844
10 0.7026718800912349 0.5167116462528545 0.006842619745845552 0.009134315964293128
10 0.7147279244053437 0.5302055221091966 0.006516780710329097 0.009549512144488272
10 0.7181492342782665 0.5342536848660993 0.005539263603779733 0.007265933153414989
10 0.7240957966764419 0.5407930247041728 0.007331378299120235 0.010379904504878556
10 0.7275171065493646 0.543076603695246 0.006679700228087325 0.009134315964293128
10 0.8600521342456826 0.557608470002076 0.006516780710329097 0.008719119784097987
10 0.8391984359726296 0.5390284409383433 0.0061909416748126425 0.009757110234585843
10 0.8427012056044314 0.5407930247041728 0.0063538611925708696 0.009549512144488272
10 0.7908927989573151 0.2900145318663068 0.0060280221570544155 0.007888727423707702
10 0.777207559465624 0.26157359352293963 0.006679700228087325 0.008719119784097987
10 0.7680026067122842 0.25057089474776834 0.007494297816878462 0.010379904504878556
10 0.7640925382860867 0.2472493253062072 0.007494297816878462 0.009964708324683413
10 0.8076735092864125 0.27143450280257425 0.007005539263603779 0.0093419140543907
10 0.805229716520039 0.26842433049615944 0.006679700228087325 0.009549512144488272
10 0.8027859237536656 0.2658293543699398 0.007005539263603779 0.0093419140543907
10 0.8000162919517758 0.26323437824372015 0.007005539263603779 0.009549512144488272
10 0.7973281199087651 0.2602242059373054 0.007168458781362007 0.0093419140543907
10 0.7946399478657543 0.2573178326759394 0.007005539263603779 0.0093419140543907
10 0.7927663734115347 0.2533734689640855 0.007494297816878462 0.009757110234585843
10 0.777940697295536 0.2341706456300602 0.006842619745845552 0.009134315964293128
10 0.7728087324861519 0.2278389038820843 0.006679700228087325 0.008926717874195559
10 0.11127403062886934 0.42152792194311817 0.004887585532746823 0.008511521694000415
10 0.12968393613554904 0.4163379696906789 0.004887585532746823 0.0093419140543907
10 0.12047898338220919 0.46304753996263237 0.007005539263603779 0.007681129333610131
10 0.772238514173998 0.2688395266763546 0.006842619745845552 0.009134315964293128
10 0.774356467904855 0.2997716421008927 0.007494297816878462 0.009549512144488272
10 0.8347181492342782 0.5623832260743201 0.005376344086021506 0.007888727423707702
10 0.7823395242750082 0.3083869628399419 0.006516780710329097 0.008511521694000415
10 0.8321114369501467 0.559061656632759 0.0060280221570544155 0.009134315964293128
10 0.828771586836103 0.5565704795515881 0.005539263603779733 0.00747353124351256
10 0.8260019550342131 0.553767905335271 0.005865102639296188 0.008096325513805274
10 0.8199739328771587 0.5483703549927341 0.0061909416748126425 0.008096325513805274
10 0.4020039100684262 0.13379696906788457 0.007331378299120235 0.00560514843263442
10 0.39752362333007496 0.3120199294166494 0.004561746497230368 0.009134315964293128
10 0.4055066797002281 0.31492630267801536 0.004561746497230368 0.008303923603902844
10 0.4100684261974585 0.31503010172306417 0.004887585532746823 0.010587502594976126
10 0.7560280221570544 0.32073904920074736 0.006679700228087325 0.009549512144488272
10 0.7687357445421962 0.3344405231471871 0.006679700228087325 0.008719119784097987
10 0.7794884327142392 0.3190782644799668 0.007005539263603779 0.009549512144488272
10 0.7746823069403714 0.3133693170022836 0.0061909416748126425 0.008511521694000415
10 0.772157054415119 0.3098401494706249 0.007005539263603779 0.009757110234585843
10 0.7670250896057348 0.303508407722649 0.006516780710329097 0.009549512144488272
10 0.7772890192245031 0.30309321154245383 0.006842619745845552 0.008719119784097987
10 0.6449983708048224 0.5184762300186838 0.006516780710329097 0.00560514843263442
10 0.6620234604105572 0.5226281918206352 0.005376344086021506 0.0043595598920489935
10 0.6437764744216357 0.5240813784513183 0.007331378299120235 0.004774756072244136
10 0.3657543173672206 0.3040274029478929 0.0039100684261974585 0.008511521694000415
10 0.37390029325513197 0.30714137429935645 0.0039100684261974585 0.008511521694000415
10 0.3776474421635712 0.30745277143450284 0.0039100684261974585 0.009549512144488272
10 0.381801889866406 0.30869835997508827 0.004072987943955686 0.009134315964293128
10 0.3855490387748452 0.30869835997508827 0.004072987943955686 0.009134315964293128
10 0.38970348647768005 0.3098401494706249 0.004561746497230368 0.0093419140543907
10 0.2961876832844575 0.10556362881461491 0.006516780710329097 0.004774756072244136
10 0.35043988269794724 0.12227527506746938 0.006842619745845552 0.0049823541623417065
10 0.37821766047572497 0.13026780153622589 0.0063538611925708696 0.0043595598920489935
10 0.5037471489084392 0.29873365165040483 0.005213424568263278 0.009134315964293128
10 0.4674975562072336 0.22140336308905958 0.0060280221570544155 0.0093419140543907
10 0.46888237210817857 0.2119576499896201 0.006516780710329097 0.005397550342536849
10 0.4696155099380906 0.2075980900975711 0.0063538611925708696 0.005397550342536849
10 0.5097751710654936 0.20282333402532698 0.006516780710329097 0.0049823541623417065
10 0.5277777777777778 0.17189121860078888 0.00570218312153796 0.009964708324683413
10 0.5904203323558163 0.18849906580859457 0.005539263603779733 0.009134315964293128
10 0.36958292603453896 0.3053767905335271 0.004724666014988596 0.009134315964293128
10 0.3616813294232649 0.3041312019929417 0.004561746497230368 0.009134315964293128
10 0.614613880742913 0.2112310566742786 0.007005539263603779 0.00560514843263442
10 0.35777126099706746 0.30309321154245383 0.004887585532746823 0.009134315964293128
10 0.3202997719126751 0.38717043803197015 0.004887585532746823 0.009134315964293128
10 0.32877158683610297 0.3802159020137015 0.004235907461713913 0.008096325513805274
10 0.3356142065819485 0.38135769150923815 0.004235907461713913 0.008303923603902844
10 0.34579667644183776 0.3844716628607017 0.00439882697947214 0.008719119784097987
10 0.3099543825350277 0.35302055221091966 0.00439882697947214 0.010172306414780985
10 0.3319485174323884 0.3598712891841395 0.004724666014988596 0.009757110234585843
10 0.3356142065819485 0.35966369109404195 0.004235907461713913 0.008096325513805274
10 0.34644835451287065 0.36173967199501766 0.004072987943955686 0.008511521694000415
10 0.3498696643857934 0.36308905958065185 0.00439882697947214 0.008719119784097987
10 0.3334962528510916 0.29717666597467307 0.004561746497230368 0.0093419140543907
10 0.3380579993483219 0.29852605356030726 0.0039100684261974585 0.007888727423707702
10 0.34156076898012383 0.29946024496574636 0.004072987943955686 0.008511521694000415
10 0.3457152166829586 0.2997716421008927 0.0039100684261974585 0.00747353124351256
10 0.3496252851091561 0.3009134315964293 0.004561746497230368 0.0093419140543907
10 0.3534538937764744 0.302055221091966 0.00439882697947214 0.008719119784097987
10 0.6151840990550668 0.2068714967822296 0.005865102639296188 0.0043595598920489935
10 0.6120071684587813 0.2257629229811086 0.006679700228087325 0.004774756072244136
10 0.6414141414141414 0.537263857172514 0.006516780710329097 0.004567157982146564
10 0.6469534050179212 0.6148017438239568 0.007168458781362007 0.004774756072244136
10 0.6501303356142066 0.6016192651027611 0.0063538611925708696 0.0049823541623417065
10 0.6318833496252851 0.60597882499481 0.0063538611925708696 0.004151961801951422
10 0.6322091886608016 0.6013078679676147 0.006679700228087325 0.004774756072244136
10 0.6341642228739003 0.5925887481835167 0.005376344086021506 0.005189952252439278
10 0.6353046594982079 0.5827278389038821 0.006679700228087325 0.004567157982146564
10 0.6516780710329098 0.5875025949761262 0.0061909416748126425 0.004567157982146564
10 0.6521668295861844 0.5829354369939796 0.005213424568263278 0.00373676562175628
10 0.6535516454871294 0.5786796761469795 0.006679700228087325 0.00560514843263442
10 0.6553437601824699 0.5688187668673449 0.006679700228087325 0.0049823541623417065
10 0.6545291625936788 0.5644592069752958 0.007331378299120235 0.005812746522731991
10 0.6388888888888888 0.5602034461282956 0.007005539263603779 0.004774756072244136
10 0.6391332681655262 0.5531451110649782 0.006842619745845552 0.005189952252439278
10 0.6572173346366895 0.5510691301640025 0.006516780710329097 0.003944363711853851
10 0.6410068426197458 0.5423500103799045 0.007005539263603779 0.0043595598920489935
10 0.659742587161942 0.537263857172514 0.0063538611925708696 0.004567157982146564
10 0.6492342782665363 0.6056674278596638 0.007494297816878462 0.005189952252439278
10 0.6467904855001629 0.6192651027610546 0.007820136852394917 0.005397550342536849
10 0.5641902899967416 0.2876271538301848 0.0032583903551645487 0.006020344612829563
10 0.6459758879113717 0.6246626531035915 0.007820136852394917 0.005397550342536849
10 0.5675301401107853 0.41166701266348354 0.004072987943955686 0.008303923603902844
10 0.5892798957315086 0.4169607639609716 0.004235907461713913 0.0093419140543907
10 0.5961225154773542 0.41851774963670335 0.0039100684261974585 0.008303923603902844
10 0.6030465949820788 0.41965953913224 0.004072987943955686 0.008511521694000415
10 0.6068752036493972 0.421112725762923 0.004561746497230368 0.009757110234585843
10 0.6107038123167156 0.422565912393606 0.004724666014988596 0.0093419140543907
10 0.5757575757575758 0.43294581689848455 0.0039100684261974585 0.010587502594976126
10 0.5825187357445422 0.43595598920489936 0.003747148908439231 0.007888727423707702
10 0.5896871945259042 0.4377205729707287 0.004072987943955686 0.008511521694000415
10 0.5968556533072662 0.4390699605563629 0.004072987943955686 0.008303923603902844
10 0.6046757901596611 0.4406269462320947 0.00439882697947214 0.008511521694000415
10 0.6250407298794396 0.6425160888519826 0.007331378299120235 0.006227942702927133
10 0.6390518084066471 0.6656632758978618 0.0063538611925708696 0.005189952252439278
10 0.6416585206907788 0.6513390076811294 0.007005539263603779 0.00560514843263442
10 0.6450798305637016 0.628295619680299 0.006679700228087325 0.005189952252439278
9 0.02126099706744868 0.3138883122275275 0.007657217334636689 0.01494706248702512
