9 0.7180497925311203 0.8946120689655173 0.06265560165975104 0.05043103448275862
9 0.8908713692946058 0.25301724137931036 0.051452282157676346 0.04741379310344827
9 0.8769709543568465 0.8558189655172413 0.04854771784232365 0.05646551724137931
9 0.8887966804979253 0.8685344827586207 0.046473029045643155 0.05603448275862069
9 0.7665975103734439 0.9547413793103449 0.06265560165975104 0.027586206896551724
9 0.8350622406639004 0.8178879310344828 0.04605809128630705 0.054741379310344826
9 0.8485477178423236 0.8314655172413793 0.04730290456431535 0.05775862068965517
9 0.7802904564315353 0.7890086206896552 0.04439834024896266 0.05560344827586207
9 0.7663900414937759 0.7803879310344828 0.04564315352697095 0.05818965517241379
9 0.7879668049792531 0.33793103448275863 0.043153526970954356 0.056896551724137934
9 0.4404564315352697 0.3875 0.041908713692946055 0.059482758620689656
9 0.33443983402489624 0.6010775862068966 0.04813278008298755 0.054741379310344826
9 0.41203319502074687 0.5508620689655173 0.04232365145228216 0.056896551724137934
9 0.38029045643153525 0.5827586206896551 0.04688796680497925 0.056896551724137934
9 0.36058091286307054 0.5806034482758621 0.04730290456431535 0.05775862068965517
9 0.3400414937759336 0.5260775862068966 0.04688796680497925 0.05732758620689655
9 0.2900414937759336 0.5405172413793103 0.05560165975103734 0.04482758620689655
9 0.2854771784232365 0.5573275862068966 0.05062240663900415 0.04655172413793103
9 0.4049792531120332 0.39892241379310345 0.04564315352697095 0.05818965517241379
9 0.33526970954356844 0.39978448275862066 0.04232365145228216 0.06163793103448276
9 0.3221991701244813 0.40625 0.04273858921161826 0.059051724137931035
9 0.30539419087136926 0.4073275862068965 0.03900414937759336 0.061206896551724135
9 0.287551867219917 0.41465517241379307 0.04149377593360996 0.06034482758620689
9 0.23775933609958505 0.4211206896551724 0.03568464730290456 0.061206896551724135
9 0.2238589211618257 0.43211206896551724 0.040248962655601656 0.0625
9 0.20622406639004148 0.4400862068965517 0.034854771784232366 0.061206896551724135
9 0.18713692946058091 0.4418103448275862 0.036514522821576766 0.06293103448275862
9 0.1558091286307054 0.44892241379310344 0.01867219917012448 0.06508620689655173
9 0.141701244813278 0.4603448275862069 0.014522821576763486 0.05862068965517241
9 0.8804979253112033 0.265301724137931 0.051452282157676346 0.047844827586206895
9 0.8987551867219917 0.24267241379310345 0.051452282157676346 0.04741379310344827
10 0.13091286307053943 0.9898706896551724 0.01037344398340249 0.01853448275862069
9 0.9184647302904564 0.2209051724137931 0.04854771784232365 0.04267241379310345
10 0.1284232365145228 0.9702586206896552 0.008713692946058092 0.017241379310344827
10 0.09979253112033194 0.9831896551724137 0.008713692946058092 0.01896551724137931
10 0.0941908713692946 0.9226293103448275 0.008298755186721992 0.01939655172413793
10 0.12510373443983402 0.930603448275862 0.008713692946058092 0.016379310344827584
10 0.07904564315352697 0.8420258620689655 0.00954356846473029 0.015948275862068966
10 0.05892116182572614 0.8616379310344827 0.015767634854771784 0.010344827586206896
10 0.11970954356846472 0.8788793103448276 0.008713692946058092 0.014655172413793103
10 0.21182572614107884 0.7452586206896552 0.01784232365145228 0.01206896551724138
10 0.22946058091286306 0.7375 0.017427385892116183 0.01293103448275862
10 0.19398340248962656 0.7420258620689655 0.01950207468879668 0.015086206896551723
10 0.17116182572614108 0.7612068965517241 0.01867219917012448 0.01293103448275862
10 0.11348547717842324 0.8125 0.008713692946058092 0.016379310344827584
10 0.11224066390041494 0.7954741379310345 0.00954356846473029 0.016810344827586206
10 0.10601659751037344 0.7497844827586206 0.008713692946058092 0.016810344827586206
10 0.061203319502074686 0.746551724137931 0.01784232365145228 0.011206896551724138
10 0.1053941908713693 0.728448275862069 0.008298755186721992 0.01293103448275862
10 0.10062240663900415 0.6782327586206897 0.01037344398340249 0.01853448275862069
10 0.0987551867219917 0.6601293103448276 0.00995850622406639 0.01853448275862069
10 0.0975103734439834 0.6392241379310345 0.009128630705394191 0.016379310344827584
10 0.12199170124481327 0.5752155172413793 0.009128630705394191 0.016810344827586206
10 0.13257261410788382 0.571551724137931 0.00954356846473029 0.016379310344827584
10 0.1421161825726141 0.569396551724138 0.01037344398340249 0.017241379310344827
10 0.15103734439834024 0.5683189655172414 0.008298755186721992 0.014224137931034483
10 0.1699170124481328 0.5644396551724138 0.008713692946058092 0.016810344827586206
10 0.18112033195020746 0.561853448275862 0.007883817427385892 0.015086206896551723
10 0.19107883817427385 0.5603448275862069 0.00954356846473029 0.017241379310344827
10 0.20580912863070538 0.559698275862069 0.010788381742738589 0.015086206896551723
9 0.12406639004149378 0.4566810344827586 0.018257261410788383 0.07284482758620689
