0 0.3544852191641183 0.5149700598802396 0.05351681957186545 0.06448641179180102
0 0.49235474006116214 0.7164900967296177 0.05402650356778797 0.06218332565637955
0 0.3053007135575943 0.9168585905112852 0.05300713557594292 0.05941962229387379
0 0.37257900101936803 0.9147858129894059 0.05300713557594292 0.0589590050667895
0 0.5020387359836902 0.9138645785352373 0.051987767584097865 0.059880239520958084
0 0.2996941896024465 0.724781206817135 0.059123343527013254 0.06955320128972824
0 0.36620795107033643 0.7224781206817135 0.0545361875637105 0.06494702901888531
0 0.42787971457696233 0.7181022570244128 0.05249745158002039 0.06356517733763242
0 0.5575942915392457 0.7144173192077384 0.05300713557594292 0.06172270842929526
0 0.549184505606524 0.509442653155228 0.05249745158002039 0.06817134960847536
0 0.5400101936799185 0.09765085214187011 0.05045871559633028 0.0589590050667895
0 0.6720183486238532 0.09373560571165362 0.045361875637105 0.05849838783970521
0 0.6077981651376148 0.31229847996315063 0.03822629969418961 0.04329801934592354
0 0.4146279306829766 0.3210502072777522 0.0545361875637105 0.06632888070013819
0 0.739296636085627 0.5043758636573008 0.05963302752293578 0.0654076462459696
0 0.6131498470948012 0.5096729617687702 0.051987767584097865 0.06310456011054813
0 0.5430682976554536 0.31529249193919856 0.06269113149847096 0.0713956701980654
