0 0.7655000000000001 0.592 0.012 0.011
0 0.259375 0.578375 0.00925 0.01175
2 0.694875 0.69525 0.00275 0.0035
2 0.6985 0.6955 0.003 0.004
2 0.6970000000000001 0.704375 0.005 0.00625
2 0.71725 0.68075 0.003 0.0035
2 0.717 0.6863750000000001 0.003 0.0032500000000000003
2 0.7185 0.69525 0.0035 0.0035
0 0.137875 0.563625 0.00775 0.00975
0 0.1925 0.569625 0.0075 0.00875
0 0.20525000000000002 0.5695 0.0145 0.016
0 0.2215 0.5715 0.015 0.0175
0 0.240625 0.522375 0.01375 0.01925
0 0.22325 0.507125 0.0085 0.00925
0 0.28500000000000003 0.580375 0.0085 0.010750000000000001
0 0.660875 0.397 0.02125 0.024
0 0.30125 0.583125 0.0085 0.01175
0 0.299875 0.53825 0.01175 0.0135
0 0.3395 0.5886250000000001 0.009000000000000001 0.00975
0 0.35175 0.5906250000000001 0.009000000000000001 0.01125
0 0.391125 0.583875 0.00925 0.010750000000000001
0 0.392125 0.608625 0.01325 0.01725
0 0.44625000000000004 0.6178750000000001 0.0085 0.010750000000000001
0 0.424 0.590875 0.0085 0.01025
0 0.47225 0.603375 0.013000000000000001 0.01375
0 0.49925 0.628125 0.0175 0.01975
0 0.52375 0.641625 0.0095 0.01025
0 0.5241250000000001 0.6228750000000001 0.00975 0.01125
2 0.697125 0.68925 0.00575 0.008
