3 0.5809201307800093 0.844442207007652 0.011910322279308733 0.013491743858236005
3 0.8660672582905184 0.4256947241240435 0.012844465203176085 0.01329037454691905
8 0.09072863148061652 0.6204188481675393 0.014245679588977113 0.009262988320579944
3 0.07227930873423634 0.8575312122432541 0.008640822045773003 0.009061619009262988
6 0.5193834656702475 0.9744260974627467 0.027557216254086876 0.03987112364075715
3 0.593647828117702 0.9729158276278695 0.008407286314806165 0.011478050745066453
3 0.721858944418496 0.23942811115585985 0.01120971508640822 0.009665726943213854
3 0.7515179822512844 0.007954087797019735 0.01214385801027557 0.009464357631896899
3 0.8309201307800093 0.10018123238018527 0.009341429238673517 0.009464357631896899
6 0.8581270434376459 0.10521546516310915 0.03292853806632415 0.01792186870720902
6 0.9337926202709014 0.416733789770439 0.03246146660439047 0.021546516310914216
2 0.18017281644091546 0.4513693113169553 0.018916394208313873 0.019130084575110753
2 0.17596917328351236 0.47180829641562627 0.018916394208313873 0.018928715263793798
3 0.5996029892573563 0.8375956504228755 0.011443250817375059 0.01067257349979863
3 0.6115133115366651 0.9816753926701571 0.008640822045773003 0.010873942811115587
3 0.5642223260158804 0.9871123640757149 0.00887435777673984 0.012082158679017319
6 0.7371555347968238 0.015606121627064037 0.02685660906118636 0.02960128876359243
3 0.7043437645959831 0.04993958920660491 0.009808500700607192 0.009262988320579944
3 0.727697337692667 0.2086186065243657 0.01214385801027557 0.014901329037454692
3 0.939514245679589 0.7288562223117198 0.00887435777673984 0.009464357631896899
3 0.9569126576366184 0.7238219895287958 0.00910789350770668 0.009061619009262988
2 0.2531527323680523 0.35793395086588803 0.008407286314806165 0.008256141763995167
