3 0.74075 0.11925000000000001 0.009000000000000001 0.0125
13 0.7378750000000001 0.14775 0.03075 0.0475
3 0.09775 0.4885 0.013000000000000001 0.014
3 0.077375 0.10362500000000001 0.010750000000000001 0.01225
3 0.06725 0.10775 0.0095 0.012
3 0.091125 0.09925 0.01025 0.0125
3 0.76875 0.108625 0.0085 0.01125
13 0.6845 0.10725 0.028 0.033
3 0.6345000000000001 0.34500000000000003 0.013000000000000001 0.0135
6 0.60975 0.322 0.029500000000000002 0.0385
3 0.0855 0.52475 0.0115 0.013000000000000001
3 0.033875 0.120125 0.00975 0.01025
