10 0.6156716417910447 0.28633217993079585 0.06343283582089553 0.01903114186851211
10 0.1128731343283582 0.3304498269896194 0.08022388059701492 0.039792387543252594
9 0.8069029850746269 0.36461937716262977 0.24813432835820895 0.03892733564013841
9 0.7658582089552238 0.45674740484429066 0.2555970149253731 0.03806228373702422
9 0.7667910447761194 0.5246539792387543 0.26492537313432835 0.04065743944636678
9 0.7425373134328358 0.639273356401384 0.2574626865671642 0.03460207612456748
9 0.7052238805970149 0.7309688581314879 0.26865671641791045 0.03633217993079585
9 0.6977611940298507 0.754757785467128 0.2574626865671642 0.03546712802768166
9 0.664179104477612 0.8001730103806228 0.26119402985074625 0.03633217993079585
9 0.6632462686567164 0.8477508650519031 0.2667910447761194 0.03806228373702422
9 0.2210820895522388 0.8183391003460208 0.24067164179104478 0.03460207612456748
9 0.23134328358208955 0.7932525951557093 0.23880597014925373 0.03460207612456748
