10 0.13890963405526513 0.9723782771535581 0.026885735623599704 0.019662921348314606
10 0.14077669902912623 0.9321161048689138 0.02912621359223301 0.019662921348314606
10 0.03136669156086632 0.20131086142322097 0.013442867811799852 0.03745318352059925
10 0.04891710231516057 0.20833333333333334 0.01568334578043316 0.040262172284644196
10 0.06684092606422704 0.20973782771535582 0.014189693801344288 0.03932584269662921
10 0.02949962658700523 0.12125468164794008 0.01568334578043316 0.03651685393258427
10 0.04929051530993279 0.12265917602996255 0.014936519790888725 0.03745318352059925
10 0.06833457804331591 0.12219101123595506 0.014189693801344288 0.03651685393258427
9 0.2886482449589246 0.5814606741573034 0.02613890963405527 0.15543071161048688
9 0.34951456310679613 0.5730337078651685 0.02389843166542196 0.149812734082397
9 0.4103808812546677 0.5669475655430711 0.023151605675877523 0.15262172284644196
9 0.412621359223301 0.38764044943820225 0.021657953696788648 0.0655430711610487
9 0.4316654219566841 0.3871722846441948 0.01941747572815534 0.05898876404494382
9 0.4697535474234504 0.3862359550561798 0.022404779686333087 0.07397003745318352
9 0.4936519790888723 0.3796816479400749 0.026885735623599704 0.08146067415730338
9 0.5597460791635549 0.375936329588015 0.02613890963405527 0.06835205992509363
9 0.5182972367438388 0.37734082397003743 0.026885735623599704 0.0749063670411985
9 0.5967139656460045 0.4152621722846442 0.0597460791635549 0.038389513108614236
9 0.5332337565347275 0.5735018726591761 0.02539208364451083 0.10393258426966293
9 0.5571321882001494 0.5955056179775281 0.020911127707244213 0.09363295880149813
9 0.582150858849888 0.5969101123595506 0.024645257654966394 0.0945692883895131
9 0.6049290515309933 0.6048689138576779 0.02539208364451083 0.07677902621722847
9 0.6247199402539209 0.5931647940074907 0.02912621359223301 0.08707865168539326
9 0.6456310679611651 0.5823970037453183 0.03360716952949963 0.09363295880149813
9 0.7408513816280807 0.5575842696629214 0.02987303958177745 0.08146067415730338
10 0.014936519790888725 0.20692883895131087 0.014936519790888725 0.0449438202247191
10 0.046303211351755046 0.25280898876404495 0.014936519790888725 0.03932584269662921
10 0.014936519790888725 0.24765917602996254 0.013442867811799852 0.038389513108614236
10 0.7154592979835699 0.6320224719101124 0.035847647498132934 0.028089887640449437
10 0.05825242718446602 0.9119850187265918 0.016430171769977596 0.03932584269662921
10 0.7539208364451083 0.6221910112359551 0.03211351755041076 0.025280898876404494
9 0.7490664675130695 0.39794007490636707 0.028379387602688575 0.08426966292134831
9 0.8005974607916356 0.5145131086142322 0.028379387602688575 0.07397003745318352
10 0.1239731142643764 0.29260299625468167 0.026885735623599704 0.019662921348314606
10 0.3319641523525019 0.18632958801498128 0.03211351755041076 0.018726591760299626
10 0.010455563853622106 0.08239700374531836 0.017923823749066467 0.04307116104868914
10 0.15832710978342046 0.274812734082397 0.03286034353995519 0.019662921348314606
10 0.048543689320388356 0.7453183520599251 0.013442867811799852 0.03558052434456929
10 0.21135175504107545 0.5299625468164794 0.03136669156086632 0.02059925093632959
10 0.06646751306945482 0.6207865168539326 0.014936519790888725 0.04119850187265918
10 0.21545929798356983 0.5800561797752809 0.02912621359223301 0.02153558052434457
10 0.13256161314413742 0.5589887640449438 0.03211351755041076 0.02059925093632959
10 0.02987303958177745 0.3450374531835206 0.016430171769977596 0.03464419475655431
10 0.04966392830470501 0.34597378277153557 0.01568334578043316 0.042134831460674156
10 0.13144137415982077 0.25187265917602997 0.026885735623599704 0.016853932584269662
10 0.16019417475728157 0.29260299625468167 0.0351008215085885 0.019662921348314606
