9 0.4374006990784875 0.6907953529937444 0.02001906577693041 0.0077450104259755735
9 0.6136002542103591 0.2033065236818588 0.02732761360025421 0.01519213583556747
10 0.6174134095964411 0.03053321417932678 0.008261836669844296 0.011021745606196008
10 0.6644423260247856 0.15743223115877272 0.007626310772163966 0.012213285671730712
10 0.6606291706387036 0.16904974679773607 0.008897362567524627 0.011021745606196008
10 0.6143946615824596 0.03783139708072684 0.009850651414045123 0.012511170688114387
10 0.6101048617731173 0.04989574024426571 0.007626310772163966 0.01161751563896336
9 0.2715284397839212 0.3434614238903783 0.020654591674610742 0.014298480786416443
9 0.26644423260247857 0.3494191242180518 0.021290117572291073 0.013106940720881739
9 0.30139815697489675 0.44295501936252607 0.014299332697807437 0.017873100983020553
9 0.2645376549094376 0.463211200476616 0.014299332697807437 0.018468871015787907
9 0.28312678741658726 0.5052129877867143 0.014617095646647602 0.017277330950253203
9 0.26930409914204007 0.49955317247542447 0.014934858595487767 0.019660411081322608
9 0.2621544327931363 0.4967232648197796 0.014617095646647602 0.01876675603217158
9 0.2542103590721322 0.4940422996723265 0.015252621544327933 0.019362526064938934
9 0.22958373053701941 0.5348525469168901 0.036542739116619004 0.02174560619600834
9 0.24165872259294569 0.5516830503425677 0.01938353987925008 0.012511170688114387
9 0.23975214489990468 0.559725945784927 0.01874801398156975 0.012511170688114387
9 0.23546234509056246 0.5674709562109026 0.019701302828090246 0.014894250819183795
10 0.30314585319351767 0.3375037235627048 0.012710517953606611 0.011915400655347037
10 0.3106132824912615 0.3395889186773905 0.012392755004766446 0.011319630622579685
9 0.28026692087702576 0.3257372654155496 0.017794725135049254 0.015787905868334822
9 0.2856688910073086 0.32871611557938635 0.017794725135049254 0.015787905868334822
9 0.6027963139497935 0.06255585344057193 0.01143946615824595 0.015490020851951147
9 0.6043851286939943 0.23294608281203455 0.019701302828090246 0.013106940720881739
10 0.47712106768350815 0.371313672922252 0.012392755004766446 0.011021745606196008
9 0.6151890689545599 0.24754244861483468 0.017159199237368923 0.011915400655347037
10 0.546234509056244 0.25960679177837354 0.008261836669844296 0.010425975573428656
10 0.6174134095964411 0.030682156687518617 0.008261836669844296 0.010723860589812333
10 0.6101048617731173 0.05004468275245755 0.0069907848744836356 0.010723860589812333
10 0.6143946615824596 0.03827822460530235 0.009215125516364792 0.012213285671730712
10 0.33253892596123297 0.28835269585939827 0.009850651414045123 0.011915400655347037
10 0.30791229742612014 0.26109621686029194 0.012710517953606611 0.009234435507893953
10 0.31156657133778204 0.24635090854929997 0.011757229107086115 0.0077450104259755735
10 0.3355576739752145 0.24784033363121835 0.01334604385128694 0.009532320524277629
10 0.32618366698442963 0.28507596067917784 0.009215125516364792 0.011319630622579685
10 0.3484270734032412 0.26318141197497763 0.015570384493168098 0.016979445933869526
10 0.3477915475055609 0.2532022639261245 0.008579599618684462 0.01012809055704498
10 0.33333333333333337 0.26005361930294907 0.010168414362885288 0.012511170688114387
10 0.3090244677470607 0.2546916890080429 0.012392755004766446 0.008936550491510277
10 0.31982840800762635 0.28254393803991656 0.008579599618684462 0.011021745606196008
10 0.313473149030823 0.2798629728924635 0.010486177311725454 0.014000595770032768
9 0.6240864315220845 0.29699136133452486 0.019065776930409915 0.011915400655347037
9 0.6263107721639657 0.2880548108430146 0.019065776930409915 0.012511170688114387
9 0.6301239275500478 0.27926720285969614 0.018430251032729585 0.01161751563896336
9 0.6110581506196378 0.2734584450402145 0.020972354623450908 0.013702710753649091
9 0.6177311725452813 0.2661602621388144 0.020336828725770577 0.012809055704498064
9 0.6112170320940579 0.25513851653261843 0.01811248808388942 0.012809055704498064
10 0.2988560533841754 0.382335418528448 0.014299332697807437 0.008638665475126601
9 0.20988242770892915 0.5691093238010128 0.01874801398156975 0.01161751563896336
9 0.38290435335239914 0.2846291331546023 0.019701302828090246 0.02829907655644921
9 0.3713060057197331 0.30726839439976167 0.01938353987925008 0.023532916294310396
10 0.5641881156657135 0.45933869526362825 0.00667302192564347 0.011915400655347037
10 0.5622815379726724 0.47155198093535894 0.007308547823323801 0.012511170688114387
10 0.5680012710517954 0.4368483765266607 0.00794407372100413 0.013404825737265416
10 0.5950111217032095 0.4399761691986893 0.00794407372100413 0.013106940720881739
10 0.5238322211630124 0.41778373547810543 0.007308547823323801 0.012213285671730712
10 0.5368605020654592 0.4188263330354483 0.007308547823323801 0.012511170688114387
10 0.5440101684143629 0.41942210306821565 0.0069907848744836356 0.011319630622579685
10 0.5838894184938037 0.4267202859696157 0.00794407372100413 0.012809055704498064
10 0.5544963457260884 0.43267798629728926 0.0069907848744836356 0.01161751563896336
10 0.5815061963775024 0.43967828418230565 0.0069907848744836356 0.012511170688114387
10 0.588496981251986 0.4399761691986893 0.006355258976803306 0.013106940720881739
10 0.5911979663171275 0.42612451593684836 0.00794407372100413 0.012809055704498064
10 0.4532888465204957 0.3838248436103664 0.014299332697807437 0.0074471254095918975
10 0.4407372100413092 0.3728030980041704 0.01334604385128694 0.008638665475126601
10 0.4389895138226883 0.36133452487339884 0.009850651414045123 0.011915400655347037
10 0.39482046393390535 0.3001191540065535 0.009850651414045123 0.013404825737265416
10 0.37766126469653644 0.33973786118558236 0.009215125516364792 0.01161751563896336
10 0.4100730854782333 0.3513553768245457 0.013663806800127106 0.00506404527852249
10 0.4197648554178583 0.3567173071194519 0.013981569748967271 0.0074471254095918975
10 0.43136320305052434 0.34569556151325587 0.012392755004766446 0.0074471254095918975
10 0.46202732761360027 0.366696455168305 0.01143946615824595 0.01012809055704498
10 0.5710200190657769 0.46127494787012213 0.007626310772163966 0.012213285671730712
10 0.5843660629170639 0.4633601429848079 0.006355258976803306 0.012213285671730712
10 0.5489354941213855 0.47050938337801607 0.00794407372100413 0.012213285671730712
10 0.3215761042262473 0.49880845993446526 0.01207499205592628 0.0062555853440571935
9 0.3630441690498888 0.3042895442359249 0.01811248808388942 0.02532022639261245
9 0.3724181760406737 0.5573428656538576 0.0069907848744836356 0.0160857908847185
9 0.38083889418493805 0.5564492106047065 0.008579599618684462 0.018468871015787907
9 0.4855417858277725 0.5513851653261841 0.019065776930409915 0.0077450104259755735
9 0.47918652685096924 0.35939827226690496 0.020972354623450908 0.01161751563896336
9 0.6201143946615825 0.3112898421209413 0.011757229107086115 0.017873100983020553
9 0.5918334922148079 0.30116175156389635 0.013663806800127106 0.01668156091748585
10 0.3651096282173499 0.5582365207030087 0.006355258976803306 0.013106940720881739
10 0.3280902446774706 0.46887101578790585 0.011121703209405785 0.005957700327673518
10 0.5241499841118527 0.4557640750670241 0.00667302192564347 0.011319630622579685
10 0.3284080076263108 0.4626154304438487 0.012392755004766446 0.0071492403932082215
10 0.34064188115665717 0.484361036639857 0.005719733079122975 0.011319630622579685
10 0.376866857324436 0.38769734882335416 0.007626310772163966 0.012809055704498064
10 0.38369876072449954 0.3245457253500149 0.008579599618684462 0.012213285671730712
10 0.3892596123292024 0.31173666964551683 0.008261836669844296 0.01161751563896336
10 0.40006355258976806 0.2873100983020554 0.008897362567524627 0.011021745606196008
10 0.332697807435653 0.28850163836759013 0.010168414362885288 0.013404825737265416
10 0.436447410231967 0.560619600834078 0.00667302192564347 0.012511170688114387
10 0.5106450587861455 0.45501936252606495 0.007626310772163966 0.012809055704498064
10 0.5340006355258977 0.23607387548406314 0.014299332697807437 0.009830205540661304
10 0.5382904353352399 0.2299672326481978 0.01143946615824595 0.008340780458742925
10 0.5408325389259613 0.22475424486148346 0.012710517953606611 0.00804289544235925
10 0.5163647918652685 0.04215072981829014 0.008897362567524627 0.01161751563896336
9 0.5131871623768669 0.2193923145665773 0.018430251032729585 0.025915996425379804
9 0.5643469971401335 0.2649687220732797 0.014617095646647602 0.01817098599940423
9 0.5549729901493486 0.2613941018766756 0.014934858595487767 0.01817098599940423
9 0.5157292659675882 0.23756330056598152 0.014617095646647602 0.017575215966636876
9 0.5409914204003814 0.17947572237116471 0.01938353987925008 0.025915996425379804
9 0.5119161105815062 0.1526660708966339 0.020972354623450908 0.014000595770032768
9 0.49539243724181764 0.19988084599344652 0.019701302828090246 0.013702710753649091
9 0.48776612646965367 0.23249925528745904 0.016523673339688592 0.016979445933869526
9 0.4418493803622498 0.2566279416145368 0.009850651414045123 0.012213285671730712
10 0.4528122020972355 0.016383675901102176 0.014617095646647602 0.01012809055704498
10 0.4702891642834446 0.02263926124515937 0.01334604385128694 0.008936550491510277
9 0.3746425166825548 0.279416145367888 0.018430251032729585 0.028596961572832886
9 0.3659040355894503 0.2779267202859696 0.01747696218620909 0.027405421507298182
10 0.30711789005401974 0.2667560321715818 0.015570384493168098 0.010425975573428656
9 0.3098188751191611 0.10232350312779268 0.02732761360025421 0.016979445933869526
9 0.2662853511280585 0.2131367292225201 0.02414998411185256 0.015787905868334822
9 0.28916428344455036 0.22341376228775692 0.02669208770257388 0.0160857908847185
9 0.31680965999364474 0.23458445040214476 0.025421035907213223 0.017575215966636876
10 0.2715284397839212 0.12123920166815609 0.010486177311725454 0.013702710753649091
10 0.29488401652367335 0.27420315758117364 0.01080394026056562 0.014000595770032768
10 0.30314585319351767 0.279416145367888 0.01080394026056562 0.013106940720881739
10 0.31966952653320624 0.28239499553172476 0.008897362567524627 0.011915400655347037
10 0.3091833492214808 0.25454274649985104 0.012710517953606611 0.009830205540661304
10 0.30791229742612014 0.26035150431933274 0.01334604385128694 0.009532320524277629
9 0.357642198919606 0.2746499851057492 0.01874801398156975 0.02978850163836759
10 0.31156657133778204 0.24620196604110814 0.013028280902446775 0.00804289544235925
10 0.31363203050524313 0.28001191540065534 0.010168414362885288 0.013702710753649091
9 0.3047346679377185 0.035746201966041107 0.024785510009532892 0.04408698242478403
9 0.36447410231966954 0.11126005361930294 0.025421035907213223 0.01519213583556747
9 0.4189704480457579 0.10619600834078045 0.016205910390848427 0.0247244563598451
9 0.41039084842707346 0.10545129579982127 0.012392755004766446 0.018468871015787907
9 0.33651096282173504 0.13762287756925826 0.017159199237368923 0.023830801310694073
10 0.484588496981252 0.02695859398272267 0.014617095646647602 0.009234435507893953
10 0.4936447410231967 0.07387548406315163 0.009215125516364792 0.011915400655347037
10 0.5454401016841437 0.21015787905868336 0.013663806800127106 0.009234435507893953
10 0.4863361931998729 0.0914507000297885 0.011121703209405785 0.014298480786416443
10 0.39847473784556725 0.16294310396187073 0.017794725135049254 0.01012809055704498
10 0.39466158245948524 0.16860291927316057 0.017159199237368923 0.01012809055704498
10 0.39227836034318403 0.1747095621090259 0.01747696218620909 0.009830205540661304
10 0.469176993962504 0.16785820673220136 0.008579599618684462 0.011021745606196008
10 0.4645694312043216 0.17813523979743817 0.008897362567524627 0.011319630622579685
10 0.4590085795996187 0.19124218051831993 0.00794407372100413 0.010723860589812333
10 0.4528122020972355 0.2037533512064343 0.008897362567524627 0.011319630622579685
10 0.46520495710200194 0.20732797140303844 0.009532888465204958 0.011915400655347037
10 0.4464569431204322 0.21864760202561812 0.010168414362885288 0.013702710753649091
10 0.4329520177947252 0.24858504617217753 0.009850651414045123 0.013404825737265416
10 0.40006355258976806 0.2871611557938636 0.008897362567524627 0.011319630622579685
10 0.4810931045440102 0.17083705689603812 0.009532888465204958 0.01161751563896336
10 0.5128693994280268 0.16428358653559724 0.013981569748967271 0.008638665475126601
10 0.5598983158563712 0.1766458147155198 0.01334604385128694 0.009532320524277629
10 0.5425802351445822 0.21566875186178136 0.013028280902446775 0.009532320524277629
10 0.4984111852557992 0.18960381292820971 0.012392755004766446 0.00804289544235925
10 0.5571973307912298 0.182901400059577 0.011757229107086115 0.0077450104259755735
10 0.5548141086749285 0.18915698540363418 0.013981569748967271 0.0071492403932082215
10 0.551954242135367 0.19615728328865056 0.014617095646647602 0.008638665475126601
10 0.5487766126469654 0.2013702710753649 0.014617095646647602 0.008936550491510277
10 0.5552907530981888 0.215072981829014 0.011757229107086115 0.013702710753649091
10 0.40117572291070863 0.1569854036341972 0.016841436288528758 0.010723860589812333
10 0.40673657451541156 0.15162347333929102 0.019701302828090246 0.011319630622579685
10 0.39196059739434386 0.1464104855525767 0.011757229107086115 0.00804289544235925
10 0.5427391166190023 0.10217456061960083 0.007626310772163966 0.010723860589812333
10 0.4944391483952971 0.09398272266904975 0.008897362567524627 0.010425975573428656
10 0.5225611693676517 0.09368483765266607 0.009850651414045123 0.012213285671730712
10 0.5181124880838894 0.11989871909442955 0.009850651414045123 0.01161751563896336
10 0.5263743247537338 0.12094131665177241 0.008579599618684462 0.010723860589812333
10 0.5340006355258977 0.1248138218647602 0.008579599618684462 0.011915400655347037
10 0.5551318716237688 0.134197199880846 0.008261836669844296 0.010425975573428656
10 0.4389895138226883 0.009979148048853142 0.013663806800127106 0.009234435507893953
10 0.42484906259930094 0.00506404527852249 0.01334604385128694 0.009532320524277629
10 0.4035589450270099 0.01519213583556747 0.013981569748967271 0.009532320524277629
10 0.5354305687956785 0.09830205540661305 0.008261836669844296 0.009532320524277629
10 0.3798856053384176 0.16279416145367887 0.013663806800127106 0.008638665475126601
10 0.5848427073403242 0.12749478701221328 0.010486177311725454 0.0077450104259755735
10 0.44407372100413095 0.10962168602919273 0.011757229107086115 0.0160857908847185
10 0.4366062917063871 0.10843014596365802 0.01143946615824595 0.0160857908847185
10 0.39466158245948524 0.13449508489722967 0.01207499205592628 0.008638665475126601
10 0.40848427073403243 0.14000595770032767 0.016841436288528758 0.010723860589812333
10 0.4091197966317128 0.13285671730711945 0.01811248808388942 0.011915400655347037
10 0.32697807435653004 0.11438784629133154 0.008897362567524627 0.011319630622579685
10 0.3619319987289482 0.11900506404527852 0.017159199237368923 0.011021745606196008
10 0.3721004130918335 0.13315460232350312 0.008897362567524627 0.011915400655347037
10 0.46981251986018435 0.3684837652666071 0.011121703209405785 0.01012809055704498
10 0.49825230378137914 0.3650580875781948 0.015252621544327933 0.009234435507893953
10 0.9780743565300287 0.9842120941316651 0.017794725135049254 0.011915400655347037
9 0.9065776930409915 0.8215668751861781 0.02160788052113124 0.02978850163836759
9 0.9140451223387354 0.8395889186773905 0.021925643469971404 0.015787905868334822
9 0.9640927867810614 0.8617813523979744 0.034318398474737846 0.019660411081322608
9 0.9569431204321577 0.8458445040214477 0.03527168732125834 0.020554066130473638
9 0.9615506831903401 0.8361632409889782 0.020972354623450908 0.013702710753649091
9 0.9572608833809979 0.8293118856121537 0.022561169367651734 0.014894250819183795
9 0.9388306323482682 0.8038427167113494 0.02001906577693041 0.030086386654751267
9 0.9308865586272641 0.8077152219243372 0.020654591674610742 0.030086386654751267
9 0.9154750556085162 0.8175454274649985 0.02224340641881157 0.03127792672028597
9 0.9694947569113442 0.8503127792672028 0.01588814744200826 0.010425975573428656
9 0.9548776612646966 0.8558236520703009 0.016523673339688592 0.011319630622579685
10 0.12345090562440421 0.8687816502829907 0.010486177311725454 0.012809055704498064
10 0.1298061646012075 0.8720583854632111 0.011121703209405785 0.013404825737265416
10 0.12329202414998412 0.899761691986893 0.01334604385128694 0.016979445933869526
10 0.10533841754051479 0.90437890974084 0.011121703209405785 0.013106940720881739
10 0.10803940260565618 0.9311885612153709 0.008897362567524627 0.01012809055704498
10 0.09024467747060694 0.9369973190348525 0.009532888465204958 0.012213285671730712
10 0.09612329202414999 0.9408698242478403 0.010486177311725454 0.013404825737265416
10 0.10788052113123611 0.9463806970509383 0.008579599618684462 0.012511170688114387
10 0.1520495710200191 0.9504021447721179 0.009215125516364792 0.011021745606196008
9 0.8987925007944074 0.8258862079237415 0.020654591674610742 0.02770330652368186
10 0.48522402287893235 0.3735478105451296 0.01207499205592628 0.010723860589812333
9 0.7319669526533207 0.7834375930890676 0.02955195424213537 0.014894250819183795
9 0.663489037178265 0.7394995531724754 0.029869717190975534 0.01519213583556747
9 0.6607880521131236 0.7469466785820673 0.02955195424213537 0.015787905868334822
9 0.6582459485224024 0.7543938039916592 0.02891642834445504 0.015787905868334822
9 0.6552272005084208 0.7607983318439082 0.029869717190975534 0.015490020851951147
9 0.6533206228153797 0.7688412272862675 0.029234191293295204 0.015490020851951147
9 0.649984111852558 0.7764372952040512 0.028280902446774708 0.01519213583556747
9 0.6447410231966954 0.7914804885314268 0.029234191293295204 0.015490020851951147
9 0.642198919605974 0.7992254989574025 0.029869717190975534 0.014894250819183795
9 0.6393390530664125 0.8062257968424188 0.029869717190975534 0.01519213583556747
9 0.7297426120114395 0.7170092344355079 0.020654591674610742 0.011319630622579685
9 0.7230695900857961 0.723264819779565 0.02891642834445504 0.014298480786416443
9 0.7173498570066731 0.7301161751563896 0.01938353987925008 0.012511170688114387
9 0.7179853829043534 0.7383080131069407 0.0301874801398157 0.014000595770032768
9 0.7162376866857325 0.7460530235329162 0.027963139497934542 0.014596365802800118
9 0.7103590721321894 0.7597557342865654 0.01938353987925008 0.01161751563896336
9 0.703686050206546 0.7728626750074471 0.028280902446774708 0.015787905868334822
9 0.7028916428344456 0.7829907655644921 0.029869717190975534 0.014000595770032768
9 0.7008261836669845 0.790437890974084 0.02955195424213537 0.014000595770032768
9 0.7430886558627264 0.7530533214179327 0.02955195424213537 0.013106940720881739
9 0.7370511598347633 0.7677986297289247 0.022561169367651734 0.012213285671730712
9 0.7345090562440421 0.7759904676794757 0.0301874801398157 0.014894250819183795
10 0.06720686367969496 0.985254691689008 0.009850651414045123 0.012809055704498064
10 0.07260883380997776 0.9721477509681263 0.009850651414045123 0.013404825737265416
10 0.0795996186844614 0.975126601131963 0.009215125516364792 0.01161751563896336
10 0.1838258659040356 0.9533809949359547 0.013663806800127106 0.009830205540661304
10 0.8431839847473785 0.9495084897229669 0.013028280902446775 0.009830205540661304
10 0.8458849698125199 0.9164432529043789 0.010168414362885288 0.01161751563896336
10 0.8563711471242453 0.9116770926422401 0.009532888465204958 0.012809055704498064
10 0.8447727994915794 0.8945487042001787 0.013663806800127106 0.008936550491510277
10 0.8647918652685097 0.9086982424784034 0.010486177311725454 0.01161751563896336
10 0.8732125834127742 0.9042299672326481 0.009532888465204958 0.012809055704498064
10 0.9014934858595488 0.9002085195114685 0.012710517953606611 0.008340780458742925
10 0.892119478868764 0.89708072683944 0.01747696218620909 0.011021745606196008
10 0.94216714331109 0.8714626154304438 0.01588814744200826 0.005659815311289842
9 0.9694947569113442 0.8509085492999702 0.01588814744200826 0.011021745606196008
9 0.9547187797902765 0.8564194221030682 0.016841436288528758 0.011319630622579685
10 0.9426437877343502 0.8632707774798928 0.011757229107086115 0.0077450104259755735
10 0.9540832538925962 0.8781650282990765 0.012392755004766446 0.005957700327673518
10 0.9369240546552273 0.8798033958891868 0.011757229107086115 0.005659815311289842
10 0.9451858913250716 0.9247840333631218 0.011121703209405785 0.0074471254095918975
10 0.976803304734668 0.9136133452487339 0.014617095646647602 0.010723860589812333
10 0.955513187162377 0.9419124218051832 0.017794725135049254 0.012511170688114387
10 0.9682237051159835 0.9688710157879058 0.01334604385128694 0.008638665475126601
10 0.9731490308230061 0.9784033363121835 0.015570384493168098 0.009830205540661304
10 0.8388941849380362 0.9407208817396485 0.01334604385128694 0.009532320524277629
10 0.8368287257705752 0.9316353887399463 0.014299332697807437 0.009830205540661304
9 0.7427708929138863 0.9179326779862973 0.013663806800127106 0.01876675603217158
10 0.32793136320305055 0.9361036639857016 0.005719733079122975 0.011021745606196008
10 0.2005084207181443 0.946678582067322 0.012710517953606611 0.008340780458742925
10 0.21512551636479188 0.9414655942806077 0.01334604385128694 0.008638665475126601
10 0.22799491579281858 0.9389335716413464 0.011757229107086115 0.0071492403932082215
10 0.24277089291388626 0.9353589514447423 0.01207499205592628 0.0065534703604408695
10 0.2451541150301875 0.9932975871313673 0.00667302192564347 0.012809055704498064
10 0.2572291070861138 0.9928507596067918 0.00667302192564347 0.012511170688114387
10 0.26485541785827776 0.9921060470658326 0.00603749602796314 0.012213285671730712
10 0.2570702256116937 0.9325290437890974 0.01207499205592628 0.0074471254095918975
9 0.6177311725452813 0.9693178433124814 0.01207499205592628 0.01668156091748585
10 0.3280902446774706 0.9081024724456359 0.00603749602796314 0.01161751563896336
9 0.736415633937083 0.9210604706583259 0.015570384493168098 0.019660411081322608
10 0.33063234826819193 0.8628239499553172 0.00603749602796314 0.011021745606196008
10 0.3292024149984112 0.8756330056598153 0.005719733079122975 0.011021745606196008
10 0.32888465204957107 0.8938039916592195 0.005719733079122975 0.01161751563896336
10 0.32793136320305055 0.9238903783139708 0.006355258976803306 0.012213285671730712
10 0.6050206545916746 0.9891271969019958 0.016523673339688592 0.010425975573428656
9 0.7129011757229108 0.931039618707179 0.014934858595487767 0.019958296097706284
10 0.6118525579917382 0.9715519809353589 0.008579599618684462 0.012809055704498064
10 0.7222751827136956 0.9326779862972893 0.007626310772163966 0.010723860589812333
9 0.6657133778201463 0.7311587727137325 0.029869717190975534 0.014596365802800118
9 0.6685732443597077 0.7249031873696753 0.029234191293295204 0.01519213583556747
9 0.6709564664760089 0.716860291927316 0.02891642834445504 0.01519213583556747
10 0.5371782650142993 0.4581471551980935 0.00667302192564347 0.012511170688114387
10 0.5443279313632031 0.45874292523086085 0.006355258976803306 0.011915400655347037
10 0.5579917381633303 0.45933869526362825 0.0069907848744836356 0.011915400655347037
10 0.5835716555449635 0.4764670837056896 0.00794407372100413 0.01161751563896336
10 0.5697489672704164 0.47408400357462016 0.007626310772163966 0.012213285671730712
10 0.542262472195742 0.47125409591897527 0.007308547823323801 0.012511170688114387
10 0.5360660946933588 0.47050938337801607 0.006355258976803306 0.009234435507893953
10 0.528757546870035 0.4693178433124814 0.007626310772163966 0.011021745606196008
10 0.5217667619955514 0.46797736073875484 0.0069907848744836356 0.010723860589812333
10 0.5155703844931682 0.46723264819779564 0.00667302192564347 0.010425975573428656
10 0.5015888147442009 0.46574322311587724 0.00794407372100413 0.011021745606196008
10 0.33794089609151573 0.5122132856717307 0.00603749602796314 0.012213285671730712
10 0.3393708293612965 0.5002978850163836 0.005084207181442644 0.011021745606196008
10 0.3236415633937083 0.4934465296395591 0.013663806800127106 0.0074471254095918975
10 0.3245948522402288 0.4871909442955019 0.013028280902446775 0.00804289544235925
10 0.3430251032729584 0.47199880845993447 0.007308547823323801 0.013404825737265416
10 0.3260247855100096 0.474232946082812 0.01334604385128694 0.008340780458742925
10 0.37003495392437247 0.41331546023235033 0.007308547823323801 0.012809055704498064
10 0.37353034636161425 0.40125111706881145 0.00794407372100413 0.011319630622579685
10 0.31077216396568164 0.3394399761691987 0.012710517953606611 0.012213285671730712
10 0.3611375913568478 0.32097110515341076 0.013028280902446775 0.009830205540661304
10 0.5308230060374961 0.45710455764075064 0.00667302192564347 0.012213285671730712
10 0.5173180807117891 0.45546619005064043 0.0069907848744836356 0.011915400655347037
10 0.5039720368605021 0.45427464998510575 0.008261836669844296 0.011915400655347037
10 0.55767397521449 0.42106047065832586 0.0069907848744836356 0.011021745606196008
10 0.4936447410231967 0.375930890676199 0.013028280902446775 0.011319630622579685
10 0.5022243406418812 0.3780160857908847 0.012392755004766446 0.011319630622579685
10 0.5317762948840166 0.37384569556151326 0.016205910390848427 0.0077450104259755735
10 0.5298697171909755 0.3854632112004766 0.00794407372100413 0.012511170688114387
10 0.5433746425166825 0.38844206136431336 0.009532888465204958 0.013106940720881739
10 0.5705433746425167 0.39529341674113794 0.007308547823323801 0.011319630622579685
10 0.5776930409914205 0.41510277033065235 0.013981569748967271 0.0068513553768245455
10 0.530664124563076 0.4176347929699136 0.0069907848744836356 0.011915400655347037
10 0.5508420718144265 0.4215072981829014 0.00667302192564347 0.012511170688114387
10 0.5643469971401335 0.42329460828120347 0.008261836669844296 0.011915400655347037
10 0.5263743247537338 0.4408698242478403 0.011757229107086115 0.005361930294906166
10 0.5707022561169368 0.4241882633303545 0.007626310772163966 0.011915400655347037
10 0.5770575150937401 0.42523086088769735 0.007626310772163966 0.01161751563896336
10 0.574992055926279 0.4377420315758117 0.00794407372100413 0.012213285671730712
10 0.5616460120749921 0.4350610664283586 0.00603749602796314 0.009830205540661304
10 0.547982205274865 0.4334226988382484 0.00667302192564347 0.010723860589812333
10 0.5414680648236416 0.43267798629728926 0.0069907848744836356 0.012213285671730712
10 0.5352716873212584 0.43267798629728926 0.00603749602796314 0.011021745606196008
10 0.528598665395615 0.431039618707179 0.00603749602796314 0.011915400655347037
10 0.5217667619955514 0.43029490616621985 0.0069907848744836356 0.01161751563896336
10 0.4426437877343502 0.5604706583258862 0.005719733079122975 0.010425975573428656
9 0.6734985700667303 0.709562109025916 0.028280902446774708 0.014298480786416443
10 0.18128376231331428 0.8352695859398273 0.009215125516364792 0.013702710753649091
10 0.17190975532252942 0.8427167113494191 0.010168414362885288 0.014298480786416443
10 0.15300285986653958 0.8358653559725946 0.008579599618684462 0.011319630622579685
2 0.2890054019701303 0.8303544831694966 0.027645376549094377 0.020554066130473638
10 0.10454401016841437 0.802353291629431 0.012710517953606611 0.016383675901102176
9 0.4566253574833175 0.7372654155495978 0.025421035907213223 0.009532320524277629
10 0.3320622815379727 0.8486744116770927 0.005084207181442644 0.011319630622579685
10 0.33253892596123297 0.8351206434316354 0.00540197013028281 0.011021745606196008
10 0.3338099777565936 0.8227584152517128 0.00603749602796314 0.011319630622579685
10 0.32427708929138865 0.7176050044682752 0.00540197013028281 0.011319630622579685
10 0.3247537337146489 0.7059874888293118 0.005719733079122975 0.010723860589812333
10 0.32634254845884975 0.6906464104855525 0.005719733079122975 0.01161751563896336
10 0.32713695583095015 0.675603217158177 0.00603749602796314 0.009532320524277629
10 0.3284080076263108 0.6611557938635686 0.00603749602796314 0.012809055704498064
10 0.3292024149984112 0.6474530831099196 0.005719733079122975 0.009830205540661304
10 0.3320622815379727 0.6041108132260947 0.005719733079122975 0.012511170688114387
10 0.3309501112170321 0.6184092940125112 0.00540197013028281 0.011319630622579685
10 0.3304734667937719 0.634197199880846 0.005719733079122975 0.011915400655347037
9 0.41754051477597715 0.6899016979445933 0.017794725135049254 0.0077450104259755735
9 0.388465204957102 0.7438188859100388 0.028280902446774708 0.009532320524277629
9 0.6761995551318717 0.7013702710753649 0.029234191293295204 0.014596365802800118
10 0.20336828725770578 0.6616026213881442 0.009532888465204958 0.012511170688114387
10 0.19494756911344138 0.6602621388144176 0.009215125516364792 0.012809055704498064
9 0.18271369558309503 0.6891569854036342 0.012710517953606611 0.015787905868334822
9 0.20972354623450906 0.5692582663092046 0.018430251032729585 0.011319630622579685
9 0.20209723546234512 0.5904081024724456 0.019701302828090246 0.0077450104259755735
9 0.2195741976485542 0.5977062853738457 0.020336828725770577 0.008638665475126601
9 0.2716873212583413 0.6207923741435806 0.019701302828090246 0.014298480786416443
9 0.2759771210676835 0.6385165326184092 0.020654591674610742 0.014596365802800118
9 0.2599300921512552 0.7207327971403038 0.01334604385128694 0.019362526064938934
9 0.2554814108674929 0.7561811140899612 0.01334604385128694 0.01817098599940423
9 0.2434064188115666 0.7806076854334226 0.02160788052113124 0.028894846589216563
9 0.26120114394661587 0.6753053321417932 0.020336828725770577 0.02680965147453083
10 0.21830314585319355 0.6146857313077152 0.010168414362885288 0.011021745606196008
10 0.1895455989831586 0.6927316056002383 0.011121703209405785 0.013404825737265416
10 0.22577057515093743 0.6161751563896336 0.00794407372100413 0.010425975573428656
10 0.2332380044486813 0.6187071790288948 0.008261836669844296 0.010723860589812333
10 0.23927550047664445 0.6228775692582663 0.010168414362885288 0.011915400655347037
10 0.24531299650460758 0.6263032469466786 0.010168414362885288 0.013404825737265416
10 0.2524626628535113 0.6274947870122133 0.009850651414045123 0.013404825737265416
10 0.26151890689545604 0.6300268096514745 0.009532888465204958 0.011915400655347037
10 0.22005084207181444 0.6639857015192135 0.009215125516364792 0.011319630622579685
10 0.2322847156021608 0.6549002085195115 0.01143946615824595 0.015787905868334822
10 0.20511598347632667 0.699434018468871 0.010486177311725454 0.014298480786416443
