10 0.8741289198606271 0.9565217391304348 0.03397212543554007 0.02391304347826087
9 0.7639372822299652 0.2638586956521739 0.05749128919860627 0.01684782608695652
9 0.7134146341463414 0.4222826086956522 0.05749128919860627 0.017391304347826087
9 0.7190766550522648 0.41032608695652173 0.05836236933797909 0.017391304347826087
9 0.7243031358885017 0.3989130434782609 0.05836236933797909 0.01847826086956522
10 0.7334494773519163 0.37418478260869564 0.0313588850174216 0.0125
10 0.7116724738675958 0.30244565217391306 0.024390243902439025 0.024456521739130436
9 0.7486933797909407 0.3214673913043478 0.05662020905923345 0.017934782608695653
9 0.7526132404181185 0.3092391304347826 0.05749128919860627 0.017391304347826087
9 0.6994773519163763 0.29130434782608694 0.04355400696864112 0.034782608695652174
9 0.7560975609756098 0.2866847826086957 0.05749128919860627 0.017934782608695653
9 0.7604529616724739 0.27554347826086956 0.05749128919860627 0.01847826086956522
9 0.76698606271777 0.2529891304347826 0.05836236933797909 0.019021739130434784
10 0.9634146341463414 0.9500000000000001 0.027874564459930314 0.01956521739130435
9 0.7709059233449478 0.2418478260869565 0.05749128919860627 0.017391304347826087
9 0.7783101045296167 0.22010869565217392 0.05662020905923345 0.01847826086956522
9 0.7839721254355401 0.2095108695652174 0.05749128919860627 0.019021739130434784
9 0.6424216027874564 0.21875 0.040940766550522645 0.01576086956521739
10 0.24782229965156793 0.09157608695652174 0.032229965156794424 0.0125
10 0.12717770034843207 0.07527173913043478 0.036585365853658534 0.01358695652173913
10 0.02700348432055749 0.0641304347826087 0.04006968641114982 0.015217391304347827
10 0.10104529616724739 0.4271739130434783 0.036585365853658534 0.009782608695652175
10 0.16594076655052264 0.5407608695652174 0.018292682926829267 0.021739130434782608
10 0.14590592334494773 0.5372282608695652 0.02177700348432056 0.022282608695652174
10 0.686411149825784 0.4342391304347826 0.03484320557491289 0.014130434782608696
10 0.6763937282229965 0.4434782608695652 0.037456445993031356 0.014130434782608696
10 0.695993031358885 0.5081521739130435 0.03484320557491289 0.013043478260869566
10 0.5452961672473867 0.46657608695652175 0.04006968641114982 0.014673913043478261
10 0.5679442508710801 0.13342391304347825 0.04006968641114982 0.014673913043478261
9 0.5914634146341463 0.28505434782608696 0.050522648083623695 0.01576086956521739
10 0.6202090592334495 0.3125 0.03832752613240418 0.014130434782608696
10 0.6110627177700348 0.32309782608695653 0.039198606271777 0.014673913043478261
10 0.6054006968641115 0.33206521739130435 0.03832752613240418 0.014130434782608696
10 0.6032229965156795 0.341304347826087 0.03571428571428571 0.013043478260869566
10 0.5984320557491289 0.35543478260869565 0.03832752613240418 0.014130434782608696
10 0.0901567944250871 0.3834239130434783 0.02003484320557491 0.023369565217391305
10 0.07317073170731707 0.3785326086956522 0.01916376306620209 0.021195652173913043
10 0.057055749128919864 0.38369565217391305 0.02003484320557491 0.021739130434782608
10 0.0509581881533101 0.4271739130434783 0.02003484320557491 0.020652173913043477
10 0.09494773519163763 0.44619565217391305 0.03484320557491289 0.010869565217391304
10 0.09538327526132404 0.4578804347826087 0.039198606271777 0.0125
10 0.09102787456445993 0.4796195652173913 0.037456445993031356 0.01141304347826087
10 0.02264808362369338 0.45760869565217394 0.017421602787456445 0.021739130434782608
10 0.22473867595818817 0.5111413043478261 0.03832752613240418 0.0125
10 0.12630662020905922 0.535054347826087 0.017421602787456445 0.023369565217391305
10 0.1093205574912892 0.5355978260869565 0.016550522648083623 0.022282608695652174
10 0.059233449477351915 0.5176630434782609 0.036585365853658534 0.0125
9 0.8662891986062717 0.7820652173913044 0.06184668989547038 0.03152173913043478
9 0.7273519163763066 0.811141304347826 0.033101045296167246 0.0375
9 0.7012195121951219 0.8084239130434783 0.027874564459930314 0.035326086956521736
10 0.09494773519163763 0.811141304347826 0.0156794425087108 0.022282608695652174
10 0.03005226480836237 0.8051630434782608 0.016550522648083623 0.017934782608695653
10 0.07665505226480836 0.8584239130434783 0.020905923344947737 0.025543478260869567
10 0.3628048780487805 0.7855978260869565 0.023519163763066203 0.022282608695652174
10 0.46646341463414637 0.6940217391304347 0.037456445993031356 0.009782608695652175
10 0.4912891986062718 0.5608695652173913 0.033101045296167246 0.011956521739130435
10 0.6084494773519163 0.7959239130434783 0.02177700348432056 0.022282608695652174
10 0.5596689895470384 0.7923913043478261 0.02003484320557491 0.020652173913043477
9 0.644163763066202 0.6413043478260869 0.05836236933797909 0.01847826086956522
9 0.6502613240418118 0.6220108695652175 0.05836236933797909 0.019021739130434784
9 0.6554878048780488 0.6105978260869566 0.05836236933797909 0.01684782608695652
9 0.6607142857142857 0.5978260869565217 0.05836236933797909 0.017391304347826087
9 0.6724738675958188 0.5777173913043478 0.050522648083623695 0.017391304347826087
10 0.9285714285714286 0.9081521739130435 0.029616724738675958 0.020652173913043477
10 0.9486062717770035 0.9179347826086957 0.029616724738675958 0.02282608695652174
10 0.9059233449477352 0.9304347826086956 0.027874564459930314 0.01847826086956522
10 0.9847560975609756 0.9315217391304348 0.032229965156794424 0.02391304347826087
9 0.8153310104529616 0.8130434782608695 0.029616724738675958 0.03260869565217391
9 0.7674216027874564 0.7657608695652174 0.027874564459930314 0.035869565217391305
10 0.5422473867595818 0.6002717391304347 0.04790940766550523 0.017934782608695653
9 0.6990418118466899 0.753804347826087 0.028745644599303136 0.03152173913043478
10 0.5278745644599303 0.6116847826086956 0.036585365853658534 0.01576086956521739
10 0.5100174216027874 0.6209239130434783 0.039198606271777 0.0125
10 0.48127177700348434 0.6285326086956522 0.05662020905923345 0.019021739130434784
10 0.46297909407665505 0.6505434782608696 0.04442508710801394 0.017391304347826087
9 0.2508710801393728 0.7209239130434782 0.0313588850174216 0.03641304347826087
9 0.23257839721254356 0.7190217391304348 0.0313588850174216 0.034782608695652174
10 0.2147212543554007 0.7144021739130435 0.02177700348432056 0.025543478260869567
10 0.19773519163763068 0.7116847826086956 0.02264808362369338 0.022282608695652174
10 0.4259581881533101 0.741304347826087 0.02264808362369338 0.021739130434782608
10 0.4451219512195122 0.7448369565217391 0.02264808362369338 0.025543478260869567
9 0.2465156794425087 0.7790760869565218 0.0313588850174216 0.03641304347826087
9 0.26872822299651566 0.7817934782608695 0.028745644599303136 0.03641304347826087
9 0.3096689895470383 0.7845108695652174 0.028745644599303136 0.03641304347826087
9 0.33013937282229966 0.7815217391304348 0.02613240418118467 0.035869565217391305
9 0.384581881533101 0.7891304347826087 0.02700348432055749 0.03152173913043478
9 0.42160278745644597 0.7940217391304348 0.033101045296167246 0.03695652173913044
9 0.4403310104529617 0.7967391304347826 0.025261324041811847 0.02717391304347826
9 0.47822299651567945 0.7934782608695652 0.033101045296167246 0.03804347826086957
9 0.49869337979094075 0.7961956521739131 0.03048780487804878 0.03804347826086957
9 0.5187282229965157 0.8002717391304348 0.025261324041811847 0.03641304347826087
9 0.5387630662020906 0.8027173913043478 0.023519163763066203 0.03369565217391304
10 0.5265679442508711 0.12853260869565217 0.03397212543554007 0.01358695652173913
