2 0.40664517728737914 0.16423138510808646 0.01537317133647409 0.011409127301841472
0 1.6533597818001489 0.3462770216172938 0.0674435903793702 0.0488390712570056
0 1.8033721795189686 0.36829463570856685 0.056037689065212004 0.043234587670136104
0 1.7907265063228368 0.39511609287429944 0.03074634267294818 0.024019215372297835
0 1.7743615174807836 0.4221377101681345 0.02777089015621126 0.023618895116092872
0 1.7483263079593356 0.4297437950360288 0.031242251425737666 0.02842273819055244
0 1.7230349615670717 0.4373498799039231 0.03421770394247459 0.03162530024019215
0 1.6903049838829656 0.5044035228182546 0.05802132407636995 0.041633306645316254
0 1.8182494421026532 0.5746597277822257 0.05405405405405406 0.04043234587670136
0 1.6506322836598066 0.5784627702161729 0.051078601537317136 0.04083266613290632
0 1.608727994049095 0.4725780624499599 0.028762707661790232 0.023618895116092872
0 1.6595586412100174 0.29283426741393115 0.05702950657079098 0.045236188951160924
0 1.2129928093230846 0.6465172137710168 0.037689065212000994 0.028022417934347475
0 1.6099677659310687 0.30804643714971974 0.061988594098685845 0.05004003202562049
0 1.559385073146541 0.32285828662930344 0.06694768162658071 0.05244195356285028
0 1.510042152243987 0.3352682145716573 0.06446813786263328 0.05084067253803042
0 1.5529382593602779 0.5550440352281825 0.031242251425737666 0.026020816653322655
0 1.445574014381354 0.5762610088070456 0.06645177287379123 0.04763811048839071
0 1.4921894371435656 0.6703362690152121 0.0337217951896851 0.02522017614091273
0 1.3925117778328788 0.6455164131305043 0.0337217951896851 0.029223378702962367
0 1.3639970245474833 0.6519215372297837 0.030250433920158692 0.02522017614091273
0 1.336226134391272 0.6092874299439551 0.03421770394247459 0.02642113690952762
0 1.8219687577485744 0.3352682145716573 0.05950905033473841 0.045236188951160924
0 1.8425489709893381 0.30924739791833467 0.03322588643689561 0.026821457165732584
0 1.873543268038681 0.25520416333066454 0.032729977684106126 0.026020816653322655
0 2.0143813538308954 0.18474779823859086 0.028762707661790232 0.019615692554043232
0 2.252665509546244 0.3006405124099279 0.03719315645921151 0.028022417934347475
0 2.0969501611703447 0.33927141713370695 0.06694768162658071 0.05004003202562049
0 2.1098437887428716 0.30144115292233786 0.05702950657079098 0.041633306645316254
0 2.178031242251426 0.27962369895916733 0.054549962806843544 0.044435548438751
0 2.211753037441111 0.2175740592473979 0.046615422762211756 0.0388310648518815
0 2.261839821472849 0.19455564451561247 0.054549962806843544 0.041633306645316254
0 2.277212992809323 0.15912730184147317 0.046615422762211756 0.03642914331465172
0 2.243739151996033 0.14511609287429944 0.031242251425737666 0.023618895116092872
0 2.167369204066452 0.13931144915932744 0.03520952144805356 0.02722177742193755
0 2.055293825936028 0.24059247397918332 0.05207041904289611 0.041633306645316254
0 2.033721795189685 0.27481985588470775 0.05355814530126457 0.04283426741393114
0 2.015373171336474 0.30484387510008004 0.0337217951896851 0.02522017614091273
0 1.999256136870816 0.3312650120096077 0.04413587899826432 0.034027221777421936
0 1.998016364988842 0.3656925540432346 0.05851723282915944 0.044435548438751
0 1.9394991321596828 0.5388310648518815 0.06645177287379123 0.04643714971977582
0 1.8670964542524175 0.3949159327461969 0.06446813786263328 0.049239391513210565
0 1.8864368956112076 0.3602882305844676 0.06248450285147533 0.0488390712570056
0 1.9114802876270767 0.305244195356285 0.06595586412100174 0.04763811048839071
0 1.9278452764691298 0.2766212970376301 0.03719315645921151 0.028022417934347475
0 1.273493677163402 0.627902321857486 0.03669724770642202 0.026821457165732584
0 1.1512521696007936 0.6645316253002401 0.06099677659310687 0.04643714971977582
2 0.4217703942474585 0.15732586068855084 0.014381353830895116 0.011609287429943955
0 0.07327051822464667 0.21257005604483586 0.03297793206050087 0.025620496397117692
0 0.24423506074882223 0.3758006405124099 0.024795437639474338 0.01941553242594075
0 0.21051326555913713 0.35658526821457165 0.023803620133895365 0.01941553242594075
0 0.23357302256384826 0.2952361889511609 0.024795437639474338 0.020816653322658127
0 0.21051326555913713 0.2957365892714171 0.025291346392263825 0.01941553242594075
0 0.15273989585916192 0.3088470776621297 0.039176791470369454 0.030424339471577258
0 0.028886684849987604 0.3956164931945556 0.018100669476816267 0.017013610888710968
0 0.07711381105876519 0.3108486789431545 0.023307711381105878 0.015612489991993593
0 0.1554673939995041 0.22968374699759805 0.0337217951896851 0.027822257806244994
0 0.07203074634267295 0.23809047237790232 0.03248202330771138 0.023819055244195354
0 0.07066699727250186 0.18574859887910328 0.03173816017852715 0.023618895116092872
0 1.2915943466402182 0.7295836669335468 0.061988594098685845 0.04763811048839071
0 0.07252665509546244 0.1597277822257806 0.035457475824448303 0.024019215372297835
0 0.07066699727250186 0.13440752602081665 0.03421770394247459 0.024619695756605282
0 0.17108851971237293 0.1675340272217774 0.02132407636994793 0.015612489991993593
0 0.16749318125464915 0.12880304243394716 0.038432928341185224 0.031024819855884705
0 0.17852715100421523 0.10738590872698157 0.042152243987106375 0.030624499599679743
0 0.09025539300768659 0.09517614091273018 0.023803620133895365 0.018614891913530822
0 0.16823704438383338 0.06405124099279423 0.04537565088023804 0.03482786228983186
0 0.16712124969005704 0.017514011208967173 0.026779072650632285 0.02141713370696557
0 0.13860649640466155 0.008807045636509206 0.027274981403421772 0.014811849479583666
0 0.14926853458963552 0.3735988791032826 0.028266798909000745 0.0222177742193755
0 0.10612447309695017 0.33006405124099275 0.029754525167369206 0.022818254603682944
0 0.07686585668237045 0.341373098478783 0.02429952888668485 0.01621297037630104
0 0.07736176543515993 0.36319055244195353 0.022315893875526904 0.014611689351481183
0 1.164393751549715 0.7656124899919935 0.03967270022315894 0.026821457165732584
0 1.1395983139102406 0.7137710168134507 0.0525663277956856 0.043234587670136104
0 1.335234316885693 0.5498398718975179 0.061988594098685845 0.04603682946357086
0 1.4363997024547484 0.5190152121697358 0.059013141581948925 0.04043234587670136
0 1.2960575254153237 0.527021617293835 0.03818497396479048 0.027622097678142513
0 1.1785271510042152 0.5048038430744596 0.05802132407636995 0.0488390712570056
0 1.1532358046119515 0.41032826261008803 0.02925861641457972 0.02321857485988791
0 1.2293577981651378 0.30784627702161727 0.05653359781800149 0.04083266613290632
0 1.2883709397470866 0.2920336269015212 0.05554178031242252 0.039631705364291434
0 1.3136622861393503 0.27902321857485984 0.026779072650632285 0.020816653322658127
0 1.032977932060501 0.45016012810248196 0.060500867840317385 0.04763811048839071
0 1.0843044879742127 0.4351481184947958 0.059013141581948925 0.04643714971977582
0 1.0808331267046865 0.5948759007205764 0.05008678403173816 0.03682946357085668
0 1.0927349367716341 0.6263010408326661 0.05802132407636995 0.04363490792634107
0 1.034713612695264 0.7431945556445155 0.05207041904289611 0.042033626901521216
0 0.07500619885940987 0.46216973578863085 0.03297793206050087 0.024019215372297835
0 0.07475824448301513 0.43614891913530823 0.031986114554921896 0.02522017614091273
0 0.06893131663773866 0.4144315452361889 0.019340441358789984 0.014611689351481183
0 0.07091495164889661 0.37940352281825457 0.023307711381105878 0.015412329863891112
0 2.317133647408877 0.2722177742193755 0.053062236548475084 0.043234587670136104
0 2.291842301016613 0.24499599679743794 0.07389040416563353 0.051240992794235385
0 2.363749070171089 0.18795036028823056 0.03421770394247459 0.030824659727782224
0 0.4668980907513018 0.9092273819055243 0.03421770394247459 0.025020016012810245
0 0.6591867096454253 0.9612690152121697 0.027522935779816515 0.017013610888710968
0 0.6595586412100174 0.9525620496397117 0.02777089015621126 0.016813450760608487
0 0.6576989833870568 0.9392514011208967 0.030498388296553436 0.01821457165732586
0 0.6756756756756757 0.938150520416333 0.03471361269526407 0.028022417934347475
0 0.6196379866104638 0.9013210568454764 0.042152243987106375 0.03242594075260208
0 0.5890156211257129 0.9138310648518815 0.041408380857922145 0.03382706164931945
0 0.5581453012645674 0.9278422738190552 0.04413587899826432 0.03342674139311449
0 0.47979171832382844 0.9145316253002401 0.027274981403421772 0.02041633306645316
0 0.49008182494421026 0.9173338670936749 0.030498388296553436 0.02642113690952762
0 0.6098437887428714 0.5308246597277821 0.0468633771386065 0.03642914331465172
0 2.4091247210513265 0.20716573258606885 0.05653359781800149 0.05164131305044035
0 0.5578973468881726 0.546937550040032 0.02132407636994793 0.01821457165732586
0 0.5383089511529879 0.552341873498799 0.02281180262831639 0.02141713370696557
0 0.5142573766426978 0.5555444355484387 0.023307711381105878 0.019815852682145717
0 0.49107364244978924 0.5595476381104884 0.023059757004711134 0.01941553242594075
0 0.4691296801388545 0.5641513210568454 0.02281180262831639 0.020616493194555642
0 0.5628564344160675 0.6042834267413931 0.023307711381105878 0.019615692554043232
0 0.5406645177287379 0.6076861489191353 0.024051574510290108 0.018815052041633307
0 0.4409868584180511 0.5669535628502802 0.04041656335234317 0.03422738190552442
0 0.4011901810066948 0.5730584467574059 0.04165633523431689 0.03362690152121697
0 0.6589387552690306 0.9703763010408326 0.029506570790974462 0.01841473178542834
0 0.6465410364492934 0.8847077662129703 0.04190428961071163 0.03282626100880704
0 0.6762955616166626 0.871697357886309 0.04339201586908009 0.034027221777421936
0 0.7134887180758741 0.8537830264211369 0.044383833374659065 0.0322257806244996
2 0.4070171088519713 0.1511208967173739 0.01462930820728986 0.010808646917534026
2 0.4217703942474585 0.1438150520416333 0.014877262583684603 0.011409127301841472
2 0.39399950409124723 0.13941152922337868 0.009422266303000248 0.007005604483586869
2 0.40528142821720803 0.13280624499599678 0.012149764443342426 0.009407526020816653
2 0.38730473592858916 0.13270616493194554 0.007438631291842301 0.005604483586869495
2 0.3944954128440367 0.12880304243394716 0.007438631291842301 0.006204963971176941
2 0.39387552690304983 0.11429143314651721 0.013637490701710886 0.009607686148919135
2 0.3874287131167865 0.10418334667734187 0.012645673196131912 0.009807846277021616
2 0.3690800892635755 0.35098078462770216 0.031986114554921896 0.02542033626901521
0 0.3881725762459708 0.6312049639711769 0.020084304487974214 0.01741393114491593
2 0.39337961815026035 0.21176941553242593 0.005207041904289611 0.004403522818254603
2 0.3679642945697992 0.07846277021617293 0.004959087527894868 0.0040032025620496394
2 0.33734192908504834 0.09737790232185747 0.007686585668237045 0.006204963971176941
0 0.823208529630548 0.7324859887910328 0.02578725514505331 0.019815852682145717
0 0.8750309942970493 0.7707165732586069 0.032729977684106126 0.02622097678142514
0 0.8524671460451277 0.7814251401120896 0.03322588643689561 0.025620496397117692
0 0.8296553434168114 0.7922337870296237 0.03471361269526407 0.026821457165732584
0 0.7059261095958345 0.6551240992794235 0.028762707661790232 0.02321857485988791
0 0.6693528390776098 0.8066453162530024 0.026531118274237542 0.020016012810248198
0 0.49342920902553933 0.6157926341072858 0.02281180262831639 0.01821457165732586
0 0.46850979419786765 0.6190952762209767 0.023059757004711134 0.019615692554043232
0 0.44433424249938014 0.6234987990392313 0.023307711381105878 0.01721377101681345
0 0.1795189685097942 0.5060048038430744 0.0262831638978428 0.01721377101681345
0 0.17530374411108357 0.45256204963971175 0.025291346392263825 0.017614091273018412
0 2.6669972725018596 0.9535628502802241 0.054549962806843544 0.039231385108086464
0 2.752789486734441 0.982586068855084 0.04463178775105381 0.034027221777421936
0 2.7748574262335732 0.9509607686148919 0.053062236548475084 0.039631705364291434
0 2.4934292090255394 0.23799039231385105 0.06645177287379123 0.053242594075260205
0 2.4721051326555914 0.2918334667734187 0.0525663277956856 0.040032025620496396
0 2.517728737912224 0.2752201761409127 0.05058269278452765 0.042033626901521216
0 2.5772377882469626 0.2572057646116893 0.05554178031242252 0.044435548438751
0 2.639970245474833 0.2353883106485188 0.045127696503843295 0.03843074459567654
0 2.8180014877262587 0.22618094475580464 0.03223406893131664 0.029623698959167333
0 2.8018844532606 0.18795036028823056 0.037689065212000994 0.030024019215372295
0 2.8343664765683116 0.17794235388310647 0.03421770394247459 0.029223378702962367
0 2.8832134887180763 0.21156925540432345 0.029754525167369206 0.022818254603682944
0 2.8975948425489713 0.062249799839871896 0.04760724026779073 0.04283426741393114
0 2.800396727002232 0.09447558046437149 0.057525415323580464 0.047237790232185745
0 2.751053806099678 0.10368294635708566 0.02925861641457972 0.02241793434747798
0 2.6603025043392017 0.13510808646917533 0.048103149020580216 0.039631705364291434
0 2.6151748078353583 0.14851881505204162 0.04711133151500124 0.04083266613290632
0 2.557401438135383 0.16833466773418734 0.07240267790726507 0.053242594075260205
0 0.1755516984874783 0.48879103282626096 0.02578725514505331 0.017614091273018412
0 0.1839821472848996 0.5233186549239391 0.026779072650632285 0.019015212169735788
0 0.3286635259112324 0.6444155324259407 0.03744111083560625 0.03262610088070456
0 0.18670964542524177 0.5432345876701361 0.02777089015621126 0.019615692554043232
0 0.2938259360277709 0.6500200160128102 0.0411604264815274 0.03382706164931945
0 0.34825192164641705 0.5807646116893515 0.03744111083560625 0.030224179343474777
0 0.32333250681874537 0.5843674939951962 0.022315893875526904 0.016613290632506005
0 0.2979171832382842 0.5876701361088871 0.038432928341185224 0.031224979983987187
0 0.2185717827919663 0.8134507606084868 0.04636746838581701 0.03362690152121697
0 0.0722787007190677 0.5990792634107286 0.022563848251921648 0.014811849479583666
0 0.06955120257872552 0.5835668534827861 0.018596578229605754 0.014611689351481183
0 0.07091495164889661 0.5682546036829463 0.022315893875526904 0.014411529223378702
0 0.0691792710141334 0.5525420336269015 0.020332258864368957 0.014611689351481183
0 0.11505083064716093 0.7817253803042433 0.019340441358789984 0.017814251401120897
0 0.07860153731713365 0.7509007205764611 0.021819985122737418 0.015412329863891112
0 0.07810562856434417 0.7331865492393914 0.01983635011157947 0.013610888710968775
0 0.08132903545747583 0.7147718174539631 0.02925861641457972 0.018815052041633307
0 0.0805851723282916 0.6950560448358687 0.024795437639474338 0.015812650120096076
0 0.03421770394247459 0.7314851881505203 0.019340441358789984 0.017013610888710968
0 0.22526655095462436 0.6043835068054443 0.0205802132407637 0.015012009607686148
0 0.11542276221175304 0.6217974379503602 0.02851475328539549 0.021016813450760608
0 0.13191172824200348 0.5846677341873499 0.020828167617158444 0.014411529223378702
0 0.1589387552690305 0.5474379503602882 0.0262831638978428 0.01841473178542834
0 0.06136870815769899 0.007906325060048038 0.0205802132407637 0.013811048839071256
