9 0.7021739130434783 0.7846625766871166 0.0391304347826087 0.05030674846625767
9 0.4391304347826087 0.5822085889570553 0.0391304347826087 0.05030674846625767
9 0.5375 0.5061349693251534 0.03804347826086957 0.05030674846625767
9 0.5358695652173913 0.585276073619632 0.0391304347826087 0.051533742331288344
9 0.5173913043478261 0.587116564417178 0.041304347826086954 0.05030674846625767
9 0.4951086956521739 0.5012269938650307 0.04021739130434783 0.05030674846625767
9 0.5016304347826087 0.592638036809816 0.03804347826086957 0.049079754601226995
9 0.4543478260869565 0.49570552147239266 0.03695652173913044 0.051533742331288344
9 0.43478260869565216 0.49570552147239266 0.0391304347826087 0.051533742331288344
9 0.45869565217391306 0.5828220858895706 0.041304347826086954 0.051533742331288344
9 0.4190217391304348 0.5803680981595092 0.042391304347826085 0.051533742331288344
9 0.5733695652173914 0.503680981595092 0.03804347826086957 0.04785276073619632
9 0.35978260869565215 0.5754601226993865 0.0391304347826087 0.051533742331288344
9 0.33804347826086956 0.5723926380368098 0.0391304347826087 0.05276073619631902
9 0.31956521739130433 0.5754601226993865 0.0391304347826087 0.051533742331288344
9 0.2956521739130435 0.5687116564417178 0.0391304347826087 0.05030674846625767
9 0.23369565217391305 0.5631901840490798 0.0391304347826087 0.051533742331288344
9 0.1875 0.5496932515337424 0.04021739130434783 0.051533742331288344
9 0.16956521739130434 0.5521472392638037 0.0391304347826087 0.051533742331288344
9 0.15217391304347827 0.556441717791411 0.0391304347826087 0.05030674846625767
9 0.553804347826087 0.5024539877300613 0.04021739130434783 0.05030674846625767
9 0.09565217391304348 0.6392638036809817 0.034782608695652174 0.046625766871165646
9 0.37228260869565216 0.4901840490797546 0.04021739130434783 0.05030674846625767
9 0.14347826086956522 0.7325153374233129 0.034782608695652174 0.046625766871165646
9 0.4092391304347826 0.6723926380368098 0.03369565217391304 0.044171779141104296
9 0.38532608695652176 0.6674846625766871 0.04021739130434783 0.049079754601226995
9 0.3625 0.7404907975460123 0.03804347826086957 0.05276073619631902
9 0.3309782608695652 0.7546012269938651 0.035869565217391305 0.046625766871165646
9 0.2798913043478261 0.7349693251533743 0.035869565217391305 0.046625766871165646
9 0.20271739130434782 0.7349693251533743 0.03369565217391304 0.046625766871165646
9 0.1826086956521739 0.7331288343558283 0.03260869565217391 0.04785276073619632
9 0.16195652173913044 0.7325153374233129 0.034782608695652174 0.046625766871165646
9 0.12445652173913044 0.7355828220858897 0.035869565217391305 0.04539877300613497
9 0.12010869565217391 0.645398773006135 0.035869565217391305 0.046625766871165646
9 0.10434782608695653 0.7331288343558283 0.03260869565217391 0.04785276073619632
9 0.08586956521739131 0.7349693251533743 0.034782608695652174 0.046625766871165646
9 0.06793478260869565 0.7349693251533743 0.035869565217391305 0.046625766871165646
9 0.23750000000000002 0.6521472392638037 0.04021739130434783 0.05030674846625767
9 0.22228260869565217 0.6588957055214725 0.03804347826086957 0.046625766871165646
9 0.17989130434782608 0.6496932515337424 0.035869565217391305 0.04785276073619632
9 0.16032608695652173 0.649079754601227 0.035869565217391305 0.046625766871165646
9 0.14130434782608695 0.649079754601227 0.034782608695652174 0.049079754601226995
9 0.3891304347826087 0.48527607361963193 0.0391304347826087 0.05030674846625767
9 0.35706521739130437 0.49386503067484666 0.04021739130434783 0.05030674846625767
9 0.6771739130434783 0.8613496932515338 0.0391304347826087 0.049079754601226995
9 0.47282608695652173 0.31533742331288345 0.0391304347826087 0.046625766871165646
9 0.23641304347826086 0.3815950920245399 0.03804347826086957 0.053987730061349694
9 0.22010869565217392 0.3877300613496933 0.03804347826086957 0.051533742331288344
9 0.1983695652173913 0.38282208588957056 0.03804347826086957 0.051533742331288344
9 0.5978260869565217 0.3282208588957055 0.034782608695652174 0.04785276073619632
9 0.5766304347826087 0.3245398773006135 0.035869565217391305 0.04539877300613497
9 0.5625 0.33128834355828224 0.03369565217391304 0.04171779141104295
9 0.5179347826086956 0.32331288343558284 0.03804347826086957 0.04785276073619632
9 0.49619565217391304 0.3190184049079755 0.03804347826086957 0.046625766871165646
9 0.4608695652173913 0.3257668711656442 0.03695652173913044 0.04785276073619632
9 0.3 0.39263803680981596 0.0391304347826087 0.049079754601226995
9 0.4375 0.31963190184049084 0.03804347826086957 0.04785276073619632
9 0.41793478260869565 0.3165644171779141 0.035869565217391305 0.046625766871165646
9 0.3760869565217391 0.3141104294478528 0.03260869565217391 0.046625766871165646
9 0.35434782608695653 0.3079754601226994 0.030434782608695653 0.04171779141104295
9 0.31467391304347825 0.3085889570552147 0.04021739130434783 0.05030674846625767
10 0.2875 0.29754601226993865 0.02282608695652174 0.030674846625766874
10 0.26956521739130435 0.298159509202454 0.02391304347826087 0.03190184049079755
10 0.2516304347826087 0.29938650306748466 0.020652173913043477 0.0294478527607362
9 0.2576086956521739 0.3852760736196319 0.0391304347826087 0.051533742331288344
9 0.3179347826086957 0.3901840490797546 0.03804347826086957 0.049079754601226995
9 0.32608695652173914 0.47914110429447854 0.0391304347826087 0.05030674846625767
9 0.5706521739130435 0.4214723926380368 0.041304347826086954 0.05030674846625767
9 0.30869565217391304 0.4809815950920246 0.0391304347826087 0.051533742331288344
9 0.29184782608695653 0.48404907975460126 0.04021739130434783 0.05030674846625767
9 0.27010869565217394 0.47914110429447854 0.042391304347826085 0.05030674846625767
9 0.25217391304347825 0.4785276073619632 0.041304347826086954 0.051533742331288344
9 0.2298913043478261 0.47423312883435587 0.04021739130434783 0.05030674846625767
9 0.1793478260869565 0.4582822085889571 0.0391304347826087 0.05030674846625767
9 0.1592391304347826 0.4588957055214724 0.04021739130434783 0.049079754601226995
9 0.5842391304347826 0.4116564417177914 0.04021739130434783 0.05030674846625767
9 0.5543478260869565 0.4239263803680982 0.041304347826086954 0.05030674846625767
9 0.3630434782608696 0.4012269938650307 0.0391304347826087 0.049079754601226995
9 0.528804347826087 0.41840490797546015 0.04021739130434783 0.049079754601226995
9 0.5048913043478261 0.41042944785276075 0.04021739130434783 0.05030674846625767
9 0.4880434782608696 0.41042944785276075 0.0391304347826087 0.05030674846625767
9 0.46793478260869564 0.4110429447852761 0.04021739130434783 0.049079754601226995
9 0.44673913043478264 0.40858895705521475 0.0391304347826087 0.046625766871165646
9 0.42934782608695654 0.4098159509202454 0.0391304347826087 0.049079754601226995
9 0.4048913043478261 0.403680981595092 0.04021739130434783 0.049079754601226995
9 0.38369565217391305 0.40245398773006136 0.0391304347826087 0.049079754601226995
9 0.4483695652173913 0.6730061349693252 0.03804347826086957 0.05030674846625767
9 0.46467391304347827 0.6717791411042945 0.03804347826086957 0.05030674846625767
9 0.5086956521739131 0.6760736196319019 0.0391304347826087 0.049079754601226995
9 0.8331521739130435 0.35766871165644176 0.035869565217391305 0.04539877300613497
9 0.16467391304347825 0.8184049079754602 0.035869565217391305 0.046625766871165646
9 0.14402173913043478 0.8171779141104295 0.03369565217391304 0.046625766871165646
9 0.12934782608695652 0.8245398773006135 0.034782608695652174 0.046625766871165646
9 0.1108695652173913 0.8257668711656442 0.03695652173913044 0.046625766871165646
9 0.09293478260869566 0.8257668711656442 0.035869565217391305 0.046625766871165646
9 0.8956521739130435 0.35644171779141104 0.0391304347826087 0.05276073619631902
9 0.8766304347826087 0.3638036809815951 0.035869565217391305 0.04539877300613497
9 0.8581521739130434 0.36319018404907977 0.035869565217391305 0.044171779141104296
9 0.8119565217391305 0.3558282208588957 0.034782608695652174 0.044171779141104296
9 0.20326086956521738 0.8190184049079755 0.03260869565217391 0.04539877300613497
9 0.7923913043478261 0.3558282208588957 0.034782608695652174 0.046625766871165646
9 0.7717391304347826 0.3539877300613497 0.03695652173913044 0.04539877300613497
9 0.7516304347826087 0.35460122699386504 0.035869565217391305 0.046625766871165646
9 0.7255434782608696 0.34294478527607364 0.035869565217391305 0.04785276073619632
9 0.7076086956521739 0.34355828220858897 0.03695652173913044 0.044171779141104296
9 0.691304347826087 0.34907975460122703 0.03695652173913044 0.04539877300613497
9 0.675 0.3539877300613497 0.034782608695652174 0.04539877300613497
9 0.9657608695652175 0.4601226993865031 0.03804347826086957 0.049079754601226995
9 0.1842391304347826 0.8184049079754602 0.03369565217391304 0.046625766871165646
9 0.22336956521739132 0.8208588957055215 0.03369565217391304 0.046625766871165646
9 0.55 0.6822085889570553 0.0391304347826087 0.049079754601226995
9 0.4201086956521739 0.8460122699386503 0.03152173913043478 0.04049079754601227
9 0.6434782608695653 0.8631901840490798 0.0391304347826087 0.05030674846625767
9 0.6233695652173913 0.8644171779141104 0.04021739130434783 0.04785276073619632
9 0.6141304347826088 0.7723926380368099 0.0391304347826087 0.05030674846625767
9 0.532608695652174 0.7638036809815951 0.0391304347826087 0.05030674846625767
9 0.5239130434782608 0.8552147239263804 0.0391304347826087 0.051533742331288344
9 0.5005434782608695 0.8515337423312884 0.03369565217391304 0.044171779141104296
9 0.4842391304347826 0.8552147239263804 0.03804347826086957 0.051533742331288344
9 0.4614130434782609 0.8503067484662578 0.03369565217391304 0.044171779141104296
9 0.3760869565217391 0.8404907975460123 0.030434782608695653 0.04171779141104295
9 0.24347826086956523 0.8226993865030675 0.034782608695652174 0.04539877300613497
9 0.35597826086956524 0.8423312883435583 0.02717391304347826 0.04294478527607362
9 0.24347826086956523 0.7355828220858897 0.034782608695652174 0.04785276073619632
9 0.22554347826086957 0.7374233128834357 0.03369565217391304 0.046625766871165646
9 0.2657608695652174 0.741717791411043 0.03369565217391304 0.04539877300613497
9 0.3391304347826087 0.8466257668711656 0.030434782608695653 0.04171779141104295
9 0.30380434782608695 0.8245398773006135 0.03369565217391304 0.046625766871165646
9 0.28532608695652173 0.8239263803680982 0.03152173913043478 0.04785276073619632
9 0.26358695652173914 0.8220858895705522 0.03369565217391304 0.046625766871165646
9 0.9461956521739131 0.45950920245398774 0.03804347826086957 0.05030674846625767
9 0.9293478260869565 0.46134969325153374 0.0391304347826087 0.051533742331288344
9 0.9043478260869565 0.45582822085889574 0.0391304347826087 0.05276073619631902
9 0.6494565217391305 0.6092024539877301 0.042391304347826085 0.04785276073619632
9 0.8538043478260869 0.6257668711656442 0.04021739130434783 0.049079754601226995
9 0.8380434782608696 0.6306748466257669 0.0391304347826087 0.049079754601226995
9 0.7701086956521739 0.6141104294478528 0.04021739130434783 0.04785276073619632
9 0.7483695652173913 0.6116564417177914 0.04021739130434783 0.04785276073619632
9 0.7298913043478261 0.6128834355828221 0.04021739130434783 0.04785276073619632
9 0.7114130434782608 0.6141104294478528 0.04021739130434783 0.05030674846625767
9 0.6918478260869565 0.6116564417177914 0.03804347826086957 0.05030674846625767
9 0.6679347826086957 0.6073619631901841 0.04021739130434783 0.049079754601226995
9 0.842391304347826 0.7110429447852761 0.0391304347826087 0.05030674846625767
9 0.8826086956521739 0.45460122699386507 0.041304347826086954 0.04785276073619632
9 0.7989130434782609 0.7061349693251534 0.0391304347826087 0.04785276073619632
9 0.782608695652174 0.7110429447852761 0.041304347826086954 0.05030674846625767
9 0.75 0.7159509202453989 0.041304347826086954 0.05030674846625767
9 0.7016304347826087 0.7030674846625767 0.04021739130434783 0.051533742331288344
9 0.6755434782608696 0.6981595092024541 0.03804347826086957 0.049079754601226995
9 0.6516304347826087 0.6901840490797546 0.03804347826086957 0.05030674846625767
9 0.6293478260869565 0.6883435582822086 0.0391304347826087 0.051533742331288344
9 0.6114130434782609 0.69079754601227 0.04021739130434783 0.049079754601226995
9 0.8739130434782609 0.6269938650306749 0.0391304347826087 0.049079754601226995
9 0.8934782608695653 0.6257668711656442 0.0391304347826087 0.051533742331288344
9 0.6641304347826087 0.5202453987730061 0.03695652173913044 0.046625766871165646
9 0.6798913043478261 0.5171779141104295 0.03804347826086957 0.04785276073619632
9 0.866304347826087 0.4601226993865031 0.041304347826086954 0.049079754601226995
9 0.8184782608695652 0.44294478527607367 0.041304347826086954 0.049079754601226995
9 0.8010869565217391 0.44785276073619634 0.0391304347826087 0.049079754601226995
9 0.7831521739130435 0.4503067484662577 0.04021739130434783 0.049079754601226995
9 0.7619565217391304 0.44601226993865034 0.0391304347826087 0.05030674846625767
9 0.745108695652174 0.4484662576687117 0.04021739130434783 0.05030674846625767
9 0.7184782608695652 0.43987730061349695 0.041304347826086954 0.05030674846625767
9 0.6951086956521739 0.4337423312883436 0.04021739130434783 0.04785276073619632
9 0.6711956521739131 0.42822085889570555 0.04021739130434783 0.049079754601226995
9 0.6516304347826087 0.43006134969325155 0.04021739130434783 0.04785276073619632
9 0.8690217391304348 0.543558282208589 0.042391304347826085 0.046625766871165646
9 0.85 0.5441717791411044 0.041304347826086954 0.04785276073619632
9 0.8260869565217391 0.5368098159509203 0.0391304347826087 0.05030674846625767
9 0.7913043478260869 0.5392638036809816 0.0391304347826087 0.05030674846625767
9 0.7695652173913043 0.5368098159509203 0.0391304347826087 0.05030674846625767
9 0.746195652173913 0.5343558282208589 0.03804347826086957 0.04539877300613497
9 0.6983695652173914 0.5171779141104295 0.035869565217391305 0.04785276073619632
9 0.3347826086956522 0.21533742331288344 0.0391304347826087 0.04049079754601227
