10 0.9611790079079799 0.9246105919003116 0.03738317757009346 0.012461059190031154
9 0.19554277498202732 0.8202492211838006 0.054636951833213515 0.04797507788161994
9 0.3759884974838246 0.5551401869158878 0.054636951833213515 0.04610591900311527
9 0.24191229331416247 0.5454828660436137 0.056793673616103525 0.049221183800623056
9 0.19230769230769232 0.5657320872274143 0.055355859094176854 0.048598130841121495
9 0.19194823867721064 0.5897196261682244 0.056074766355140186 0.04672897196261683
9 0.19230769230769232 0.6124610591900311 0.056793673616103525 0.04735202492211838
9 0.2494608195542775 0.5866043613707166 0.056074766355140186 0.049221183800623056
9 0.2505391804457225 0.6077881619937695 0.056793673616103525 0.04797507788161994
9 0.25233644859813087 0.629595015576324 0.053199137311286844 0.04797507788161994
9 0.38209920920201296 0.6193146417445483 0.05248023005032351 0.04735202492211838
9 0.25089863407620416 0.6551401869158878 0.054636951833213515 0.04797507788161994
9 0.24299065420560748 0.6853582554517135 0.056074766355140186 0.04610591900311527
9 0.2559309849029475 0.6965732087227414 0.056074766355140186 0.04735202492211838
9 0.3781452192667146 0.6682242990654206 0.056074766355140186 0.04672897196261683
9 0.19302659956865564 0.7283489096573209 0.056793673616103525 0.04735202492211838
9 0.19410496046010065 0.7504672897196262 0.056074766355140186 0.04797507788161994
9 0.24263120057512583 0.7545171339563863 0.055355859094176854 0.048598130841121495
9 0.24550682961897916 0.7763239875389408 0.056793673616103525 0.04735202492211838
9 0.38209920920201296 0.5277258566978194 0.056793673616103525 0.04735202492211838
9 0.3856937455068296 0.4785046728971963 0.056793673616103525 0.04735202492211838
9 0.18943206326383896 0.5457943925233645 0.055355859094176854 0.048598130841121495
9 0.24694464414090583 0.4255451713395639 0.055355859094176854 0.048598130841121495
9 0.34399712437095614 0.1545171339563863 0.05391804457225018 0.04610591900311527
9 0.37419122933141624 0.1576323987538941 0.05248023005032351 0.04610591900311527
9 0.38892882818116464 0.1485981308411215 0.053199137311286844 0.04672897196261683
9 0.24406901509705248 0.28909657320872273 0.05391804457225018 0.04610591900311527
9 0.1333572969086988 0.35732087227414333 0.03235082674335011 0.05545171339563863
9 0.19230769230769232 0.4015576323987539 0.055355859094176854 0.04797507788161994
9 0.3795830337886413 0.36728971962616824 0.058950395398993535 0.049221183800623056
9 0.191588785046729 0.42710280373831777 0.055355859094176854 0.049221183800623056
9 0.24227174694464415 0.5221183800623053 0.054636951833213515 0.04735202492211838
9 0.19015097052480232 0.4517133956386293 0.055355859094176854 0.048598130841121495
9 0.19194823867721064 0.4738317757009346 0.056074766355140186 0.04797507788161994
9 0.23975557153127247 0.45514018691588787 0.05391804457225018 0.04797507788161994
9 0.24083393242271747 0.4766355140186916 0.056074766355140186 0.04735202492211838
9 0.19086987778576564 0.4968847352024922 0.055355859094176854 0.04797507788161994
9 0.19122933141624732 0.521183800623053 0.05751258087706686 0.049221183800623056
9 0.23867721063982747 0.5009345794392523 0.05751258087706686 0.04735202492211838
9 0.19410496046010065 0.7978193146417446 0.056074766355140186 0.04797507788161994
9 0.3785046728971963 0.7367601246105919 0.056793673616103525 0.04797507788161994
10 0.96549245147376 0.8794392523364486 0.025880661394680086 0.01059190031152648
9 0.3792235801581596 0.7607476635514019 0.056793673616103525 0.048598130841121495
9 0.4309849029475198 0.8538940809968848 0.055355859094176854 0.049221183800623056
9 0.4374550682961898 0.8725856697819315 0.056793673616103525 0.04797507788161994
9 0.43134435657800146 0.9252336448598131 0.056074766355140186 0.04735202492211838
9 0.7534148094895758 0.14610591900311526 0.05176132278936017 0.04797507788161994
9 0.7807332854061826 0.14454828660436136 0.05751258087706686 0.05109034267912773
9 0.9202012940330697 0.6161993769470405 0.06182602444284688 0.014953271028037384
9 0.9216391085549964 0.6981308411214954 0.06182602444284688 0.014330218068535827
9 0.7893601725377427 0.7099688473520249 0.058950395398993535 0.051713395638629284
9 0.7947519769949677 0.7299065420560747 0.055355859094176854 0.05046728971962617
9 0.9309849029475198 0.7806853582554517 0.043134435657800146 0.013707165109034268
9 0.9352983465132998 0.753582554517134 0.03594536304816679 0.014330218068535827
10 0.9291876347951115 0.2984423676012461 0.03522645578720345 0.013707165109034268
10 0.9281092739036665 0.31246105919003114 0.03163191948238677 0.013084112149532711
10 0.9169662113587348 0.46479750778816203 0.03091301222142344 0.012461059190031154
10 0.9568655643421999 0.8352024922118381 0.027318475916606758 0.011838006230529595
10 0.9640546369518332 0.8514018691588785 0.027318475916606758 0.011838006230529595
10 0.9597411933860532 0.8657320872274143 0.02875629043853343 0.01059190031152648
9 0.7368799424874192 0.7258566978193147 0.05751258087706686 0.05109034267912773
9 0.7322070452911574 0.7052959501557633 0.04960460100647017 0.04361370716510904
9 0.42918763479511146 0.8115264797507789 0.05751258087706686 0.04797507788161994
9 0.41265276779295473 0.14735202492211838 0.053199137311286844 0.04797507788161994
9 0.37634795111430625 0.7856697819314642 0.055355859094176854 0.04735202492211838
9 0.3788641265276779 0.8074766355140187 0.056074766355140186 0.04735202492211838
9 0.3788641265276779 0.8308411214953272 0.056074766355140186 0.04672897196261683
9 0.3781452192667146 0.8551401869158879 0.05751258087706686 0.04672897196261683
9 0.3835370237239396 0.897196261682243 0.055355859094176854 0.048598130841121495
9 0.3856937455068296 0.918380062305296 0.05391804457225018 0.04735202492211838
9 0.3828181164629763 0.9442367601246107 0.055355859094176854 0.049221183800623056
9 0.702372393961179 0.09750778816199378 0.056074766355140186 0.05046728971962617
9 0.42954708842559314 0.7872274143302181 0.055355859094176854 0.04548286604361371
9 0.6329978432782172 0.15420560747663553 0.05248023005032351 0.049221183800623056
9 0.6822429906542057 0.1501557632398754 0.054636951833213515 0.049844236760124616
9 0.7311286843997125 0.14922118380062305 0.058950395398993535 0.0529595015576324
9 0.42739036664270313 0.508411214953271 0.05248023005032351 0.049844236760124616
9 0.43026599568655644 0.7177570093457945 0.055355859094176854 0.04735202492211838
9 0.4309849029475198 0.7404984423676013 0.055355859094176854 0.04672897196261683
9 0.4284687275341481 0.7638629283489097 0.05751258087706686 0.04735202492211838
9 0.33644859813084116 0.10404984423676013 0.054636951833213515 0.04610591900311527
