10 0.5459558823529411 0.2515463917525773 0.012867647058823529 0.02268041237113402
9 0.4931066176470588 0.7061855670103093 0.050551470588235295 0.07216494845360825
9 0.22748161764705882 0.6144329896907217 0.030330882352941176 0.051546391752577324
9 0.2421875 0.6144329896907217 0.030330882352941176 0.051546391752577324
9 0.2578125 0.6118556701030928 0.030330882352941176 0.05257731958762887
9 0.2734375 0.6118556701030928 0.030330882352941176 0.05257731958762887
9 0.28768382352941174 0.6087628865979382 0.03125 0.050515463917525774
9 0.3170955882352941 0.6077319587628867 0.03125 0.05257731958762887
9 0.3327205882352941 0.6061855670103093 0.029411764705882353 0.051546391752577324
9 0.3474264705882353 0.6046391752577319 0.03125 0.05463917525773196
9 0.3782169117647059 0.6025773195876288 0.03216911764705882 0.05257731958762887
9 0.3947610294117647 0.6015463917525773 0.030330882352941176 0.05257731958762887
9 0.2192095588235294 0.5365979381443299 0.02849264705882353 0.05257731958762887
9 0.2780330882352941 0.5314432989690722 0.030330882352941176 0.05257731958762887
9 0.2922794117647059 0.5304123711340206 0.029411764705882353 0.05257731958762887
9 0.3203125 0.5268041237113402 0.030330882352941176 0.0577319587628866
9 0.3795955882352941 0.522680412371134 0.029411764705882353 0.0577319587628866
9 0.4834558823529412 0.5154639175257733 0.029411764705882353 0.05567010309278351
9 0.49816176470588236 0.5139175257731959 0.03125 0.05670103092783505
9 0.5142463235294118 0.5154639175257733 0.02665441176470588 0.053608247422680416
9 0.5592830882352942 0.5139175257731959 0.030330882352941176 0.05463917525773196
9 0.5735294117647058 0.511340206185567 0.03125 0.053608247422680416
9 0.4623161764705882 0.14587628865979382 0.034926470588235295 0.05463917525773196
9 0.47840073529411764 0.14381443298969074 0.03400735294117647 0.05463917525773196
9 0.5110294117647058 0.14123711340206185 0.03676470588235294 0.053608247422680416
9 0.5289522058823529 0.1402061855670103 0.03768382352941176 0.05567010309278351
9 0.546875 0.138659793814433 0.03676470588235294 0.05463917525773196
9 0.5298713235294118 0.7025773195876289 0.05238970588235294 0.06907216494845361
9 0.4728860294117647 0.7087628865979382 0.04871323529411765 0.0711340206185567
9 0.6171875 0.13711340206185568 0.03768382352941176 0.053608247422680416
9 0.4554227941176471 0.709278350515464 0.046875 0.07010309278350516
9 0.1291360294117647 0.44948453608247424 0.046875 0.016494845360824743
9 0.06571691176470588 0.45927835051546395 0.050551470588235295 0.013402061855670104
9 0.06571691176470588 0.4752577319587629 0.046875 0.016494845360824743
9 0.07169117647058823 0.493298969072165 0.04779411764705882 0.01752577319587629
9 0.07123161764705882 0.5092783505154639 0.050551470588235295 0.01443298969072165
9 0.07123161764705882 0.5278350515463918 0.050551470588235295 0.01443298969072165
9 0.07261029411764706 0.5494845360824743 0.04595588235294117 0.01443298969072165
9 0.07215073529411764 0.5701030927835051 0.050551470588235295 0.016494845360824743
9 0.11672794117647059 0.6536082474226804 0.04779411764705882 0.01443298969072165
9 0.10707720588235294 0.6711340206185568 0.07077205882352941 0.016494845360824743
9 0.10753676470588235 0.6876288659793814 0.06985294117647059 0.016494845360824743
9 0.10845588235294118 0.7041237113402062 0.06985294117647059 0.016494845360824743
9 0.11948529411764705 0.7201030927835051 0.04779411764705882 0.015463917525773196
9 0.109375 0.7355670103092784 0.07169117647058823 0.015463917525773196
9 0.12178308823529412 0.7695876288659794 0.04871323529411765 0.015463917525773196
9 0.2734375 0.7288659793814433 0.04871323529411765 0.07010309278350516
9 0.2913602941176471 0.727319587628866 0.04779411764705882 0.0711340206185567
9 0.3088235294117647 0.7257731958762886 0.04779411764705882 0.07216494845360825
9 0.3272058823529412 0.7242268041237113 0.04779411764705882 0.0711340206185567
9 0.3469669117647059 0.7201030927835051 0.046875 0.0711340206185567
9 0.3648897058823529 0.7185567010309278 0.04779411764705882 0.07010309278350516
9 0.38143382352941174 0.7175257731958763 0.051470588235294115 0.07216494845360825
9 0.40027573529411764 0.715979381443299 0.050551470588235295 0.0711340206185567
9 0.4186580882352941 0.7144329896907217 0.050551470588235295 0.07216494845360825
9 0.43612132352941174 0.7128865979381444 0.04871323529411765 0.0731958762886598
9 0.5978860294117647 0.13814432989690723 0.03952205882352941 0.0577319587628866
9 0.6351102941176471 0.1365979381443299 0.03676470588235294 0.05463917525773196
10 0.5179227941176471 0.2556701030927835 0.008272058823529412 0.020618556701030927
10 0.32950367647058826 0.22422680412371135 0.017463235294117647 0.01134020618556701
10 0.35661764705882354 0.22010309278350515 0.01838235294117647 0.009278350515463918
10 0.3538602941176471 0.20927835051546392 0.01838235294117647 0.010309278350515464
10 0.3318014705882353 0.21185567010309278 0.016544117647058824 0.01134020618556701
10 0.3290441176470588 0.20154639175257733 0.02022058823529412 0.01134020618556701
10 0.3272058823529412 0.18865979381443299 0.01838235294117647 0.012371134020618558
10 0.3529411764705882 0.16494845360824742 0.016544117647058824 0.010309278350515464
10 0.29549632352941174 0.13917525773195877 0.01011029411764706 0.020618556701030927
10 0.3051470588235294 0.138659793814433 0.011029411764705881 0.021649484536082474
10 0.3147977941176471 0.138659793814433 0.01011029411764706 0.021649484536082474
10 0.39568014705882354 0.1345360824742268 0.019301470588235295 0.01134020618556701
10 0.4172794117647059 0.13298969072164948 0.01838235294117647 0.010309278350515464
10 0.3947610294117647 0.14948453608247422 0.019301470588235295 0.012371134020618558
10 0.3947610294117647 0.1618556701030928 0.019301470588235295 0.012371134020618558
10 0.4181985294117647 0.15927835051546393 0.02022058823529412 0.01134020618556701
10 0.3988970588235294 0.17268041237113402 0.022058823529411763 0.01134020618556701
10 0.4209558823529412 0.18144329896907216 0.02022058823529412 0.012371134020618558
10 0.3998161764705882 0.19536082474226804 0.016544117647058824 0.01134020618556701
10 0.40027573529411764 0.20670103092783507 0.019301470588235295 0.013402061855670104
10 0.42003676470588236 0.20463917525773195 0.016544117647058824 0.01134020618556701
10 0.4241727941176471 0.2154639175257732 0.017463235294117647 0.012371134020618558
10 0.4007352941176471 0.21958762886597938 0.02022058823529412 0.012371134020618558
10 0.4209558823529412 0.22731958762886598 0.014705882352941176 0.01134020618556701
10 0.40441176470588236 0.23762886597938146 0.022058823529411763 0.013402061855670104
10 0.4232536764705882 0.24896907216494846 0.019301470588235295 0.015463917525773196
10 0.48713235294117646 0.25309278350515463 0.011029411764705881 0.021649484536082474
10 0.35661764705882354 0.2309278350515464 0.02022058823529412 0.012371134020618558
10 0.32950367647058826 0.2345360824742268 0.017463235294117647 0.01134020618556701
9 0.6521139705882353 0.13556701030927834 0.03952205882352941 0.05463917525773196
10 0.3304227941176471 0.2463917525773196 0.017463235294117647 0.012371134020618558
9 0.6695772058823529 0.13350515463917526 0.03768382352941176 0.05257731958762887
9 0.7054227941176471 0.1365979381443299 0.04136029411764706 0.058762886597938144
9 0.7265625 0.13608247422680414 0.04136029411764706 0.05567010309278351
9 0.7431066176470588 0.1345360824742268 0.04136029411764706 0.05670103092783505
9 0.7610294117647058 0.1324742268041237 0.04044117647058824 0.05463917525773196
9 0.8005514705882353 0.13298969072164948 0.042279411764705885 0.05567010309278351
10 0.17738970588235295 0.14175257731958762 0.01838235294117647 0.021649484536082474
10 0.1916360294117647 0.14072164948453608 0.015625 0.01752577319587629
10 0.20450367647058823 0.14329896907216494 0.017463235294117647 0.02268041237113402
10 0.21691176470588236 0.14329896907216494 0.022058823529411763 0.026804123711340208
10 0.22840073529411764 0.27628865979381445 0.013786764705882353 0.024742268041237116
10 0.23943014705882354 0.27628865979381445 0.011948529411764705 0.024742268041237116
10 0.2504595588235294 0.2737113402061856 0.01011029411764706 0.01958762886597938
10 0.2610294117647059 0.2731958762886598 0.009191176470588236 0.020618556701030927
10 0.2702205882352941 0.2731958762886598 0.011029411764705881 0.020618556701030927
10 0.2849264705882353 0.2618556701030928 0.02022058823529412 0.018556701030927835
10 0.2835477941176471 0.238659793814433 0.021139705882352942 0.01958762886597938
10 0.0896139705882353 0.6067010309278351 0.019301470588235295 0.034020618556701035
10 0.10110294117647059 0.6051546391752577 0.016544117647058824 0.03505154639175258
10 0.11167279411764705 0.6030927835051546 0.017463235294117647 0.03917525773195876
10 0.12270220588235294 0.6025773195876288 0.013786764705882353 0.03608247422680413
10 0.13373161764705882 0.6025773195876288 0.011948529411764705 0.034020618556701035
10 0.35753676470588236 0.2649484536082474 0.01838235294117647 0.012371134020618558
10 0.3998161764705882 0.26237113402061857 0.01838235294117647 0.01134020618556701
10 0.3561580882352941 0.2536082474226804 0.017463235294117647 0.010309278350515464
9 0.12959558823529413 0.3969072164948454 0.04595588235294117 0.012371134020618558
