10 0.8950366151342555 0.42458279845956354 0.043938161106590726 0.025032092426187418
9 0.69446704637917 0.3414634146341463 0.1033360455655004 0.06675224646983312
9 0.43002441008950365 0.6052631578947368 0.05939788445890968 0.05905006418485237
9 0.4467046379170057 0.6148908857509627 0.061838893409275834 0.05905006418485237
9 0.4625711960943857 0.25641848523748395 0.07892595606183889 0.037869062901155326
9 0.5223759153783564 0.26604621309370985 0.07648494711147275 0.04043645699614891
9 0.47965825874694873 0.358793324775353 0.10496338486574451 0.06675224646983312
9 0.5134255492270138 0.35526315789473684 0.10577705451586655 0.06611039794608473
9 0.5895036615134255 0.35044929396662383 0.10496338486574451 0.06546854942233632
9 0.6265256305939788 0.34788189987163026 0.10740439381611065 0.06546854942233632
9 0.661513425549227 0.3446726572528883 0.10577705451586655 0.06546854942233632
9 0.6155410903173312 0.4133504492939666 0.10496338486574451 0.06675224646983312
9 0.48128559804719284 0.6351091142490372 0.05939788445890968 0.05840821566110398
9 0.5785191212367778 0.4168806161745828 0.10414971521562245 0.06611039794608473
9 0.5679414157851912 0.4329268292682927 0.10252237591537836 0.06482670089858793
9 0.6529698942229455 0.412387676508344 0.10496338486574451 0.06611039794608473
9 0.6920260374288039 0.410783055198973 0.10496338486574451 0.06418485237483953
9 0.5048820179007323 0.465982028241335 0.10496338486574451 0.06546854942233632
9 0.5370219690805533 0.5054557124518613 0.10414971521562245 0.06739409499358151
9 0.6029292107404394 0.522785622593068 0.10577705451586655 0.06611039794608473
9 0.6387306753458096 0.5645057766367136 0.10252237591537836 0.06611039794608473
9 0.7087062652563059 0.5850449293966623 0.10577705451586655 0.06482670089858793
9 0.4141578519121237 0.5949935815147624 0.06021155410903173 0.05905006418485237
9 0.3950366151342555 0.5847240051347882 0.06265256305939788 0.05776636713735558
9 0.37957689178193654 0.5750962772785622 0.061025223759153785 0.05905006418485237
9 0.36208299430431246 0.5648267008985879 0.06021155410903173 0.05905006418485237
9 0.3360455655004068 0.39056482670089854 0.10414971521562245 0.06739409499358151
9 0.3205858421480879 0.4040436456996149 0.10577705451586655 0.06611039794608473
9 0.09235150528885272 0.39730423620025673 0.061025223759153785 0.06033376123234916
9 0.12652563059397884 0.4168806161745828 0.05939788445890968 0.05969191270860077
9 0.14483319772172498 0.4268292682926829 0.06021155410903173 0.05905006418485237
9 0.16192026037428803 0.4370988446726572 0.061838893409275834 0.05776636713735558
9 0.16965012205044752 0.45571245186136067 0.061025223759153785 0.05776636713735558
9 0.18917819365337674 0.46501925545571243 0.05939788445890968 0.05840821566110398
9 0.20626525630593978 0.47560975609756095 0.061025223759153785 0.05776636713735558
9 0.2225386493083808 0.4858793324775353 0.061025223759153785 0.05905006418485237
9 0.24003254678600489 0.4955070603337612 0.061838893409275834 0.05776636713735558
9 0.25793327908868996 0.5057766367137355 0.06021155410903173 0.06033376123234916
9 0.27502034174125306 0.5144415917843389 0.061838893409275834 0.05840821566110398
9 0.2921074043938161 0.5247111681643132 0.061838893409275834 0.05969191270860077
9 0.3096013018714402 0.5349807445442875 0.061025223759153785 0.05840821566110398
9 0.3262815296989422 0.5452503209242618 0.06021155410903173 0.05840821566110398
9 0.3441822620016273 0.5548780487804877 0.06021155410903173 0.05969191270860077
9 0.403986981285598 0.40821566110397944 0.10659072416598861 0.0693196405648267
9 0.43449959316517495 0.44704749679075734 0.10577705451586655 0.06482670089858793
9 0.46419853539462974 0.625160462130937 0.05939788445890968 0.05776636713735558
9 0.49959316517493896 0.6456996148908857 0.06021155410903173 0.05776636713735558
10 0.8751017087062652 0.41591784338896015 0.03661513425549227 0.021822849807445442
10 0.10943856794141578 0.352374839537869 0.03173311635475996 0.026957637997432605
10 0.2017900732302685 0.04845956354300385 0.030919446704637917 0.022464698331193838
10 0.19324654190398696 0.060012836970474964 0.03336045565500407 0.023748395378690626
10 0.18063466232709519 0.0699614890885751 0.03254678600488202 0.025673940949935813
10 0.1712774613506916 0.08087291399229782 0.03336045565500407 0.024390243902439022
10 0.14971521562245726 0.25481386392811295 0.03254678600488202 0.021822849807445442
10 0.19080553295362082 0.26636713735558404 0.03498779495524817 0.02053915275994865
10 0.06550040683482505 0.331193838254172 0.030105777054515864 0.025673940949935813
10 0.08136696501220504 0.33504492939666236 0.030919446704637917 0.025673940949935813
10 0.09601301871440195 0.3456354300385109 0.027664768104149716 0.025032092426187418
10 0.69446704637917 0.3087291399229782 0.03661513425549227 0.02053915275994865
9 0.5158665581773799 0.6543645699614891 0.061838893409275834 0.05840821566110398
10 0.7074857607811228 0.31867779204107827 0.03498779495524817 0.022464698331193838
10 0.725793327908869 0.3283055198973042 0.03580146460537022 0.021181001283697046
10 0.742473555736371 0.33729139922978174 0.03824247355573637 0.02631578947368421
10 0.758746948738812 0.3488446726572529 0.03498779495524817 0.022464698331193838
10 0.7713588283157038 0.36103979460847235 0.03254678600488202 0.019897304236200255
10 0.791700569568755 0.3671373555840821 0.03580146460537022 0.023106546854942234
10 0.807567127746135 0.37740693196405645 0.03336045565500407 0.01925545571245186
10 0.839300244100895 0.39569961489088573 0.03336045565500407 0.021181001283697046
10 0.853946297803092 0.40853658536585363 0.03824247355573637 0.023748395378690626
10 0.21847030105777054 0.027599486521181 0.030105777054515864 0.023106546854942234
10 0.11920260374288039 0.03209242618741977 0.03336045565500407 0.023106546854942234
10 0.10781122864117168 0.040757381258023105 0.028478437754271765 0.021181001283697046
10 0.0951993490642799 0.04910141206675224 0.029292107404393815 0.021181001283697046
9 0.5345809601301871 0.663992297817715 0.061838893409275834 0.05840821566110398
9 0.5512611879576892 0.6742618741976893 0.061025223759153785 0.05969191270860077
9 0.5683482506102522 0.6838896020539152 0.061025223759153785 0.05840821566110398
9 0.5846216436126932 0.6944801026957638 0.061025223759153785 0.05905006418485237
9 0.6045565500406834 0.7037869062901155 0.06021155410903173 0.05840821566110398
9 0.6204231082180635 0.714377406931964 0.05939788445890968 0.05905006418485237
9 0.6379170056956875 0.7249679075738126 0.061838893409275834 0.05969191270860077
9 0.6550040683482506 0.7345956354300385 0.06346623270951993 0.05969191270860077
9 0.6712774613506916 0.7448652118100128 0.06021155410903173 0.05840821566110398
9 0.6895850284784377 0.7551347881899871 0.05939788445890968 0.05840821566110398
9 0.726606997558991 0.4056482670089859 0.10577705451586655 0.06675224646983312
9 0.7607811228641171 0.40308087291399225 0.10414971521562245 0.06675224646983312
9 0.7982099267697315 0.4017971758664955 0.10414971521562245 0.0680359435173299
9 0.7518307567127746 0.4695121951219512 0.10903173311635475 0.06611039794608473
9 0.7904800650935719 0.467586649550706 0.10496338486574451 0.0699614890885751
9 0.823840520748576 0.4637355584082156 0.1017087062652563 0.07124518613607188
9 0.8592351505288852 0.4621309370988446 0.10414971521562245 0.07188703465982027
9 0.7794955248169243 0.579589216944801 0.07323026851098453 0.048780487804878044
10 0.0870626525630594 0.06097560975609756 0.03580146460537022 0.026957637997432605
9 0.2636289666395443 0.2901155327342747 0.07973962571196094 0.035943517329910135
