10 0.8382084095063985 0.3241710296684119 0.038391224862888484 0.013089005235602094
9 0.7970749542961608 0.38263525305410123 0.07678244972577697 0.02705061082024433
9 0.8180987202925045 0.48647469458987785 0.08226691042047532 0.028795811518324606
9 0.8144424131627057 0.4712041884816754 0.07861060329067641 0.027923211169284468
9 0.8089579524680073 0.455933682373473 0.07861060329067641 0.028795811518324606
9 0.8043875685557587 0.4406631762652705 0.08409506398537477 0.029668411867364748
9 0.803473491773309 0.4267015706806283 0.07861060329067641 0.029668411867364748
9 0.8007312614259597 0.4118673647469459 0.07678244972577697 0.027923211169284468
9 0.8016453382084096 0.39834205933682376 0.08957952468007313 0.03228621291448517
9 0.7906764168190128 0.36605584642233857 0.08226691042047532 0.028795811518324606
10 0.8528336380255942 0.31762652705061084 0.031078610603290677 0.017452006980802792
9 0.5840950639853748 0.36954624781849915 0.06398537477148081 0.02181500872600349
9 0.5959780621572212 0.37914485165794065 0.051188299817184646 0.02006980802792321
9 0.593235831809872 0.393542757417103 0.06764168190127971 0.022687609075043632
9 0.6023765996343693 0.40532286212914487 0.08592321755027423 0.02705061082024433
9 0.5996343692870201 0.4179755671902269 0.06581352833638025 0.022687609075043632
9 0.6087751371115173 0.43106457242582896 0.08409506398537477 0.027923211169284468
9 0.6124314442413162 0.44458987783595116 0.08409506398537477 0.028795811518324606
9 0.819926873857404 0.5013089005235603 0.08226691042047532 0.030541012216404886
9 0.8244972577696527 0.5161431064572426 0.08043875685557587 0.028795811518324606
9 0.8263254113345521 0.5318499127399651 0.08043875685557587 0.030541012216404886
9 0.8244972577696527 0.5431937172774869 0.08409506398537477 0.028795811518324606
10 0.4625228519195612 0.041012216404886566 0.03290676416819013 0.017452006980802792
10 0.34643510054844606 0.056719022687609075 0.038391224862888484 0.015706806282722512
10 0.3820840950639854 0.06064572425828971 0.03656307129798903 0.016579406631762654
10 0.3857404021937843 0.039703315881326355 0.03290676416819013 0.014834205933682374
10 0.40676416819012795 0.015270506108202443 0.02010968921389397 0.02006980802792321
10 0.3857404021937843 0.019197207678883072 0.025594149908592323 0.017452006980802792
10 0.3619744058500914 0.02225130890052356 0.025594149908592323 0.016579406631762654
10 0.3436928702010969 0.02530541012216405 0.025594149908592323 0.019197207678883072
10 0.3235831809872029 0.026614310645724257 0.029250457038391225 0.018324607329842934
10 0.048446069469835464 0.07940663176265271 0.031078610603290677 0.010471204188481676
10 0.04570383912248629 0.0636998254799302 0.03290676416819013 0.008726003490401396
10 0.044789762340036565 0.07242582897033159 0.031078610603290677 0.010471204188481676
10 0.038391224862888484 0.04712041884816754 0.03290676416819013 0.010471204188481676
10 0.03290676416819013 0.0318499127399651 0.03290676416819013 0.011343804537521816
10 0.03016453382084095 0.02443280977312391 0.03473491773308958 0.012216404886561954
9 0.6160877513711152 0.455933682373473 0.08409506398537477 0.028795811518324606
9 0.6197440585009141 0.46771378708551486 0.08409506398537477 0.027923211169284468
9 0.6224862888482633 0.4816753926701571 0.08592321755027423 0.027923211169284468
9 0.5292504570383912 0.49258289703315883 0.07861060329067641 0.02705061082024433
9 0.5356489945155393 0.5309773123909249 0.08409506398537477 0.02705061082024433
9 0.3702010968921389 0.5170157068062827 0.08592321755027423 0.02705061082024433
9 0.37751371115173676 0.5593368237347295 0.08226691042047532 0.02617801047120419
9 0.8446069469835467 0.6047120418848168 0.08409506398537477 0.029668411867364748
9 0.553016453382084 0.5924956369982548 0.08592321755027423 0.029668411867364748
9 0.4049360146252285 0.6138743455497382 0.08226691042047532 0.016579406631762654
9 0.4085923217550274 0.62478184991274 0.08226691042047532 0.015706806282722512
9 0.41681901279707495 0.6356893542757417 0.08043875685557587 0.014834205933682374
9 0.42321755027422303 0.6470331588132635 0.07861060329067641 0.013089005235602094
9 0.42413162705667273 0.6583769633507853 0.07678244972577697 0.013089005235602094
9 0.4826325411334552 0.6906631762652705 0.029250457038391225 0.03926701570680628
9 0.5054844606946983 0.6897905759162304 0.02376599634369287 0.03926701570680628
9 0.5283363802559415 0.68717277486911 0.029250457038391225 0.037521815008726006
9 0.553016453382084 0.6854275741710297 0.027422303473491772 0.03926701570680628
9 0.6956124314442413 0.6671029668411868 0.027422303473491772 0.041012216404886566
9 0.36288848263254114 0.49127399650959863 0.08592321755027423 0.02617801047120419
9 0.5228519195612431 0.4694589877835951 0.08043875685557587 0.027923211169284468
9 0.6279707495429616 0.49345549738219896 0.08592321755027423 0.028795811518324606
9 0.3555758683729433 0.4629144851657941 0.08957952468007313 0.02530541012216405
9 0.6316270566727605 0.506108202443281 0.08592321755027423 0.027923211169284468
9 0.6371115173674589 0.5301047120418848 0.08592321755027423 0.028795811518324606
9 0.6407678244972578 0.5423211169284468 0.08592321755027423 0.02705061082024433
9 0.5091407678244972 0.43019197207678883 0.08592321755027423 0.027923211169284468
9 0.5045703839122486 0.41841186736474695 0.08775137111517367 0.02705061082024433
9 0.5009140767824497 0.40445026178010474 0.08409506398537477 0.02705061082024433
9 0.4963436928702011 0.3800174520069808 0.07861060329067641 0.02705061082024433
9 0.2851919561243144 0.15968586387434555 0.04021937842778794 0.041884816753926704
9 0.25594149908592323 0.18760907504363003 0.021937842778793418 0.038394415357766144
9 0.6307129798903108 0.2901396160558464 0.025594149908592323 0.04450261780104712
9 0.5978062157221207 0.29319371727748694 0.018281535648994516 0.041884816753926704
9 0.5521023765996343 0.29232111692844676 0.021937842778793418 0.038394415357766144
9 0.396709323583181 0.36736474694589877 0.04753199268738574 0.038394415357766144
9 0.34552102376599636 0.4349912739965096 0.08775137111517367 0.02530541012216405
9 0.3473491773308958 0.44851657940663175 0.08775137111517367 0.02617801047120419
10 0.47714808043875684 0.04712041884816754 0.03290676416819013 0.015706806282722512
10 0.49085923217550276 0.05235602094240838 0.031078610603290677 0.017452006980802792
10 0.5045703839122486 0.06195462478184991 0.03290676416819013 0.017452006980802792
10 0.7486288848263254 0.23516579406631763 0.038391224862888484 0.018324607329842934
10 0.7705667276051188 0.22033158813263526 0.038391224862888484 0.016579406631762654
10 0.783363802559415 0.21378708551483422 0.03473491773308958 0.013961605584642234
10 0.7952468007312614 0.2081151832460733 0.03656307129798903 0.016579406631762654
10 0.8875685557586838 0.21291448516579406 0.03473491773308958 0.015706806282722512
10 0.8756855575868373 0.16273996509598604 0.03656307129798903 0.016579406631762654
10 0.8638025594149908 0.168848167539267 0.03473491773308958 0.016579406631762654
10 0.8811700182815356 0.1343804537521815 0.03290676416819013 0.015706806282722512
10 0.8619744058500914 0.13045375218150088 0.03473491773308958 0.018324607329842934
10 0.8519195612431444 0.12347294938917976 0.029250457038391225 0.016579406631762654
10 0.819926873857404 0.11343804537521815 0.03473491773308958 0.017452006980802792
10 0.8382084095063985 0.11692844677137872 0.031078610603290677 0.015706806282722512
10 0.943327239488117 0.10907504363001745 0.03290676416819013 0.020942408376963352
10 0.9296160877513712 0.10383944153577662 0.031078610603290677 0.020942408376963352
10 0.9149908592321755 0.09729493891797557 0.038391224862888484 0.02006980802792321
10 0.8884826325411335 0.08638743455497383 0.03290676416819013 0.017452006980802792
10 0.7577696526508226 0.22905759162303665 0.03473491773308958 0.014834205933682374
10 0.8985374771480804 0.23167539267015708 0.031078610603290677 0.014834205933682374
10 0.8574040219378428 0.07504363001745201 0.029250457038391225 0.019197207678883072
10 0.886654478976234 0.23691099476439792 0.029250457038391225 0.014834205933682374
10 0.903107861060329 0.31326352530541013 0.029250457038391225 0.013961605584642234
10 0.9131627056672761 0.3054101221640489 0.027422303473491772 0.012216404886561954
10 0.8647166361974405 0.3110820244328098 0.03290676416819013 0.014834205933682374
10 0.8848263254113345 0.2975567190226876 0.03290676416819013 0.017452006980802792
10 0.8930530164533821 0.28970331588132636 0.03473491773308958 0.017452006980802792
10 0.9351005484460695 0.293630017452007 0.03473491773308958 0.014834205933682374
10 0.946983546617916 0.28664921465968585 0.029250457038391225 0.013089005235602094
10 0.9149908592321755 0.2774869109947644 0.03473491773308958 0.015706806282722512
10 0.7376599634369287 0.29842931937172773 0.03473491773308958 0.015706806282722512
10 0.7659963436928702 0.28141361256544506 0.03656307129798903 0.016579406631762654
10 0.7787934186471663 0.27225130890052357 0.03290676416819013 0.015706806282722512
10 0.8464351005484461 0.2648342059336824 0.03290676416819013 0.016579406631762654
10 0.793418647166362 0.2670157068062827 0.03290676416819013 0.013961605584642234
10 0.8674588665447898 0.2513089005235602 0.03473491773308958 0.015706806282722512
10 0.8756855575868373 0.24389179755671903 0.03290676416819013 0.016579406631762654
10 0.8720292504570384 0.07984293193717278 0.03656307129798903 0.02006980802792321
10 0.8391224862888482 0.06980802792321117 0.029250457038391225 0.019197207678883072
10 0.5228519195612431 0.06457242582897034 0.029250457038391225 0.017452006980802792
10 0.170018281535649 0.5170157068062827 0.018281535648994516 0.016579406631762654
10 0.11791590493601463 0.5191972076788831 0.02010968921389397 0.015706806282722512
10 0.10237659963436929 0.5213787085514834 0.021937842778793418 0.016579406631762654
10 0.08592321755027423 0.5222513089005236 0.018281535648994516 0.016579406631762654
10 0.25045703839122485 0.49345549738219896 0.018281535648994516 0.018324607329842934
10 0.2312614259597806 0.4956369982547993 0.02010968921389397 0.013961605584642234
10 0.1809872029250457 0.49956369982547993 0.018281535648994516 0.014834205933682374
10 0.1453382084095064 0.5030541012216405 0.016453382084095063 0.014834205933682374
10 0.12888482632541134 0.5021815008726004 0.02010968921389397 0.016579406631762654
10 0.09689213893967093 0.506108202443281 0.014625228519195612 0.015706806282722512
10 0.06672760511882998 0.5069808027923212 0.02010968921389397 0.015706806282722512
10 0.4835466179159049 0.36780104712041883 0.04204753199268738 0.011343804537521816
10 0.08043875685557587 0.09162303664921466 0.03290676416819013 0.020942408376963352
10 0.2806215722120658 0.09467713787085515 0.03473491773308958 0.016579406631762654
10 0.3117001828153565 0.09729493891797557 0.03473491773308958 0.016579406631762654
10 0.3372943327239488 0.08507853403141362 0.038391224862888484 0.016579406631762654
10 0.13619744058500913 0.5196335078534031 0.02010968921389397 0.016579406631762654
10 0.1882998171846435 0.5143979057591623 0.021937842778793418 0.016579406631762654
10 0.7915904936014625 0.055410122164048864 0.03290676416819013 0.018324607329842934
10 0.22212065813528337 0.5135253054101222 0.02376599634369287 0.018324607329842934
10 0.7815356489945156 0.04668411867364747 0.03473491773308958 0.018324607329842934
10 0.7669104204753199 0.04057591623036649 0.031078610603290677 0.018324607329842934
10 0.7541133455210237 0.033595113438045374 0.03473491773308958 0.02006980802792321
10 0.7422303473491774 0.027923211169284468 0.03656307129798903 0.019197207678883072
10 0.7248628884826326 0.02443280977312391 0.031078610603290677 0.015706806282722512
10 0.7056672760511883 0.01963350785340314 0.029250457038391225 0.018324607329842934
10 0.6892138939670932 0.013961605584642234 0.03290676416819013 0.019197207678883072
10 0.7111517367458866 0.07329842931937174 0.03290676416819013 0.019197207678883072
10 0.70018281535649 0.06588132635253054 0.029250457038391225 0.018324607329842934
10 0.6828153564899452 0.060209424083769635 0.03473491773308958 0.017452006980802792
10 0.6672760511882998 0.0549738219895288 0.029250457038391225 0.015706806282722512
10 0.6553930530164533 0.04799301919720768 0.03473491773308958 0.019197207678883072
10 0.6407678244972578 0.04406631762652705 0.031078610603290677 0.016579406631762654
10 0.2586837294332724 0.5113438045375218 0.016453382084095063 0.017452006980802792
10 0.24040219378427788 0.5104712041884817 0.02010968921389397 0.015706806282722512
9 0.8519195612431444 0.768760907504363 0.029250457038391225 0.04013961605584642
