7 0.5924867292772561 0.7814710042432814 0.008574928542262147 0.026874115983026876
7 0.7755206206614945 0.44955209806694957 0.009187423438138016 0.07119283356907119
7 0.6403634136382197 0.4667609618104668 0.017354022049816252 0.027345591702027345
7 0.6476112699060842 0.4504950495049505 0.016333197223356473 0.02876001885902876
7 0.661800734993875 0.4619283356907119 0.019804001633319725 0.05822725129655823
7 0.6720089832584729 0.46322489391796323 0.012862392813393223 0.04667609618104668
7 0.7051857901184158 0.4763083451202263 0.031849734585545124 0.08981612446958982
7 0.7279501837484688 0.4532060348892032 0.014904042466312781 0.0719000471475719
7 0.7460187831768069 0.4510843941537011 0.019599836668027767 0.07425742574257425
7 0.7852184565128625 0.4391796322489392 0.008166598611678236 0.04526166902404526
7 0.8825030624744794 0.3009193776520509 0.03164556962025317 0.021923620933521924
7 0.7942017149857085 0.4349363507779349 0.0057166190281747655 0.037246581801037244
7 0.837688852592895 0.43399339933993397 0.02000816659861168 0.030174446016030174
7 0.8720906492445897 0.4042904290429043 0.03695385871784402 0.02593116454502593
7 0.8711719069007758 0.39026402640264024 0.025724785626786446 0.017208863743517207
7 0.875459371171907 0.3706977840641207 0.025316455696202535 0.020980669495520982
7 0.8792364230298081 0.35879302215935877 0.026337280522662314 0.01603017444601603
7 0.8783176806859944 0.3355728429985856 0.018783176806859946 0.01438000942951438
7 0.6367905267456105 0.48066949552098065 0.027766435279706004 0.039132484677039135
7 0.7986933442221316 0.5977133427628477 0.012249897917517355 0.04408297972654408
7 0.7629644752960393 0.6221122112211221 0.019191506737443857 0.03583215464403583
7 0.7526541445487954 0.6338991041961339 0.01449571253572887 0.026874115983026876
7 0.6032053899550838 0.7700377180575201 0.0120457329522254 0.03371051390853371
7 0.6143323805634954 0.7673267326732673 0.015924867292772562 0.027345591702027345
7 0.6234177215189873 0.7608439415370108 0.01653736218864843 0.02616690240452617
7 0.634442629644753 0.7524752475247525 0.01653736218864843 0.028288543140028287
7 0.6405675786035117 0.7372701555869873 0.024295630869742752 0.043611504007543614
7 0.6553695385871785 0.7400990099009901 0.015108207431604737 0.025695426685525696
7 0.6638423846467947 0.7227722772277227 0.021028991425071458 0.039603960396039604
7 0.6734381380155166 0.7155822725129656 0.021028991425071458 0.038896746817538894
7 0.6808901592486729 0.7078029231494578 0.022866476112699062 0.04031117397454031
7 0.689669252756227 0.6966053748231966 0.025316455696202535 0.04148986327204149
7 0.7008983258472846 0.683993399339934 0.023683135973866884 0.041254125412541254
7 0.7184565128623929 0.6793965110796794 0.015108207431604737 0.02263083451202263
7 0.7236627194773377 0.6628948609146629 0.021028991425071458 0.033003300330033
7 0.735912617394855 0.6553512494106554 0.013679052674561046 0.024045261669024046
7 0.7406084115965701 0.6377887788778878 0.022662311147407105 0.03936822253653937
7 0.8837280522662312 0.32083922677982085 0.03695385871784402 0.02215935879302216
7 0.8878113515720703 0.2758132956152758 0.0259289505920784 0.009900990099009901
7 0.5779910167415272 0.7901933050447902 0.008166598611678236 0.02215935879302216
7 0.2265210289914251 0.09264497878359264 0.019804001633319725 0.010843941537010843
7 0.10402204981625153 0.36468646864686466 0.009595753368721928 0.0297029702970297
7 0.08830134748877093 0.363979255068364 0.01000408329930584 0.031117397454031116
7 0.07799101674152716 0.3595002357378595 0.010208248264597795 0.03536067892503536
7 0.24030216414863212 0.16077322017916076 0.025724785626786446 0.01885902876001886
7 0.23193140057166192 0.14533239038189533 0.02694977541853818 0.016265912305516265
7 0.2307064107799102 0.12706270627062707 0.025316455696202535 0.011786892975011787
7 0.2287668436096366 0.1074964639321075 0.025112290730910578 0.017916077322017915
7 0.22049816251531237 0.0810938236680811 0.0240914659044508 0.01272984441301273
7 0.8630053082890976 0.24057048561999056 0.01837484687627603 0.02145214521452145
7 0.21049407921600655 0.06789250353606789 0.03144140465496121 0.016973125884016973
7 0.20906492445896285 0.053276756247053275 0.026541445487954268 0.010372465818010372
7 0.21968150265414457 0.03653936822253654 0.015108207431604737 0.007543611504007544
7 0.22019191506737446 0.025106082036775106 0.015720702327480605 0.009193776520509194
7 0.2227439771335239 0.01107967939651108 0.014291547570436915 0.009900990099009901
7 0.029808084932625562 0.021923620933521924 0.026133115557370357 0.033474776049033476
7 0.1273989383421805 0.047972654408297975 0.004899959167006942 0.020037718057520037
7 0.12096774193548387 0.34016973125884015 0.013270722743977134 0.029231494578029232
7 0.1134136382196815 0.36727958510136727 0.009595753368721928 0.026874115983026876
7 0.13178848509595753 0.3662187647336162 0.0120457329522254 0.023809523809523808
7 0.14842792976725194 0.36786892975011787 0.014699877501020826 0.03371051390853371
7 0.8434054716210698 0.22972654408297974 0.01755818701510821 0.016737388024516738
7 0.8265618619844836 0.21711456859971712 0.020620661494487547 0.024516737388024516
7 0.8005308289097591 0.19825553983969826 0.03389138423846468 0.027345591702027345
7 0.7912413229889751 0.18564356435643564 0.028787260106165783 0.021923620933521924
7 0.7912413229889751 0.17291371994342292 0.03001224989791752 0.019566242338519568
7 0.7833809718252348 0.15876944837340876 0.026133115557370357 0.018151815181518153
7 0.7751122907309106 0.13566713814238568 0.018170681910984077 0.010136727958510137
7 0.7783789301755819 0.1140971239981141 0.03246222948142099 0.012258368694012258
7 0.7752143732135566 0.0843941537010844 0.02245814618211515 0.011786892975011787
7 0.7763372805226624 0.06883545497406883 0.01245406288280931 0.007543611504007544
7 0.24346672111065742 0.43033946251768035 0.016129032258064516 0.02333804809052334
7 0.22488770926908944 0.4140735502121641 0.020620661494487547 0.02758132956152758
7 0.20590036749693755 0.3935643564356436 0.019804001633319725 0.02993870815652994
7 0.1846672111065741 0.38248467703913247 0.01857901184156799 0.03323903818953324
7 0.1653736218864843 0.37682696841112684 0.015108207431604737 0.029467232437529467
7 0.8002245814618212 0.8520744931636021 0.014904042466312781 0.01768033946251768
7 0.819314005716619 0.831093823668081 0.014291547570436915 0.015794436586515793
7 0.8231931400571663 0.8158887317303158 0.0032666394446712946 0.004243281471004243
7 0.4102694977541854 0.8645685997171145 0.014904042466312781 0.020037718057520037
7 0.48091057574520213 0.8107024988213107 0.014087382605144957 0.028288543140028287
7 0.4671294405879951 0.8188354549740688 0.01551653736218865 0.02428099952852428
7 0.4559003674969376 0.8252003771805752 0.011433238056349531 0.019566242338519568
7 0.44436504695794204 0.9073550212164073 0.005104124132298897 0.006129184347006129
7 0.43783176806859947 0.8963932107496464 0.007962433646386281 0.009193776520509194
7 0.42905267456104534 0.8876709099481377 0.006737443854634545 0.008722300801508723
7 0.4208860759493671 0.8722300801508722 0.012862392813393223 0.016973125884016973
7 0.36423029808084934 0.8241395568128241 0.011433238056349531 0.014144271570014143
7 0.8328909759085341 0.8070485619990571 0.004695794201714986 0.006364922206506365
7 0.40026541445487956 0.849009900990099 0.022253981216823194 0.03041018387553041
7 0.33217639853001224 0.8653936822253654 0.013066557778685178 0.013201320132013201
7 0.3322784810126582 0.8465346534653465 0.0034708044099632505 0.005186232909005186
7 0.31145365455287877 0.8569071192833569 0.01000408329930584 0.011315417256011316
7 0.5766639444671294 0.4760726072607261 0.021437321355655372 0.02428099952852428
7 0.5493058391180073 0.4664073550212164 0.03940383830134749 0.049269212635549266
7 0.5459371171906902 0.4497878359264498 0.02490812576561862 0.033003300330033
7 0.49397713352388734 0.8136492220650636 0.007554103715802368 0.020037718057520037
7 0.4474275214373214 0.7563649222065063 0.021028991425071458 0.025695426685525696
7 0.43374846876276035 0.706034889203206 0.02388730093915884 0.02545968882602546
7 0.41915067374438547 0.7047383309759547 0.021233156390363415 0.024752475247524754
7 0.5664556962025317 0.795025931164545 0.01245406288280931 0.026638378123526638
7 0.5525724785626787 0.7992692126355493 0.017762351980400163 0.03323903818953324
7 0.5442017149857085 0.8088165959453089 0.013270722743977134 0.02593116454502593
7 0.5309309922417313 0.8051626591230552 0.01694569211923234 0.035596416784535595
7 0.5161290322580645 0.8035124941065535 0.016333197223356473 0.037953795379537955
7 0.5080645161290323 0.80999528524281 0.0120457329522254 0.023573785950023574
7 0.35310330747243773 0.5716643092880717 0.021437321355655372 0.024516737388024516
7 0.36269906084115966 0.5898161244695899 0.03695385871784402 0.037246581801037244
7 0.37035524703960804 0.6043140028288543 0.03960800326663945 0.04408297972654408
7 0.3670886075949367 0.6238802451673738 0.02858309514087383 0.03088165959453088
7 0.3708656594528379 0.6410891089108911 0.025112290730910578 0.028052805280528052
7 0.38178848509595753 0.6665487977369166 0.0240914659044508 0.02710985384252711
7 0.39199673336055535 0.6737388024516737 0.0310330747243773 0.03583215464403583
7 0.39567170273581054 0.6922442244224423 0.01551653736218865 0.016737388024516738
7 0.4064924458962842 0.7015558698727016 0.02449979583503471 0.026402640264026403
7 0.5388934258881176 0.4374115983026874 0.021437321355655372 0.02758132956152758
7 0.5273581053491221 0.4306930693069307 0.02939975500204165 0.03583215464403583
7 0.5201102490812577 0.4177274870344177 0.02347897100857493 0.027817067421027818
7 0.4020008166598612 0.303983969825554 0.02204981625153124 0.029467232437529467
7 0.379746835443038 0.2881895332390382 0.02000816659861168 0.028052805280528052
7 0.26704777460187834 0.44896275341819897 0.01755818701510821 0.020037718057520037
7 0.2784810126582279 0.4510843941537011 0.01837484687627603 0.02428099952852428
7 0.3237035524703961 0.5383074021687883 0.022662311147407105 0.02710985384252711
7 0.2589832584728461 0.5635313531353136 0.021437321355655372 0.02333804809052334
7 0.8482033483054309 0.6361386138613861 0.03205389955083708 0.04455445544554455
7 0.8678031849734587 0.6445073078736445 0.027562270314414047 0.040075436115040074
7 0.8769906084115966 0.6578264969354078 0.020212331563903636 0.02616690240452617
7 0.9027153940383831 0.6759783121169259 0.015720702327480605 0.02333804809052334
7 0.9192527562270315 0.6849363507779349 0.024703960800326667 0.028524280999528525
7 0.9431400571661903 0.71004243281471 0.013679052674561046 0.014144271570014143
7 0.902919559003675 0.7956152758132956 0.017354022049816252 0.02545968882602546
7 0.8927113107390772 0.803041018387553 0.018170681910984077 0.025695426685525696
7 0.8840342997141691 0.8053983969825554 0.014699877501020826 0.02333804809052334
7 0.8577991016741527 0.8045733144743046 0.010412413229889752 0.013201320132013201
7 0.3681094324213965 0.27828854314002827 0.017149857084524295 0.02333804809052334
7 0.35820743160473667 0.26815181518151815 0.018170681910984077 0.02333804809052334
7 0.5179665169456922 0.40134370579915135 0.008574928542262147 0.01107967939651108
7 0.34289505920783997 0.2666195190947666 0.03246222948142099 0.036775106082036775
7 0.5035728868926093 0.4024045261669024 0.024703960800326667 0.03206034889203206
7 0.4983666802776644 0.38437057991513435 0.01755818701510821 0.02145214521452145
7 0.4879542670477746 0.3781235266383781 0.025724785626786446 0.03206034889203206
7 0.4801959983666803 0.36586515794436586 0.0240914659044508 0.031117397454031116
7 0.46947733768885264 0.35997171145685997 0.025112290730910578 0.03253182461103253
7 0.4648836259697836 0.3454738330975955 0.01551653736218865 0.020037718057520037
7 0.4511024908125766 0.3404054691183404 0.021437321355655372 0.0297029702970297
7 0.4404859126173949 0.33085808580858084 0.02388730093915884 0.02993870815652994
7 0.42537770518579016 0.31011315417256013 0.017354022049816252 0.02333804809052334
7 0.2765414454879543 0.20733144743045734 0.01694569211923234 0.02333804809052334
7 0.3022662311147407 0.2151107967939651 0.01939567170273581 0.02616690240452617
7 0.3158432013066558 0.21982555398396983 0.020824826459779504 0.02616690240452617
7 0.3218660677827685 0.23385195662423386 0.027562270314414047 0.03583215464403583
7 0.33697427521437323 0.23503064592173503 0.02347897100857493 0.030645921735030647
7 0.34473254389546754 0.2492927864214993 0.024295630869742752 0.02993870815652994
7 0.06420988158432013 0.03323903818953324 0.01939567170273581 0.03536067892503536
