0 0.9150349171573325 0.6384967190296281 0.05490894153087772 0.07158480811294492
0 0.20717513350677802 0.5293298866573871 0.02081336437080652 0.02783853648836747
0 0.2564014788443105 0.8308808908331676 0.018211693824455703 0.024855836150328096
0 0.22203204162672874 0.8048319745476238 0.019854854169519376 0.026048916285543844
0 0.18423935369026426 0.7852455756611652 0.02615363549226345 0.0441439650029827
0 0.22696152266191974 0.7534301053887452 0.015473093249349581 0.03181547027241996
0 0.19957551691085854 0.7009345794392523 0.01930713405449815 0.030224696758798963
0 0.26030398466383675 0.672499502883277 0.019444064083253457 0.031020083515609465
0 0.2709845269067506 0.5867965798369457 0.016705463508147337 0.01630542851461523
0 0.2405860605230727 0.5804334857824617 0.017800903738189783 0.029429310001988465
0 0.21723949062029302 0.5804334857824617 0.02615363549226345 0.037383177570093455
0 0.16678077502396274 0.5504076357128653 0.02300424483089141 0.03459932392125671
0 0.19498836094755578 0.41539073374428315 0.023551964945912638 0.03459932392125671
0 0.3864165411474736 0.8231258699542652 0.01615774339312611 0.018492742095844103
0 0.2344242092290839 0.33426128454961224 0.023278104888402026 0.03459932392125671
0 0.20162946734218812 0.3210379797176377 0.01930713405449815 0.030821236826406837
0 0.2453786115295084 0.26844303042354345 0.021908804600848965 0.02744084310996222
0 0.25496371354237984 0.19486975541857227 0.027386005751061204 0.037780870948498704
0 0.1847870738052855 0.13601113541459534 0.02341503491715733 0.03261085702923046
0 0.34698069286594546 0.09186717041161264 0.015062303163083664 0.027043149731556967
0 0.36977954265370394 0.08967985683038376 0.019854854169519376 0.03420163054285146
0 0.3922360673695741 0.09246371047922052 0.01382993290428591 0.02783853648836747
0 0.35636039983568396 0.6883078146748857 0.016294673421881418 0.018890435474249352
0 0.3321237847459948 0.7225094452177371 0.012734492674243461 0.023265062636707096
0 0.2542790633986033 0.86060847086896 0.019444064083253457 0.024656989461125472
0 0.2856360399835684 0.9434281169218532 0.01341914281801999 0.026048916285543844
0 0.2683828563603998 0.9417379200636309 0.01615774339312611 0.029429310001988465
0 0.14692592085444336 0.8015510041757804 0.018896343968232233 0.030622390137204213
0 0.1367930987265507 0.1275601511234838 0.027386005751061204 0.03996818452972758
0 0.15521018759413938 0.14545635315172 0.03026153635492263 0.04354742493537482
0 0.08243187731069423 0.1767747067011334 0.030124606326167327 0.045337045138198445
0 0.088593728604683 0.20650228673692583 0.028755306038614266 0.041558958043348575
0 0.14377653019307132 0.24796182143567308 0.027112145693550593 0.03619009743487771
0 0.08777214843215117 0.24030622390137202 0.02765986580857182 0.03917279777291708
0 0.1302889223606737 0.3337641678266057 0.033000136930028755 0.041558958043348575
0 0.050732575653840886 0.3564326903957049 0.04422839928796385 0.060250546828395306
0 0.12351088593728604 0.3891429707695367 0.024647405175955085 0.03380393716444621
0 0.15979734355744213 0.37283754225492144 0.016431603450636725 0.030622390137204213
0 0.04279063398603313 0.4148936170212766 0.043954539230453234 0.05985285344999006
0 0.11721210461454196 0.42821634519785245 0.036423387648911405 0.048717438854643066
0 0.10858551280295768 0.47395108371445616 0.034232507188826505 0.041956651421753824
0 0.10399835683965493 0.5180950487174388 0.0272490757223059 0.034002783853648834
0 0.12960427221689716 0.5563730363889441 0.022867314802136107 0.030224696758798963
0 0.04929481035191017 0.5968383376416783 0.022456524715870188 0.033605090475243585
0 0.07086128988087087 0.6033008550407636 0.017116253594413253 0.029031616623583216
0 0.07702314117485964 0.6503280970371843 0.021498014514583046 0.027639689799164844
0 0.13234287279200327 0.6758798965997216 0.025332055319731615 0.03619009743487771
0 0.13467068328084347 0.7257904155895804 0.022319594687114884 0.040962417975740704
0 0.15616869779542653 0.7134619208590177 0.01684239353690264 0.029429310001988465
0 0.3712173079556346 0.7276794591370054 0.019444064083253457 0.024855836150328096
0 0.357729700123237 0.8346589779280175 0.013282212789264685 0.026048916285543844
0 0.9913734081884157 0.9199642075959434 0.016705463508147337 0.03241201034002784
0 0.6417910447761194 0.9824020680055676 0.03067232644118855 0.03440047723205408
0 0.5719567301109133 0.8527540266454563 0.029029166096124877 0.03837741101610658
0 0.6684924003834041 0.8482799761383972 0.03067232644118855 0.045734738516603694
0 0.6462412707106668 0.8176575860011931 0.028070655894837735 0.0425531914893617
0 0.5716828700534027 0.816365082521376 0.030124606326167327 0.033207397096838336
0 0.6429549500205395 0.7256909922449791 0.04559769957551691 0.0666136408828793
0 0.5764754210598384 0.6922847484589382 0.027112145693550593 0.04553589182740107
0 0.5745584006572642 0.6149333863591171 0.01862248391072162 0.02923046331278584
0 0.6261810214980145 0.588486776695168 0.014788443105573052 0.024855836150328096
0 0.6807476379570039 0.6192085901769735 0.018485553881966314 0.03141777689401471
0 0.6020813364370806 0.9683833764167826 0.02656442557852937 0.033008550407635714
0 0.6889634396823223 0.9029628156691191 0.02697521566479529 0.040564724597335455
0 0.31076270026016706 0.839928415191887 0.01958099411200876 0.023861602704314974
0 0.7232644118855265 0.8817856432690395 0.02519512529097631 0.03877510439451183
0 0.7481172121046145 0.8006561940743686 0.041489798712857726 0.06939749453171605
0 0.7114199643981924 0.7669516802545238 0.0499794604956867 0.06959634122091866
0 0.678967547583185 0.7443825810300259 0.0431329590579214 0.0642274806124478
0 0.7533205531973162 0.6657387154503878 0.015746953306860195 0.02744084310996222
0 0.7358619745310147 0.653111950686021 0.016705463508147337 0.02962815669119109
0 0.6995755169108585 0.6287532312586995 0.016431603450636725 0.029827003380393714
0 0.7585238942900178 0.6135414595346987 0.008900451869094892 0.014515808311791608
0 0.7969327673558811 0.6290515012925034 0.012597562645488156 0.017299661960628356
0 0.9512529097631109 0.9213561344203619 0.052581131042037516 0.07218134818055279
0 0.5746953306860194 0.8837741101610658 0.02683828563603998 0.03241201034002784
0 0.4290017800903738 0.08043348578246172 0.012597562645488156 0.026048916285543844
0 0.41257017663973705 0.08659773314774309 0.01341914281801999 0.026844303042354342
0 0.5513487607832397 0.6364088287930005 0.01766397370943448 0.02207198250149135
0 0.37970696973846363 0.8680652217140584 0.019170204025742845 0.026446609663949093
0 0.38169245515541556 0.890534897593955 0.017390113651923864 0.018492742095844103
0 0.37874845953717645 0.9137005368860608 0.018074763795700395 0.022668522569099223
0 0.3781322744077776 0.9356730960429508 0.017116253594413253 0.022867369258301847
0 0.37621525400520334 0.9589381586796579 0.019033273996987538 0.026844303042354342
0 0.3924414624127071 0.9628156691191091 0.01999178419827468 0.02783853648836747
0 0.4159249623442421 0.965002982700338 0.020128714227029987 0.028236229866772718
0 0.44118855264959606 0.9642075959435275 0.02108722442831713 0.03380393716444621
0 0.4407777625633301 0.9323921256711075 0.024373545118444473 0.033406243786040964
0 0.451252909763111 0.9068403261085702 0.021771874572093657 0.026446609663949093
0 0.5164316034506367 0.9023662756015112 0.025605915377242227 0.03141777689401471
0 0.5167054635081473 0.8696559952276794 0.025058195262221004 0.030821236826406837
0 0.433109680953033 0.8880493139789222 0.021634944543338353 0.024656989461125472
0 0.4663152129261947 0.8498707496520183 0.014651513076817745 0.028236229866772718
0 0.4450225934547446 0.7865380791409823 0.023551964945912638 0.02923046331278584
0 0.4387922771463782 0.7652614833963014 0.021498014514583046 0.022469675879896598
0 0.5189648089826099 0.765758600119308 0.024921265233465696 0.03380393716444621
0 0.44091469259208543 0.7413004573473851 0.02108722442831713 0.028236229866772718
0 0.4751471997809119 0.703718433088089 0.01862248391072162 0.03221316365082521
0 0.49548130905107485 0.6820441439650029 0.017116253594413253 0.029031616623583216
0 0.5129398877173764 0.6967587989659971 0.0227303847733808 0.03221316365082521
0 0.15219772696152264 0.06571883078146748 0.02587977543475284 0.033207397096838336
