10 0.6452321204516938 0.7424336009882644 0.019447929736511917 0.025941939468807906
9 0.5439146800501882 0.1772699197035207 0.06524466750313676 0.04694255713403336
9 0.5574027603513174 0.3023471278567017 0.04454203262233375 0.06114885731933293
9 0.6188833124215809 0.30605311920938855 0.06336260978670012 0.04879555281037678
9 0.607590966122961 0.29092032118591726 0.0658720200752823 0.04694255713403336
9 0.599435382685069 0.2760963557751699 0.06461731493099121 0.04694255713403336
9 0.5850062735257214 0.26466954910438545 0.06461731493099121 0.04879555281037678
9 0.5821831869510664 0.24830142063001856 0.06273525721455457 0.044471896232242125
9 0.5765370138017566 0.23069796170475604 0.06524466750313676 0.045089561457689935
9 0.5658720200752823 0.22019765287214332 0.06148055207026348 0.04138357010500309
9 0.5614805520702635 0.20568252007411983 0.06148055207026348 0.0420012353304509
9 0.5533249686323714 0.1920938851142681 0.06273525721455457 0.04323656578134651
9 0.53168130489335 0.16337245213094503 0.059598494353826845 0.0426189005558987
10 0.6348808030112923 0.7489190858554664 0.021329987452948555 0.027794935145151328
9 0.5269761606022584 0.14669549104385424 0.06148055207026348 0.045089561457689935
9 0.5200752823086574 0.13248919085855468 0.06524466750313676 0.04632489190858555
9 0.5103513174404015 0.1182828906732551 0.06461731493099121 0.047560222359481166
9 0.8544542032622333 0.7269919703520692 0.04015056461731493 0.056825200741198276
9 0.8698243412797991 0.7106238418777023 0.039523212045169384 0.05991352686843731
9 0.8782936010037641 0.6871525633106856 0.03513174404015056 0.06238418777022854
9 0.870138017565872 0.5503397158739963 0.06398996235884567 0.03211859172328598
9 0.8522584692597239 0.5033971587399629 0.059598494353826845 0.025941939468807906
9 0.8324968632371392 0.48116121062384193 0.06398996235884567 0.028412600370599138
9 0.8306148055207025 0.4613959234095121 0.06398996235884567 0.02964793082149475
9 0.5370138017565872 0.320568252007412 0.043914680050188205 0.06053119209388512
9 0.6606022584692597 0.4178505250154417 0.04015056461731493 0.056207535515750466
9 0.6474278544542033 0.4289684990735022 0.04516938519447929 0.06485484867201977
9 0.6430363864491844 0.4515132798023472 0.03513174404015056 0.04941321803582459
9 0.10633626097867001 0.35824583075972827 0.04579673776662484 0.06053119209388512
9 0.1549560853199498 0.33168622606547254 0.05144291091593475 0.06423718344657196
9 0.17189460476787954 0.3171710932674491 0.05144291091593475 0.06238418777022854
9 0.3340652446675031 0.21463866584311306 0.06461731493099121 0.04385423100679432
9 0.342534504391468 0.23131562693020385 0.06273525721455457 0.04385423100679432
9 0.17659974905897113 0.5037059913526869 0.04705144291091593 0.06609017912291539
9 0.21141781681304891 0.5614576899320569 0.04642409033877039 0.06423718344657196
9 0.2728983688833124 0.6281655342804201 0.04015056461731493 0.05806053119209389
9 0.29548306148055203 0.618591723285979 0.043914680050188205 0.0586781964175417
9 0.3855081555834379 0.20846201358863498 0.04454203262233375 0.05991352686843731
9 0.4024466750313676 0.19857936998147005 0.043287327478042655 0.06114885731933293
9 0.41938519447929734 0.19178505250154418 0.04705144291091593 0.06485484867201977
9 0.3575909661229611 0.24644842495367514 0.06148055207026348 0.045707226683137744
9 0.36919698870765366 0.262816553428042 0.06461731493099121 0.04385423100679432
9 0.37170639899623586 0.2838171710932675 0.05834378920953576 0.03891290920321186
9 0.3814303638644918 0.3026559604694256 0.0589711417816813 0.0420012353304509
9 0.39272271016311167 0.32149474984558374 0.05646173149309912 0.04138357010500309
9 0.4372647427854454 0.3971587399629401 0.060225846925972396 0.03953057442865967
9 0.44510664993726473 0.41445336627547874 0.05457967377666248 0.04323656578134651
9 0.476474278544542 0.471278567016677 0.06210790464240903 0.04323656578134651
9 0.49215809284818063 0.4885731933292156 0.06461731493099121 0.04941321803582459
9 0.8045796737766624 0.42958616429895 0.06336260978670012 0.015441630636195183
9 0.7904642409033876 0.40858554663372454 0.06649937264742785 0.016676961087090797
9 0.7769761606022584 0.3888202594193947 0.0671267252195734 0.016676961087090797
10 0.6797365119196989 0.17263743051266214 0.023212045169385194 0.021618282890673256
10 0.6966750313676285 0.19116738727609636 0.026976160602258468 0.024088943792464484
10 0.6270388958594729 0.21556516368128475 0.024466750313676285 0.019765287214329835
10 0.6367628607277289 0.22483014206300186 0.031367628607277286 0.025941939468807906
10 0.6424090338770388 0.2359481161210624 0.023839397741530738 0.022235948116121063
10 0.7035759096612295 0.2016676961087091 0.02823086574654956 0.024088943792464484
10 0.7095357590966123 0.21309450277949352 0.028858218318695103 0.02347127856701668
10 0.713927227101631 0.22483014206300186 0.031367628607277286 0.024706609017912294
10 0.6486825595984943 0.24799258801729465 0.02509410288582183 0.02038295243977764
10 0.6533877038895859 0.2600370599135269 0.026976160602258468 0.02347127856701668
10 0.7233375156838142 0.23285978999382337 0.023839397741530738 0.02100061766522545
10 0.7299247176913425 0.2442865966646078 0.023212045169385194 0.022853613341568872
10 0.7352572145545796 0.25416924027177273 0.023839397741530738 0.022853613341568872
10 0.741530740276035 0.2708462013588635 0.028858218318695103 0.016676961087090797
10 0.7390213299874528 0.28319950586781967 0.02509410288582183 0.014206300185299569
10 0.5846925972396486 0.679740580605312 0.020075282308657464 0.027794935145151328
10 0.6386449184441656 0.6544163063619519 0.02760351317440401 0.021618282890673256
10 0.6521329987452948 0.6747992588017295 0.026976160602258468 0.024088943792464484
10 0.5570890840652446 0.7646695491043854 0.023839397741530738 0.02100061766522545
10 0.5997490589711417 0.7677578752316245 0.021329987452948555 0.027177269919703522
10 0.613237139272271 0.7637430512662138 0.018193224592220825 0.0253242742433601
10 0.624215809284818 0.7591105620753552 0.020075282308657464 0.025941939468807906
10 0.6913425345043914 0.18128474366893146 0.028858218318695103 0.024088943792464484
10 0.6264115432873274 0.2013588634959852 0.026976160602258468 0.022235948116121063
9 0.767879548306148 0.3721432983323039 0.06775407779171894 0.016676961087090797
10 0.6141781681304893 0.19579987646695493 0.023839397741530738 0.02100061766522545
9 0.7612923462986197 0.3554663372452131 0.0671267252195734 0.015441630636195183
9 0.7427854454203262 0.33940704138357014 0.06273525721455457 0.015441630636195183
9 0.6816185696361354 0.4054972205064855 0.039523212045169384 0.05744286596664608
10 0.3516311166875784 0.1260037059913527 0.02948557089084065 0.024706609017912294
10 0.05646173149309912 0.40117356392835085 0.028858218318695103 0.035206917850525016
10 0.25752823086574655 0.4722050648548487 0.024466750313676285 0.022853613341568872
10 0.133939774153074 0.5299567634342187 0.021957340025094103 0.027177269919703522
10 0.15087829360100374 0.5614576899320569 0.018193224592220825 0.02347127856701668
10 0.03450439146800502 0.5528103767757876 0.02509410288582183 0.02347127856701668
10 0.05175658720200752 0.5852378011117975 0.021957340025094103 0.021618282890673256
10 0.06649937264742785 0.6068560840024707 0.023839397741530738 0.024088943792464484
10 0.07340025094102885 0.6179740580605312 0.02509410288582183 0.022853613341568872
10 0.0809284818067754 0.6263125386040767 0.02760351317440401 0.025941939468807906
10 0.08437892095357591 0.6392835083384806 0.024466750313676285 0.022235948116121063
10 0.019761606022584692 0.682828906732551 0.031994981179422836 0.026559604694255716
10 0.10884567126725218 0.6825200741198271 0.03074027603513174 0.027177269919703522
10 0.11511919698870765 0.6961087090796788 0.023212045169385194 0.019765287214329835
10 0.12547051442910914 0.7186534898085238 0.02760351317440401 0.0253242742433601
10 0.05238393977415307 0.7325509573810995 0.02070263488080301 0.027177269919703522
10 0.6053952321204517 0.17171093267449045 0.02760351317440401 0.02347127856701668
10 0.6700125470514429 0.15040148239654108 0.02634880803011292 0.022853613341568872
9 0.09441656210790464 0.36751080914144535 0.04579673776662484 0.06176652254478073
