10 0.016489988221436984 0.9641592920353982 0.030624263839811542 0.02566371681415929
10 0.04711425206124852 0.981858407079646 0.0447585394581861 0.02566371681415929
10 0.5229681978798586 0.3836283185840708 0.04711425206124852 0.02920353982300885
10 0.4823321554770318 0.3641592920353982 0.04829210836277974 0.030973451327433628
10 0.4393404004711425 0.3438053097345133 0.0447585394581861 0.02566371681415929
10 0.6124852767962308 0.40575221238938053 0.0447585394581861 0.02743362831858407
10 0.5759717314487632 0.38761061946902653 0.0447585394581861 0.02654867256637168
10 0.5347467608951707 0.368141592920354 0.04946996466431095 0.03008849557522124
10 0.4958775029446407 0.3486725663716814 0.04711425206124852 0.02831858407079646
10 0.45111896348645464 0.32876106194690263 0.051825677267373374 0.02920353982300885
10 0.6224970553592462 0.38849557522123895 0.04593639575971731 0.02831858407079646
10 0.5824499411071848 0.368141592920354 0.04593639575971731 0.02831858407079646
10 0.5441696113074205 0.3491150442477876 0.04711425206124852 0.02920353982300885
10 0.5041224970553592 0.33008849557522124 0.04946996466431095 0.03008849557522124
10 0.46407538280329796 0.31017699115044245 0.0447585394581861 0.02743362831858407
10 0.6366313309776207 0.37256637168141593 0.041224970553592456 0.02654867256637168
10 0.5954063604240282 0.35221238938053095 0.04829210836277974 0.03008849557522124
10 0.5742049469964664 0.31902654867256636 0.04829210836277974 0.02920353982300885
10 0.4941107184923439 0.2809734513274336 0.043580683156654886 0.02566371681415929
10 0.6672555948174322 0.3420353982300885 0.04829210836277974 0.02920353982300885
10 0.6272084805653709 0.3230088495575221 0.04593639575971731 0.02831858407079646
10 0.5889281507656066 0.30309734513274333 0.04711425206124852 0.02920353982300885
10 0.6448763250883391 0.3066371681415929 0.04829210836277974 0.02920353982300885
10 0.5624263839811543 0.4013274336283186 0.043580683156654886 0.02743362831858407
10 0.5983510011778562 0.41991150442477876 0.04711425206124852 0.02920353982300885
10 0.580683156654888 0.43716814159292033 0.04711425206124852 0.02831858407079646
10 0.4151943462897526 0.4451327433628319 0.04829210836277974 0.03008849557522124
10 0.3651354534746761 0.49203539823008846 0.04711425206124852 0.02831858407079646
10 0.5217903415783274 0.5433628318584071 0.0447585394581861 0.02831858407079646
10 0.48763250883392223 0.5269911504424779 0.04240282685512367 0.02743362831858407
10 0.45406360424028264 0.5119469026548672 0.041224970553592456 0.02566371681415929
10 0.3945818610129564 0.4800884955752212 0.04946996466431095 0.02743362831858407
10 0.3451118963486454 0.4575221238938053 0.04240282685512367 0.02654867256637168
10 0.5123674911660777 0.5154867256637168 0.0447585394581861 0.02743362831858407
10 0.4734982332155477 0.497787610619469 0.04711425206124852 0.02920353982300885
10 0.4322732626619552 0.47876106194690266 0.0447585394581861 0.02654867256637168
10 0.3698468786808009 0.4252212389380531 0.04711425206124852 0.02743362831858407
10 0.4110718492343934 0.3756637168141593 0.04711425206124852 0.02743362831858407
10 0.5371024734982331 0.4831858407079646 0.0447585394581861 0.02654867256637168
10 0.5023557126030624 0.4646017699115044 0.04593639575971731 0.02654867256637168
10 0.5547703180212014 0.46814159292035395 0.0447585394581861 0.02831858407079646
10 0.5141342756183745 0.4486725663716814 0.04829210836277974 0.03008849557522124
10 0.47585394581861007 0.4300884955752212 0.0447585394581861 0.02831858407079646
10 0.43816254416961126 0.4101769911504425 0.0447585394581861 0.02743362831858407
10 0.5700824499411071 0.4526548672566372 0.0447585394581861 0.02743362831858407
10 0.5294464075382803 0.4345132743362832 0.04593639575971731 0.02831858407079646
10 0.4493521790341578 0.39469026548672564 0.04829210836277974 0.02831858407079646
10 0.6855123674911661 0.30619469026548674 0.04946996466431095 0.03008849557522124
10 0.5365135453474675 0.2336283185840708 0.04829210836277974 0.02831858407079646
10 0.696113074204947 0.28628318584070794 0.0447585394581861 0.02743362831858407
10 0.6760895170789163 0.07300884955752213 0.051825677267373374 0.03274336283185841
10 0.6607773851590105 0.13495575221238937 0.04240282685512367 0.02743362831858407
10 0.6266195524146053 0.1172566371681416 0.04240282685512367 0.02743362831858407
10 0.7290930506478209 0.14424778761061946 0.051825677267373374 0.03185840707964602
10 0.6601884570082449 0.08761061946902654 0.04829210836277974 0.03008849557522124
10 0.7891637220259128 0.1508849557522124 0.04946996466431095 0.030973451327433628
10 0.832155477031802 0.17212389380530974 0.04829210836277974 0.030973451327433628
10 0.829210836277974 0.14823008849557523 0.0447585394581861 0.02743362831858407
10 0.7897526501766784 0.12831858407079647 0.04593639575971731 0.02831858407079646
10 0.7161366313309776 0.09292035398230089 0.0447585394581861 0.02654867256637168
10 0.7691401648998821 0.09646017699115045 0.051825677267373374 0.03185840707964602
10 0.6171967020023557 0.13584070796460176 0.04711425206124852 0.02743362831858407
10 0.8539458186101295 0.11415929203539824 0.04004711425206125 0.024778761061946902
10 0.8144876325088338 0.09513274336283185 0.04593639575971731 0.02566371681415929
10 0.773851590106007 0.07654867256637168 0.0447585394581861 0.02566371681415929
10 0.8280329799764428 0.07920353982300884 0.04946996466431095 0.030973451327433628
10 0.7844522968197879 0.058849557522123896 0.0447585394581861 0.02566371681415929
10 0.7008244994110718 0.04115044247787611 0.0447585394581861 0.02743362831858407
10 0.8050647820965842 0.04557522123893805 0.04829210836277974 0.02920353982300885
10 0.7479387514723204 0.03982300884955752 0.04240282685512367 0.024778761061946902
10 0.7096584216725559 0.022123893805309734 0.043580683156654886 0.024778761061946902
10 0.8056537102473498 0.20663716814159291 0.051825677267373374 0.030973451327433628
10 0.6560659599528857 0.15486725663716813 0.0447585394581861 0.02654867256637168
10 0.6590106007067137 0.27079646017699116 0.041224970553592456 0.02654867256637168
10 0.7538280329799764 0.2482300884955752 0.04711425206124852 0.02920353982300885
10 0.6254416961130742 0.25353982300884953 0.0447585394581861 0.02743362831858407
10 0.5906949352179034 0.23495575221238937 0.04593639575971731 0.02743362831858407
10 0.7143698468786808 0.2743362831858407 0.043580683156654886 0.02654867256637168
10 0.67962308598351 0.25486725663716814 0.04240282685512367 0.02654867256637168
10 0.6442873969375735 0.23893805309734512 0.04711425206124852 0.02831858407079646
10 0.6060070671378092 0.21991150442477875 0.04593639575971731 0.02743362831858407
10 0.6572438162544169 0.22256637168141594 0.04240282685512367 0.02566371681415929
10 0.6195524146054181 0.20398230088495575 0.0541813898704358 0.030973451327433628
10 0.5736160188457008 0.1827433628318584 0.0447585394581861 0.02743362831858407
10 0.7114252061248527 0.22743362831858407 0.04946996466431095 0.03008849557522124
10 0.6036513545347467 0.15132743362831858 0.041224970553592456 0.024778761061946902
10 0.6696113074204947 0.20575221238938052 0.050647820965842166 0.030973451327433628
10 0.6254416961130742 0.18495575221238938 0.04946996466431095 0.03008849557522124
10 0.5871613663133097 0.16681415929203539 0.043580683156654886 0.02566371681415929
10 0.7391048292108362 0.21858407079646017 0.041224970553592456 0.02654867256637168
10 0.7055359246171966 0.20221238938053096 0.04240282685512367 0.02743362831858407
10 0.773851590106007 0.21415929203539824 0.04240282685512367 0.02831858407079646
10 0.7343934040047114 0.19336283185840708 0.043580683156654886 0.02743362831858407
10 0.6731448763250882 0.18539823008849557 0.043580683156654886 0.02566371681415929
10 0.6366313309776207 0.16814159292035397 0.043580683156654886 0.02831858407079646
10 0.4022379269729093 0.5075221238938054 0.043580683156654886 0.02566371681415929
10 0.4393404004711425 0.5256637168141592 0.04946996466431095 0.03008849557522124
10 0.4776207302709069 0.5451327433628319 0.043580683156654886 0.02654867256637168
10 0.1896348645465253 0.8123893805309734 0.04711425206124852 0.03008849557522124
10 0.3486454652532391 0.8734513274336283 0.03769140164899882 0.033628318584070796
10 0.19081272084805653 0.8588495575221239 0.0447585394581861 0.02920353982300885
10 0.17667844522968196 0.8296460176991151 0.04946996466431095 0.030973451327433628
10 0.13780918727915192 0.8097345132743363 0.04711425206124852 0.02831858407079646
10 0.10306242638398115 0.7920353982300885 0.043580683156654886 0.02654867256637168
10 0.0636042402826855 0.7738938053097345 0.04946996466431095 0.02920353982300885
10 0.07479387514723203 0.7575221238938052 0.04829210836277974 0.02831858407079646
10 0.11425206124852767 0.7756637168141592 0.04711425206124852 0.02566371681415929
10 0.15429917550058891 0.7951327433628318 0.04240282685512367 0.02566371681415929
10 0.22850412249705535 0.831858407079646 0.04946996466431095 0.03008849557522124
10 0.29328621908127206 0.9367256637168141 0.03769140164899882 0.03274336283185841
10 0.24204946996466428 0.8154867256637168 0.04829210836277974 0.02920353982300885
10 0.20023557126030622 0.7960176991150443 0.0447585394581861 0.02920353982300885
10 0.16372202591283863 0.7774336283185841 0.04240282685512367 0.02566371681415929
10 0.12779740871613662 0.7601769911504425 0.04829210836277974 0.02831858407079646
10 0.0901060070671378 0.7411504424778761 0.04593639575971731 0.02920353982300885
10 0.14487632508833923 0.7460176991150442 0.04711425206124852 0.02831858407079646
10 0.18315665488810365 0.7646017699115044 0.041224970553592456 0.02654867256637168
10 0.21967020023557124 0.7823008849557522 0.04593639575971731 0.02831858407079646
10 0.2573616018845701 0.8013274336283186 0.04829210836277974 0.02920353982300885
10 0.31919905771495877 0.9084070796460176 0.03769140164899882 0.03274336283185841
10 0.26737338044758535 0.9646017699115044 0.03533568904593639 0.03008849557522124
10 0.15724381625441694 0.7300884955752213 0.04593639575971731 0.02831858407079646
10 0.1707891637220259 0.8955752212389381 0.0447585394581861 0.02654867256637168
10 0.018256772673733802 0.9424778761061947 0.03415783274440518 0.024778761061946902
10 0.0541813898704358 0.9619469026548673 0.04711425206124852 0.02831858407079646
10 0.09187279151943462 0.9809734513274336 0.0447585394581861 0.02743362831858407
10 0.06949352179034157 0.947787610619469 0.04946996466431095 0.02831858407079646
10 0.030624263839811542 0.9283185840707965 0.04711425206124852 0.03008849557522124
10 0.019434628975265017 0.8969026548672566 0.036513545347467605 0.02566371681415929
10 0.052414605418138985 0.915929203539823 0.04593639575971731 0.02654867256637168
10 0.08657243816254416 0.9323008849557523 0.043580683156654886 0.02566371681415929
10 0.12426383981154299 0.952212389380531 0.04593639575971731 0.02831858407079646
10 0.1348645465253239 0.8765486725663717 0.04829210836277974 0.030973451327433628
10 0.045347467608951704 0.7884955752212389 0.043580683156654886 0.02654867256637168
10 0.09363957597173145 0.8575221238938053 0.04829210836277974 0.03008849557522124
10 0.0541813898704358 0.8380530973451328 0.04711425206124852 0.02831858407079646
10 0.14428739693757361 0.8588495575221239 0.04593639575971731 0.02920353982300885
10 0.10365135453474675 0.8380530973451328 0.04711425206124852 0.02831858407079646
10 0.06478209658421671 0.8207964601769911 0.0447585394581861 0.02743362831858407
10 0.030624263839811542 0.8017699115044248 0.0447585394581861 0.02831858407079646
10 0.15488810365135453 0.8411504424778761 0.041224970553592456 0.02566371681415929
10 0.11425206124852767 0.8207964601769911 0.0447585394581861 0.02743362831858407
10 0.0800942285041225 0.8035398230088495 0.04240282685512367 0.02654867256637168
10 0.12014134275618374 0.7097345132743362 0.04711425206124852 0.02831858407079646
10 0.19611307420494697 0.7491150442477876 0.04593639575971731 0.02743362831858407
10 0.43816254416961126 0.5486725663716814 0.04711425206124852 0.02831858407079646
10 0.27326266195524146 0.5367256637168142 0.04711425206124852 0.02920353982300885
10 0.22143698468786807 0.6013274336283185 0.051825677267373374 0.030973451327433628
10 0.27679623085983507 0.6053097345132743 0.051825677267373374 0.03185840707964602
10 0.23380447585394581 0.5845132743362832 0.050647820965842166 0.030973451327433628
10 0.3651354534746761 0.6265486725663717 0.04946996466431095 0.03008849557522124
10 0.3244994110718492 0.6070796460176991 0.04593639575971731 0.02831858407079646
10 0.28445229681978795 0.5871681415929203 0.04829210836277974 0.02920353982300885
10 0.2414605418138987 0.565929203539823 0.051825677267373374 0.030973451327433628
10 0.4193168433451119 0.6309734513274337 0.04711425206124852 0.02831858407079646
10 0.38044758539458184 0.6119469026548673 0.04711425206124852 0.02920353982300885
10 0.3168433451118963 0.5579646017699115 0.04946996466431095 0.02920353982300885
10 0.3062426383981154 0.6438053097345132 0.04946996466431095 0.02920353982300885
10 0.35924617196702 0.5787610619469027 0.04946996466431095 0.03008849557522124
10 0.40164899882214367 0.5991150442477876 0.04946996466431095 0.03008849557522124
10 0.4528857479387514 0.602212389380531 0.050647820965842166 0.030973451327433628
10 0.4122497055359246 0.581858407079646 0.0447585394581861 0.02743362831858407
10 0.3739693757361602 0.5632743362831858 0.04829210836277974 0.02920353982300885
10 0.33097762073027087 0.5433628318584071 0.04711425206124852 0.02831858407079646
10 0.28857479387514723 0.5212389380530973 0.04946996466431095 0.03008849557522124
10 0.4705535924617196 0.5876106194690265 0.05300353356890459 0.03008849557522124
10 0.42638398115429915 0.5663716814159292 0.04946996466431095 0.02831858407079646
10 0.2656065959952886 0.6230088495575221 0.04829210836277974 0.03008849557522124
10 0.34334511189634864 0.6619469026548672 0.04593639575971731 0.02831858407079646
10 0.234982332155477 0.7672566371681416 0.04593639575971731 0.02654867256637168
10 0.1454652532391048 0.6787610619469027 0.043580683156654886 0.02831858407079646
10 0.2779740871613663 0.7876106194690266 0.04711425206124852 0.03008849557522124
10 0.28916372202591284 0.7699115044247787 0.04593639575971731 0.02831858407079646
10 0.24970553592461717 0.7522123893805309 0.04240282685512367 0.02654867256637168
10 0.2137809187279152 0.7331858407079646 0.04593639575971731 0.02920353982300885
10 0.17373380447585393 0.7146017699115044 0.04829210836277974 0.030973451327433628
10 0.1330977620730271 0.6942477876106194 0.04946996466431095 0.02920353982300885
10 0.2656065959952886 0.7384955752212389 0.043580683156654886 0.02743362831858407
10 0.22732626619552412 0.7190265486725663 0.0447585394581861 0.02743362831858407
10 0.1872791519434629 0.6982300884955752 0.04711425206124852 0.02831858407079646
10 0.3162544169611307 0.7402654867256637 0.043580683156654886 0.02743362831858407
10 0.38398115429917545 0.6814159292035398 0.04946996466431095 0.03008849557522124
10 0.2773851590106007 0.720353982300885 0.04829210836277974 0.02831858407079646
10 0.23557126030624262 0.7 0.0447585394581861 0.02654867256637168
10 0.1996466431095406 0.6831858407079646 0.043580683156654886 0.02654867256637168
10 0.1625441696113074 0.6632743362831859 0.04711425206124852 0.02743362831858407
10 0.32744405182567726 0.7212389380530974 0.04240282685512367 0.02654867256637168
10 0.2915194346289752 0.7035398230088495 0.04593639575971731 0.02654867256637168
10 0.2538280329799764 0.6862831858407079 0.041224970553592456 0.02566371681415929
10 0.22025912838633685 0.6690265486725664 0.0447585394581861 0.02654867256637168
10 0.1790341578327444 0.6486725663716814 0.04946996466431095 0.03008849557522124
10 0.765017667844523 0.027876106194690265 0.04593639575971731 0.02743362831858407
