10 0.23214285714285715 0.019148936170212766 0.016233766233766232 0.03659574468085106
4 0.13852813852813853 0.8114893617021276 0.05735930735930736 0.17446808510638298
4 0.11525974025974026 0.4 0.05844155844155844 0.17702127659574468
4 0.1812770562770563 0.40425531914893614 0.05844155844155844 0.1753191489361702
4 0.26596320346320346 0.33489361702127657 0.056818181818181816 0.17446808510638298
4 0.3314393939393939 0.33872340425531916 0.057900432900432904 0.17361702127659576
4 0.39664502164502163 0.34425531914893615 0.05735930735930736 0.17617021276595746
4 0.4523809523809524 0.7995744680851063 0.05844155844155844 0.17446808510638298
4 0.37987012987012986 0.794468085106383 0.05735930735930736 0.17446808510638298
4 0.30762987012987014 0.788936170212766 0.057900432900432904 0.1753191489361702
4 0.20346320346320346 0.816595744680851 0.05735930735930736 0.17617021276595746
4 0.07169913419913419 0.8068085106382978 0.057900432900432904 0.1753191489361702
4 0.95995670995671 0.7153191489361702 0.05627705627705628 0.1727659574468085
4 0.5827922077922078 0.27106382978723403 0.05735930735930736 0.17446808510638298
4 0.6555735930735931 0.27489361702127657 0.056818181818181816 0.17361702127659576
4 0.7621753246753247 0.15319148936170213 0.056818181818181816 0.17361702127659576
4 0.8346861471861472 0.15787234042553192 0.056818181818181816 0.17446808510638298
4 0.9074675324675324 0.16297872340425532 0.05735930735930736 0.17446808510638298
4 0.6314935064935064 0.7587234042553191 0.05735930735930736 0.17446808510638298
4 0.711038961038961 0.7625531914893617 0.05627705627705628 0.1753191489361702
4 0.7903138528138528 0.7685106382978724 0.057900432900432904 0.17361702127659576
4 0.8882575757575758 0.7114893617021276 0.056818181818181816 0.17361702127659576
4 0.05005411255411255 0.39489361702127657 0.057900432900432904 0.1753191489361702
