10 0.9827272727272727 0.032355478861087146 0.034545454545454546 0.026747195858498708
10 0.5004545454545455 0.04314063848144953 0.031818181818181815 0.0362381363244176
10 0.47363636363636363 0.15056082830025885 0.038181818181818185 0.01639344262295082
10 0.485 0.13416738567730804 0.03727272727272727 0.0181190681622088
10 0.6309090909090909 0.13028472821397757 0.034545454545454546 0.01553062985332183
10 0.5990909090909091 0.10483175150992236 0.03090909090909091 0.03710094909404659
10 0.4536363636363636 0.10569456427955135 0.03272727272727273 0.03710094909404659
10 0.49 0.059534081104400345 0.03090909090909091 0.0362381363244176
10 0.42727272727272725 0.026315789473684213 0.038181818181818185 0.014667817083692839
10 0.2881818181818182 0.5409836065573771 0.03272727272727273 0.0362381363244176
10 0.43454545454545457 0.0090595340811044 0.03272727272727273 0.012942191544434859
10 0.39 0.8433994823123383 0.034545454545454546 0.012942191544434859
10 0.38136363636363635 0.5987920621225195 0.031818181818181815 0.03968938740293357
10 0.2863636363636364 0.6173425366695428 0.04181818181818182 0.01639344262295082
10 0.2968181818181818 0.5996548748921484 0.03727272727272727 0.013805004314063849
10 0.35454545454545455 0.5194132873166523 0.03636363636363636 0.01553062985332183
10 0.455 0.18377911993097498 0.035454545454545454 0.01553062985332183
10 0.44227272727272726 0.1997411561691113 0.03727272727272727 0.01639344262295082
10 0.5259090909090909 0.19499568593615185 0.03 0.0362381363244176
10 0.5968181818181818 0.17946505608283003 0.03727272727272727 0.013805004314063849
10 0.5859090909090909 0.19672131147540983 0.03363636363636364 0.013805004314063849
10 0.6859090909090909 0.18162208800690252 0.03 0.03710094909404659
10 0.6736363636363636 0.19801553062985333 0.02909090909090909 0.03537532355478861
10 0.715 0.2083692838654012 0.03727272727272727 0.014667817083692839
10 0.7036363636363636 0.22519413287316653 0.034545454545454546 0.01553062985332183
10 0.6609090909090909 0.21182053494391717 0.03090909090909091 0.03537532355478861
10 0.519090909090909 0.21656600517687663 0.03090909090909091 0.03451251078515962
10 0.6395454545454545 0.2454702329594478 0.03 0.03364969801553063
10 0.695 0.24029335634167387 0.035454545454545454 0.014667817083692839
10 0.48363636363636364 0.2635893011216566 0.02909090909090909 0.03710094909404659
10 0.4709090909090909 0.27868852459016397 0.02909090909090909 0.03451251078515962
10 0.5159090909090909 0.2924935289042278 0.03727272727272727 0.01553062985332183
10 0.46090909090909093 0.29680759275237273 0.02909090909090909 0.03451251078515962
10 0.29954545454545456 0.5232959447799828 0.03363636363636364 0.03882657463330458
10 0.15954545454545455 0.3257118205349439 0.03909090909090909 0.030198446937014668
10 0.9727272727272728 0.04831751509922347 0.03636363636363636 0.027610008628127698
10 0.3568181818181818 0.12553925798101812 0.035454545454545454 0.014667817083692839
10 0.2459090909090909 0.28817946505608283 0.03727272727272727 0.01553062985332183
10 0.24045454545454545 0.2178602243313201 0.03363636363636364 0.025021570319240728
10 0.2790909090909091 0.23986194995685936 0.038181818181818185 0.01553062985332183
10 0.3004545454545455 0.20664365832614323 0.03727272727272727 0.014667817083692839
10 0.41045454545454546 0.17169974115616912 0.028181818181818183 0.0362381363244176
10 0.3240909090909091 0.1729939603106126 0.03727272727272727 0.014667817083692839
10 0.37 0.10871440897325281 0.034545454545454546 0.01553062985332183
10 0.41045454545454546 0.4383088869715272 0.031818181818181815 0.013805004314063849
10 0.38136363636363635 0.09232096635030199 0.035454545454545454 0.01553062985332183
10 0.39090909090909093 0.07506471095772217 0.03272727272727273 0.013805004314063849
10 0.4022727272727273 0.05996548748921484 0.03363636363636364 0.014667817083692839
10 0.019545454545454546 0.27653149266609145 0.03727272727272727 0.028472821397756688
10 0.04181818181818182 0.24590163934426232 0.03090909090909091 0.024158757549611734
10 0.08272727272727273 0.2528041415012942 0.03272727272727273 0.025884383088869718
10 0.23318181818181818 0.30457290767903367 0.03727272727272727 0.01725625539257981
10 0.21363636363636362 0.3382226056945643 0.04181818181818182 0.01898188093183779
10 0.365 0.2368421052631579 0.028181818181818183 0.03537532355478861
10 0.3427272727272727 0.26919758412424505 0.02909090909090909 0.03451251078515962
10 0.3986363636363636 0.2644521138912856 0.03909090909090909 0.0181190681622088
10 0.37681818181818183 0.29767040552200175 0.035454545454545454 0.01725625539257981
10 0.33 0.364106988783434 0.034545454545454546 0.01725625539257981
10 0.4027272727272727 0.37748058671268336 0.03090909090909091 0.03882657463330458
10 0.415 0.36194995685936154 0.028181818181818183 0.03364969801553063
10 0.3795454545454545 0.408541846419327 0.028181818181818183 0.03364969801553063
10 0.18818181818181817 0.37057808455565144 0.038181818181818185 0.01639344262295082
10 0.17909090909090908 0.3869715271786023 0.04181818181818182 0.01639344262295082
10 0.16590909090909092 0.40336496980155306 0.03727272727272727 0.01639344262295082
10 0.2177272727272727 0.44909404659188956 0.03 0.03537532355478861
10 0.2059090909090909 0.4659188955996549 0.03 0.0362381363244176
10 0.09772727272727273 0.5012942191544435 0.035454545454545454 0.013805004314063849
10 0.36954545454545457 0.4279551337359793 0.028181818181818183 0.03451251078515962
10 0.6568181818181819 0.28817946505608283 0.03727272727272727 0.01553062985332183
10 0.634090909090909 0.3209663503019845 0.03727272727272727 0.01725625539257981
10 0.4818181818181818 0.34037963761863677 0.038181818181818185 0.014667817083692839
10 0.8927272727272727 0.47627264883520276 0.03272727272727273 0.03451251078515962
10 0.7863636363636364 0.056082830025884385 0.03636363636363636 0.027610008628127698
10 0.7768181818181819 0.0724762726488352 0.035454545454545454 0.025884383088869718
10 0.8090909090909091 0.0910267471958585 0.04 0.028472821397756688
10 0.9618181818181818 0.3843830888697153 0.034545454545454546 0.03364969801553063
10 0.9377272727272727 0.4154443485763589 0.03363636363636364 0.03192407247627265
10 0.9140909090909091 0.44607420189818814 0.031818181818181815 0.03278688524590164
10 0.7845454545454545 0.24029335634167387 0.03272727272727273 0.03537532355478861
10 0.4368181818181818 0.406816220880069 0.03363636363636364 0.014667817083692839
10 0.77 0.25323554788610875 0.03090909090909091 0.03882657463330458
10 0.7595454545454545 0.26962899050905953 0.03 0.03537532355478861
10 0.8677272727272727 0.3127696289905091 0.03363636363636364 0.03882657463330458
10 0.8563636363636363 0.3300258843830889 0.02909090909090909 0.03364969801553063
10 0.7809090909090909 0.31578947368421056 0.034545454545454546 0.01553062985332183
10 0.7554545454545455 0.3472821397756687 0.03272727272727273 0.012942191544434859
10 0.8177272727272727 0.07420189818809318 0.03727272727272727 0.027610008628127698
10 0.7968181818181819 0.04141501294219155 0.03363636363636364 0.024158757549611734
10 0.8272727272727273 0.056945642795513375 0.038181818181818185 0.027610008628127698
10 0.8395454545454546 0.04314063848144953 0.03909090909090909 0.027610008628127698
10 0.8077272727272727 0.024158757549611734 0.03727272727272727 0.027610008628127698
10 0.8490909090909091 0.026315789473684213 0.04 0.026747195858498708
10 0.860909090909091 0.013373597929249354 0.03636363636363636 0.025021570319240728
10 0.9786363636363636 0.1742881794650561 0.03363636363636364 0.025884383088869718
10 0.9490909090909091 0.14754098360655737 0.038181818181818185 0.027610008628127698
10 0.9586363636363636 0.13028472821397757 0.03909090909090909 0.027610008628127698
10 0.9281818181818182 0.11259706643658327 0.03636363636363636 0.028472821397756688
10 0.8195454545454546 0.011216566005176877 0.031818181818181815 0.020707506471095774
10 0.9354545454545454 0.09361518550474547 0.04 0.028472821397756688
10 0.9695454545454546 0.11345987920621226 0.03909090909090909 0.03192407247627265
10 0.980909090909091 0.09706643658326143 0.03636363636363636 0.026747195858498708
10 0.9509090909090909 0.07894736842105264 0.03636363636363636 0.028472821397756688
10 0.9645454545454546 0.0638481449525453 0.038181818181818185 0.027610008628127698
10 0.8336363636363636 0.36194995685936154 0.03090909090909091 0.03710094909404659
10 0.81 0.3943054357204487 0.03090909090909091 0.03451251078515962
10 0.7972727272727272 0.410267471958585 0.03272727272727273 0.03882657463330458
10 0.5309090909090909 0.4650560828300259 0.04 0.013805004314063849
10 0.519090909090909 0.40336496980155306 0.02909090909090909 0.03364969801553063
10 0.5568181818181818 0.3580672993960311 0.031818181818181815 0.03968938740293357
10 0.6218181818181818 0.3377911993097498 0.034545454545454546 0.01639344262295082
10 0.6113636363636363 0.3528904227782571 0.03909090909090909 0.01553062985332183
10 0.5995454545454545 0.36928386540120794 0.035454545454545454 0.01553062985332183
10 0.5659090909090909 0.41760138050043144 0.03363636363636364 0.013805004314063849
10 0.5081818181818182 0.4193270060396894 0.03090909090909091 0.0362381363244176
10 0.6786363636363636 0.3835202761000863 0.03 0.03710094909404659
10 0.6890909090909091 0.3671268334771355 0.03090909090909091 0.03537532355478861
10 0.7127272727272728 0.4124245038826575 0.034545454545454546 0.01553062985332183
10 0.7363636363636363 0.3809318377911993 0.03272727272727273 0.012942191544434859
10 0.745 0.3636755823986195 0.03363636363636364 0.014667817083692839
10 0.6286363636363637 0.4452113891285591 0.03363636363636364 0.03796376186367558
10 0.605909090909091 0.47756686798964626 0.03 0.03537532355478861
10 0.4863636363636364 0.453839516824849 0.02909090909090909 0.03278688524590164
10 0.7840909090909091 0.42320966350301986 0.03 0.03364969801553063
10 0.509090909090909 0.4969801553062986 0.03636363636363636 0.01725625539257981
10 0.42954545454545456 0.5353753235547887 0.03 0.03537532355478861
10 0.5477272727272727 0.5591026747195859 0.028181818181818183 0.0362381363244176
10 0.5590909090909091 0.5422778257118206 0.03090909090909091 0.03537532355478861
10 0.6031818181818182 0.5569456427955134 0.03363636363636364 0.012942191544434859
10 0.6445454545454545 0.6203623813632442 0.03090909090909091 0.0362381363244176
10 0.6072727272727273 0.6660914581535807 0.03090909090909091 0.03451251078515962
10 0.5831818181818181 0.6988783433994823 0.03 0.0362381363244176
10 0.5713636363636364 0.7152717860224331 0.03 0.03278688524590164
10 0.5590909090909091 0.729939603106126 0.02909090909090909 0.03278688524590164
10 0.44045454545454543 0.7027610008628128 0.028181818181818183 0.03192407247627265
10 0.7159090909090909 0.5232959447799828 0.028181818181818183 0.03364969801553063
10 0.7513636363636363 0.47756686798964626 0.028181818181818183 0.03364969801553063
10 0.7618181818181818 0.4585849870578085 0.02727272727272727 0.03537532355478861
10 0.17954545454545454 0.11389128559102675 0.031818181818181815 0.025884383088869718
