10 0.008422664624808576 0.6539816772374912 0.013782542113323125 0.014094432699083862
10 0.08192955589586524 0.18780831571529247 0.007656967840735069 0.013389711064129669
10 0.06623277182235834 0.18957011980267796 0.006891271056661563 0.012684989429175477
10 0.057044410413476264 0.18992248062015504 0.006891271056661563 0.011980267794221284
10 0.05053598774885146 0.19027484143763215 0.007656967840735069 0.012684989429175477
10 0.041730474732006126 0.18851303735024666 0.008422664624808576 0.014799154334038056
10 0.03445635528330781 0.19062720225510923 0.007656967840735069 0.013389711064129669
10 0.02565084226646248 0.19133192389006343 0.006891271056661563 0.013389711064129669
10 0.01799387442572741 0.19133192389006343 0.006891271056661563 0.013389711064129669
10 0.010336906584992343 0.19097956307258634 0.008422664624808576 0.012684989429175477
10 0.08652373660030628 0.22832980972515857 0.007656967840735069 0.015503875968992248
10 0.07848392036753446 0.2272727272727273 0.006891271056661563 0.013389711064129669
10 0.08728943338437979 0.24242424242424243 0.006125574272588055 0.012684989429175477
10 0.07924961715160797 0.24277660324171954 0.006891271056661563 0.014799154334038056
10 0.0708269525267994 0.24489076814658212 0.008422664624808576 0.014799154334038056
10 0.07159264931087289 0.22797744890768148 0.006891271056661563 0.013389711064129669
10 0.06240428790199081 0.22762508809020437 0.006891271056661563 0.016913319238900635
10 0.054747320061255746 0.24242424242424243 0.006891271056661563 0.014094432699083862
10 0.046707503828483925 0.24242424242424243 0.007656967840735069 0.014094432699083862
10 0.07427258805513016 0.18921775898520085 0.007656967840735069 0.013389711064129669
10 0.08958652373660031 0.18710359408033828 0.007656967840735069 0.016208597603946443
10 0.014165390505359879 0.6469344608879493 0.013016845329249618 0.014094432699083862
10 0.04709035222052067 0.15926708949964766 0.020673813169984685 0.008456659619450317
4 0.2170750382848392 0.23185341789992953 0.03751914241960184 0.06765327695560254
4 0.26033690658499237 0.23044397463002114 0.03828483920367535 0.06765327695560254
4 0.30398162327718226 0.22938689217758987 0.03828483920367535 0.06976744186046512
4 0.16883614088820828 0.32522903453136015 0.03905053598774885 0.06835799859055673
4 0.2082695252679939 0.32346723044397463 0.036753445635528334 0.06906272022551092
4 0.2833078101071976 0.30408738548273434 0.07350689127105667 0.03453136011275546
4 0.2848392036753446 0.3400281888653982 0.07350689127105667 0.027484143763213533
13 0.383614088820827 0.6032417195207893 0.3537519142419602 0.2889358703312192
6 0.3816998468606432 0.6014799154334038 0.5535987748851455 0.4630021141649049
3 0.12672281776416539 0.6804087385482734 0.12021439509954059 0.10782241014799154
3 0.35336906584992345 0.8403805496828753 0.10183767228177643 0.0923185341789993
3 0.7783307810107198 0.3875968992248062 0.12633996937212863 0.11698379140239606
3 0.7526799387442573 0.6194503171247357 0.12557427258805515 0.11698379140239606
10 0.1990811638591118 0.009161381254404511 0.007656967840735069 0.014094432699083862
10 0.18453292496171517 0.1553911205073996 0.018376722817764167 0.007751937984496124
10 0.10183767228177643 0.14763918252290345 0.018376722817764167 0.007751937984496124
10 0.13016845329249618 0.11909795630725864 0.016845329249617153 0.008456659619450317
10 0.053598774885145486 0.2258632840028189 0.006125574272588055 0.013389711064129669
10 0.045941807044410414 0.226215644820296 0.007656967840735069 0.015503875968992248
10 0.0386676875957121 0.22832980972515857 0.006891271056661563 0.015503875968992248
10 0.03828483920367535 0.24207188160676535 0.006125574272588055 0.011980267794221284
10 0.0501531393568147 0.5810429880197322 0.016079632465543645 0.013389711064129669
10 0.06240428790199081 0.5916138125440451 0.013016845329249618 0.014799154334038056
10 0.05627871362940276 0.5979563072586329 0.013016845329249618 0.014799154334038056
10 0.04517611026033691 0.5856236786469344 0.015313935681470138 0.012684989429175477
10 0.04134762633996937 0.5926708949964764 0.015313935681470138 0.012684989429175477
10 0.05130168453292496 0.6035940803382664 0.013782542113323125 0.014799154334038056
10 0.045941807044410414 0.6099365750528541 0.015313935681470138 0.014799154334038056
10 0.02986217457886677 0.6032417195207893 0.016845329249617153 0.014094432699083862
10 0.04096477794793262 0.6152219873150105 0.013016845329249618 0.012684989429175477
10 0.03598774885145482 0.6219168428470754 0.013782542113323125 0.013389711064129669
10 0.024885145482388973 0.6099365750528541 0.01454823889739663 0.010570824524312896
10 0.020673813169984685 0.6159267089499648 0.013782542113323125 0.01127554615926709
10 0.02986217457886677 0.627906976744186 0.013782542113323125 0.014094432699083862
10 0.016079632465543645 0.6215644820295984 0.015313935681470138 0.012684989429175477
10 0.02450229709035222 0.635306553911205 0.013782542113323125 0.016208597603946443
10 0.010336906584992343 0.6272022551092319 0.016079632465543645 0.012684989429175477
10 0.019525267993874426 0.6405919661733616 0.01454823889739663 0.012684989429175477
10 0.054747320061255746 0.5736434108527132 0.01454823889739663 0.012684989429175477
10 0.06814701378254212 0.5852713178294574 0.013782542113323125 0.014799154334038056
10 0.011485451761102604 0.562015503875969 0.016845329249617153 0.013389711064129669
10 0.10566615620214395 0.45525017618040875 0.018376722817764167 0.014094432699083862
10 0.030245022970903524 0.24348132487667373 0.006891271056661563 0.013389711064129669
10 0.029479326186830017 0.22868217054263568 0.006891271056661563 0.014799154334038056
10 0.021439509954058193 0.22868217054263568 0.007656967840735069 0.014799154334038056
10 0.012633996937212864 0.22832980972515857 0.006891271056661563 0.014094432699083862
10 0.014165390505359879 0.24312896405919662 0.006891271056661563 0.012684989429175477
10 0.058958652373660034 0.2966878083157153 0.016845329249617153 0.016913319238900635
10 0.13782542113323124 0.4619450317124736 0.018376722817764167 0.014799154334038056
10 0.0987748851454824 0.4615926708949965 0.018376722817764167 0.015503875968992248
10 0.016462480857580397 0.5563777307963355 0.01761102603369066 0.013389711064129669
10 0.08996937212863707 0.4714587737843552 0.016079632465543645 0.012684989429175477
10 0.07427258805513016 0.48696264975334747 0.015313935681470138 0.014094432699083862
10 0.06738131699846861 0.4940098661028894 0.015313935681470138 0.014094432699083862
10 0.03713629402756508 0.5338266384778013 0.01761102603369066 0.014799154334038056
10 0.03139356814701379 0.5398167723749119 0.015313935681470138 0.014094432699083862
10 0.02450229709035222 0.5443974630021142 0.013782542113323125 0.011980267794221284
10 0.021439509954058193 0.5510923185341791 0.015313935681470138 0.012684989429175477
4 0.17457886676875958 0.23291050035236083 0.03828483920367535 0.06835799859055673
