4 0.23216308040770103 0.47325581395348837 0.1087202718006795 0.10697674418604651
4 0.28425821064552664 0.41104651162790695 0.11098527746319367 0.10813953488372093
4 0.3369195922989808 0.3505813953488372 0.10985277463193659 0.1058139534883721
4 0.5311438278595697 0.8337209302325581 0.11098527746319367 0.10697674418604651
4 0.571347678369196 0.7848837209302325 0.10985277463193659 0.10697674418604651
4 0.6132502831257078 0.7366279069767442 0.10985277463193659 0.10813953488372093
4 0.6755379388448471 0.6633720930232558 0.10985277463193659 0.1058139534883721
4 0.7151755379388449 0.6162790697674418 0.10985277463193659 0.10697674418604651
4 0.7548131370328426 0.5697674418604651 0.10985277463193659 0.10697674418604651
4 0.7944507361268404 0.522093023255814 0.10985277463193659 0.10697674418604651
4 0.8544733861834655 0.45 0.10985277463193659 0.10697674418604651
4 0.8941109852774632 0.402906976744186 0.10985277463193659 0.1058139534883721
5 0.4954699886749717 0.23372093023255813 0.11664779161947905 0.1186046511627907
5 0.4150622876557192 0.16162790697674417 0.11891279728199321 0.1186046511627907
3 0.578708946772367 0.14011627906976745 0.1562853907134768 0.1569767441860465
