9 0.7330316742081449 0.27494199535962877 0.06108597285067874 0.05336426914153132
9 0.3076923076923077 0.6937354988399071 0.05203619909502263 0.058004640371229696
9 0.33371040723981904 0.6716937354988399 0.05203619909502263 0.060324825986078884
9 0.5067873303167422 0.5203016241299304 0.05882352941176471 0.06380510440835266
9 0.456447963800905 0.564385150812065 0.062217194570135755 0.06612529002320186
9 0.4457013574660634 0.5748259860788862 0.05882352941176471 0.06380510440835266
9 0.7550904977375567 0.16067285382830626 0.05542986425339367 0.06612529002320186
9 0.7409502262443439 0.15371229698375868 0.05203619909502263 0.06148491879350348
9 0.7483031674208146 0.26218097447795824 0.05542986425339367 0.04640371229698376
9 0.3404977375565611 0.42227378190255216 0.06108597285067874 0.06728538283062645
9 0.45871040723981904 0.3445475638051044 0.05542986425339367 0.05336426914153132
9 0.4485294117647059 0.33178654292343385 0.05316742081447964 0.05104408352668213
9 0.42364253393665163 0.3051044083526682 0.05542986425339367 0.05336426914153132
9 0.4111990950226245 0.2906032482598608 0.05542986425339367 0.052204176334106726
9 0.4457013574660634 0.1734338747099768 0.05429864253393665 0.052204176334106726
9 0.4349547511312218 0.16067285382830626 0.05316742081447964 0.052204176334106726
9 0.3235294117647059 0.2099767981438515 0.0497737556561086 0.05104408352668213
9 0.3088235294117647 0.21635730858468677 0.05882352941176471 0.06148491879350348
9 0.29694570135746606 0.22679814385150812 0.05316742081447964 0.0568445475638051
9 0.26753393665158376 0.25870069605568446 0.05316742081447964 0.058004640371229696
9 0.24886877828054302 0.2795823665893271 0.05882352941176471 0.06264501160092807
9 0.3472850678733032 0.6624129930394431 0.05429864253393665 0.060324825986078884
9 0.3207013574660634 0.6809744779582366 0.05316742081447964 0.060324825986078884
9 0.7234162895927603 0.2877030162412993 0.05995475113122172 0.05336426914153132
9 0.35916289592760187 0.6513921113689095 0.05316742081447964 0.06148491879350348
9 0.7115384615384616 0.3004640371229698 0.06108597285067874 0.05336426914153132
9 0.701923076923077 0.31264501160092806 0.062217194570135755 0.052204176334106726
9 0.6923076923076924 0.32598607888631087 0.06108597285067874 0.05104408352668213
9 0.658371040723982 0.382830626450116 0.06108597285067874 0.05336426914153132
9 0.6397058823529412 0.4002320185614849 0.05542986425339367 0.058004640371229696
9 0.6300904977375567 0.4124129930394431 0.05882352941176471 0.06844547563805103
9 0.5786199095022625 0.45417633410672853 0.062217194570135755 0.06612529002320186
9 0.5548642533936652 0.4762180974477958 0.062217194570135755 0.06612529002320186
9 0.5435520361990951 0.4872389791183295 0.05542986425339367 0.060324825986078884
9 0.5701357466063349 0.46867749419953597 0.05429864253393665 0.060324825986078884
9 0.5299773755656109 0.4959396751740139 0.062217194570135755 0.06612529002320186
9 0.5209276018099548 0.5127610208816705 0.05316742081447964 0.060324825986078884
9 0.49717194570135753 0.5353828306264501 0.05995475113122172 0.06612529002320186
9 0.4852941176470589 0.5452436194895591 0.06108597285067874 0.06960556844547564
9 0.42307692307692313 0.5986078886310905 0.05429864253393665 0.060324825986078884
9 0.4111990950226245 0.6090487238979118 0.05316742081447964 0.058004640371229696
9 0.3959276018099548 0.6165893271461717 0.05429864253393665 0.05916473317865429
9 0.3829185520361991 0.627030162412993 0.05316742081447964 0.05916473317865429
9 0.37047511312217196 0.6374709976798144 0.05090497737556562 0.05916473317865429
9 0.36708144796380093 0.09106728538283063 0.03959276018099548 0.06612529002320186
