10 0.2521321961620469 0.9643435980551053 0.026652452025586353 0.02917341977309562
10 0.8528784648187633 0.179902755267423 0.0255863539445629 0.01620745542949757
10 0.6279317697228145 0.09481361426256077 0.023454157782515993 0.017828200972447326
10 0.6775053304904051 0.09643435980551053 0.026652452025586353 0.02106969205834684
10 0.5831556503198294 0.16693679092382496 0.0255863539445629 0.01620745542949757
10 0.6183368869936035 0.17098865478119935 0.023454157782515993 0.01458670988654781
10 0.6567164179104478 0.1693679092382496 0.021321961620469083 0.017828200972447326
10 0.6865671641791045 0.1726094003241491 0.023454157782515993 0.017828200972447326
10 0.7126865671641791 0.17504051863857373 0.024520255863539446 0.01620745542949757
10 0.7436034115138592 0.17423014586709887 0.026652452025586353 0.02106969205834684
10 0.7841151385927505 0.17504051863857373 0.03091684434968017 0.01944894651539708
10 0.8107675906183369 0.14910858995137763 0.03091684434968017 0.01944894651539708
10 0.8176972281449894 0.179902755267423 0.023454157782515993 0.01620745542949757
10 0.8997867803837953 0.179902755267423 0.023454157782515993 0.01944894651539708
10 0.5607675906183369 0.09157212317666126 0.023454157782515993 0.017828200972447326
10 0.7473347547974414 0.9497568881685575 0.01279317697228145 0.03565640194489465
10 0.7217484008528785 0.946515397082658 0.014925373134328358 0.03565640194489465
10 0.6599147121535182 0.9457050243111831 0.010660980810234541 0.03079416531604538
10 0.6348614072494669 0.9505672609400324 0.011727078891257996 0.03403565640194489
10 0.6114072494669509 0.9473257698541329 0.011727078891257996 0.03403565640194489
10 0.6114072494669509 0.9084278768233387 0.011727078891257996 0.03727714748784441
10 0.5874200426439232 0.9473257698541329 0.01279317697228145 0.03727714748784441
10 0.5751599147121536 0.9432739059967584 0.013859275053304903 0.03565640194489465
10 0.5634328358208955 0.9392220421393841 0.011727078891257996 0.03403565640194489
10 0.5874200426439232 0.9043760129659643 0.017057569296375266 0.04213938411669368
10 0.5650319829424307 0.9003241491085899 0.01279317697228145 0.04051863857374392
10 0.5970149253731343 0.09238249594813613 0.023454157782515993 0.01620745542949757
10 0.5287846481876333 0.08833063209076175 0.029850746268656716 0.017828200972447326
10 0.2947761194029851 0.9246353322528362 0.011727078891257996 0.03403565640194489
10 0.21535181236673773 0.09643435980551053 0.023454157782515993 0.017828200972447326
4 0.3390191897654584 0.33225283630470015 0.05543710021321961 0.1653160453808752
4 0.4083155650319829 0.33630470016207453 0.05543710021321961 0.16369529983792544
4 0.26759061833688697 0.5745542949756888 0.057569296375266525 0.16369529983792544
4 0.3331556503198294 0.5786061588330632 0.05650319829424307 0.1653160453808752
4 0.4019189765458422 0.5834683954619124 0.05543710021321961 0.1620745542949757
4 0.6492537313432836 0.6191247974068071 0.05543710021321961 0.1653160453808752
4 0.7249466950959488 0.6215559157212317 0.05543710021321961 0.16369529983792544
4 0.6551172707889126 0.3703403565640194 0.05650319829424307 0.16369529983792544
4 0.7372068230277186 0.3743922204213938 0.05437100213219616 0.1653160453808752
4 0.8043710021321961 0.3760129659643436 0.05437100213219616 0.1653160453808752
4 0.8001066098081023 0.626418152350081 0.05437100213219616 0.16693679092382496
10 0.35980810234541577 0.15721231766612642 0.024520255863539446 0.01944894651539708
10 0.4930703624733475 0.08508914100486223 0.022388059701492536 0.017828200972447326
10 0.38539445628997865 0.15721231766612642 0.026652452025586353 0.01944894651539708
10 0.4163113006396588 0.15721231766612642 0.02025586353944563 0.01620745542949757
10 0.44189765458422176 0.15802269043760128 0.01812366737739872 0.01458670988654781
10 0.47707889125799574 0.1612641815235008 0.028784648187633263 0.017828200972447326
10 0.5255863539445629 0.1653160453808752 0.023454157782515993 0.01620745542949757
10 0.5549040511727079 0.16612641815235007 0.026652452025586353 0.017828200972447326
10 0.3464818763326226 0.07698541329011345 0.023454157782515993 0.017828200972447326
10 0.3763326226012793 0.07860615883306321 0.023454157782515993 0.017828200972447326
10 0.4077825159914712 0.08184764991896272 0.026652452025586353 0.01458670988654781
10 0.43443496801705755 0.08346839546191248 0.02025586353944563 0.01458670988654781
10 0.46375266524520253 0.08427876823338736 0.0255863539445629 0.01620745542949757
10 0.5517057569296375 0.9367909238249594 0.013859275053304903 0.04213938411669368
10 0.5538379530916844 0.8970826580226904 0.009594882729211086 0.03727714748784441
10 0.6284648187633262 0.8152350081037276 0.011727078891257996 0.03565640194489465
10 0.40458422174840086 0.9319286871961102 0.009594882729211086 0.03565640194489465
10 0.4664179104477612 0.8079416531604537 0.011727078891257996 0.03403565640194489
10 0.47867803837953093 0.8055105348460291 0.01279317697228145 0.03565640194489465
10 0.4925373134328358 0.8095623987034035 0.01279317697228145 0.03403565640194489
10 0.4525586353944563 0.940032414910859 0.011727078891257996 0.03565640194489465
10 0.4520255863539446 0.9003241491085899 0.01279317697228145 0.03727714748784441
10 0.4408315565031983 0.9367909238249594 0.011727078891257996 0.03241491085899514
10 0.4408315565031983 0.8978930307941653 0.011727078891257996 0.03241491085899514
10 0.42803837953091683 0.899513776337115 0.011727078891257996 0.03565640194489465
10 0.4168443496801706 0.8987034035656402 0.010660980810234541 0.03079416531604538
10 0.4275053304904051 0.9392220421393841 0.01279317697228145 0.03403565640194489
10 0.4163113006396588 0.9384116693679092 0.011727078891257996 0.03565640194489465
10 0.39232409381663114 0.9343598055105348 0.01279317697228145 0.03403565640194489
10 0.6124733475479744 0.8119935170178282 0.009594882729211086 0.03889789303079416
10 0.39285714285714285 0.8970826580226904 0.011727078891257996 0.03403565640194489
10 0.3805970149253731 0.9335494327390599 0.01279317697228145 0.02917341977309562
10 0.3683368869936034 0.9311183144246353 0.011727078891257996 0.03403565640194489
10 0.36727078891257997 0.8881685575364667 0.013859275053304903 0.03565640194489465
10 0.3443496801705757 0.8938411669367908 0.010660980810234541 0.03403565640194489
10 0.34328358208955223 0.9270664505672609 0.010660980810234541 0.02917341977309562
10 0.3299573560767591 0.8938411669367908 0.011727078891257996 0.03079416531604538
10 0.31769722814498935 0.8881685575364667 0.010660980810234541 0.03241491085899514
10 0.3294243070362473 0.9294975688816856 0.010660980810234541 0.03079416531604538
10 0.3187633262260128 0.9238249594813613 0.01279317697228145 0.02917341977309562
10 0.30650319829424305 0.9238249594813613 0.009594882729211086 0.03241491085899514
10 0.4557569296375266 0.8087520259319286 0.011727078891257996 0.03241491085899514
10 0.43176972281449894 0.8079416531604537 0.01279317697228145 0.03727714748784441
10 0.39445628997867804 0.806320907617504 0.01279317697228145 0.03727714748784441
10 0.3821961620469083 0.8047001620745543 0.013859275053304903 0.03727714748784441
10 0.5788912579957356 0.8095623987034035 0.010660980810234541 0.03727714748784441
10 0.5543710021321961 0.8079416531604537 0.01279317697228145 0.03727714748784441
10 0.5287846481876333 0.806320907617504 0.014925373134328358 0.03727714748784441
10 0.503731343283582 0.8087520259319286 0.011727078891257996 0.03241491085899514
10 0.5394456289978677 0.940032414910859 0.01279317697228145 0.03565640194489465
10 0.5415778251599147 0.9003241491085899 0.010660980810234541 0.03079416531604538
10 0.5159914712153518 0.9392220421393841 0.01279317697228145 0.03403565640194489
10 0.5021321961620469 0.9384116693679092 0.01279317697228145 0.03889789303079416
10 0.5287846481876333 0.9003241491085899 0.014925373134328358 0.04051863857374392
10 0.503731343283582 0.899513776337115 0.013859275053304903 0.03565640194489465
10 0.5159914712153518 0.899513776337115 0.014925373134328358 0.03889789303079416
10 0.48933901918976547 0.9359805510534845 0.01279317697228145 0.03079416531604538
10 0.4898720682302772 0.8970826580226904 0.013859275053304903 0.03403565640194489
10 0.47867803837953093 0.8987034035656402 0.01279317697228145 0.03727714748784441
10 0.47761194029850745 0.9392220421393841 0.01279317697228145 0.04051863857374392
10 0.464818763326226 0.9384116693679092 0.01279317697228145 0.03241491085899514
10 0.4653518123667377 0.9003241491085899 0.013859275053304903 0.04051863857374392
10 0.30810234541577824 0.7990275526742301 0.01279317697228145 0.03241491085899514
10 0.32196162046908317 0.7990275526742301 0.01279317697228145 0.03565640194489465
10 0.3336886993603411 0.8006482982171799 0.01279317697228145 0.03241491085899514
10 0.3464818763326226 0.8038897893030794 0.014925373134328358 0.03565640194489465
10 0.3566098081023454 0.8030794165316045 0.013859275053304903 0.03727714748784441
10 0.3699360341151386 0.8079416531604537 0.01279317697228145 0.03403565640194489
4 0.27398720682302774 0.32820097244732577 0.05543710021321961 0.16369529983792544
