12 0.33307086614173226 0.5962962962962963 0.025196850393700787 0.031481481481481485
4 0.36338582677165354 0.5324074074074074 0.024409448818897637 0.040740740740740744
4 0.4035433070866142 0.5425925925925926 0.024409448818897637 0.040740740740740744
4 0.4267716535433071 0.5324074074074074 0.025196850393700787 0.040740740740740744
4 0.4578740157480315 0.512962962962963 0.02283464566929134 0.040740740740740744
4 0.4818897637795275 0.5037037037037038 0.023622047244094488 0.040740740740740744
4 0.46614173228346456 0.4481481481481482 0.023622047244094488 0.040740740740740744
4 0.4035433070866142 0.43842592592592594 0.024409448818897637 0.03981481481481482
4 0.3484251968503937 0.4759259259259259 0.02283464566929134 0.040740740740740744
14 0.2862204724409449 0.3078703703703704 0.09842519685039369 0.18425925925925926
8 0.834251968503937 0.024074074074074074 0.01811023622047244 0.007407407407407408
8 0.7192913385826771 0.058333333333333334 0.03228346456692913 0.016666666666666666
8 0.7779527559055118 0.09537037037037037 0.011023622047244094 0.012962962962962964
8 0.7590551181102362 0.13333333333333333 0.02204724409448819 0.05185185185185186
