10 0.9341708542713569 0.6358823529411765 0.033165829145728645 0.015294117647058823
10 0.5788944723618091 0.9641176470588234 0.03618090452261307 0.019999999999999997
10 0.2105527638190955 0.6635294117647058 0.033165829145728645 0.016470588235294115
10 0.22110552763819097 0.3488235294117647 0.042211055276381915 0.022352941176470586
10 0.06582914572864322 0.13941176470588235 0.03718592964824121 0.03176470588235294
10 0.16834170854271358 0.028823529411764703 0.019095477386934675 0.04352941176470588
9 0.37035175879396987 0.5017647058823529 0.06331658291457287 0.08823529411764705
9 0.40452261306532666 0.5029411764705882 0.06532663316582915 0.09058823529411764
9 0.43969849246231163 0.5017647058823529 0.06934673366834171 0.09529411764705882
9 0.5080402010050252 0.49588235294117644 0.06934673366834171 0.09529411764705882
9 0.5422110552763819 0.49588235294117644 0.06934673366834171 0.0976470588235294
9 0.6095477386934673 0.4952941176470588 0.06331658291457287 0.08705882352941176
9 0.6698492462311558 0.49882352941176467 0.061306532663316586 0.08705882352941176
9 0.7035175879396985 0.5023529411764706 0.06231155778894473 0.08470588235294117
9 0.7371859296482413 0.5047058823529411 0.06331658291457287 0.09176470588235293
9 0.7457286432160805 0.26647058823529407 0.06231155778894473 0.10470588235294116
9 0.6809045226130654 0.268235294117647 0.061306532663316586 0.10352941176470587
9 0.6487437185929649 0.2641176470588235 0.061306532663316586 0.10235294117647058
9 0.5884422110552764 0.2617647058823529 0.05326633165829146 0.0976470588235294
9 0.5577889447236182 0.26294117647058823 0.06432160804020101 0.10705882352941176
9 0.5231155778894473 0.2505882352941176 0.05527638190954774 0.09411764705882353
9 0.3673366834170855 0.23764705882352938 0.05728643216080403 0.09411764705882353
9 0.3396984924623116 0.2511764705882353 0.05628140703517588 0.09294117647058822
10 0.577889447236181 0.934705882352941 0.03618090452261307 0.01764705882352941
10 0.31658291457286436 0.7088235294117646 0.018090452261306535 0.05058823529411764
10 0.9271356783919599 0.9405882352941176 0.017085427135678392 0.04352941176470588
10 0.3376884422110553 0.7123529411764705 0.01407035175879397 0.036470588235294116
10 0.9040201005025127 0.9423529411764705 0.017085427135678392 0.039999999999999994
10 0.8814070351758795 0.9441176470588234 0.016080402010050253 0.0388235294117647
10 0.8582914572864323 0.9435294117647058 0.01407035175879397 0.03529411764705882
10 0.8497487437185931 0.6147058823529411 0.015075376884422112 0.03411764705882352
10 0.7597989949748745 0.7252941176470588 0.018090452261306535 0.041176470588235294
10 0.7366834170854272 0.7158823529411764 0.020100502512562818 0.045882352941176464
10 0.7140703517587941 0.7229411764705882 0.017085427135678392 0.045882352941176464
10 0.691959798994975 0.7229411764705882 0.017085427135678392 0.041176470588235294
10 0.6713567839195981 0.718235294117647 0.016080402010050253 0.04352941176470588
10 0.6467336683417086 0.7170588235294117 0.017085427135678392 0.04352941176470588
10 0.6246231155778895 0.718235294117647 0.017085427135678392 0.05294117647058823
10 0.6030150753768845 0.7241176470588234 0.018090452261306535 0.04352941176470588
10 0.742211055276382 0.608235294117647 0.017085427135678392 0.04470588235294117
10 0.6939698492462312 0.6070588235294118 0.017085427135678392 0.04470588235294117
10 0.6286432160804021 0.6052941176470588 0.017085427135678392 0.05529411764705882
10 0.5809045226130654 0.7194117647058823 0.016080402010050253 0.04823529411764706
10 0.5592964824120603 0.7211764705882352 0.017085427135678392 0.042352941176470586
10 0.5366834170854272 0.7176470588235293 0.016080402010050253 0.04470588235294117
10 0.5150753768844222 0.7205882352941175 0.015075376884422112 0.0388235294117647
10 0.49195979899497494 0.7170588235294117 0.015075376884422112 0.04823529411764706
10 0.35678391959799 0.7094117647058823 0.016080402010050253 0.042352941176470586
9 0.30854271356783924 0.25352941176470584 0.06633165829145729 0.10705882352941176
