1 0.7667121418826739 0.19715808170515098 0.05184174624829468 0.03197158081705151
1 0.7633015006821282 0.18561278863232683 0.05320600272851296 0.03374777975133215
1 0.7612551159618008 0.17229129662522202 0.054570259208731244 0.03197158081705151
1 0.7701227830832197 0.1447602131438721 0.0504774897680764 0.047957371225577264
1 0.6207366984993179 0.2060390763765542 0.04638472032742155 0.07104795737122557
1 0.34447476125511595 0.42007104795737127 0.05320600272851296 0.04440497335701599
1 0.38813096862210095 0.42007104795737127 0.023192360163710776 0.07282415630550622
1 0.1364256480218281 0.5124333925399644 0.05184174624829468 0.04085257548845471
1 0.13096862210095497 0.4991119005328597 0.04911323328785812 0.03907637655417407
1 0.3246930422919509 0.2673179396092362 0.06548431105047749 0.03730017761989343
1 0.5347885402455662 0.14920071047957373 0.0572987721691678 0.04262877442273535
