8 0.9189234369775994 0.05618431689571544 0.0056837178201270475 0.012934518997574777
8 0.9093948512203276 0.021827000808407437 0.006686726847208291 0.015359741309620048
6 0.12905382815112001 0.7417138237671786 0.05884319625543296 0.03637833468067906
6 0.021899030424607155 0.4157235246564268 0.03778000668672685 0.05375909458367017
4 0.8253092611166833 0.6691592562651576 0.01036442661317285 0.018997574777687955
4 0.8353393513874958 0.6657235246564268 0.009695753928452022 0.017784963621665317
4 0.8448679371447676 0.662287793047696 0.009361417586091608 0.017380759902991108
4 0.8545636910732196 0.6588520614389652 0.009361417586091608 0.018593371059013743
6 0.05198930123704446 0.572756669361358 0.05315947843530591 0.046079223928860144
5 0.059846205282514206 0.565076798706548 0.016716817118020727 0.01616814874696847
5 0.04781009695753928 0.5814470493128536 0.018054162487462385 0.01818916734033953
5 0.06335673687729856 0.5755860953920776 0.016382480775660315 0.017784963621665317
5 0.12203276496155131 0.744341147938561 0.012704781009695753 0.0206143896523848
5 0.13674356402540955 0.7421180274858529 0.012704781009695753 0.023443815683104285
6 0.6753594115680374 0.7855699272433306 0.05549983283182882 0.054567502021018593
5 0.6634904714142427 0.7890056588520614 0.013707790036776997 0.023443815683104285
5 0.6731862253426947 0.7780921584478577 0.015713808090939484 0.012934518997574777
5 0.6768639251086592 0.7924413904607922 0.015713808090939484 0.014147130153597412
4 0.7995653627549314 0.7320129345189975 0.01170177198261451 0.019401778496362165
5 0.779003677699766 0.7451495553759094 0.012704781009695753 0.023039611964430072
5 0.784687395519893 0.7734438156831043 0.013373453694416582 0.023039611964430072
5 0.7739886325643597 0.7188763136620857 0.012704781009695753 0.023848019401778494
5 0.7691407556001337 0.698464025869038 0.01237044466733534 0.021018593371059012
4 0.694416583082581 0.7200889248181083 0.01471079906385824 0.012530315278900566
4 0.6965897693079237 0.7299919159256265 0.015045135406218655 0.012126111560226353
8 0.8941825476429287 0.03132578819725141 0.009695753928452022 0.01576394502829426
8 0.9077231695085255 0.06447049312853678 0.00802407221664995 0.013338722716248988
6 0.8092611166833834 0.731002425222312 0.045135406218655964 0.07396928051738076
