13 0.7583191126279863 0.29397233201581024 0.04052901023890785 0.044466403162055336
4 0.7039249146757679 0.3675889328063241 0.013651877133105802 0.024703557312252964
6 0.5465017064846417 0.3989624505928854 0.15017064846416384 0.2267786561264822
6 0.5401023890784983 0.40044466403162055 0.10068259385665529 0.17243083003952567
6 0.6764078498293515 0.2769268774703557 0.1574232081911263 0.15859683794466403
13 0.6787542662116041 0.27865612648221344 0.11092150170648464 0.11363636363636363
8 0.31889931740614336 0.8357213438735177 0.03455631399317406 0.11116600790513834
13 0.6770477815699659 0.6472332015810276 0.026450511945392493 0.03359683794466403
6 0.564419795221843 0.6408102766798418 0.05887372013651877 0.04743083003952569
4 0.7372013651877133 0.33917984189723316 0.013651877133105802 0.02618577075098814
4 0.7512798634812287 0.3362154150197628 0.013651877133105802 0.02519762845849802
4 0.7687713310580205 0.3332509881422925 0.014505119453924915 0.02618577075098814
4 0.7826365187713311 0.33053359683794464 0.014078498293515358 0.0266798418972332
4 0.7429607508532423 0.37895256916996045 0.013225255972696246 0.02569169960474308
4 0.7572525597269625 0.3769762845849802 0.01621160409556314 0.0266798418972332
4 0.774957337883959 0.3732707509881423 0.014931740614334471 0.02519762845849802
4 0.7892491467576792 0.37154150197628455 0.013651877133105802 0.02569169960474308
13 0.5420221843003413 0.40167984189723316 0.06953924914675769 0.11956521739130434
