0 0.9036296806799908 0.31165600568585644 0.026878015161957272 0.02914001421464108
0 0.4091431196875718 0.7752902155887231 0.037675166551803356 0.0334044065387349
0 0.3892717665977487 0.7110874200426439 0.038364346427750974 0.03293058516939114
0 0.38111647139903515 0.6796967543236201 0.038134619802435106 0.03316749585406302
0 0.37261658626234784 0.6481876332622601 0.03308063404548587 0.030324567638000476
0 0.3629680679990811 0.6163231461738925 0.03399954054674937 0.031035299692016113
0 0.3502182402940501 0.5835110163468373 0.04158051918217322 0.037905709547500596
0 0.3441304847231794 0.5503435204927742 0.022053756030323914 0.020848140251125327
0 0.3265563978865151 0.4894574745321014 0.023202389156903286 0.021795782989812842
0 0.3149552033080634 0.45676380004738215 0.024351022283482657 0.021795782989812842
0 0.30473236848150703 0.42478085761667855 0.025499655410062026 0.021795782989812842
0 0.2969216632207673 0.39504856669035776 0.02458074890879853 0.022506515043828477
0 0.3471169308522858 0.34091447524283347 0.02021594302779692 0.018952854773750298
0 0.3560762692396049 0.36602700781805264 0.021134849529060418 0.019426676143094054
0 0.3627383413737652 0.388770433546553 0.02067539627842867 0.01990049751243781
0 0.3702044566965311 0.4129353233830846 0.020445669653112796 0.018952854773750298
0 0.37778543533195497 0.43745557924662404 0.0195267631518493 0.01871594408907842
0 0.3998391913622789 0.7434257285003554 0.03744543992648748 0.03411513859275053
0 0.4206294509533655 0.8057332385690595 0.03170227429359063 0.032693674484719264
0 0.7252469561222146 0.0334044065387349 0.02067539627842867 0.018952854773750298
0 0.4388927176659775 0.8705283108268184 0.03698598667585573 0.034352049277422414
0 0.11693085228577993 0.13101160862354894 0.024810475534114404 0.023217247097844115
0 0.1301401332414427 0.16180999763089315 0.01998621640248105 0.022743425728500355
0 0.1546060188375833 0.25538971807628524 0.03399954054674937 0.03316749585406302
0 0.14024810475534114 0.19308220800758116 0.01998621640248105 0.01847903340440654
0 0.1655180335400873 0.2870172944799811 0.022742935906271536 0.022506515043828477
0 0.17183551573627384 0.31520966595593464 0.0257293820353779 0.022980336413172237
0 0.21674707098552723 0.44705046197583515 0.02228348265563979 0.020848140251125327
0 0.2222605099931082 0.46458185264155416 0.018607856650585803 0.017531390665719026
0 0.22777394900068917 0.48116560056858565 0.018148403399954056 0.01847903340440654
0 0.23489547438548128 0.5041459369817579 0.029175281415116012 0.02937692489931296
0 0.29060418102458074 0.6808813077469794 0.028026648288536644 0.026533996683250415
0 0.3227659085688031 0.7868988391376451 0.03399954054674937 0.0334044065387349
0 0.33218470020675395 0.818407960199005 0.02848610153916839 0.030561478322672354
0 0.34298185159660005 0.8454157782515992 0.02848610153916839 0.02582326462923478
0 0.4500344589937974 0.9015636105188345 0.029864461291063633 0.031035299692016113
0 0.4832299563519412 0.7846481876332623 0.02228348265563979 0.018952854773750298
0 0.490925798300023 0.8094053541814736 0.02067539627842867 0.020137408197109692
0 0.766482885366414 0.7820421701018716 0.020445669653112796 0.021795782989812842
0 0.7692396048702045 0.6751954513148544 0.01998621640248105 0.018952854773750298
0 0.700781070526074 0.19556977019663588 0.021364576154376293 0.021558872305140964
0 0.6265793705490467 0.21144278606965175 0.02458074890879853 0.024875621890547265
0 0.642315644383184 0.2533759772565743 0.01791867677463818 0.01824212271973466
0 0.6500114863312658 0.2771855010660981 0.0195267631518493 0.01990049751243781
0 0.6602343211578222 0.3096422648661455 0.019756489777165175 0.018952854773750298
0 0.6655180335400873 0.33593935086472404 0.02297266253158741 0.018952854773750298
0 0.6758557316793017 0.35951196398957597 0.02067539627842867 0.01871594408907842
0 0.6813691706868826 0.3855721393034826 0.02343211578221916 0.017768301350390904
0 0.8981162416724099 0.5091210613598673 0.020445669653112796 0.019426676143094054
0 0.8889271766597749 0.5550817341862119 0.020445669653112796 0.021321961620469083
0 0.895933838731909 0.5903814262023218 0.02848610153916839 0.02748163942193793
0 0.9130484723179417 0.6374081971096897 0.021364576154376293 0.023454157782515993
0 0.9336090052837124 0.7055200189528548 0.021134849529060418 0.0222696043591566
0 0.9045485871812543 0.728618810708363 0.0319320009189065 0.031035299692016113
0 0.6827475304387779 0.10127931769722814 0.018378130025269928 0.019189765458422176
0 0.7822191592005514 0.21594408907841744 0.038134619802435106 0.03293058516939114
0 0.80289455547898 0.27552712627339493 0.03537790029864461 0.03221985311537551
0 0.729841488628532 0.29009713338071547 0.03354008729611762 0.03150912106135987
0 0.8447048012864691 0.6678512200900261 0.029864461291063633 0.032693674484719264
0 0.7824488858258672 0.7255389718076286 0.021134849529060418 0.019663586827765932
0 0.8252929014472777 0.8422174840085288 0.02228348265563979 0.0222696043591566
0 0.8524006432345509 0.8312011371712865 0.018607856650585803 0.02061122956645345
0 0.8695152768205835 0.8253968253968255 0.02067539627842867 0.02037431888178157
0 0.8847920974040892 0.7903340440653874 0.015391683896163565 0.017057569296375266
0 0.865035607626924 0.7273158019426677 0.020905122903744546 0.018952854773750298
0 0.8359751895244659 0.6374081971096897 0.03124282104295888 0.03150912106135987
0 0.739030553641167 0.32018479033404407 0.03078336779232713 0.028666192845297325
0 0.8177119228118539 0.5794835347074153 0.03147254766827475 0.03411513859275053
0 0.8103606708017459 0.5472636815920399 0.03560762692396049 0.03553660270078181
0 0.7987594762232944 0.513740819710969 0.036756260050539856 0.03482587064676617
0 0.7887663680220538 0.4823501539919451 0.03055364116701126 0.03127221037668799
0 0.7652193889271767 0.40985548448235015 0.02894555478980014 0.03221985311537551
0 0.7765908568803125 0.33487325278370056 0.03652653342522399 0.036247334754797446
0 0.10785665058580289 0.10068704098554845 0.023202389156903286 0.023217247097844115
