9 0.31445578231292515 0.5622022975623424 0.02074829931972789 0.008685906416363128
1 0.2717687074829932 0.6843653684505464 0.010884353741496598 0.004763239002521715
1 0.2704081632653061 0.6717567946203419 0.014965986394557823 0.005884001120762119
1 0.2913265306122449 0.6868870832165873 0.020068027210884354 0.005323620061641917
1 0.29115646258503397 0.6818436536845055 0.02040816326530612 0.005323620061641917
1 0.29081632653061223 0.6753992715046232 0.019047619047619046 0.005884001120762119
1 0.28826530612244894 0.6702157467077613 0.01802721088435374 0.005043429532081816
1 0.29183673469387755 0.6654525077052396 0.022448979591836733 0.005603810591202018
1 0.2891156462585034 0.6594284113196974 0.01836734693877551 0.005323620061641917
1 0.26972789115646256 0.6675539366769404 0.014285714285714285 0.004202857943401513
1 0.26938775510204077 0.663771364527879 0.013605442176870748 0.003922667413841412
1 0.270578231292517 0.6591482207901374 0.013265306122448979 0.004202857943401513
7 0.2789115646258503 0.6824040347436258 0.006122448979591836 0.054637153264219675
1 0.21955782312925168 0.6674138414121603 0.011904761904761904 0.006164191650322219
1 0.25170068027210885 0.7062202297562343 0.024489795918367346 0.007004763239002522
1 0.23911564625850337 0.6964135612216308 0.008843537414965985 0.019893527598767162
1 0.23928571428571427 0.677640795741104 0.011224489795918367 0.019893527598767162
1 0.23758503401360542 0.6590081255253573 0.007142857142857143 0.011207621182404036
1 0.23860544217687074 0.6448585037825721 0.008503401360544217 0.01597086018492575
1 0.24795918367346936 0.6391145979265901 0.01292517006802721 0.004483048472961614
1 0.26751700680272106 0.6403754553096106 0.024149659863945575 0.010927430652843935
1 0.29370748299319727 0.6405155505743906 0.023469387755102038 0.0072849537685626235
1 0.3168367346938775 0.6400952647800505 0.020068027210884354 0.00644438217988232
1 0.33945578231292517 0.6403754553096106 0.021768707482993196 0.007565144298122724
1 0.3603741496598639 0.6400952647800505 0.02074829931972789 0.007004763239002522
1 0.4006802721088435 0.6375735500140096 0.016326530612244896 0.005884001120762119
1 0.41870748299319727 0.6347716447184085 0.02108843537414966 0.012048192771084338
1 0.4420068027210884 0.613757355001401 0.022108843537414963 0.0327822919585318
1 0.3615646258503401 0.5544970579994397 0.012244897959183673 0.015690669655365648
1 0.270578231292517 0.6803026057719249 0.013265306122448979 0.003922667413841412
1 0.270578231292517 0.6888484169235081 0.012585034013605442 0.004763239002521715
9 0.3164965986394558 0.5523956290277389 0.02074829931972789 0.008125525357242926
1 0.26938775510204077 0.6938918464555899 0.014965986394557823 0.005323620061641917
7 0.3438775510204081 0.6821238442140656 0.006802721088435374 0.055757915382460076
1 0.33197278911564626 0.7067806108153545 0.02040816326530612 0.005323620061641917
1 0.3559523809523809 0.7073409918744747 0.01598639455782313 0.004763239002521715
1 0.3311224489795918 0.7028579434015131 0.02074829931972789 0.005323620061641917
1 0.332312925170068 0.6979546091342114 0.019047619047619046 0.004483048472961614
1 0.33248299319727886 0.6931913701316896 0.01870748299319728 0.004483048472961614
1 0.3329931972789115 0.688708321658728 0.01768707482993197 0.004483048472961614
1 0.3333333333333333 0.6842252731857663 0.017006802721088433 0.005043429532081816
1 0.33503401360544216 0.6787615578593444 0.01292517006802721 0.004763239002521715
1 0.33401360544217684 0.6739983188568227 0.014965986394557823 0.005323620061641917
1 0.33469387755102037 0.6689548893247409 0.014285714285714285 0.004763239002521715
1 0.354421768707483 0.7022975623423928 0.016326530612244896 0.005323620061641917
1 0.3522108843537415 0.697114037545531 0.014625850340136054 0.005043429532081816
1 0.3562925170068027 0.6920706080134492 0.02074829931972789 0.006164191650322219
1 0.3537414965986394 0.6871672737461474 0.017006802721088433 0.005323620061641917
1 0.354421768707483 0.6762398430933035 0.01564625850340136 0.005323620061641917
1 0.3559523809523809 0.6710563182964416 0.019387755102040816 0.006164191650322219
1 0.3571428571428571 0.6644718408517792 0.02108843537414966 0.005884001120762119
1 0.35357142857142854 0.6591482207901374 0.017346938775510204 0.004763239002521715
1 0.3345238095238095 0.6595685065844775 0.013945578231292517 0.004483048472961614
1 0.27006802721088435 0.7024376576071729 0.013605442176870748 0.004483048472961614
1 0.2707482993197279 0.6980947043989914 0.013605442176870748 0.004202857943401513
1 0.2692176870748299 0.7073409918744747 0.013945578231292517 0.004763239002521715
1 0.29234693877551016 0.7072008966096947 0.02074829931972789 0.004483048472961614
1 0.2894557823129251 0.7022975623423928 0.01564625850340136 0.005323620061641917
1 0.2894557823129251 0.6973942280750911 0.01564625850340136 0.005043429532081816
1 0.2897959183673469 0.6920706080134492 0.01564625850340136 0.004483048472961614
1 0.4812925170068027 0.4812272345194733 0.01292517006802721 0.01933314653964696
1 0.5338435374149659 0.47674418604651164 0.005782312925170068 0.007004763239002522
1 0.38537414965986394 0.46189408797982634 0.013605442176870748 0.017091622303166153
1 0.39166666666666666 0.44382179882319983 0.016666666666666666 0.021294480246567667
1 0.560204081632653 0.39366769403194174 0.006122448979591836 0.008966096945923228
1 0.5642857142857143 0.3528999719809471 0.006802721088435374 0.01260857383020454
1 0.5192176870748298 0.42883160549173444 0.01054421768707483 0.012048192771084338
1 0.529251700680272 0.4200056038105912 0.01564625850340136 0.0072849537685626235
1 0.5312925170068027 0.4155225553376296 0.014965986394557823 0.008405715886803026
1 0.5447278911564626 0.4029139815074251 0.020068027210884354 0.010647240123283833
1 0.5083333333333333 0.4300924628747549 0.007142857142857143 0.007845334827682824
1 0.5171768707482993 0.40977864948164755 0.015306122448979591 0.017652003362286357
1 0.5110544217687074 0.4079574110395069 0.011224489795918367 0.011768002241524238
1 0.5229591836734694 0.3980106472401233 0.005782312925170068 0.007004763239002522
1 0.5113945578231293 0.391566265060241 0.01870748299319728 0.009806668534603531
1 0.4952380952380952 0.3854020734099188 0.014965986394557823 0.007004763239002522
1 0.47619047619047616 0.3809190249369572 0.02585034013605442 0.01541047912580555
1 0.45221088435374146 0.3711123564023536 0.022108843537414963 0.012048192771084338
1 0.4311224489795918 0.36508826001681144 0.020068027210884354 0.010647240123283833
1 0.4115646258503401 0.3594844494256094 0.023809523809523808 0.014009526478005045
1 0.535204081632653 0.30806948725133093 0.005782312925170068 0.010927430652843935
2 0.8835034013605442 0.1899691790417484 0.006462585034013605 0.005043429532081816
2 0.8399659863945578 0.19767441860465118 0.005782312925170068 0.005323620061641917
1 0.6654761904761904 0.40333426730176525 0.005782312925170068 0.008125525357242926
1 0.688265306122449 0.3754553096105352 0.008503401360544217 0.011207621182404036
1 0.5071428571428571 0.3119921546651723 0.006802721088435374 0.008685906416363128
1 0.5284013605442176 0.32670215746707765 0.00782312925170068 0.01288876435976464
9 0.1389455782312925 0.6068926870271786 0.022108843537414963 0.006724572709442421
2 0.10884353741496598 0.4695993275427291 0.006122448979591836 0.003922667413841412
2 0.10901360544217686 0.4655365648641076 0.005782312925170068 0.004202857943401513
2 0.11156462585034013 0.4602129448024657 0.006122448979591836 0.0036424768842813118
1 0.5874149659863945 0.4169235079854301 0.012244897959183673 0.0072849537685626235
1 0.5954081632653061 0.42981227234519476 0.009183673469387754 0.010647240123283833
1 0.6042517006802721 0.41482207901372936 0.009183673469387754 0.01260857383020454
8 0.8229591836734693 0.4390585598206781 0.024829931972789113 0.0072849537685626235
1 0.3659863945578231 0.46581675539366774 0.025170068027210883 0.014289717007565145
1 0.3420068027210884 0.4596525637433455 0.023469387755102038 0.013168954889324742
1 0.31853741496598637 0.45446903894648366 0.024829931972789113 0.012328383300644438
1 0.3183673469387755 0.4376576071728776 0.01768707482993197 0.018492574950966657
1 0.33061224489795915 0.42028579434015134 0.016326530612244896 0.016251050714485852
1 0.34251700680272107 0.40333426730176525 0.017006802721088433 0.017091622303166153
1 0.3569727891156462 0.3924068366489213 0.013945578231292517 0.01541047912580555
1 0.3518707482993197 0.38862426449985993 0.014625850340136054 0.015130288596245448
1 0.3712585034013605 0.37867750070047634 0.01598639455782313 0.016531241244045952
1 0.364625850340136 0.3739142616979546 0.019727891156462583 0.018212384421406557
7 0.5202380952380952 0.41566265060240964 0.026190476190476188 0.04286915102269544
7 0.7945578231292516 0.8634071168394509 0.07006802721088434 0.06752591762398431
8 0.6826530612244898 0.41580274586718974 0.024489795918367346 0.0072849537685626235
1 0.6062925170068026 0.42785093863827406 0.00782312925170068 0.010086859064163633
7 0.5675170068027211 0.48178761557859345 0.07721088435374149 0.014850098066685347
1 0.5976190476190476 0.4862706640515551 0.025170068027210883 0.007565144298122724
1 0.5863945578231292 0.47001961333706926 0.006802721088435374 0.01260857383020454
1 0.5488095238095237 0.47394228075091066 0.00782312925170068 0.012048192771084338
1 0.6119047619047618 0.466657326982348 0.008163265306122448 0.011487811711964136
1 0.5704081632653061 0.4886522835528159 0.02585034013605442 0.008966096945923228
1 0.5579931972789115 0.47086018492574955 0.007142857142857143 0.01541047912580555
1 0.5743197278911564 0.4715606612496498 0.007142857142857143 0.010647240123283833
1 0.6015306122448979 0.46945923227794906 0.006462585034013605 0.010367049593723733
1 0.5991496598639455 0.4576912300364248 0.005782312925170068 0.009806668534603531
1 0.6091836734693877 0.44312132249929953 0.008843537414965985 0.013168954889324742
1 0.5971088435374149 0.4449425609414402 0.009183673469387754 0.014009526478005045
1 0.3982993197278911 0.6867469879518073 0.021768707482993196 0.007845334827682824
1 0.3901360544217687 0.6997758475763519 0.012244897959183673 0.017091622303166153
1 0.41615646258503397 0.6824040347436258 0.02074829931972789 0.01933314653964696
1 0.5661564625850339 0.7623984309330345 0.01870748299319728 0.008966096945923228
1 0.6540816326530612 0.7827122443261418 0.016326530612244896 0.009806668534603531
7 0.6301020408163265 0.8236200616419166 0.09217687074829932 0.10339030540767723
1 0.5442176870748299 0.8471560661249651 0.017006802721088433 0.010927430652843935
1 0.5452380952380952 0.8411319697394228 0.01292517006802721 0.007845334827682824
1 0.5267006802721088 0.8366489212664613 0.01870748299319728 0.011768002241524238
1 0.5505102040816326 0.8341272065004204 0.015306122448979591 0.007845334827682824
1 0.5522108843537414 0.8296441580274587 0.015306122448979591 0.008405715886803026
1 0.5355442176870748 0.8234799663771365 0.011224489795918367 0.0072849537685626235
1 0.5401360544217687 0.8167553936676941 0.011564625850340135 0.006164191650322219
1 0.5408163265306122 0.8122723451947325 0.013605442176870748 0.006164191650322219
1 0.5418367346938775 0.8075091061922107 0.014965986394557823 0.008405715886803026
1 0.5612244897959183 0.8154945362846736 0.016326530612244896 0.008685906416363128
1 0.5625850340136054 0.8104511067525918 0.014965986394557823 0.008125525357242926
1 0.5465986394557822 0.799803866629308 0.013605442176870748 0.008125525357242926
1 0.5482993197278911 0.7970019613337069 0.013605442176870748 0.007004763239002522
1 0.5671768707482993 0.802605771924909 0.013945578231292517 0.007004763239002522
1 0.5503401360544218 0.7933594844494256 0.014285714285714285 0.008125525357242926
1 0.5710884353741497 0.7985430092462875 0.019047619047619046 0.00952647800504343
1 0.552891156462585 0.789016531241244 0.013265306122448979 0.007845334827682824
1 0.5736394557823129 0.7934995797142057 0.016666666666666666 0.00952647800504343
1 0.5545918367346938 0.7845334827682825 0.013945578231292517 0.007845334827682824
1 0.5556122448979591 0.7801905295601009 0.01802721088435374 0.009806668534603531
1 0.5578231292517006 0.7755673858223593 0.017006802721088433 0.00952647800504343
1 0.5812925170068027 0.7806108153544411 0.01836734693877551 0.00952647800504343
1 0.5850340136054422 0.7744466237041189 0.019727891156462583 0.010086859064163633
1 0.5862244897959183 0.7682824320537966 0.01802721088435374 0.008405715886803026
1 0.5887755102040816 0.7632390025217148 0.016326530612244896 0.008405715886803026
1 0.677891156462585 0.7880358643877837 0.025170068027210883 0.01597086018492575
1 0.6596938775510204 0.8063883440739703 0.01802721088435374 0.01288876435976464
1 0.6428571428571428 0.7974222471280471 0.013605442176870748 0.00952647800504343
1 0.5971088435374149 0.8760156906696555 0.01598639455782313 0.010927430652843935
9 0.25357142857142856 0.5339030540767722 0.022108843537414963 0.005884001120762119
9 0.27193877551020407 0.5428691510226955 0.019387755102040816 0.012048192771084338
1 0.2780612244897959 0.7418044270103671 0.006462585034013605 0.01260857383020454
1 0.3756802721088435 0.8655085458111517 0.00510204081632653 0.007845334827682824
1 0.36700680272108843 0.8694312132249931 0.008163265306122448 0.00952647800504343
1 0.7085034013605441 0.7353600448304848 0.010884353741496598 0.007004763239002522
1 0.6585034013605442 0.8893247408237602 0.009523809523809523 0.0072849537685626235
1 0.6505102040816326 0.8876435976463997 0.009863945578231292 0.0072849537685626235
1 0.6704081632653061 0.8785374054356964 0.009523809523809523 0.008125525357242926
1 0.6680272108843537 0.8709722611375736 0.01020408163265306 0.009806668534603531
1 0.648469387755102 0.9016531241244047 0.00510204081632653 0.007845334827682824
1 0.5797619047619047 0.8666293079293921 0.015306122448979591 0.010647240123283833
1 0.5989795918367347 0.8713925469319138 0.01292517006802721 0.008966096945923228
1 0.6329931972789116 0.8059680582796303 0.01768707482993197 0.011487811711964136
1 0.588095238095238 0.8594844494256094 0.01292517006802721 0.008685906416363128
1 0.5937074829931972 0.8540207340991876 0.011224489795918367 0.0072849537685626235
1 0.5965986394557823 0.8510787335388065 0.010884353741496598 0.007565144298122724
1 0.5994897959183673 0.8479966377136453 0.011224489795918367 0.007565144298122724
1 0.6015306122448979 0.8439338750350239 0.013945578231292517 0.008966096945923228
1 0.6049319727891156 0.8404314934155226 0.012585034013605442 0.008685906416363128
1 0.617517006802721 0.8507985430092464 0.013945578231292517 0.009246287475483329
1 0.6222789115646258 0.8478565424488653 0.01598639455782313 0.010086859064163633
1 0.6241496598639455 0.8433734939759037 0.014285714285714285 0.010086859064163633
1 0.6105442176870748 0.8321658727934996 0.016326530612244896 0.010086859064163633
1 0.6209183673469387 0.8180162510507145 0.01870748299319728 0.01260857383020454
1 0.6362244897959183 0.8297842532922388 0.016666666666666666 0.013168954889324742
1 0.5943877551020408 0.7573550014009527 0.0227891156462585 0.01288876435976464
1 0.5692176870748299 0.7566545250770524 0.015306122448979591 0.009806668534603531
1 0.4214285714285714 0.6990753712524517 0.02040816326530612 0.0072849537685626235
1 0.5748299319727891 0.7483889044550295 0.014285714285714285 0.008405715886803026
1 0.5127551020408163 0.7369010927430654 0.016666666666666666 0.007845334827682824
1 0.4884353741496598 0.7476884281311292 0.01564625850340136 0.00644438217988232
1 0.4914965986394558 0.7434855701877278 0.011564625850340135 0.00644438217988232
1 0.491156462585034 0.7391426169795462 0.014965986394557823 0.006724572709442421
1 0.4909863945578231 0.7336789016531242 0.01802721088435374 0.008125525357242926
1 0.5583333333333333 0.7175679462034183 0.013265306122448979 0.01288876435976464
1 0.5159863945578231 0.7307369010927431 0.019727891156462583 0.00952647800504343
1 0.4943877551020408 0.7294760437097226 0.013945578231292517 0.00644438217988232
1 0.4920068027210884 0.7237321378537406 0.022108843537414963 0.007845334827682824
1 0.4959183673469387 0.7189688988512188 0.017006802721088433 0.0072849537685626235
1 0.4945578231292517 0.713645278789577 0.021768707482993196 0.007845334827682824
1 0.5212585034013605 0.7149061361725975 0.020068027210884354 0.007004763239002522
1 0.49914965986394555 0.7079013729335949 0.016666666666666666 0.007004763239002522
1 0.4971088435374149 0.7020173718128327 0.024829931972789113 0.009246287475483329
1 0.5015306122448979 0.6961333706920707 0.01870748299319728 0.008125525357242926
1 0.5226190476190475 0.7101428971700757 0.02074829931972789 0.009246287475483329
1 0.5244897959183673 0.7043989913140937 0.02108843537414966 0.007845334827682824
7 0.49693877551020404 0.7545530961053517 0.04081632653061224 0.12496497618380499
1 0.5231292517006803 0.6978145138694313 0.014285714285714285 0.005884001120762119
7 0.6639455782312925 0.8793779770243766 0.055782312925170066 0.05015410479125806
7 0.5654761904761905 0.7869151022695433 0.06904761904761904 0.11964135612216308
1 0.45527210884353736 0.802605771924909 0.02074829931972789 0.013729335948444943
1 0.4399659863945578 0.7951807228915663 0.01598639455782313 0.011207621182404036
1 0.4193877551020408 0.7234519473241805 0.02040816326530612 0.0072849537685626235
1 0.4214285714285714 0.7177080414681984 0.022448979591836733 0.00644438217988232
1 0.4202380952380952 0.7118240403474363 0.02074829931972789 0.007565144298122724
1 0.42091836734693877 0.7052395629027739 0.020068027210884354 0.006724572709442421
1 0.5122448979591836 0.7422247128047073 0.01836734693877551 0.008966096945923228
1 0.5095238095238095 0.746987951807229 0.017006802721088433 0.007845334827682824
1 0.5083333333333333 0.7517511908097507 0.01598639455782313 0.007845334827682824
1 0.4756802721088435 0.7958811992154666 0.012585034013605442 0.00644438217988232
1 0.5989795918367347 0.7465676660128888 0.02108843537414966 0.011487811711964136
1 0.6011904761904762 0.7406836648921267 0.017346938775510204 0.009246287475483329
1 0.5753401360544217 0.7427850938638274 0.017346938775510204 0.008966096945923228
1 0.6079931972789115 0.7364808069487252 0.024829931972789113 0.013168954889324742
1 0.5782312925170068 0.7373213785374055 0.019047619047619046 0.010367049593723733
1 0.5965986394557823 0.7262538526197815 0.011564625850340135 0.005603810591202018
1 0.4889455782312925 0.8182964415802746 0.015306122448979591 0.008125525357242926
1 0.48945578231292514 0.8121322499299525 0.012244897959183673 0.00644438217988232
1 0.4909863945578231 0.8083496777808911 0.013265306122448979 0.006724572709442421
1 0.49251700680272104 0.8042869151022696 0.014285714285714285 0.00644438217988232
1 0.4931972789115646 0.8000840571588681 0.01292517006802721 0.00644438217988232
1 0.4948979591836734 0.7960212944802466 0.014965986394557823 0.007845334827682824
1 0.4768707482993197 0.7929391986550856 0.01292517006802721 0.005603810591202018
1 0.5071428571428571 0.7566545250770524 0.016326530612244896 0.008125525357242926
1 0.4780612244897959 0.7895769123003643 0.012585034013605442 0.005603810591202018
1 0.47857142857142854 0.7856542448865229 0.01292517006802721 0.005603810591202018
1 0.49914965986394555 0.7871952927991035 0.01802721088435374 0.008125525357242926
1 0.47925170068027206 0.7813112916783413 0.014285714285714285 0.00644438217988232
1 0.4799319727891156 0.7771084337349398 0.014965986394557823 0.005884001120762119
1 0.5022108843537415 0.7769683384701598 0.017346938775510204 0.010086859064163633
1 0.4831632653061224 0.769263098907257 0.013945578231292517 0.007004763239002522
1 0.48384353741496594 0.7646399551695153 0.015306122448979591 0.006724572709442421
1 0.4846938775510204 0.7602970019613338 0.014965986394557823 0.007004763239002522
1 0.48639455782312924 0.7559540487531522 0.014965986394557823 0.0072849537685626235
1 0.5049319727891156 0.7668814794059962 0.01870748299319728 0.008966096945923228
1 0.5059523809523809 0.7619781451386943 0.016666666666666666 0.008125525357242926
9 0.2707482993197279 0.441580274586719 0.014285714285714285 0.008966096945923228
