2 0.36858928825117204 0.034318140875517926 0.014632760335274896 0.017834624392001442
10 0.1181275749396221 0.33174202846333994 0.0032675095894303167 0.005224283912808503
10 0.11493109816735331 0.31904161412358134 0.0031254439551072592 0.005404431633939831
10 0.10512856939906236 0.3231850117096019 0.0036937064923994885 0.005764727076202486
10 0.13197897428612018 0.3161592505854801 0.0031254439551072592 0.005044136191677175
10 0.10953260406307713 0.3258872275265718 0.003409575223753374 0.005044136191677175
10 0.10484443813041625 0.3280490001801477 0.0031254439551072592 0.005044136191677175
10 0.12281574087228299 0.3294901819491983 0.0029833783207842022 0.00468384074941452
10 0.1176303452194914 0.33669609079445145 0.002841312686461145 0.00468384074941452
10 0.1020031254439551 0.33867771572689603 0.0025571814178150304 0.00468384074941452
10 0.11038499786901548 0.3350747613042695 0.002841312686461145 0.005044136191677175
10 0.12118198607756783 0.3353449828859665 0.0031254439551072592 0.005224283912808503
10 0.11244494956669981 0.37858043595748514 0.0024151157834919734 0.004503693028283192
10 0.11081119477198464 0.8058908304809944 0.004261969029691717 0.0066654656818591245
10 0.07358999857934365 0.19464961268239958 0.0031254439551072592 0.005224283912808503
1 0.25451058388975706 0.6749234372185192 0.011507316380167637 0.02648171500630517
1 0.30210257138798124 0.6851918573230049 0.0382156556329024 0.02179787425689065
1 0.2744708055121466 0.7131147540983607 0.02670833925273476 0.01711403350747613
1 0.32277312118198603 0.7571608719149703 0.027276601790026993 0.017654476670870112
1 0.3378320784202301 0.8036389839668528 0.05711038499786901 0.03134570347685102
1 0.27191362409433156 0.7648171500630517 0.010796988208552351 0.007746352008647091
1 0.2862622531609603 0.7754458656098 0.030686177013780364 0.023599351468203928
1 0.2511720414831652 0.6771752837326608 0.009660463133967893 0.025580976400648534
9 0.09795425486574796 0.3978562421185372 0.004688165932660889 0.012790488200324267
9 0.11493109816735331 0.605026121419564 0.0062508879102145185 0.014952260853900199
10 0.11990339536866032 0.331201585299946 0.002841312686461145 0.004503693028283192
10 0.12075578917459866 0.3212934606377229 0.0036937064923994885 0.004863988470545848
9 0.03267509589430317 0.6456494325346784 0.0059667566415684044 0.01405152224824356
10 0.12771700525642846 0.32822914790127905 0.0031254439551072592 0.006125022518465141
10 0.11670691859639153 0.34687443703837145 0.0032675095894303167 0.004863988470545848
10 0.12622531609603635 0.3424608178706539 0.0029833783207842022 0.005044136191677175
10 0.10832504617133115 0.341109709962169 0.0029833783207842022 0.004863988470545848
10 0.1196192641000142 0.3168798414700054 0.003409575223753374 0.005044136191677175
10 0.13553061514419662 0.30958385876418665 0.0031254439551072592 0.004863988470545848
10 0.10171899417530898 0.30985408034588363 0.0031254439551072592 0.005404431633939831
10 0.11429180281289955 0.3240857503152585 0.0032675095894303167 0.005404431633939831
10 0.1270777099019747 0.3185011709601874 0.0029833783207842022 0.005044136191677175
10 0.10775678363403891 0.32678796613222844 0.002699247052138088 0.005404431633939831
10 0.11088222758914618 0.31057467123040894 0.003551640858076431 0.005404431633939831
10 0.10590993038783918 0.3131868131868132 0.0032675095894303167 0.005584579355071158
10 0.1034948146043472 0.3090434156007926 0.0029833783207842022 0.005584579355071158
10 0.10654922574229293 0.3072419383894794 0.003409575223753374 0.005584579355071158
10 0.14696689870720273 0.3338137272563502 0.0032675095894303167 0.005764727076202486
10 0.11478903253303026 0.3330931363718249 0.0031254439551072592 0.005044136191677175
10 0.11329734337263815 0.33417402269861285 0.0032675095894303167 0.005764727076202486
10 0.10725955391390822 0.3371464600972798 0.002841312686461145 0.004503693028283192
10 0.13091348202869726 0.31228607458115654 0.0032675095894303167 0.004503693028283192
10 0.13588577923000425 0.32399567645469285 0.002699247052138088 0.004143397586020537
10 0.12999005540559738 0.31696991533057106 0.002841312686461145 0.005224283912808503
2 0.12601221764455178 0.3147180688164295 0.0031254439551072592 0.005404431633939831
10 0.10299758488421651 0.3142676995136012 0.003409575223753374 0.005224283912808503
10 0.10995880096604631 0.3209331651954603 0.002841312686461145 0.005224283912808503
9 0.11130842449211535 0.6027742749054225 0.0061088222758914614 0.012250045036930283
10 0.14114220769995736 0.9206449288416502 0.0029833783207842022 0.005584579355071158
10 0.10619406165648529 0.38263375968294 0.002699247052138088 0.005764727076202486
10 0.21743145333143912 0.8371464600972798 0.004688165932660889 0.00468384074941452
10 0.22091206137235403 0.832282471626734 0.004830231566983947 0.0043235453071518645
10 0.2204148316522233 0.829850477391461 0.004404034664014775 0.0037831021437578815
10 0.21977553629776955 0.8278688524590164 0.004546100298337832 0.0037831021437578815
10 0.2189231424918312 0.8259773013871374 0.004261969029691717 0.003963249864889209
10 0.21771558460008522 0.8214736083588543 0.004688165932660889 0.0036029544226265538
10 0.21743145333143912 0.8194919834264096 0.004688165932660889 0.0036029544226265538
10 0.21700525642846993 0.817510358493965 0.004972297201307004 0.0036029544226265538
10 0.2164369938911777 0.8149882903981265 0.004972297201307004 0.0043235453071518645
10 0.2153715016337548 0.8130066654656819 0.004830231566983947 0.003963249864889209
10 0.22758914618553772 0.8220140515222483 0.003977837761045603 0.0036029544226265538
10 0.22723398209973006 0.8195820572869753 0.004688165932660889 0.004143397586020537
10 0.22652365392811477 0.8181408755179247 0.004688165932660889 0.004143397586020537
10 0.2260974570251456 0.8158890290037831 0.004688165932660889 0.0043235453071518645
10 0.22517403040204573 0.8138173302107728 0.004261969029691717 0.004503693028283192
10 0.22488989913339963 0.8114754098360656 0.004261969029691717 0.003422806701495226
10 0.22432163659610738 0.8094037110430553 0.004546100298337832 0.0043235453071518645
10 0.22382440687597668 0.8074220861106107 0.004688165932660889 0.0043235453071518645
10 0.20230146327603352 0.8140875517924698 0.004261969029691717 0.003963249864889209
10 0.2012359710186106 0.8098540803458836 0.004404034664014775 0.004143397586020537
10 0.20379315243642562 0.8035489101062872 0.004972297201307004 0.004503693028283192
10 0.20286972581332574 0.7994055125202666 0.004546100298337832 0.0037831021437578815
10 0.20045461002983378 0.8047198702936408 0.004261969029691717 0.0043235453071518645
10 0.1995311834067339 0.8005764727076202 0.00411990339536866 0.00468384074941452
10 0.2216223895439693 0.8351648351648352 0.004261969029691717 0.00468384074941452
10 0.21785765023440828 0.8503873176004324 0.004404034664014775 0.0037831021437578815
10 0.1481744565989487 0.9182129346063772 0.003409575223753374 0.005764727076202486
9 0.21743145333143912 0.7223022878760583 0.01491689160392101 0.009187533777697713
10 0.16067623241937776 0.9916231309673933 0.0036937064923994885 0.006305170239596469
10 0.15627219775536297 0.9869392902179788 0.0036937064923994885 0.004863988470545848
10 0.12175024861486006 0.8466042154566745 0.003409575223753374 0.005584579355071158
10 0.09525500781360988 0.8744370383714646 0.0032675095894303167 0.005764727076202486
10 0.08637590566841881 0.8403891190776437 0.004546100298337832 0.0072059088452531075
10 0.07117488279585168 0.7852639164114574 0.004261969029691717 0.007566204287515763
10 0.030046881659326608 0.5205368402089714 0.0032675095894303167 0.006305170239596469
10 0.030757209830941892 0.5110790848495766 0.0032675095894303167 0.006485317960727797
10 0.02677937206989629 0.5075662042875158 0.002699247052138088 0.005224283912808503
10 0.020386418525358715 0.46811385335975497 0.003551640858076431 0.00702576112412178
10 0.014774825969597954 0.45730499009187536 0.0031254439551072592 0.00702576112412178
10 0.014845858786759482 0.4426229508196721 0.0032675095894303167 0.006485317960727797
10 0.006321920727376047 0.393352549090254 0.0029833783207842022 0.005944874797333814
10 0.13119761329734336 0.3263375968294001 0.0032675095894303167 0.005224283912808503
10 0.0990197471231709 0.35462078904701855 0.0031254439551072592 0.005944874797333814
10 0.10406307714163943 0.35281931183570525 0.002699247052138088 0.005584579355071158
10 0.10718852109674669 0.35065753918212933 0.0032675095894303167 0.005944874797333814
2 0.3275323199318085 0.10430553053503873 0.009518397499644836 0.012610340479192938
2 0.3174456598948714 0.09809043415600793 0.009518397499644836 0.011709601873536299
2 0.3198607756783634 0.11115114393802919 0.0061088222758914614 0.007926499729778418
9 0.22716294928256853 0.6978922716627635 0.004546100298337832 0.015132408575031526
9 0.23000426196902968 0.722662583318321 0.007103281716152862 0.006305170239596469
9 0.20613723540275605 0.7273464240677355 0.008523938059383434 0.0066654656818591245
10 0.12189231424918312 0.3450729598270582 0.0031254439551072592 0.005224283912808503
10 0.10456030686177013 0.38317420284633397 0.002841312686461145 0.005764727076202486
1 0.3076431311265805 0.6993334534318141 0.030259980110811192 0.01801477211313277
2 0.27503906804943884 0.9294721671770853 0.012217644551782923 0.010989010989010988
2 0.27141639437420084 0.9165916051161953 0.013212103992044325 0.012250045036930283
2 0.28256854666856085 0.9125382813907404 0.011933513283136809 0.012069897315798956
2 0.2799403324335843 0.9001080886326788 0.01037079130558318 0.010628715546748334
2 0.2684330160534167 0.9041614123581336 0.011791447648813751 0.011889749594667627
2 0.2645972439266941 0.892001441181769 0.012643841454752095 0.011349306431273645
2 0.2764597243926694 0.8873176004323545 0.009092200596675664 0.011349306431273645
2 0.27361841170620826 0.8747072599531616 0.010796988208552351 0.010268420104485677
2 0.26147179997158687 0.8787605836786164 0.011791447648813751 0.011529454152404972
2 0.26999573803097027 0.8620969194739686 0.009518397499644836 0.011349306431273645
2 0.25806222474783347 0.8663303909205549 0.012643841454752095 0.011529454152404972
2 0.2429322346924279 0.8310214375788146 0.015627219775536296 0.015132408575031526
2 0.25891461855377185 0.8241758241758241 0.015769285409859356 0.015492704017294181
2 0.2613297343372638 0.8114754098360656 0.007245347350475919 0.006305170239596469
2 0.25323199318084955 0.8076923076923077 0.011507316380167637 0.01243019275806161
2 0.23795993749112088 0.8139074040713385 0.015911351044182412 0.015852999459556837
2 0.23362693564426765 0.7959827058187714 0.015769285409859356 0.01639344262295082
2 0.24960931950561158 0.7948117456314178 0.011933513283136809 0.011889749594667627
2 0.2469100724534735 0.7820212574310935 0.010228725671260121 0.011169158710142317
2 0.23533172325614432 0.7803098540803459 0.010654922574229293 0.011349306431273645
2 0.30885068901832646 0.16888848856061972 0.005398494104276176 0.00702576112412178
2 0.2963489131978974 0.1223203026481715 0.005114362835630061 0.006845613402990452
2 0.3269640573945162 0.09295622410376508 0.00667708481318369 0.008286795172041074
2 0.630487285125728 0.3428211133129166 0.02983378320784202 0.03675013511079085
2 0.28576502344082966 0.9250585480093677 0.011791447648813751 0.011529454152404972
2 0.29940332433584316 0.9858584038911907 0.01974712317090496 0.017834624392001442
2 0.6722545816167069 0.3234552332912989 0.023867026566273618 0.027562601333093135
2 0.27653075720983095 0.9864889209151504 0.01804233555902827 0.016573590344082147
2 0.3055121466117346 0.26445685462078905 0.04702372496093195 0.054404611781660964
2 0.35054695269214375 0.2441902359935147 0.04901264384145475 0.05962889569446946
2 0.41007245347350474 0.21815889029003782 0.05213808779656201 0.055845793550711585
2 0.4705924136951271 0.19347865249504595 0.04901264384145475 0.051882543685822374
2 0.5151299900554056 0.17384255089173123 0.05000710328171615 0.055845793550711585
2 0.17253871288535302 0.3798414700054044 0.04702372496093195 0.05710682759863088
2 0.23561585452479045 0.3500270221581697 0.04901264384145475 0.06341199783822735
2 0.2826395794857224 0.3330030625112592 0.05100156272197755 0.05962889569446946
2 0.34259127717005255 0.3069717168077824 0.04503480608040915 0.053323725454872996
2 0.4005540559738599 0.28030985408034587 0.04901264384145475 0.05836786164655017
2 0.44757778093479184 0.26193478652495045 0.04901264384145475 0.059448747973338135
2 0.5080267083392527 0.23536299765807964 0.04801818440119335 0.0520626914069537
2 0.14753516124449495 0.43253467843631777 0.05100156272197755 0.05836786164655017
2 0.16508026708339252 0.49090254008286793 0.051996022162238954 0.06088992974238876
2 0.2810058246910072 0.06593406593406594 0.018184401193351327 0.01873536299765808
2 0.19917601932092627 0.09349666726715906 0.010796988208552351 0.010808863267879661
2 0.20272766017900268 0.10466582597730138 0.009944594402614007 0.011529454152404972
2 0.18028128995595966 0.10790848495766528 0.015627219775536296 0.01801477211313277
2 0.16266515129990056 0.12268059809043416 0.009376331865321778 0.010808863267879661
2 0.13553061514419662 0.3788506575391821 0.005398494104276176 0.005764727076202486
2 0.12885353033101293 0.393892992253648 0.0059667566415684044 0.006305170239596469
2 0.03139650518539565 0.922536479913529 0.01392243216365961 0.01477211313276887
2 0.0543401051285694 0.9936948297604036 0.010654922574229293 0.010448567825617006
2 0.6807785196760903 0.34966672671590704 0.025003551640858074 0.027022158169699155
2 0.6646540701804233 0.29760403530895335 0.024577354737888902 0.027022158169699155
10 0.10363688023867026 0.39092055485498106 0.0029833783207842022 0.005404431633939831
10 0.0201022872567126 0.04143397586020537 0.0024151157834919734 0.005404431633939831
10 0.012430743003267509 0.034588362457214916 0.0024151157834919734 0.00468384074941452
10 0.01086802102571388 0.04287515762925599 0.0032675095894303167 0.005044136191677175
10 0.00930529904816025 0.04990091875337777 0.002699247052138088 0.0043235453071518645
9 0.0057536581900838185 0.06683480453972257 0.0061088222758914614 0.018375067555395426
10 0.0029833783207842022 0.08539001981624933 0.0025571814178150304 0.006125022518465141
10 0.005469526921437704 0.08457935507115835 0.002699247052138088 0.004503693028283192
9 0.007529478619122034 0.33669609079445145 0.004261969029691717 0.01405152224824356
9 0.010939053842875407 0.43757881462799497 0.004830231566983947 0.012970635921455594
9 0.02052848415968177 0.48225544946856425 0.0061088222758914614 0.01621329490181949
9 0.11741724676800681 0.9609980183750676 0.0058246910072453474 0.016033147180688163
9 0.10377894587299331 0.9044316339398306 0.004972297201307004 0.009908124662223024
9 0.13247620400625088 0.8973157989551432 0.006961216081829805 0.015132408575031526
9 0.1332575649950277 0.8894793730859305 0.006819150447506748 0.014591965411637542
9 0.12018752663730643 0.8529994595568366 0.006535019178860633 0.01477211313276887
9 0.10818298053700809 0.8075121599711763 0.006392953544537576 0.015312556296162853
9 0.07522375337405882 0.6866330390920555 0.008381872425060378 0.02251846514141596
9 0.08325046171331155 0.6710502612141956 0.007387412984798977 0.015852999459556837
9 0.06407160107969882 0.6459196541163754 0.007955675522091206 0.02107728337236534
9 0.057536581900838185 0.6211493424608179 0.005114362835630061 0.010448567825617006
9 0.04844438130416252 0.5885426049360476 0.006535019178860633 0.015132408575031526
9 0.06314817445659894 0.59700954782922 0.0058246910072453474 0.013691226805980904
9 0.04055973859923284 0.5598090434156008 0.005540559738599233 0.01243019275806161
9 0.049651939195908504 0.5469284813547108 0.006961216081829805 0.016573590344082147
10 0.016266515129990056 0.02981444784723473 0.0029833783207842022 0.004863988470545848
9 0.007174314533314391 0.138533597549991 0.0038357721267225455 0.014411817690506215
2 0.6584742150873704 0.2713024680237795 0.023582895297627502 0.026661862727436498
9 0.0186105980963205 0.061700594487479735 0.006535019178860633 0.020356692487840028
2 0.6517260974570251 0.24644208250765628 0.023440829663304446 0.025220680958385876
2 0.6434152578491262 0.21932985047739145 0.023867026566273618 0.027922896775355793
2 0.6282142349765591 0.1642046478112052 0.024435289103565846 0.02576112412177986
2 0.6211109532604063 0.13790308052603134 0.024435289103565846 0.026842010448567825
2 0.6145049012643841 0.11106107007746352 0.024009092200596674 0.02504053323725455
2 0.6077567836340388 0.08602053684020897 0.024435289103565846 0.026121419564042514
2 0.5990197471231709 0.05845793550711584 0.02429322346924279 0.026121419564042514
2 0.5926978263957948 0.032246442082507654 0.023014632760335274 0.02630156728517384
2 0.5507174314533314 0.2123040893532697 0.008950134962352606 0.007386056566384435
2 0.6405029123455036 0.9485678256170059 0.007529478619122034 0.008106647450909745
2 0.6477482596959795 0.9460457575211674 0.007813609887768148 0.007746352008647091
2 0.655064639863617 0.9432534678436317 0.007387412984798977 0.008286795172041074
2 0.662736184117062 0.9401008827238335 0.009092200596675664 0.010268420104485677
2 0.6716863190794147 0.9368582237434696 0.008523938059383434 0.009547829219960367
2 0.6802102571387981 0.9331651954602774 0.010512856939906235 0.011889749594667627
2 0.6901548515414121 0.9346964510898937 0.009376331865321778 0.010628715546748334
2 0.6997442818582185 0.9328949738785804 0.00980252876829095 0.010628715546748334
2 0.6974712317090496 0.9442442803098541 0.01037079130558318 0.011349306431273645
2 0.6855377184259127 0.9550531435777337 0.011791447648813751 0.012069897315798956
2 0.6960505753658189 0.9570347685101783 0.008097741156414264 0.010628715546748334
2 0.6755220912061372 0.9535218879481174 0.00823980679073732 0.010448567825617006
2 0.6670691859639153 0.9560439560439561 0.008381872425060378 0.007926499729778418
9 0.025429748543827246 0.029724373986669068 0.004830231566983947 0.011169158710142317
10 0.2013070038357721 0.7911187173482256 0.0036937064923994885 0.0037831021437578815
10 0.18418809489984372 0.7752657178886687 0.003551640858076431 0.006305170239596469
10 0.1821281432021594 0.7672491442983246 0.0036937064923994885 0.006125022518465141
1 0.730998721409291 0.8992073500270221 0.012075578917459865 0.015312556296162853
10 0.5318227020883648 0.9861286254728878 0.0032675095894303167 0.006125022518465141
10 0.5295496519391959 0.9870293640785444 0.0032675095894303167 0.005044136191677175
10 0.6681346782213382 0.9222662583318321 0.003977837761045603 0.0030625112592325707
10 0.6724676800681915 0.9207350027022159 0.004404034664014775 0.003963249864889209
10 0.6759482881091063 0.9192938209331651 0.003409575223753374 0.0036029544226265538
10 0.6805654212246057 0.9168618266978923 0.004688165932660889 0.004143397586020537
10 0.6895865890041198 0.916951900558458 0.0031254439551072592 0.00468384074941452
10 0.6857508168773974 0.9154206449288417 0.004546100298337832 0.004143397586020537
10 0.691078278164512 0.9077643667807602 0.0038357721267225455 0.003963249864889209
10 0.6762324193777525 0.9132588722752657 0.0036937064923994885 0.003422806701495226
10 0.6795709617843443 0.9124482075301747 0.0038357721267225455 0.0032426589803638984
10 0.6829095041909362 0.9105566564582958 0.003409575223753374 0.003422806701495226
10 0.6917175735189657 0.9157809403711044 0.003409575223753374 0.005224283912808503
10 0.6939195908509731 0.9070437758962349 0.0032675095894303167 0.0036029544226265538
10 0.6964767722687881 0.905422446406053 0.0032675095894303167 0.0036029544226265538
10 0.6950561159255576 0.915060349486579 0.0029833783207842022 0.005584579355071158
10 0.6966898707202728 0.914519906323185 0.002841312686461145 0.005584579355071158
10 0.6983236255149878 0.9135290938569627 0.0032675095894303167 0.005764727076202486
1 0.6959795425486575 0.1719509998198523 0.0627930103707913 0.1601513240857503
1 0.7446370223043045 0.22977841830300846 0.0342378178718568 0.09349666726715906
1 0.7713453615570394 0.2835525130607098 0.00667708481318369 0.023058908304809944
1 0.7461997442818582 0.3858764186633039 0.025145617275181133 0.07061790668348045
1 0.6885921295638585 0.468654296523149 0.054269072311407866 0.031525851197982346
1 0.7349765591703367 0.8881282651774455 0.012643841454752095 0.01621329490181949
1 0.7123881233129705 0.8824536119618087 0.01235971018610598 0.011349306431273645
1 0.722261684898423 0.011799675734101964 0.013070038357721267 0.019275806161052064
1 0.7157976985367239 0.8939830661142136 0.010654922574229293 0.01243019275806161
10 0.6329734337263816 0.4154206449288417 0.003551640858076431 0.002882363538101243
1 0.5429748543827247 0.6829400108088632 0.015058957238244068 0.017294181228607458
1 0.4953828668845006 0.6242118537200504 0.053984941042761754 0.035308953341740223
1 0.4978690154851541 0.6333093136371825 0.052990481602500354 0.03440821473608359
1 0.5021309845148458 0.6426769951360115 0.052990481602500354 0.036209691947396865
1 0.5705355874413979 0.5557557196901459 0.0548373348487001 0.023419203747072598
1 0.5674101434862906 0.5663844352368943 0.054269072311407866 0.023058908304809944
1 0.5656343230572525 0.5770131507836426 0.05412700667708481 0.023058908304809944
1 0.5010654922574229 0.7682399567645469 0.08126154283278875 0.04701855521527653
1 0.5817587725529194 0.7941812286074581 0.04943884074442392 0.031886146640245
1 0.46888762608325046 0.7387858043595749 0.13794573092768858 0.08214736083588542
1 0.5254297485438272 0.9077643667807602 0.02003125443955107 0.05224283912808503
1 0.5291944878533882 0.8988470545847596 0.028128995595965333 0.07728337236533958
1 0.53857081971871 0.9065033327328409 0.026992470521380877 0.07386056566384436
1 0.5469526921437704 0.9047919293820933 0.03494814604347208 0.09313637182489641
1 0.5556897286546384 0.9030805260313457 0.028271061230288393 0.07710322464420825
1 0.5598806648671686 0.8948838047198703 0.019889188805228015 0.05674653215636822
1 0.5979542548657479 0.8765988110250406 0.03153857081971871 0.07241938389479373
1 0.6706918596391532 0.8725454872995857 0.09177439977269498 0.04845973698432715
1 0.6708339252734763 0.8616465501711403 0.0568262537292229 0.03350747613042695
1 0.6608893308708623 0.8551612322104125 0.07557891745986646 0.04215456674473068
1 0.6345361557039352 0.8783102143757882 0.022304304588719986 0.014952260853900199
1 0.7179286830515698 0.8919113673212034 0.01037079130558318 0.012970635921455594
1 0.691078278164512 0.478562421185372 0.05441113794573092 0.03296703296703297
1 0.8242648103423781 0.06980724193838948 0.034095752237533736 0.09385696270942173
10 0.18575081687739733 0.7808502972437399 0.0029833783207842022 0.005224283912808503
1 0.9885637164369938 0.33174202846333994 0.018326466827674383 0.04593766888848856
10 0.011862480465975279 0.050801657359034406 0.0024151157834919734 0.00468384074941452
10 0.009944594402614007 0.060079264997297786 0.002273050149168916 0.004863988470545848
10 0.015627219775536296 0.06296162853539902 0.0019889188805228015 0.004863988470545848
10 0.0029123455036226737 0.15456674473067916 0.0021309845148458585 0.005764727076202486
10 0.012075578917459865 0.42839128085029726 0.002841312686461145 0.005764727076202486
10 0.00774257707060662 0.42019455953882184 0.0032675095894303167 0.005224283912808503
10 0.05213808779656201 0.5903440821473608 0.003409575223753374 0.0072059088452531075
10 0.11045603068617701 0.6202486038551612 0.003551640858076431 0.006845613402990452
7 0.6044892740446086 0.9232570707980544 0.015343088506890182 0.03999279409115475
7 0.6610313965051854 0.9008286795172041 0.011933513283136809 0.03476851017834624
7 0.5557607614718 0.9526211493424608 0.009944594402614007 0.027022158169699155
10 0.6645830373632617 0.14790127904882003 0.003409575223753374 0.006125022518465141
10 0.6611024293223469 0.13790308052603134 0.0029833783207842022 0.005224283912808503
10 0.6622389543969314 0.1422266258331832 0.0029833783207842022 0.004863988470545848
10 0.6655774968035232 0.15564763105746712 0.002841312686461145 0.005044136191677175
7 0.30139224321636593 0.7596829400108088 0.07913055831794288 0.039632498648892095
7 0.41703366955533455 0.7858043595748514 0.2777383151015769 0.1412358133669609
7 0.2801534308850689 0.7033867771572689 0.07103281716152862 0.0351288056206089
10 0.11620968887626083 0.8264276706899658 0.002841312686461145 0.005584579355071158
10 0.1272908083534593 0.8796613222842731 0.003409575223753374 0.006125022518465141
10 0.1263673817303594 0.8638983966852819 0.0029833783207842022 0.005224283912808503
10 0.1312686461145049 0.8486759142496847 0.002273050149168916 0.005404431633939831
1 0.27042193493393946 0.7366240317059989 0.015769285409859356 0.02954422626553774
1 0.8985651370933371 0.2667987749954963 0.015343088506890182 0.037110430553053506
1 0.9673959369228583 0.3594847775175644 0.02685040488705782 0.06575391821293461
1 0.8320784202301463 0.06467303188614663 0.030686177013780364 0.08430913348946135
1 0.9601505895723824 0.36209691947396866 0.026566273618411705 0.06665465681859124
1 0.8126154283278875 0.1297964330751216 0.009944594402614007 0.01711403350747613
1 0.8245489416110242 0.16672671590704377 0.028697258133257564 0.06683480453972257
1 0.8810200312544395 0.2065393622770672 0.030544111379457308 0.08052603134570348
1 0.8575081687739735 0.7969735182849937 0.021878107685750815 0.07746352008647091
1 0.8675237959937491 0.8004863988470546 0.027134536155703933 0.09061430372905782
1 0.7391674953828669 0.9764907223923618 0.016763744850120756 0.02395964691046658
2 0.9107827816451199 0.9020897135651234 0.015058957238244068 0.014591965411637542
2 0.9279016905810484 0.9064132588722753 0.013780366529336553 0.016033147180688163
2 0.9069470095183975 0.9243379571248423 0.015343088506890182 0.01477211313276887
2 0.9239948856371644 0.9286615024319942 0.014490694700951838 0.015132408575031526
2 0.9056684188094899 0.9491983426409656 0.014490694700951838 0.01405152224824356
2 0.9215087370365108 0.9531615925058547 0.014064497797982667 0.01477211313276887
2 0.9026140076715442 0.969194739686543 0.013780366529336553 0.013330931363718249
2 0.9178860633612729 0.9727976941091695 0.014774825969597954 0.013691226805980904
2 0.964128427333428 0.9182129346063772 0.024577354737888902 0.02882363538101243
2 0.9572382440687597 0.9564042514862187 0.02471942037221196 0.027022158169699155
2 0.9867168631907941 0.9647811205188255 0.024577354737888902 0.026121419564042514
2 0.9900554055973859 0.9263195820572869 0.020173320073874127 0.027742749054224462
2 0.9561017189941753 0.8237254548729959 0.02216223895439693 0.027562601333093135
2 0.934436709759909 0.7824716267339218 0.024009092200596674 0.02648171500630517
7 0.9612160818298053 0.6471806881642947 0.03807358999857934 0.020716987930102685
1 0.9583747691433442 0.5075662042875158 0.013070038357721267 0.011349306431273645
1 0.9521949140502912 0.36452891370924156 0.027134536155703933 0.06611421365519726
10 0.6323341383719278 0.4135290938569627 0.003409575223753374 0.003422806701495226
10 0.6311265804801818 0.4091154746892452 0.003551640858076431 0.0021617726535759323
10 0.6306293507600511 0.40713384975680056 0.0036937064923994885 0.0032426589803638984
10 0.16749538286688448 0.7135651234011889 0.003977837761045603 0.0072059088452531075
10 0.17807927262395226 0.7196000720590885 0.004688165932660889 0.0037831021437578815
10 0.17751101008666004 0.7179787425689065 0.004688165932660889 0.004503693028283192
10 0.17729791163517544 0.7154566744730679 0.004830231566983947 0.004143397586020537
10 0.17672964909788322 0.7134750495406234 0.004830231566983947 0.004143397586020537
10 0.17580622247478334 0.7096018735362998 0.00411990339536866 0.0036029544226265538
10 0.1744565989487143 0.7054584759502792 0.003409575223753374 0.0036029544226265538
10 0.17403040204574513 0.7032066294361377 0.003409575223753374 0.0037831021437578815
10 0.17275181133683762 0.6991533057106828 0.004261969029691717 0.0043235453071518645
10 0.17232561443386843 0.6971716807782381 0.004830231566983947 0.003963249864889209
10 0.1714732206279301 0.6950999819852279 0.003977837761045603 0.0037831021437578815
10 0.17040772837050716 0.6909565843992074 0.00411990339536866 0.0037831021437578815
10 0.16969740019889187 0.6889749594667628 0.004688165932660889 0.003422806701495226
10 0.16941326893024578 0.6869933345343181 0.004972297201307004 0.0037831021437578815
10 0.16863190794146896 0.6829400108088632 0.004546100298337832 0.003963249864889209
10 0.16834777667282283 0.6805080165735904 0.005114362835630061 0.004143397586020537
10 0.16763744850120754 0.6786164655017114 0.004830231566983947 0.0043235453071518645
1 0.27020883648245486 0.6987029364078544 0.029265520670549793 0.019636101603314717
10 0.18035232277312116 0.6169158710142316 0.0032675095894303167 0.005944874797333814
10 0.17672964909788322 0.6183570527832823 0.002841312686461145 0.005584579355071158
10 0.1754510583889757 0.6188974959466763 0.002841312686461145 0.005224283912808503
10 0.17360420514277594 0.6201585299945955 0.0031254439551072592 0.005224283912808503
10 0.16564852962068474 0.6099801837506755 0.0036937064923994885 0.006845613402990452
10 0.17033669555334563 0.6076382633759683 0.003409575223753374 0.005764727076202486
10 0.1620968887626083 0.6891551071878941 0.002841312686461145 0.005944874797333814
10 0.17871856797840602 0.7239236173662403 0.005398494104276176 0.005224283912808503
10 0.630345219491405 0.4052422986849216 0.0036937064923994885 0.003422806701495226
10 0.17452763176587582 0.7358133669609079 0.003551640858076431 0.005584579355071158
10 0.17914476488137518 0.7576112412177985 0.003977837761045603 0.007386056566384435
10 0.19462991902258842 0.7827418483156188 0.004546100298337832 0.0043235453071518645
10 0.19384855803381162 0.7807602233831742 0.00411990339536866 0.0043235453071518645
10 0.19320926267935784 0.777877859845073 0.003977837761045603 0.0036029544226265538
10 0.19612160818298052 0.7763466042154566 0.004404034664014775 0.004143397586020537
10 0.1920727376047734 0.7758962349126284 0.004546100298337832 0.003963249864889209
10 0.1920727376047734 0.7735543145379211 0.0036937064923994885 0.0032426589803638984
10 0.191078278164512 0.7721131327688705 0.0036937064923994885 0.0032426589803638984
10 0.1900838187242506 0.7682399567645469 0.0036937064923994885 0.003422806701495226
10 0.19470095183974995 0.7704017294181229 0.0038357721267225455 0.003422806701495226
10 0.1935644267651655 0.7690506215096379 0.0038357721267225455 0.0036029544226265538
10 0.1890893592839892 0.7631057467123041 0.0036937064923994885 0.003963249864889209
10 0.18979968745560447 0.7651774455053143 0.0031254439551072592 0.003422806701495226
10 0.19313822986219634 0.7664384795532336 0.00411990339536866 0.003422806701495226
10 0.19256996732490408 0.7635561160151324 0.0032675095894303167 0.0037831021437578815
10 0.19150447506748117 0.7577013150783642 0.004261969029691717 0.003963249864889209
10 0.18802386702656626 0.7588722752657179 0.00411990339536866 0.0037831021437578815
10 0.18745560448927404 0.7568906503332733 0.00411990339536866 0.0037831021437578815
10 0.1863190794146896 0.7524770311655558 0.003551640858076431 0.0036029544226265538
10 0.19079414689586588 0.7552693208430913 0.003977837761045603 0.0037831021437578815
10 0.18965762182128143 0.7510358493965051 0.003977837761045603 0.0036029544226265538
10 0.19036794999289672 0.7531075481895154 0.004261969029691717 0.0037831021437578815
10 0.17601932092626793 0.7412177985948478 0.003409575223753374 0.005944874797333814
10 0.1752379599374911 0.604755899837867 0.0024151157834919734 0.0043235453071518645
10 0.17715584600085238 0.6043055305350388 0.0031254439551072592 0.005944874797333814
10 0.1816309134820287 0.6024139794631598 0.0032675095894303167 0.005044136191677175
10 0.18376189799687453 0.6015132408575031 0.0029833783207842022 0.005764727076202486
10 0.6076147179997158 0.3819131687984147 0.005114362835630061 0.003963249864889209
10 0.6078278164512004 0.3843451630336876 0.0038357721267225455 0.0030625112592325707
10 0.6089643415257849 0.38605656638443525 0.0038357721267225455 0.0032426589803638984
10 0.6099588009660463 0.39019996397045575 0.00411990339536866 0.003963249864889209
10 0.6105980963205 0.392541884345163 0.004261969029691717 0.0032426589803638984
10 0.6110242932234692 0.39425328769591067 0.003977837761045603 0.003422806701495226
10 0.6115925557607614 0.3960547649072239 0.004261969029691717 0.004143397586020537
10 0.6123028839323768 0.39830661142136553 0.003977837761045603 0.0036029544226265538
10 0.6125870152010229 0.40019816249324447 0.003977837761045603 0.0037831021437578815
10 0.6140076715442534 0.40398126463700235 0.003977837761045603 0.004143397586020537
10 0.6145049012643841 0.40641325887227525 0.0038357721267225455 0.0025220680958385876
10 0.6152152294359994 0.4104665825977301 0.00411990339536866 0.0037831021437578815
10 0.6162807216934223 0.4123581336696091 0.003409575223753374 0.0036029544226265538
10 0.6167069185963915 0.41442983246261933 0.003977837761045603 0.003422806701495226
10 0.6171331154993607 0.41668167897676095 0.003977837761045603 0.0036029544226265538
10 0.6180565421224605 0.42091515042334715 0.0038357721267225455 0.0037831021437578815
10 0.6261542832788748 0.4052422986849216 0.004404034664014775 0.003422806701495226
10 0.626722545816167 0.4070437758962349 0.003551640858076431 0.003422806701495226
10 0.6274328739877824 0.40848495766528553 0.00411990339536866 0.003422806701495226
10 0.6280011365250745 0.41091695190055844 0.00411990339536866 0.0036029544226265538
10 0.6286404318795283 0.4128085029724374 0.003977837761045603 0.004143397586020537
10 0.6290666287824975 0.41524049720771034 0.004261969029691717 0.0043235453071518645
10 0.6296348913197897 0.40326067375247704 0.004261969029691717 0.003422806701495226
10 0.6756641568404602 0.44235272923797514 0.002841312686461145 0.005584579355071158
10 0.6736752379599374 0.4432534678436318 0.002841312686461145 0.005584579355071158
10 0.6718994175308992 0.44406413258872274 0.0029833783207842022 0.00468384074941452
1 0.6561301321210399 0.05872815708881283 0.01747407302173604 0.04900018014772113
10 0.1541412132405171 0.5898036389839668 0.0036937064923994885 0.005404431633939831
10 0.15605909930387837 0.5859304629796434 0.0032675095894303167 0.004863988470545848
10 0.15868731353885493 0.582507656278148 0.003977837761045603 0.005584579355071158
10 0.1647251029975849 0.5737704918032787 0.00411990339536866 0.005764727076202486
10 0.1679926125870152 0.5707980544046117 0.004404034664014775 0.004863988470545848
1 0.4409717289387697 0.9335254909025401 0.015627219775536296 0.013691226805980904
1 0.4936070464554624 0.947757160871915 0.013212103992044325 0.03134570347685102
1 0.4973007529478619 0.9364078544406413 0.018894729364966615 0.04900018014772113
1 0.4326608893308708 0.7336515943073321 0.0342378178718568 0.019996397045577374
1 0.43635459582327035 0.6675373806521347 0.052990481602500354 0.019275806161052064
10 0.6485296206847563 0.4267699513601153 0.005114362835630061 0.005404431633939831
10 0.6699815314675379 0.4446946496126824 0.003409575223753374 0.005584579355071158
10 0.6407870436141497 0.39731579895514324 0.004688165932660889 0.004503693028283192
10 0.6421366671402188 0.39947757160871916 0.003977837761045603 0.003422806701495226
10 0.6353885495098736 0.39227166276346603 0.003551640858076431 0.0037831021437578815
10 0.6346782213382582 0.39001981624932447 0.00411990339536866 0.0036029544226265538
10 0.6343940900696121 0.38803819131687983 0.0038357721267225455 0.003963249864889209
10 0.6330444665435431 0.3836245721491623 0.003409575223753374 0.0037831021437578815
10 0.6324051711890893 0.3813727256350207 0.004404034664014775 0.0032426589803638984
10 0.6317658758346356 0.3788506575391821 0.0036937064923994885 0.0032426589803638984
10 0.663801676374485 0.44757701315078363 0.0038357721267225455 0.005584579355071158
10 0.6656485296206848 0.4459556836606017 0.002699247052138088 0.005224283912808503
2 0.24556044892740445 0.29111871734822553 0.04503480608040915 0.051882543685822374
