1 0.8541349568746829 0.5169315825846579 0.0502283105022831 0.0497581202487906
2 0.317351598173516 0.41845196959225983 0.014713343480466767 0.021423635107118175
1 0.4992389649923896 0.4132688320663441 0.03754439370877727 0.02626123013130615
1 0.45890410958904104 0.3621285418106427 0.04819888381532217 0.03455425017277125
1 0.45865043125317095 0.3794056668970283 0.06900050735667174 0.048375950241879746
1 0.40410958904109584 0.3534899792674499 0.0441400304414003 0.035245335176226675
1 0.35743277524099437 0.33552176917760884 0.05124302384576357 0.03939184519695922
1 0.3138001014713343 0.31409813407049064 0.030948756976154235 0.022805805114029024
1 0.3168442415017757 0.30580511402902555 0.03297818366311517 0.021423635107118175
2 0.3777270421106037 0.4689011748445059 0.006595636732623034 0.008984105044920525
2 0.3655504819888381 0.43054595715272975 0.009639776763064434 0.01243953006219765
2 0.38406900050735665 0.4509329647546648 0.016235413495687467 0.021423635107118175
2 0.3650431253170979 0.4536973047684865 0.0167427701674277 0.021423635107118175
2 0.34297311009639775 0.4322736696613683 0.022323693556570268 0.031098825155494125
2 0.2960426179604262 0.4315825846579129 0.0136986301369863 0.018659295093296474
1 0.8518518518518519 0.5304077401520387 0.0395738203957382 0.03800967519004837
2 0.2990867579908676 0.3997926744989634 0.0136986301369863 0.020041465100207326
1 0.28132927447995937 0.2643400138217001 0.0471841704718417 0.033863165169315826
1 0.27879249112125826 0.27712508638562544 0.0563165905631659 0.03731859018659295
1 0.2742262810755961 0.2874913614374568 0.05428716387620497 0.0359364201796821
1 0.1945712836123795 0.2601935038009675 0.0502283105022831 0.035245335176226675
1 0.19888381532217148 0.24844505874222528 0.050735667174023336 0.036627505183137524
1 0.20142059868087264 0.23600552868002764 0.04972095383054287 0.036627505183137524
1 0.2006595636732623 0.22287491361437456 0.055301877219685436 0.043538355217691775
1 0.05251141552511415 0.17449896337249482 0.08777270421106037 0.05736005528680027
1 0.05124302384576357 0.18935729094678644 0.08625063419583967 0.06219765031098825
1 0.13444951801116184 0.23565998617829992 0.0547945205479452 0.0359364201796821
1 0.08498224251648909 0.18037318590186593 0.046169457128361235 0.03178991015894955
1 0.6740233384069 0.44091223220456116 0.029934043632673768 0.0304077401520387
1 0.6757990867579908 0.4239806496199032 0.023338406900050734 0.022805805114029024
1 0.6742770167427701 0.42985487214927437 0.019279553526128868 0.01796821008984105
1 0.6232876712328766 0.4118866620594333 0.021816336884830034 0.0221147201105736
1 0.84779299847793 0.5418106427090532 0.04667681380010147 0.0442294402211472
1 0.8427194317605275 0.55286800276434 0.04667681380010147 0.0442294402211472
1 0.8361237950279046 0.5639253628196268 0.0487062404870624 0.0469937802349689
1 0.8313039066463723 0.5746371803731859 0.03906646372399797 0.03939184519695922
1 0.8244545915778791 0.5839668279198341 0.04667681380010147 0.0469937802349689
1 0.8176052765093861 0.592605390463027 0.0410958904109589 0.04077401520387008
1 0.8112633181126332 0.6015894955079475 0.0426179604261796 0.04630269523151347
1 0.8028919330289193 0.6119557705597788 0.040081177067478435 0.044920525224602624
1 0.7990867579908676 0.6264685556323427 0.04363267376966007 0.04630269523151347
1 0.7612886859462201 0.5856945404284727 0.05124302384576357 0.05874222529371113
1 0.7724505327245053 0.5725639253628196 0.0410958904109589 0.04077401520387008
1 0.7727042110603755 0.5566689702833448 0.0487062404870624 0.04630269523151347
1 0.7780314561136479 0.5442294402211472 0.05124302384576357 0.05044920525224603
1 0.7808219178082192 0.5310988251554941 0.04058853373921867 0.03800967519004837
1 0.7856418061897513 0.5224602626123013 0.040081177067478435 0.0387007601935038
1 0.7876712328767123 0.5076019350380097 0.046169457128361235 0.04630269523151347
1 0.7311009639776762 0.42778161713890805 0.041603247082699135 0.03731859018659295
1 0.7288178589548452 0.4395300621976503 0.043125317097919835 0.03731859018659295
1 0.7255200405885337 0.4485141672425708 0.04058853373921867 0.03455425017277125
1 0.7212075088787417 0.4585348997926745 0.04819888381532217 0.043538355217691775
1 0.7179096905124303 0.47235659986178297 0.0517503805175038 0.04630269523151347
1 0.7158802638254693 0.48583275742916376 0.04058853373921867 0.0387007601935038
1 0.5880263825469305 0.45162404975812026 0.04667681380010147 0.044920525224602624
1 0.6207508878741755 0.42467173462335867 0.0197869101978691 0.018659295093296474
1 0.6212582445459157 0.41810642709053214 0.017757483510908167 0.01796821008984105
1 0.08904109589041095 0.16689702833448514 0.0532724505327245 0.03939184519695922
