2 0.8556034482758621 0.8893260348956551 0.007902298850574713 0.007184399589462881
2 0.41522988505747127 0.7009921313718782 0.015804597701149427 0.01573725624358536
2 0.5414870689655172 0.43670886075949367 0.004669540229885057 0.005131713992473486
2 0.5486709770114943 0.43277454669859733 0.005387931034482759 0.005473828258638385
2 0.5427442528735632 0.4317482039001026 0.005028735632183908 0.005473828258638385
2 0.47772988505747127 0.3605884365378036 0.0028735632183908046 0.0027369141293191925
2 0.47431752873563215 0.3599042080054738 0.002514367816091954 0.0027369141293191925
2 0.5682471264367815 0.022750598699965787 0.005028735632183908 0.005131713992473486
2 0.4509698275862069 0.5899760520013685 0.003232758620689655 0.003079028395484092
2 0.4511494252873563 0.5865549093397194 0.0028735632183908046 0.003079028395484092
2 0.44773706896551724 0.589804994868286 0.003232758620689655 0.0027369141293191925
2 0.4480962643678161 0.5860417379404721 0.002514367816091954 0.0034211426616489907
2 0.4443247126436782 0.5892918234690386 0.0028735632183908046 0.003079028395484092
2 0.44504310344827586 0.5858706808073897 0.0028735632183908046 0.003079028395484092
2 0.3933189655172414 0.7379404721176873 0.0035919540229885057 0.004105371193978789
2 0.44091235632183906 0.720321587410195 0.004669540229885057 0.004447485460143688
2 0.42528735632183906 0.723742730071844 0.015086206896551723 0.016079370509750255
2 0.3999640804597701 0.7215189873417721 0.01257183908045977 0.012316113581936367
2 0.37535919540229884 0.716558330482381 0.016522988505747127 0.015395141977420458
2 0.5461566091954023 0.4379062606910708 0.003951149425287357 0.004105371193978789
2 0.5506465517241379 0.43876154635648307 0.0035919540229885057 0.0037632569278138895
2 0.5418462643678161 0.4435511460827916 0.0075431034482758615 0.00786862812179268
2 0.4944324712643678 0.5788573383510092 0.004669540229885057 0.005473828258638385
2 0.48563218390804597 0.6847417037290455 0.008620689655172414 0.008552856654122476
2 0.5298132183908046 0.6684912760862127 0.008620689655172414 0.008894970920287376
2 0.4953304597701149 0.6671228190215531 0.005028735632183908 0.0047895997263085865
2 0.48760775862068967 0.6654122476907287 0.006824712643678161 0.006158056790968184
2 0.4823994252873563 0.6589120766335956 0.005028735632183908 0.0047895997263085865
2 0.5210129310344828 0.598186794389326 0.011135057471264368 0.009921313718782073
2 0.4671336206896552 0.5887786520697913 0.003951149425287357 0.0034211426616489907
2 0.5501077586206896 0.587923366404379 0.011853448275862068 0.010605542251111872
2 0.5499281609195402 0.4450906602805337 0.007183908045977011 0.007526513855627779
2 0.5490301724137931 0.5656859391036606 0.014727011494252873 0.015395141977420458
2 0.5305316091954023 0.5800547382825864 0.011494252873563218 0.011289770783441668
2 0.5062859195402298 0.5699623674307218 0.015445402298850575 0.01573725624358536
2 0.5669899425287356 0.5489223400615806 0.016882183908045977 0.016079370509750255
2 0.5488505747126436 0.5352377694149846 0.011494252873563218 0.010605542251111872
2 0.5172413793103449 0.4873417721518987 0.015804597701149427 0.015395141977420458
2 0.5581896551724138 0.4461170030790284 0.007183908045977011 0.007526513855627779
2 0.4418103448275862 0.7009921313718782 0.007902298850574713 0.008210742387957578
2 0.3895474137931034 0.69483407458091 0.014727011494252873 0.014368799178925761
2 0.5120330459770115 0.6878207321245295 0.008261494252873564 0.008552856654122476
2 0.35686063218390807 0.6979131029763941 0.016163793103448277 0.015053027711255558
9 0.7228807471264368 0.20287375983578515 0.003232758620689655 0.008210742387957578
9 0.7243175287356322 0.1941498460485802 0.003232758620689655 0.00786862812179268
9 0.7325790229885057 0.13616147793362982 0.003232758620689655 0.008210742387957578
9 0.58746408045977 0.4156688333903524 0.01257183908045977 0.0034211426616489907
9 0.4644396551724138 0.47878891549777625 0.010775862068965518 0.0023947998631542932
9 0.44414511494252873 0.10109476565172767 0.006824712643678161 0.003079028395484092
9 0.42313218390804597 0.3043106397536777 0.012212643678160919 0.0037632569278138895
9 0.43372844827586204 0.44526171741361614 0.003951149425287357 0.011973999315771467
9 0.4369612068965517 0.4447485460143688 0.003232758620689655 0.01094765651727677
9 0.4396551724137931 0.44526171741361614 0.0035919540229885057 0.009921313718782073
9 0.4423491379310345 0.4498802600068423 0.003951149425287357 0.012316113581936367
9 0.09213362068965517 0.3605884365378036 0.003951149425287357 0.006842285323297981
9 0.11907327586206896 0.7849811837153609 0.002514367816091954 0.008552856654122476
12 0.06465517241379311 0.9880260006842285 0.01293103448275862 0.007526513855627779
9 0.11117097701149425 0.848956551488197 0.008261494252873564 0.0037632569278138895
9 0.12895114942528735 0.39839206294902496 0.0035919540229885057 0.011289770783441668
9 0.10668103448275862 0.3190215531987684 0.004310344827586207 0.010605542251111872
9 0.7216235632183908 0.21159767362299006 0.0028735632183908046 0.008552856654122476
9 0.7641882183908046 0.4890523434827232 0.005387931034482759 0.012658227848101266
7 0.9114583333333334 0.24615121450564487 0.003951149425287357 0.010605542251111872
2 0.2699353448275862 0.5952788231269244 0.0075431034482758615 0.007526513855627779
2 0.41576867816091956 0.6789257612042422 0.015445402298850575 0.01471091344509066
2 0.38326149425287354 0.6736229900786863 0.015804597701149427 0.01573725624358536
2 0.4516882183908046 0.6568593910366062 0.003951149425287357 0.004105371193978789
2 0.4412715517241379 0.6560041053711939 0.008979885057471264 0.008552856654122476
2 0.4191810344827586 0.6536093055080396 0.015804597701149427 0.016079370509750255
2 0.3934985632183908 0.6505302771125556 0.015445402298850575 0.015395141977420458
2 0.3599137931034483 0.6542935340403695 0.02514367816091954 0.024290112897707834
2 0.3130387931034483 0.6471091344509066 0.024066091954022987 0.023605884365378034
7 0.9175646551724138 0.3221005815942525 0.003951149425287357 0.01471091344509066
2 0.30801005747126436 0.6804652754019842 0.024066091954022987 0.023263770099213137
2 0.2552083333333333 0.7145056448853917 0.008261494252873564 0.009237085186452275
2 0.23958333333333334 0.7109134450906602 0.010775862068965518 0.01094765651727677
2 0.1591235632183908 0.6698597331508723 0.007902298850574713 0.008894970920287376
2 0.15930316091954022 0.6614779336298323 0.008979885057471264 0.008552856654122476
2 0.15930316091954022 0.6524119055764626 0.008979885057471264 0.008894970920287376
2 0.15948275862068964 0.6435169346561751 0.009339080459770114 0.008894970920287376
2 0.49874281609195403 0.6861101607937051 0.008261494252873564 0.008552856654122476
2 0.5330459770114943 0.692952446117003 0.01293103448275862 0.012658227848101266
2 0.8480603448275862 0.8884707492302428 0.007183908045977011 0.007526513855627779
2 0.7446120689655172 0.6115292507697571 0.004310344827586207 0.004447485460143688
2 0.7595186781609196 0.40557646253848784 0.003951149425287357 0.0037632569278138895
2 0.7684985632183908 0.40455011973999316 0.005387931034482759 0.005131713992473486
2 0.7458692528735632 0.40147109134450903 0.008979885057471264 0.009237085186452275
2 0.7702945402298851 0.39411563462196375 0.004669540229885057 0.005473828258638385
2 0.7634698275862069 0.393089291823469 0.006106321839080459 0.006158056790968184
2 0.7562859195402298 0.39223400615805676 0.006106321839080459 0.006500171057133082
2 0.7476652298850575 0.3912076633595621 0.008261494252873564 0.008552856654122476
2 0.771551724137931 0.3836811495039343 0.005028735632183908 0.005131713992473486
2 0.7650862068965517 0.3826548067054396 0.00646551724137931 0.006500171057133082
2 0.7579022988505747 0.38179952104002735 0.00646551724137931 0.006158056790968184
2 0.7492816091954023 0.38026000684228534 0.008620689655172414 0.008552856654122476
2 0.7252155172413793 0.35939103660622645 0.02586206896551724 0.02497434143003763
2 0.7489224137931034 0.48717071501881626 0.0028735632183908046 0.0027369141293191925
2 0.7156968390804598 0.4868286007526514 0.004669540229885057 0.0047895997263085865
2 0.7455100574712643 0.4868286007526514 0.003232758620689655 0.0034211426616489907
2 0.7471264367816092 0.49230242901128973 0.00646551724137931 0.007526513855627779
2 0.7038433908045977 0.5063291139240507 0.02622126436781609 0.027369141293191925
2 0.7548491379310345 0.4134450906602805 0.003232758620689655 0.003079028395484092
2 0.7508979885057471 0.4127608621279507 0.003232758620689655 0.003079028395484092
2 0.7537715517241379 0.4002736914129319 0.002514367816091954 0.0027369141293191925
2 0.7446120689655172 0.41173451932945604 0.0021551724137931034 0.0023947998631542932
2 0.8406968390804598 0.8898392062949024 0.002514367816091954 0.0027369141293191925
2 0.8412356321839081 0.8864180636332535 0.0028735632183908046 0.0027369141293191925
2 0.8367456896551724 0.8937735203557988 0.003232758620689655 0.0037632569278138895
2 0.8326149425287356 0.8932603489565515 0.0035919540229885057 0.0034211426616489907
2 0.8890086206896551 0.9839206294902497 0.014367816091954023 0.013000342114266164
2 0.8710488505747126 0.9811837153609305 0.01293103448275862 0.013000342114266164
2 0.7474856321839081 0.41190557646253845 0.0021551724137931034 0.0027369141293191925
2 0.7480244252873564 0.40899760520013684 0.002514367816091954 0.0023947998631542932
2 0.7573635057471264 0.40044474854601436 0.002514367816091954 0.0023947998631542932
2 0.7447916666666666 0.4086554909339719 0.002514367816091954 0.0023947998631542932
2 0.7517959770114943 0.40968183373246664 0.0021551724137931034 0.0023947998631542932
2 0.7548491379310345 0.4074580910023948 0.002514367816091954 0.0020526855969893944
2 0.752155172413793 0.4072870338693123 0.0021551724137931034 0.0017105713308244953
2 0.7557471264367815 0.40489223400615804 0.0021551724137931034 0.0023947998631542932
2 0.7525143678160919 0.40472117687307557 0.0021551724137931034 0.0020526855969893944
2 0.7609554597701149 0.4009579199452617 0.002514367816091954 0.0027369141293191925
2 0.6690014367816092 0.5076975709887103 0.01257183908045977 0.011631885049606569
2 0.7385057471264368 0.6123845364351693 0.004310344827586207 0.0047895997263085865
2 0.4885057471264368 0.7061238453643517 0.017241379310344827 0.01573725624358536
2 0.6878591954022989 0.6067396510434485 0.016522988505747127 0.015395141977420458
2 0.6320043103448276 0.46082791652411903 0.006824712643678161 0.006842285323297981
2 0.6253591954022989 0.46048580225795416 0.005747126436781609 0.006158056790968184
2 0.6065014367816092 0.4834074580910024 0.003951149425287357 0.004105371193978789
2 0.6018318965517241 0.48238111529250766 0.003951149425287357 0.004105371193978789
2 0.5765086206896551 0.46920971604515904 0.020833333333333332 0.019500513171399246
2 0.5987787356321839 0.5 0.020114942528735632 0.01813205610673965
2 0.5723778735632183 0.49503934314060893 0.021192528735632182 0.019842627437564146
2 0.5930316091954023 0.5425932261375299 0.015086206896551723 0.015053027711255558
2 0.5700431034482758 0.7045843311666097 0.023706896551724137 0.022921655833048237
2 0.6370330459770115 0.7475196715703044 0.0075431034482758615 0.007526513855627779
2 0.6345186781609196 0.7639411563462196 0.0075431034482758615 0.007526513855627779
2 0.538433908045977 0.7476907287033869 0.012212643678160919 0.011973999315771467
2 0.4892241379310345 0.7437564146424905 0.00646551724137931 0.006842285323297981
2 0.5086206896551724 0.7381115292507697 0.024425287356321837 0.023605884365378034
2 0.4728807471264368 0.7319534724598016 0.005387931034482759 0.005131713992473486
2 0.537176724137931 0.7163872733492986 0.014008620689655173 0.013000342114266164
2 0.5140086206896551 0.7097160451590832 0.013649425287356323 0.012658227848101266
2 0.6244612068965517 0.46681491618200477 0.006106321839080459 0.006500171057133082
2 0.6311063218390804 0.46749914471433457 0.00646551724137931 0.006500171057133082
2 0.623742816091954 0.47331508723913784 0.006106321839080459 0.006500171057133082
2 0.7085129310344828 0.5715018816284639 0.016882183908045977 0.015395141977420458
2 0.7171336206896551 0.5925419089976052 0.003232758620689655 0.0034211426616489907
2 0.7095905172413793 0.596647280191584 0.006824712643678161 0.006842285323297981
2 0.7011494252873564 0.5916866233321929 0.007183908045977011 0.00786862812179268
2 0.6909123563218391 0.5848443380088949 0.008979885057471264 0.009921313718782073
2 0.7315014367816092 0.5768046527540198 0.008261494252873564 0.008210742387957578
2 0.7316810344827586 0.5663701676359904 0.005747126436781609 0.005815942524803284
2 0.6747485632183908 0.5689360246322271 0.016882183908045977 0.01573725624358536
2 0.6666666666666666 0.5930550803968525 0.015804597701149427 0.015395141977420458
2 0.6298491379310345 0.47399931577146764 0.006824712643678161 0.005815942524803284
2 0.7288074712643678 0.765993841943209 0.008620689655172414 0.008210742387957578
2 0.7165948275862069 0.7637700992131372 0.008620689655172414 0.008552856654122476
2 0.7262931034482758 0.75419089976052 0.007902298850574713 0.008552856654122476
2 0.720905172413793 0.7430721861101608 0.008620689655172414 0.008210742387957578
2 0.6289511494252873 0.48853917208347586 0.00646551724137931 0.006842285323297981
2 0.6214080459770115 0.4869996578857338 0.00646551724137931 0.005815942524803284
2 0.6228448275862069 0.48015737256243585 0.00646551724137931 0.006500171057133082
9 0.05639367816091954 0.25179609989736573 0.0021551724137931034 0.008210742387957578
