2 0.8848709929632526 0.5365946150929086 0.0050820953870211105 0.005309063329541145
2 0.13232994526974198 0.3204398938187334 0.02619233776387803 0.026545316647705725
7 0.5721266614542612 0.5663632916192642 0.03792025019546521 0.03678422449753507
7 0.6018373729476153 0.5384907091391733 0.037138389366692726 0.03640500568828214
7 0.6342845973416732 0.5109973454683352 0.04026583268178264 0.03905953735305271
7 0.6622361219702892 0.4817974971558589 0.03440187646598905 0.03450891164201744
7 0.6950742767787333 0.4525976488433826 0.04143862392494136 0.03981797497155859
2 0.1184519155590305 0.251611679939325 0.014073494917904612 0.014789533560864617
2 0.16712275215011727 0.25729996207811906 0.01524628616106333 0.015547971179370497
2 0.21481626270523846 0.26526355707243077 0.019155590304925724 0.020098596890405763
2 0.13721657544956997 0.2775881683731513 0.027365129007036748 0.0273037542662116
2 0.10828772478498827 0.29446340538490706 0.013291634089132134 0.013272658323852863
2 0.18764659890539484 0.2755024649222601 0.017200938232994525 0.016306408797876374
2 0.18588741204065676 0.3016685627607129 0.01602814698983581 0.01782328403488813
2 0.20660672400312743 0.2893439514599924 0.008991399530883503 0.009859689040576412
2 0.10046911649726349 0.40007584376185057 0.028928850664581705 0.02882062950322336
2 0.2202892885066458 0.29161926431551005 0.009773260359655981 0.009859689040576412
2 0.20953870211102424 0.30773606370875994 0.009382329945269743 0.009480470231323474
2 0.18158717748240813 0.32897231702692453 0.016810007818608287 0.01782328403488813
2 0.10613760750586396 0.3397800530906333 0.01602814698983581 0.015927189988623434
2 0.1563721657544957 0.3490709139173303 0.023455824863174355 0.02464922260144103
2 0.2040656763096169 0.3204398938187334 0.009382329945269743 0.009101251422070534
2 0.2071931196247068 0.34470989761092147 0.013291634089132134 0.0136518771331058
2 0.2261532447224394 0.3576033371255214 0.008991399530883503 0.009859689040576412
2 0.1982017200938233 0.3676526355707243 0.013291634089132134 0.01403109594235874
2 0.11747458952306489 0.36992794842624194 0.0199374511336982 0.020098596890405763
2 0.18315089913995308 0.3522942737959803 0.009773260359655981 0.009859689040576412
2 0.14659890539483972 0.378839590443686 0.018764659890539485 0.01820250284414107
7 0.8500781860828772 0.3285930982176716 0.023846755277560593 0.021615472127417518
7 0.8295543393275997 0.33560864618885095 0.0109460516028147 0.0075843761850587785
7 0.7341673182173573 0.42984452028820624 0.010164190774042221 0.010997345468335229
7 0.7214620797498045 0.4180887372013652 0.011336982017200938 0.011755783086841106
9 0.12079749804534792 0.22279105043610162 0.011727912431587178 0.004171406901782328
9 0.013682564503518374 0.6649601820250284 0.006254886630179828 0.004929844520288206
9 0.11395621579358874 0.7533181645809631 0.013682564503518374 0.010997345468335229
9 0.13291634089132134 0.7705726204019719 0.017982799061767005 0.01441031475161168
9 0.22947615324472243 0.8268866135760333 0.011727912431587178 0.009480470231323474
9 0.2769741985926505 0.8735305271141448 0.008209538702111024 0.00720515737580584
9 0.16614542611415167 0.14732650739476677 0.012509773260359656 0.004171406901782328
9 0.1921422986708366 0.14846416382252559 0.004300234558248631 0.01403109594235874
9 0.1970289288506646 0.16628744785741373 0.0023455824863174357 0.009480470231323474
9 0.18764659890539484 0.1782328403488813 0.004691164972634871 0.0136518771331058
9 0.1942924159499609 0.17557830868411073 0.009382329945269743 0.009859689040576412
9 0.2789288506645817 0.10466439135381114 0.004300234558248631 0.011376564277588168
9 0.26759186864738077 0.2631778536215396 0.006645817044566067 0.011376564277588168
9 0.3311180609851446 0.33390216154721275 0.017200938232994525 0.004171406901782328
7 0.34108678655199376 0.5934774364808494 0.008209538702111024 0.0136518771331058
7 0.3817435496481626 0.5180128934395146 0.027756059421422986 0.04247250663632916
1 0.3749022673964034 0.7834660599165718 0.0109460516028147 0.012135001896094046
9 0.28655199374511336 0.8718240424725066 0.017200938232994525 0.0136518771331058
8 0.23279906176700546 0.8340917709518392 0.23182173573103987 0.1793704967766401
1 0.46950742767787335 0.39742131209708 0.08913213448006255 0.12741751990898748
1 0.7470680218921032 0.07072430792567311 0.04691164972634871 0.1277967387182404
1 0.7836200156372166 0.3124762988244217 0.01055512118842846 0.008342813803564657
7 0.8043393275996873 0.3522942737959803 0.011336982017200938 0.009101251422070534
7 0.7617279124315872 0.3822525597269624 0.011336982017200938 0.012135001896094046
7 0.7318217357310398 0.4072810011376564 0.0109460516028147 0.01061812665908229
2 0.17670054730258014 0.38566552901023887 0.022673964034401875 0.022753128555176336
2 0.15168100078186084 0.4063329541145241 0.01641907740422205 0.015547971179370497
2 0.8762705238467553 0.5424725066363292 0.0050820953870211105 0.005688282138794084
1 0.6987881157154027 0.44539249146757676 0.01055512118842846 0.010997345468335229
1 0.6204065676309617 0.5070155479711793 0.009382329945269743 0.009859689040576412
1 0.6321344800625489 0.5015168752370117 0.007036747458952306 0.0064467197572999615
1 0.656763096168882 0.4848312476298824 0.006254886630179828 0.00720515737580584
1 0.6622361219702892 0.47421312097080015 0.007818608287724784 0.008722032612817595
1 0.6593041438623924 0.48881304512703827 0.008991399530883503 0.009101251422070534
1 0.661845191555903 0.4926052332195677 0.010164190774042221 0.011376564277588168
1 0.6663408913213448 0.49431171786120587 0.007427677873338545 0.00720515737580584
1 0.6653635652853792 0.4768676526355707 0.008600469116497263 0.009480470231323474
1 0.6714229867083659 0.48255593477436476 0.008991399530883503 0.009480470231323474
1 0.6810007818608288 0.44160030337504735 0.012509773260359656 0.012514220705346985
1 0.6950742767787333 0.44178991277967383 0.011727912431587178 0.012135001896094046
1 0.6839327599687256 0.45316647705726204 0.011336982017200938 0.011376564277588168
1 0.7013291634089132 0.449943117178612 0.009382329945269743 0.009480470231323474
2 0.2081704456606724 0.4053849070913917 0.0199374511336982 0.020477815699658702
1 0.6950742767787333 0.46283655669321194 0.007818608287724784 0.007963594994311717
1 0.7302580140734949 0.40405764125900645 0.014073494917904612 0.014789533560864617
1 0.7384675527756059 0.41240045506257106 0.012509773260359656 0.012514220705346985
1 0.7412040656763096 0.4178991277967387 0.007818608287724784 0.008342813803564657
1 0.7238076622361219 0.4209328782707622 0.012118842845973416 0.012893439514599923
1 0.7281078967943706 0.42301858172165335 0.008991399530883503 0.008722032612817595
1 0.7306489444878811 0.4266211604095563 0.007818608287724784 0.0068259385665529
2 0.7701329163408913 0.8047023132347364 0.009382329945269743 0.009101251422070534
2 0.7498045347928068 0.8204398938187334 0.008600469116497263 0.008722032612817595
1 0.6464034401876466 0.5159271899886234 0.006645817044566067 0.0064467197572999615
2 0.5775996872556685 0.9643534319302237 0.007427677873338545 0.008342813803564657
2 0.5834636434714621 0.9590443686006825 0.007427677873338545 0.0075843761850587785
1 0.6346755277560594 0.5037921880925293 0.007427677873338545 0.00720515737580584
1 0.6413213448006255 0.5098596890405764 0.007427677873338545 0.007963594994311717
1 0.6387802971071149 0.5248388320060675 0.006254886630179828 0.0068259385665529
1 0.6041829554339327 0.5320439893818734 0.007427677873338545 0.0068259385665529
2 0.17005473025801407 0.4063329541145241 0.0109460516028147 0.010997345468335229
2 0.1811962470680219 0.40822904816078875 0.011336982017200938 0.010997345468335229
2 0.16751368256450352 0.4180887372013652 0.01055512118842846 0.010997345468335229
2 0.17982799061767005 0.4203640500568828 0.008600469116497263 0.009480470231323474
2 0.18999218139171228 0.42188092529389454 0.009382329945269743 0.008722032612817595
2 0.1245113369820172 0.4271899886234357 0.022283033620015637 0.021615472127417518
2 0.17806880375293196 0.43742889647326505 0.013682564503518374 0.01403109594235874
2 0.24354964816262706 0.41865756541524457 0.012509773260359656 0.011376564277588168
2 0.25527756059421425 0.419226393629124 0.007818608287724784 0.008722032612817595
2 0.24648162627052383 0.4296549108835798 0.008991399530883503 0.009101251422070534
2 0.2560594214229867 0.4309821767159651 0.009382329945269743 0.010238907849829351
2 0.5001954652071932 0.009859689040576412 0.0050820953870211105 0.005309063329541145
2 0.4988272087568413 0.017064846416382253 0.004691164972634871 0.005309063329541145
2 0.4702892885066458 0.010049298445202881 0.004691164972634871 0.004929844520288206
2 0.4761532447224394 0.011186954872961698 0.004691164972634871 0.004929844520288206
2 0.48201720093823297 0.011945392491467576 0.004691164972634871 0.004929844520288206
2 0.4831899921813917 0.006636329161926431 0.003909304143862392 0.004171406901782328
2 0.977130570758405 0.5204778156996587 0.006645817044566067 0.00720515737580584
1 0.5584440969507427 0.561812665908229 0.007427677873338545 0.00720515737580584
1 0.5867865519937451 0.5707243079256731 0.010164190774042221 0.009859689040576412
1 0.593236903831118 0.5373530527114144 0.008209538702111024 0.008342813803564657
1 0.5646989835809226 0.5684489950701554 0.008209538702111024 0.009101251422070534
1 0.6088741204065676 0.5358361774744027 0.008209538702111024 0.0075843761850587785
1 0.5744722439405786 0.577171027682973 0.006645817044566067 0.0068259385665529
1 0.5826817826426895 0.5690178232840348 0.008209538702111024 0.007963594994311717
9 0.11825645035183738 0.21956769055745165 0.012118842845973416 0.0037921880925293893
