10 0.9729634831460674 0.48376353039134057 0.0273876404494382 0.018318068276436304
1 0.4220505617977528 0.6956702747710242 0.028089887640449437 0.032472939217318905
1 0.47226123595505615 0.8189009159034139 0.023174157303370788 0.04079933388842631
1 0.3813202247191011 0.7364696086594504 0.03230337078651685 0.03413821815154038
1 0.38553370786516855 0.7643630308076603 0.025280898876404494 0.03330557868442964
1 0.39782303370786515 0.7855953372189842 0.03300561797752809 0.032472939217318905
1 0.4118679775280899 0.8026644462947544 0.023174157303370788 0.03164029975020816
1 0.21418539325842695 0.6702747710241466 0.023876404494382022 0.03830141548709409
1 0.17872191011235955 0.6636136552872607 0.023174157303370788 0.034970857618651124
1 0.15941011235955055 0.6498751040799334 0.016853932584269662 0.032472939217318905
1 0.14115168539325842 0.6328059950041632 0.023876404494382022 0.034970857618651124
1 0.11622191011235955 0.6219816819317235 0.023174157303370788 0.03830141548709409
1 0.06917134831460674 0.6028309741881765 0.023174157303370788 0.03663613655287261
1 0.1973314606741573 0.3850957535387177 0.023876404494382022 0.035803497085761866
1 0.2594803370786517 0.5711906744379683 0.0273876404494382 0.03663613655287261
1 0.24087078651685392 0.5578684429641965 0.023876404494382022 0.03663613655287261
1 0.20470505617977527 0.5691090757701915 0.030196629213483143 0.032472939217318905
1 0.14431179775280897 0.5437135720233139 0.0273876404494382 0.03330557868442964
1 0.11481741573033707 0.5195670274771025 0.030196629213483143 0.03164029975020816
1 0.06530898876404494 0.5395503746877602 0.03089887640449438 0.028309741881765195
1 0.06882022471910113 0.5174854288093256 0.026685393258426966 0.032472939217318905
1 0.07900280898876404 0.48875936719400503 0.030196629213483143 0.03164029975020816
7 0.6467696629213483 0.8168193172356369 0.03230337078651685 0.02164862614487927
7 0.5136938202247191 0.7477102414654455 0.04845505617977528 0.03164029975020816
7 0.4262640449438202 0.6582014987510408 0.08286516853932584 0.1174021648626145
7 0.2556179775280899 0.5524562864279767 0.019662921348314606 0.03080766028309742
7 0.19698033707865167 0.6823480432972523 0.016151685393258425 0.03413821815154038
7 0.16573033707865167 0.6623646960865945 0.016853932584269662 0.035803497085761866
7 0.12464887640449437 0.6407160699417153 0.021769662921348312 0.04079933388842631
1 0.43117977528089885 0.712323064113239 0.02949438202247191 0.03746877601998335
1 0.37008426966292135 0.7152373022481265 0.028089887640449437 0.02997502081598668
10 0.8388342696629213 0.12239800166527894 0.016151685393258425 0.03164029975020816
1 0.3651685393258427 0.6935886761032473 0.02949438202247191 0.03164029975020816
1 0.6776685393258427 0.9038301415487094 0.02949438202247191 0.03080766028309742
1 0.6653792134831461 0.9217318900915904 0.0273876404494382 0.034970857618651124
1 0.6492275280898876 0.9371357202331391 0.02598314606741573 0.03746877601998335
1 0.5663623595505618 0.9042464612822648 0.024578651685393256 0.034970857618651124
1 0.5519662921348314 0.8867610324729392 0.028089887640449437 0.04329725228975854
1 0.5368679775280899 0.8759367194004997 0.014747191011235955 0.034970857618651124
1 0.6418539325842696 0.8517901748542881 0.025280898876404494 0.03996669442131557
1 0.6179775280898876 0.8447127393838468 0.026685393258426966 0.03913405495420483
1 0.5997191011235955 0.8305578684429642 0.026685393258426966 0.04079933388842631
1 0.5807584269662921 0.8205661948376354 0.02247191011235955 0.032472939217318905
1 0.5646067415730337 0.8297252289758534 0.01544943820224719 0.03080766028309742
1 0.5470505617977528 0.828059950041632 0.018258426966292134 0.03746877601998335
1 0.5133426966292135 0.7830974188176519 0.021067415730337078 0.035803497085761866
1 0.5017556179775281 0.7735220649458785 0.021769662921348312 0.03663613655287261
1 0.488061797752809 0.7681099084096586 0.021067415730337078 0.035803497085761866
1 0.6860955056179775 0.5940882597835138 0.016853932584269662 0.03413821815154038
1 0.5884831460674157 0.5857618651124064 0.025280898876404494 0.032472939217318905
1 0.5572331460674157 0.5636969192339717 0.03300561797752809 0.03663613655287261
1 0.5470505617977528 0.5162364696086594 0.02247191011235955 0.034970857618651124
1 0.4245084269662921 0.361781848459617 0.01896067415730337 0.03413821815154038
1 0.4396067415730337 0.3347210657785179 0.01544943820224719 0.03330557868442964
1 0.2777387640449438 0.39508742714404665 0.024578651685393256 0.035803497085761866
1 0.4357443820224719 0.4496253122398002 0.02598314606741573 0.03663613655287261
1 0.37816011235955055 0.6323896752706079 0.0273876404494382 0.03080766028309742
1 0.38974719101123595 0.6502914238134888 0.028089887640449437 0.03164029975020816
1 0.4006320224719101 0.6623646960865945 0.0273876404494382 0.029142381348875937
1 0.4101123595505618 0.6781848459616986 0.028089887640449437 0.032472939217318905
7 0.07443820224719101 0.6207327227310575 0.018258426966292134 0.029142381348875937
