2 0.8293607800650054 0.8312838170191834 0.0390032502708559 0.03541564190850959
9 0.8542795232936078 0.5828824397442204 0.011917659804983749 0.003935071323167732
9 0.7283315276273022 0.6546974913920315 0.004875406283856988 0.008853910477127398
9 0.6625135427952329 0.6303492375799311 0.004333694474539545 0.013280865715691096
9 0.8496749729144095 0.5083620265617314 0.004875406283856988 0.01131333005410723
9 0.883261105092091 0.5796851942941466 0.0037919826652221015 0.00836202656173143
9 0.8870530877573131 0.5806689621249385 0.0037919826652221015 0.00836202656173143
9 0.8908450704225351 0.5806689621249385 0.0037919826652221015 0.007378258730939498
9 0.8959913326110509 0.5811608460403345 0.004333694474539545 0.007378258730939498
9 0.8529252437703142 0.5860796851942941 0.012459371614301192 0.0034431874077717655
2 0.8150054171180932 0.9190850959173634 0.03954496208017334 0.034923757993113626
9 0.8572589382448537 0.5518937530742745 0.004875406283856988 0.010821446138711263
9 0.8805525460455037 0.5973930152484014 0.01895991332611051 0.005410723069355632
9 0.8938244853737811 0.5892769306443679 0.013001083423618633 0.003935071323167732
9 0.934723726977248 0.5560747663551402 0.016793066088840736 0.005410723069355632
9 0.918201516793066 0.5806689621249385 0.01733477789815818 0.005410723069355632
9 0.9187432286023834 0.5762420068863748 0.01950162513542795 0.005410723069355632
9 0.8196099674972914 0.4146581406787998 0.013001083423618633 0.004918839153959666
9 0.7364572047670639 0.6537137235612395 0.00704225352112676 0.01574028529267093
9 0.5590465872156013 0.5354156419085095 0.005417118093174431 0.010329562223315297
9 0.5644637053087757 0.5359075258239056 0.004333694474539545 0.00836202656173143
9 0.18066088840736727 0.8408755533694048 0.010292524377031419 0.007378258730939498
2 0.7594799566630552 0.7771765863256271 0.03791982665222102 0.03541564190850959
2 0.616738894907909 0.7550418101328086 0.036294691224268684 0.03639940973930152
2 0.7481040086673889 0.8494835218888341 0.035752979414951244 0.03639940973930152
2 0.6037378114842903 0.836940482046237 0.036294691224268684 0.03590752582390556
2 0.7375406283856988 0.9222823413674373 0.03846153846153846 0.03836694540088539
2 0.5915492957746479 0.9144121987211018 0.035752979414951244 0.03443187407771766
2 0.36863488624052004 0.1352680767338908 0.04929577464788732 0.046237088047220855
2 0.37296858071505956 0.25676340383669455 0.07529794149512459 0.06984751598622725
2 0.3466955579631636 0.39449090014756516 0.032502708559046585 0.03148057058534186
2 0.29225352112676056 0.4953271028037383 0.009209100758396533 0.009837678307919331
2 0.23564463705308775 0.11780619773733399 0.04983748645720477 0.04476143630103296
2 0.17578548212351028 0.21126414166256763 0.07204767063921994 0.06738809640924741
9 0.22318526543878656 0.704623708804722 0.004333694474539545 0.010329562223315297
9 0.21533044420368364 0.8590752582390555 0.012459371614301192 0.00836202656173143
9 0.2814192849404117 0.822183964584358 0.012459371614301192 0.0034431874077717655
9 0.8309859154929577 0.40654205607476634 0.00866738894907909 0.0034431874077717655
