10 0.5579328505595786 0.1978118161925602 0.021724818959842 0.00787746170678337
10 0.6691902567478604 0.325601750547046 0.01119157340355497 0.0175054704595186
7 0.4690585911784068 0.7470459518599563 0.03357472021066491 0.00700218818380744
7 0.46050032916392364 0.6978118161925602 0.03489137590520079 0.007439824945295405
7 0.3670177748518762 0.41859956236323853 0.04279131007241606 0.007439824945295405
7 0.35813034891375906 0.3743982494529541 0.04213298222514812 0.008315098468271335
7 0.3508887425938117 0.3308533916849015 0.04213298222514812 0.00700218818380744
1 0.49901250822909804 0.39080962800875274 0.03423304805793285 0.06477024070021882
9 0.5737327188940092 0.5884026258205689 0.025674786043449638 0.008315098468271335
1 0.607636603028308 0.7192560175054705 0.05529953917050691 0.08884026258205689
1 0.5552995391705069 0.18161925601750548 0.12705727452271232 0.03150984682713348
9 0.4443712969058591 0.6196936542669584 0.018433179723502304 0.02188183807439825
10 0.05924950625411455 0.22800875273522977 0.01974983541803818 0.0175054704595186
10 0.07109940750493746 0.23107221006564552 0.018433179723502304 0.01487964989059081
10 0.08262014483212639 0.2336980306345733 0.016458196181698484 0.01487964989059081
10 0.4308755760368663 0.6225382932166302 0.01119157340355497 0.016192560175054705
10 0.4631336405529954 0.6194748358862144 0.012508229098090849 0.017943107221006564
1 0.3396971691902567 0.29474835886214446 0.03686635944700461 0.051203501094091906
10 0.6579986833443054 0.799781181619256 0.023041474654377878 0.007439824945295405
10 0.6547070441079658 0.7919037199124727 0.021724818959842 0.008315098468271335
10 0.5490454246214614 0.48249452954048144 0.01053324555628703 0.015317286652078776
10 0.6942067149440421 0.4658643326039387 0.00987491770901909 0.016192560175054705
10 0.6846609611586569 0.4078774617067834 0.011849901250822909 0.01575492341356674
10 0.6807109940750493 0.387527352297593 0.01053324555628703 0.017067833698030634
10 0.6777485187623437 0.3700218818380744 0.01119157340355497 0.015317286652078776
7 0.477946017116524 0.7964989059080964 0.03423304805793285 0.00700218818380744
