1 0.799368587213891 0.7834678541608683 0.00947119179163378 0.025048705816866128
10 0.37766377269139695 0.7031728360701364 0.003314917127071823 0.010854439187308655
10 0.3878453038674033 0.7364319510158641 0.003788476716653512 0.01113275814082939
10 0.3981057616416732 0.7403284163651545 0.0034727703235990525 0.01168939604787086
10 0.3947908445146014 0.7385193431672696 0.003788476716653512 0.011411077094350125
10 0.37742699289660614 0.7351795157250208 0.0031570639305445935 0.011411077094350125
10 0.3808997632202052 0.7357361536320624 0.0034727703235990525 0.010854439187308655
10 0.362904498816101 0.7311438908989703 0.006629834254143646 0.009462844419704982
10 0.3814522494080505 0.7760924018925689 0.0036306235201262822 0.010297801280267187
10 0.39826361483820044 0.7780406345672141 0.004104183109707971 0.011967715001391594
10 0.3882399368587214 0.7747008071249651 0.003946329913180741 0.011411077094350125
10 0.35698500394632987 0.7517394934595045 0.006787687450670875 0.008906206512663512
10 0.3573007103393843 0.7868076816031172 0.003314917127071823 0.01001948232674645
10 0.2538279400157853 0.9364041191205121 0.005998421468034728 0.008627887559142778
10 0.23646408839779004 0.8168661285833565 0.005051302288871349 0.01168939604787086
10 0.12604577742699288 0.9286111884219315 0.00457774269928966 0.011411077094350125
10 0.12265193370165745 0.9268021152240468 0.00441988950276243 0.01113275814082939
10 0.37426992896606154 0.7019204007792931 0.004104183109707971 0.01168939604787086
10 0.38113654301499605 0.7048427497912607 0.003946329913180741 0.011967715001391594
10 0.13433307024467245 0.9190091845254662 0.006945540647198105 0.008906206512663512
10 0.3874506708760852 0.7055385471750626 0.003314917127071823 0.01001948232674645
10 0.4198895027624309 0.6463957695519065 0.006629834254143646 0.012524352908433064
10 0.4228887134964483 0.34831617033119955 0.005682715074980268 0.009184525466184246
10 0.42241515390686657 0.34135819649318117 0.006314127861089187 0.009184525466184246
10 0.4215469613259668 0.32744224881714445 0.0055248618784530384 0.010297801280267187
10 0.4205209155485398 0.23309212357361536 0.002841357537490134 0.011411077094350125
10 0.41349644830307813 0.21221820205956024 0.005840568271507498 0.010297801280267187
10 0.40994475138121544 0.14890064013359308 0.006314127861089187 0.01168939604787086
10 0.40560378847671663 0.09949902588366268 0.006471981057616416 0.006957973838018369
10 0.3936069455406472 0.11383245198998052 0.007419100236779794 0.010576120233787921
10 0.38547750591949487 0.24505983857500696 0.002841357537490134 0.010854439187308655
10 0.3873717442778216 0.11772891733927081 0.00441988950276243 0.01113275814082939
10 0.40086819258089973 0.7094350125243529 0.0036306235201262822 0.012802671861953798
10 0.3973164956590371 0.7091566935708321 0.0034727703235990525 0.01113275814082939
10 0.39400157853196527 0.7088783746173114 0.003788476716653512 0.01168939604787086
10 0.39092344119968425 0.7070693014194267 0.0036306235201262822 0.012524352908433064
10 0.1107340173638516 0.9602003896465349 0.007103393843725335 0.008906206512663512
10 0.11981057616416732 0.9242972446423601 0.005051302288871349 0.01224603395491233
10 0.11554853985793212 0.7322571667130532 0.005998421468034728 0.006123016977456165
10 0.09400157853196527 0.8101864736988589 0.006471981057616416 0.008906206512663512
10 0.09636937647987372 0.7980795992207069 0.006471981057616416 0.008627887559142778
10 0.09834254143646408 0.7933481770108545 0.005998421468034728 0.008627887559142778
10 0.09976322020520915 0.7872251600333983 0.006945540647198105 0.009184525466184246
10 0.10094711917916337 0.7815196214862232 0.006787687450670875 0.008906206512663512
10 0.11965272296764008 0.7951572502087392 0.005998421468034728 0.004453103256331756
10 0.11925808997632201 0.7890342332312831 0.006471981057616416 0.005566379070414695
10 0.12644041041831097 0.7946006123016978 0.005682715074980268 0.005009741163373225
10 0.14309392265193369 0.8087948789312552 0.0055248618784530384 0.005566379070414695
10 0.1425414364640884 0.7971054828833843 0.005367008681925809 0.006679654884497634
10 0.14191002367797947 0.7844419704981909 0.006314127861089187 0.006401335930976899
10 0.11799526440410417 0.7667687169496242 0.005209155485398579 0.005009741163373225
10 0.11767955801104972 0.7610631784024492 0.006156274664561957 0.00584469802393543
10 0.1176006314127861 0.754940161424993 0.005998421468034728 0.00584469802393543
10 0.11870560378847671 0.7723350960200389 0.005367008681925809 0.005009741163373225
10 0.1171270718232044 0.749234622877818 0.005367008681925809 0.005009741163373225
10 0.12525651144435673 0.7713609796827163 0.006156274664561957 0.0052880601168939605
10 0.10418310970797158 0.8182577233509601 0.006945540647198105 0.008906206512663512
10 0.11657458563535911 0.9227664903979961 0.004262036306235201 0.009741163373225717
10 0.14601420678768745 0.8608405232396326 0.005367008681925809 0.006123016977456165
10 0.11412786108918704 0.919704981909268 0.005682715074980268 0.013080990815474534
10 0.1107340173638516 0.9178959087113833 0.00457774269928966 0.01224603395491233
10 0.10789265982636148 0.9146952407458948 0.0055248618784530384 0.013080990815474534
10 0.10157853196527229 0.9099638185360422 0.00457774269928966 0.010854439187308655
10 0.09558011049723757 0.9038408015585861 0.00489344909234412 0.011967715001391594
10 0.11089187056037884 0.8900640133593097 0.005840568271507498 0.008349568605622042
10 0.1171270718232044 0.8940996381853604 0.006629834254143646 0.009184525466184246
10 0.11262825572217837 0.8843584748121347 0.006787687450670875 0.009184525466184246
10 0.13606945540647197 0.9077372669078764 0.005998421468034728 0.008071249652101308
10 0.13867403314917126 0.8973003061508489 0.006156274664561957 0.008349568605622042
10 0.12265193370165745 0.8398274422488171 0.008524072612470401 0.010854439187308655
10 0.1218626677190213 0.8318953520734762 0.005682715074980268 0.005009741163373225
10 0.12138910812943961 0.8138046200946284 0.006629834254143646 0.006679654884497634
10 0.09408050513022888 0.8615363206234344 0.006314127861089187 0.008627887559142778
10 0.144672454617206 0.8754522682994712 0.007103393843725335 0.009184525466184246
10 0.4421468034727703 0.6319231839688283 0.005367008681925809 0.009741163373225717
10 0.44151539068666135 0.6252435290843307 0.005682715074980268 0.009741163373225717
10 0.44048934490923436 0.6040912886167548 0.005840568271507498 0.010297801280267187
10 0.6728492501973165 0.9428054550514889 0.005840568271507498 0.012524352908433064
10 0.6637726913970008 0.9436404119120512 0.005998421468034728 0.011411077094350125
10 0.6925808997632201 0.9759254105204564 0.005840568271507498 0.00584469802393543
10 0.6661404893449092 0.9807959922070693 0.005998421468034728 0.005566379070414695
10 0.6520915548539857 0.9830225438352351 0.005998421468034728 0.005566379070414695
10 0.6447513812154696 0.983718341219037 0.005840568271507498 0.00584469802393543
10 0.6402525651144435 0.9469802393543 0.005367008681925809 0.011967715001391594
10 0.6348855564325178 0.9483718341219037 0.006945540647198105 0.013080990815474534
10 0.6105761641673243 0.9528249373782355 0.006314127861089187 0.012524352908433064
10 0.6061562746645619 0.9525466184247147 0.005998421468034728 0.011967715001391594
10 0.6015785319652722 0.9528249373782355 0.005367008681925809 0.011411077094350125
10 0.5967640094711918 0.9535207347620372 0.006156274664561957 0.01224603395491233
10 0.5919494869771112 0.9540773726690788 0.006314127861089187 0.01224603395491233
10 0.5869771112865035 0.9553298079599221 0.0055248618784530384 0.011411077094350125
10 0.5987371744277821 0.9912329529640969 0.006314127861089187 0.0052880601168939605
10 0.558405682715075 0.9734205399387698 0.006787687450670875 0.006401335930976899
10 0.6682715074980268 0.9432229334817701 0.005840568271507498 0.01224603395491233
10 0.677663772691397 0.9421096576676872 0.005682715074980268 0.01168939604787086
10 0.43867403314917125 0.5837740050097412 0.005051302288871349 0.009184525466184246
10 0.6818468823993685 0.9414138602838853 0.005840568271507498 0.012524352908433064
10 0.8057616416732438 0.8785137767881993 0.005209155485398579 0.011967715001391594
10 0.8346487766377269 0.8915947676036738 0.006787687450670875 0.009741163373225717
10 0.8287292817679558 0.8970219871973281 0.005051302288871349 0.007792930698580574
10 0.8232833464877664 0.9020317283607013 0.0055248618784530384 0.007792930698580574
10 0.816179952644041 0.9095463401057612 0.006156274664561957 0.008906206512663512
10 0.786661404893449 0.9124686891177289 0.006471981057616416 0.009184525466184246
10 0.7950276243093922 0.929167826328973 0.006787687450670875 0.009741163373225717
10 0.7887924230465666 0.9347342053993877 0.005051302288871349 0.006957973838018369
10 0.7690607734806629 0.9494851099359867 0.005682715074980268 0.006957973838018369
10 0.762904498816101 0.9535207347620372 0.006629834254143646 0.007792930698580574
10 0.7439621152328334 0.9631227386585026 0.006314127861089187 0.006401335930976899
10 0.7295974743488555 0.9485109935986641 0.005682715074980268 0.005009741163373225
10 0.7305445935280189 0.9332034511550237 0.005367008681925809 0.01168939604787086
10 0.7259668508287292 0.934873364876148 0.005367008681925809 0.01224603395491233
10 0.6865824782951855 0.9407180629000835 0.006156274664561957 0.01168939604787086
10 0.4962904498816101 0.9846924575563596 0.006945540647198105 0.007792930698580574
10 0.47971586424625096 0.9785694405789034 0.005682715074980268 0.01113275814082939
10 0.42865035516969213 0.8586139716114667 0.005209155485398579 0.01168939604787086
10 0.41689029202841354 0.8330086278875591 0.006945540647198105 0.01001948232674645
10 0.42320441988950275 0.7543835235179516 0.005367008681925809 0.009184525466184246
10 0.4235990528808208 0.7470080712496521 0.006471981057616416 0.01001948232674645
10 0.4240726124704025 0.7390759810743112 0.005840568271507498 0.008627887559142778
10 0.4250986582478295 0.7310047314222098 0.006314127861089187 0.010297801280267187
10 0.438516179952644 0.7360144725855831 0.006629834254143646 0.010854439187308655
10 0.43922651933701656 0.7293348177010854 0.006471981057616416 0.010854439187308655
10 0.4400157853196527 0.7233509602003896 0.005840568271507498 0.01001948232674645
10 0.42446724546172054 0.7244642360144725 0.006314127861089187 0.01001948232674645
10 0.40536700868192577 0.7262733092123573 0.006314127861089187 0.008627887559142778
10 0.4039463299131807 0.7122182020595602 0.0034727703235990525 0.01168939604787086
10 0.4490923441199684 0.6991372112440857 0.0072612470402525645 0.005566379070414695
10 0.4494869771112865 0.6925967158363484 0.0055248618784530384 0.0052880601168939605
10 0.4497237569060773 0.6802115224046758 0.005998421468034728 0.005566379070414695
10 0.44885556432517754 0.6750626217645421 0.0055248618784530384 0.004731422209852491
10 0.4486977111286503 0.6694962426941274 0.006156274664561957 0.006957973838018369
10 0.39187056037884765 0.7470080712496521 0.005840568271507498 0.006679654884497634
10 0.42241515390686657 0.7623156136932925 0.006629834254143646 0.01001948232674645
10 0.4362273086029992 0.7656554411355413 0.006156274664561957 0.010576120233787921
10 0.4183109707971586 0.802671861953799 0.005998421468034728 0.009462844419704982
10 0.41783741120757695 0.8250765377122182 0.005998421468034728 0.010297801280267187
10 0.41767955801104967 0.8177010854439187 0.005682715074980268 0.009462844419704982
10 0.43172849250197315 0.8228499860840524 0.005682715074980268 0.010854439187308655
10 0.4325966850828729 0.8156136932925132 0.00489344909234412 0.009184525466184246
10 0.43291239147592736 0.8089340384080156 0.005209155485398579 0.009184525466184246
10 0.4183898973954222 0.8101864736988589 0.006156274664561957 0.01001948232674645
10 0.42012628255722173 0.7936264959643752 0.006471981057616416 0.009741163373225717
10 0.4356748224151539 0.7720567770665182 0.006314127861089187 0.01113275814082939
10 0.43338595106550903 0.8012802671861954 0.005840568271507498 0.01113275814082939
10 0.4337805840568271 0.793209017534094 0.005682715074980268 0.010576120233787921
10 0.4199684293606945 0.7868076816031172 0.006471981057616416 0.009462844419704982
10 0.43496448303078133 0.7865293626495964 0.0055248618784530384 0.010576120233787921
10 0.43456985003946325 0.7781797940439744 0.005367008681925809 0.01001948232674645
10 0.4209155485398579 0.7784581129974951 0.006156274664561957 0.008906206512663512
10 0.12217837411207576 0.7308655719454494 0.006314127861089187 0.006123016977456165
10 0.12265193370165745 0.7365711104926246 0.005682715074980268 0.00584469802393543
10 0.8307813733228098 0.8846367937656554 0.006945540647198105 0.009184525466184246
7 0.3041831097079716 0.12760924018925687 0.09439621152328334 0.043696075702755355
9 0.7644830307813733 0.8903423323128304 0.007576953433307024 0.01001948232674645
9 0.715153906866614 0.9384915112719175 0.005209155485398579 0.010576120233787921
7 0.791791633780584 0.7948789312552185 0.006945540647198105 0.018369050932368493
7 0.803078137332281 0.7844419704981909 0.007103393843725335 0.01809073197884776
1 0.810655090765588 0.5702755357639855 0.05256511444356748 0.064013359309769
7 0.8427782162588792 0.5300584469802393 0.046093133385951064 0.13164486501530753
9 0.8806629834254143 0.7169496242694128 0.007576953433307024 0.005009741163373225
9 0.8394632991318074 0.6103534650709713 0.005051302288871349 0.01224603395491233
9 0.8554064719810576 0.5747286390203172 0.006314127861089187 0.015029223490119677
9 0.8615627466456195 0.6219037016420819 0.011996842936069455 0.012524352908433064
9 0.8659037095501183 0.6056220428611189 0.006156274664561957 0.015585861397161147
9 0.9194159431728491 0.7457556359588088 0.01404893449092344 0.01753409407180629
9 0.9416732438831885 0.7886167548010019 0.006787687450670875 0.009741163373225717
9 0.9285714285714285 0.8008627887559142 0.005209155485398579 0.008071249652101308
9 0.923125493291239 0.8065683273030894 0.005682715074980268 0.008349568605622042
9 0.404498816101026 0.6617033119955469 0.005209155485398579 0.012524352908433064
7 0.25943172849250196 0.22028945171166156 0.19842146803472768 0.09435012524352908
9 0.4303078137332281 0.8423323128305037 0.005682715074980268 0.011411077094350125
7 0.2906077348066298 0.3259114945727804 0.1793212312549329 0.10631784024492068
10 0.08713496448303078 0.8886724185917061 0.006629834254143646 0.008349568605622042
10 0.07900552486187845 0.8715558029501809 0.006156274664561957 0.008071249652101308
10 0.07640094711917916 0.876148065683273 0.006945540647198105 0.008349568605622042
10 0.07545382794001577 0.8817144447536877 0.005998421468034728 0.007792930698580574
10 0.07387529597474349 0.8868633453938213 0.006945540647198105 0.008627887559142778
10 0.07284925019731649 0.8934038408015585 0.007103393843725335 0.01001948232674645
10 0.013417521704814521 0.9103812969663234 0.005682715074980268 0.01224603395491233
10 0.009550118389897395 0.9240189256888394 0.00489344909234412 0.01224603395491233
10 0.09250197316495658 0.9021708878374617 0.00473559589581689 0.011411077094350125
10 0.08595106550907655 0.933342610631784 0.006787687450670875 0.009184525466184246
10 0.09250197316495658 0.9382131923183968 0.006314127861089187 0.008349568605622042
10 0.03812154696132596 0.9446145282493738 0.004262036306235201 0.009462844419704982
10 0.011996842936069455 0.9672975229613137 0.005367008681925809 0.010854439187308655
7 0.33220205209155484 0.5747286390203172 0.12865035516969217 0.07792930698580573
7 0.30528808208366215 0.4551906484831617 0.1676400947119179 0.11661564152518786
9 0.4296764009471192 0.8501252435290844 0.005682715074980268 0.011411077094350125
9 0.41160220994475133 0.1753409407180629 0.006471981057616416 0.010576120233787921
10 0.12265193370165745 0.7421374895630393 0.005367008681925809 0.0052880601168939605
7 0.22675611681136543 0.4927637072084609 0.00457774269928966 0.03868633453938213
7 0.20560378847671665 0.3618146395769552 0.004262036306235201 0.03172836070136376
7 0.21894238358326754 0.32438074032841635 0.003788476716653512 0.02866685221263568
7 0.20315706393054458 0.3275814082939048 0.00441988950276243 0.031171722794322294
7 0.1628255722178374 0.2637072084608962 0.0055248618784530384 0.04425271360979682
7 0.14348855564325178 0.2680211522404676 0.005367008681925809 0.04453103256331756
7 0.15966850828729282 0.21848037851377677 0.00489344909234412 0.036738101864736986
7 0.1404893449092344 0.22376843863067075 0.005051302288871349 0.037294739771778454
9 0.10844514601420678 0.6861953799053715 0.005998421468034728 0.011967715001391594
9 0.1244672454617206 0.75382688561091 0.006156274664561957 0.004731422209852491
9 0.12580899763220205 0.7830503757305872 0.006314127861089187 0.006401335930976899
9 0.11412786108918704 0.7257166713053159 0.006945540647198105 0.006401335930976899
9 0.12036306235201262 0.8016977456164764 0.008681925808997631 0.006957973838018369
9 0.12194159431728492 0.8245198998051767 0.008366219415943172 0.0075146117450598385
9 0.1154696132596685 0.8739215140551071 0.00899763220205209 0.01168939604787086
9 0.12154696132596685 0.8529084330642916 0.00978689818468824 0.011411077094350125
7 0.221310181531176 0.3575006957973838 0.004104183109707971 0.029223490119677148
7 0.2346487766377269 0.3209017534094072 0.004262036306235201 0.028945171166156414
7 0.3640094711917916 0.3271639298636237 0.003788476716653512 0.02866685221263568
7 0.23701657458563535 0.354160868355135 0.003946329913180741 0.029223490119677148
7 0.3617995264404104 0.29446145282493735 0.004104183109707971 0.027275257445032005
7 0.348145224940805 0.33078207625939327 0.004262036306235201 0.029223490119677148
7 0.34569850039463296 0.2980795992207069 0.004104183109707971 0.028388533259114945
7 0.33235990528808207 0.3341219037016421 0.004262036306235201 0.02978012802671862
7 0.3162588792423046 0.337879209574172 0.003946329913180741 0.029501809073197886
7 0.30047355958958166 0.34094071806290005 0.003946329913180741 0.028945171166156414
7 0.3299921073401736 0.30086278875591427 0.003946329913180741 0.026718619537990537
7 0.3142857142857143 0.3046200946284442 0.003788476716653512 0.02866685221263568
7 0.29826361483820046 0.30809908154745336 0.003946329913180741 0.028388533259114945
7 0.2847671665351223 0.3442805455051489 0.004104183109707971 0.028388533259114945
7 0.28232044198895023 0.31116059003618146 0.003946329913180741 0.027275257445032005
7 0.2686661404893449 0.34789869190091843 0.004104183109707971 0.029501809073197886
7 0.2665351223362273 0.3149178959087114 0.003946329913180741 0.029223490119677148
7 0.25288082083662194 0.351516838296688 0.004104183109707971 0.028945171166156414
7 0.2505919494869771 0.3182577233509602 0.00457774269928966 0.029223490119677148
10 0.08910812943962114 0.8836626774283328 0.006471981057616416 0.008906206512663512
10 0.09037095501183898 0.8779571388811578 0.006471981057616416 0.009184525466184246
10 0.0925808997632202 0.8673810186473698 0.006471981057616416 0.009741163373225717
10 0.13504340962904499 0.686752017812413 0.005840568271507498 0.006401335930976899
10 0.10118389897395422 0.725020873921514 0.005367008681925809 0.01168939604787086
10 0.09810576164167324 0.7273865850264403 0.00489344909234412 0.011411077094350125
10 0.09589581689029202 0.7315613693292513 0.005209155485398579 0.010297801280267187
10 0.13449092344119967 0.6804898413581965 0.006629834254143646 0.005566379070414695
10 0.134017363851618 0.6746451433342611 0.005998421468034728 0.005566379070414695
10 0.1164956590370955 0.6753409407180628 0.005367008681925809 0.011411077094350125
10 0.1186266771902131 0.6699137211244086 0.0055248618784530384 0.01224603395491233
10 0.12154696132596685 0.6682438074032842 0.004104183109707971 0.01001948232674645
10 0.12375690607734806 0.6618424714723072 0.005682715074980268 0.01168939604787086
10 0.1176006314127861 0.6511271917617589 0.005682715074980268 0.0052880601168939605
10 0.1154696132596685 0.6573893682159755 0.006787687450670875 0.007236292791539103
10 0.11215469613259668 0.6623991093793488 0.007419100236779794 0.009462844419704982
10 0.10899763220205208 0.6681046479265238 0.0055248618784530384 0.010297801280267187
10 0.1011049723756906 0.6789590871138325 0.006156274664561957 0.011411077094350125
10 0.09857932123125493 0.6831338714166435 0.0055248618784530384 0.010297801280267187
10 0.10441988950276242 0.7159755079320902 0.0055248618784530384 0.010297801280267187
10 0.1352012628255722 0.6921792374060673 0.006156274664561957 0.005566379070414695
10 0.07995264404104183 0.8655719454494851 0.006471981057616416 0.008349568605622042
10 0.13496448303078137 0.6981630949067631 0.005998421468034728 0.00584469802393543
10 0.14119968429360694 0.7735875313108822 0.006471981057616416 0.006401335930976899
10 0.13977900552486186 0.7620372947397718 0.005209155485398579 0.006123016977456165
10 0.1389108129439621 0.7509045365989424 0.006629834254143646 0.006679654884497634
10 0.13906866614048932 0.7440857222376843 0.005998421468034728 0.006401335930976899
9 0.12012628255722177 0.7783189535207348 0.006629834254143646 0.006957973838018369
9 0.1207576953433307 0.725020873921514 0.005682715074980268 0.005566379070414695
9 0.13749013417521705 0.7330921235736153 0.005998421468034728 0.005009741163373225
10 0.1367797947908445 0.7219593654327859 0.006471981057616416 0.006123016977456165
10 0.12036306235201262 0.7187586974672975 0.006156274664561957 0.0052880601168939605
10 0.13685872138910812 0.7156971889785694 0.005367008681925809 0.0052880601168939605
10 0.1362273086029992 0.7097133314778736 0.005998421468034728 0.006123016977456165
10 0.13575374901341752 0.704146952407459 0.005998421468034728 0.006123016977456165
10 0.12067876874506708 0.7129139994433621 0.006156274664561957 0.00584469802393543
10 0.12123125493291238 0.7070693014194267 0.005682715074980268 0.00584469802393543
10 0.1207576953433307 0.7012246033954912 0.006629834254143646 0.00584469802393543
10 0.10031570639305445 0.6963540217088784 0.0055248618784530384 0.01113275814082939
10 0.10599842146803472 0.6889785694405789 0.006156274664561957 0.013080990815474534
10 0.1037884767166535 0.6934316726969106 0.005840568271507498 0.012524352908433064
10 0.09202841357537489 0.6521013080990815 0.005682715074980268 0.010576120233787921
10 0.08721389108129439 0.7408850542721959 0.006471981057616416 0.008349568605622042
10 0.07150749802683504 0.7361536320623434 0.006945540647198105 0.008349568605622042
10 0.07640094711917916 0.7805455051489006 0.006629834254143646 0.008627887559142778
10 0.06124704025256511 0.7827720567770665 0.0072612470402525645 0.009184525466184246
10 0.0755327545382794 0.7866685221263567 0.006787687450670875 0.008627887559142778
10 0.07403314917127071 0.7926523796270526 0.005998421468034728 0.008906206512663512
10 0.010181531176006313 0.8158920122460339 0.006787687450670875 0.008627887559142778
10 0.006629834254143646 0.8320345115502366 0.006314127861089187 0.008071249652101308
10 0.06282557221783741 0.840523239632619 0.006314127861089187 0.008906206512663512
10 0.06408839779005525 0.8328694684107988 0.006314127861089187 0.008071249652101308
10 0.08800315706393054 0.8316170331199555 0.005840568271507498 0.008906206512663512
10 0.08737174427782161 0.8382966880044531 0.006471981057616416 0.008906206512663512
10 0.08524072612470401 0.8437239075981074 0.006945540647198105 0.009184525466184246
10 0.08263614838200473 0.8548566657389368 0.006787687450670875 0.008627887559142778
10 0.08105761641673244 0.85986640690231 0.007103393843725335 0.008627887559142778
10 0.08800315706393054 0.7486779849707765 0.006471981057616416 0.008906206512663512
10 0.08879242304656669 0.7344837183412191 0.005840568271507498 0.008906206512663512
10 0.07774269928966061 0.7118007236292792 0.006471981057616416 0.009184525466184246
10 0.08587213891081294 0.7006679654884498 0.005682715074980268 0.010854439187308655
10 0.08910812943962114 0.6548844976342889 0.00489344909234412 0.009462844419704982
10 0.08524072612470401 0.6622599499025883 0.005367008681925809 0.010854439187308655
10 0.08216258879242304 0.6657389368215976 0.005209155485398579 0.010576120233787921
10 0.0771902131018153 0.6728360701363763 0.005367008681925809 0.009741163373225717
10 0.07498026835043409 0.6774283328694684 0.005367008681925809 0.010576120233787921
10 0.08800315706393054 0.6964931811856387 0.005209155485398579 0.009741163373225717
10 0.07221783741120757 0.6817422766490397 0.005840568271507498 0.010854439187308655
10 0.0590370955011839 0.7162538268856109 0.006629834254143646 0.009184525466184246
10 0.06992896606156274 0.6853604230448094 0.005682715074980268 0.010854439187308655
10 0.0835832675611681 0.7040077929306986 0.006156274664561957 0.011411077094350125
10 0.06377269139700079 0.6951015864180351 0.005682715074980268 0.008627887559142778
10 0.06748224151539069 0.6888394099638185 0.0055248618784530384 0.01113275814082939
10 0.06140489344909234 0.7058168661285833 0.006314127861089187 0.008906206512663512
10 0.05998421468034727 0.7116615641525188 0.005682715074980268 0.007236292791539103
10 0.8138121546961326 0.8703033676593376 0.00457774269928966 0.01224603395491233
10 0.8392265193370165 0.8449763428889507 0.003946329913180741 0.01113275814082939
1 0.7940015785319652 0.7913999443362093 0.008524072612470401 0.019760645699972167
1 0.2235201262825572 0.32563317561925964 0.006314127861089187 0.02337879209574172
1 0.24885556432517758 0.3536042304480935 0.008366219415943172 0.03423323128305038
1 0.25674822415153903 0.3502644030058447 0.0055248618784530384 0.02978012802671862
1 0.23906866614048933 0.32104091288616754 0.007103393843725335 0.02755357639855274
1 0.24601420678768743 0.3153353743389925 0.007419100236779794 0.03506818814361258
1 0.2539857932123125 0.3172836070136376 0.006314127861089187 0.028945171166156414
1 0.26282557221783737 0.31630949067631503 0.005682715074980268 0.024213748956303925
1 0.26471981057616417 0.3481770108544392 0.006629834254143646 0.027275257445032005
1 0.2734806629834254 0.34831617033119955 0.006471981057616416 0.033119955468967434
1 0.2808997632202052 0.34622877817979403 0.007103393843725335 0.03172836070136376
1 0.2960536700868192 0.34274979126078486 0.007734806629834254 0.03145004174784303
1 0.2698500394632991 0.31074311160590035 0.007103393843725335 0.034789869190091846
1 0.2783741120757695 0.3118563874199833 0.006156274664561957 0.024770386863345394
1 0.28602999210734015 0.30879487893125523 0.006945540647198105 0.032563317561925965
1 0.2947119179163378 0.3085165599777345 0.005998421468034728 0.026440300584469802
1 0.31239147592738753 0.34066239910937934 0.007576953433307024 0.03172836070136376
1 0.23078137332280976 0.32271082660729195 0.0072612470402525645 0.02811021430559421
1 0.2326756116811365 0.35471750626217646 0.007576953433307024 0.02866685221263568
1 0.3022099447513812 0.3072641246868912 0.006787687450670875 0.026718619537990537
1 0.22541436464088396 0.3570832173671027 0.007576953433307024 0.029501809073197886
1 0.26850828729281767 0.4394656276092402 0.007892659826361483 0.037294739771778454
1 0.2868192580899763 0.4799610353465071 0.011681136543014996 0.0392429724464236
1 0.27387529597474347 0.4839966601725577 0.007892659826361483 0.036738101864736986
1 0.2648776637726914 0.486362371277484 0.00915548539857932 0.043139437795713886
1 0.2526440410418311 0.4846924575563596 0.006471981057616416 0.03423323128305038
1 0.21996842936069455 0.4913721124408572 0.012154696132596685 0.03868633453938213
1 0.2314127861089187 0.4919287503478987 0.00947119179163378 0.03979961035346507
1 0.2602999210734017 0.44628444197049816 0.006945540647198105 0.02866685221263568
1 0.2517758484609313 0.4465627609240189 0.0072612470402525645 0.0320066796548845
1 0.24451460142067874 0.44809351516838297 0.0072612470402525645 0.030615084887280822
1 0.23606945540647195 0.45101586418035067 0.005840568271507498 0.024213748956303925
1 0.20623520126282555 0.32605065404954076 0.006156274664561957 0.02866685221263568
1 0.21515390686661404 0.3211800723629279 0.006314127861089187 0.03506818814361258
1 0.20986582478295185 0.3620929585304759 0.006787687450670875 0.030615084887280822
1 0.2175217048145225 0.36056220428611185 0.007892659826361483 0.030893403840801557
1 0.3041831097079716 0.340523239632619 0.006629834254143646 0.02978012802671862
1 0.31041831097079714 0.30642916782632895 0.00489344909234412 0.025048705816866128
1 0.2906077348066298 0.23003061508488729 0.005367008681925809 0.01753409407180629
1 0.36692975532754535 0.21319231839688282 0.00489344909234412 0.02170887837461731
1 0.3573007103393843 0.17993320345115502 0.004262036306235201 0.022543835235179516
1 0.3511444356748224 0.1868911772891734 0.00457774269928966 0.01697745616476482
1 0.34309392265193367 0.1877261341497356 0.00489344909234412 0.022543835235179516
1 0.3373322809786898 0.18786529362649595 0.005682715074980268 0.02337879209574172
1 0.33859510655090763 0.21931533537433898 0.006314127861089187 0.027275257445032005
1 0.33235990528808207 0.22001113275814083 0.0055248618784530384 0.021987197328138045
1 0.3304656669297553 0.19162259949902588 0.004262036306235201 0.020317283607013636
1 0.32328334648776635 0.1910659615919844 0.005682715074980268 0.025327024770386862
1 0.3180741910023678 0.22112440857222376 0.006314127861089187 0.022543835235179516
1 0.30899763220205206 0.19510158641803507 0.005840568271507498 0.023935430002783187
1 0.2952644041041831 0.19774561647648203 0.006471981057616416 0.024213748956303925
1 0.2890292028413575 0.19760645699972168 0.006314127861089187 0.027275257445032005
1 0.28121546961325966 0.1991372112440857 0.006156274664561957 0.02699693849151127
1 0.3117600631412786 0.22349011967715002 0.005682715074980268 0.02449206790982466
1 0.3044198895027624 0.22585583078207624 0.005209155485398579 0.025883662677428334
1 0.35990528808208366 0.21597550793209017 0.005051302288871349 0.0200389646534929
1 0.35264404104183106 0.2136097968271639 0.005998421468034728 0.023100473142220985
1 0.3205998421468034 0.33843584748121347 0.006945540647198105 0.03339827442248817
1 0.3457774269928966 0.2162538268856109 0.006156274664561957 0.02337879209574172
1 0.32786108918705603 0.33704425271360977 0.0072612470402525645 0.03339827442248817
1 0.31791633780584055 0.30211522404675756 0.006945540647198105 0.030336765933760088
1 0.3256511444356748 0.3010019482326746 0.006945540647198105 0.03145004174784303
1 0.33393843725335437 0.30044531032563315 0.006471981057616416 0.02699693849151127
1 0.3421468034727703 0.2982187586974673 0.006787687450670875 0.02755357639855274
1 0.3495659037095501 0.2994711939883106 0.005209155485398579 0.020595602560534373
1 0.35722178374112074 0.2952964096854996 0.006945540647198105 0.027831895352073477
1 0.3358326756116811 0.3355134984692458 0.005209155485398579 0.02755357639855274
1 0.34467245461720597 0.3327303089340384 0.006471981057616416 0.026440300584469802
1 0.3676400947119179 0.32966880044531033 0.005682715074980268 0.026440300584469802
1 0.35201262825572216 0.3306429167826329 0.005998421468034728 0.030058446980239354
1 0.36053670086819256 0.33106039521291397 0.008208366219415942 0.033119955468967434
1 0.3741120757695343 0.3281380462009463 0.007576953433307024 0.026718619537990537
1 0.3654301499605367 0.2923740606735319 0.005682715074980268 0.022543835235179516
1 0.3723756906077348 0.2904258279988867 0.005682715074980268 0.023657111049262453
1 0.2760063141278611 0.4423879766212079 0.005840568271507498 0.029223490119677148
1 0.2850828729281768 0.43876983022543836 0.0072612470402525645 0.033119955468967434
1 0.29415943172849246 0.4408572223768438 0.007103393843725335 0.026161981630949068
1 0.6118389897395422 0.7797105482883384 0.005998421468034728 0.029223490119677148
1 0.5921073401736384 0.8382966880044531 0.00473559589581689 0.018925688839409965
1 0.57663772691397 0.8437239075981074 0.00441988950276243 0.018647369885889227
1 0.569060773480663 0.8433064291678263 0.006314127861089187 0.025605343723907596
1 0.547119179163378 0.8517951572502087 0.005998421468034728 0.022543835235179516
1 0.5833464877663772 0.7856944057890343 0.007734806629834254 0.025605343723907596
1 0.572533543804262 0.7854160868355134 0.005051302288871349 0.02449206790982466
1 0.5603788476716653 0.7900083495686056 0.005051302288871349 0.024770386863345394
1 0.5475927387529597 0.7955747286390203 0.008524072612470401 0.023100473142220985
1 0.5961325966850828 0.6728360701363763 0.006471981057616416 0.03701642081825772
1 0.5543804262036306 0.6956582243250765 0.00947119179163378 0.032563317561925965
1 0.5429360694554064 0.7060951850821041 0.007734806629834254 0.0328416365154467
1 0.5277032359905288 0.7123573615363206 0.00473559589581689 0.035346507097133315
1 0.5176006314127861 0.697745616476482 0.004104183109707971 0.014472585583078207
1 0.49731649565903707 0.7156971889785694 0.004262036306235201 0.023100473142220985
1 0.47868981846882397 0.7240467575841915 0.011523283346487766 0.034789869190091846
1 0.6272296764009471 0.6639298636237128 0.006471981057616416 0.03145004174784303
1 0.6277821625887924 0.7706651822989146 0.005367008681925809 0.026161981630949068
1 0.30031570639305444 0.4351516838296688 0.007419100236779794 0.03423323128305038
1 0.6204419889502762 0.834817701085444 0.006156274664561957 0.022543835235179516
1 0.7888713496448303 0.7968271639298636 0.007734806629834254 0.021152240467575842
1 0.7641673243883188 0.7483996660172557 0.008524072612470401 0.02226551628165878
1 0.7527229676400946 0.8106039521291399 0.003946329913180741 0.020873921514055108
1 0.7346487766377269 0.8089340384080156 0.007892659826361483 0.022543835235179516
1 0.7243093922651933 0.813247982187587 0.00457774269928966 0.02337879209574172
1 0.7042620363062352 0.8172836070136376 0.00489344909234412 0.025883662677428334
1 0.6957379636937647 0.8197884775953242 0.006156274664561957 0.021987197328138045
1 0.68318863456985 0.8227108266072919 0.006314127861089187 0.02337879209574172
1 0.725808997632202 0.7564709156693571 0.005051302288871349 0.025605343723907596
1 0.7159431728492501 0.7541052045644309 0.007419100236779794 0.025883662677428334
1 0.6850039463299131 0.7631505705538547 0.00899763220205209 0.026718619537990537
1 0.7302288871349645 0.6527971054828834 0.00883977900552486 0.030893403840801557
1 0.6742699289660615 0.8206234344558865 0.0036306235201262822 0.015307542443640411
1 0.6384372533543804 0.8392708043417757 0.00457774269928966 0.01642081825772335
1 0.630939226519337 0.8318953520734762 0.005051302288871349 0.02226551628165878
1 0.5366219415943172 0.8952129139994434 0.010576164167324388 0.008627887559142778
1 0.5067087608524072 0.8679376565544114 0.005682715074980268 0.014750904536598943
1 0.47695343330702444 0.8630670748677984 0.00489344909234412 0.023935430002783187
1 0.5370165745856353 0.8025327024770387 0.00441988950276243 0.024213748956303925
1 0.36906077348066296 0.46131366546061786 0.008524072612470401 0.034789869190091846
1 0.36195737963693764 0.4634010576120234 0.007892659826361483 0.036738101864736986
1 0.3528808208366219 0.4677150013915948 0.006471981057616416 0.0392429724464236
1 0.34467245461720597 0.4670192040077929 0.00931333859510655 0.03618146395769552
1 0.33654301499605366 0.46785416086835513 0.006945540647198105 0.030615084887280822
1 0.32825572217837407 0.47119398831060394 0.008366219415943172 0.03562482605065405
1 0.3196527229676401 0.4707765098803228 0.008208366219415942 0.033119955468967434
1 0.31239147592738753 0.47286390203172834 0.007576953433307024 0.03339827442248817
1 0.3032359905288082 0.4773170052880601 0.008524072612470401 0.0384080155858614
1 0.349171270718232 0.42513220150292236 0.00915548539857932 0.03423323128305038
1 0.3411207576953433 0.4269412747008071 0.0072612470402525645 0.03451155023657111
1 0.33346487766377264 0.42777623156136935 0.007734806629834254 0.03506818814361258
1 0.3259668508287293 0.4298636237127748 0.007892659826361483 0.03423323128305038
1 0.3174427782162589 0.43181185638742 0.006945540647198105 0.03145004174784303
1 0.3091554853985793 0.4315335374338992 0.00899763220205209 0.03868633453938213
1 0.3768745067087608 0.45797383801836905 0.006471981057616416 0.025327024770386862
1 0.38342541436464084 0.4620094628444197 0.007892659826361483 0.028945171166156414
1 0.36550907655880027 0.4209574172001113 0.008681925808997631 0.03590314500417478
1 0.3112865035516969 0.5822432507653771 0.006314127861089187 0.03172836070136376
1 0.5216258879242305 0.806429167826329 0.007103393843725335 0.026440300584469802
1 0.5000789265982636 0.8075424436404119 0.006314127861089187 0.019760645699972167
1 0.48492501973164953 0.8154745338157529 0.005998421468034728 0.025605343723907596
1 0.47284925019731644 0.7989145560812692 0.007103393843725335 0.024213748956303925
1 0.5655880031570639 0.6906484831617032 0.00883977900552486 0.032563317561925965
1 0.27647987371744276 0.5858613971611467 0.008366219415943172 0.038964653492902866
1 0.3208366219415943 0.5748677984970776 0.011207576953433307 0.046479265237962704
1 0.3741910023677979 0.4185917060951851 0.005840568271507498 0.028388533259114945
1 0.33164956590370953 0.5745894795435569 0.007576953433307024 0.04202616198163095
1 0.3420678768745067 0.5720846089618703 0.00915548539857932 0.03979961035346507
1 0.3533543804262036 0.5713888115780684 0.010260457774269928 0.038964653492902866
1 0.3745067087608524 0.5620651266351239 0.010260457774269928 0.04926245477317005
1 0.3831097079715864 0.5578903423323128 0.008208366219415942 0.04759254105204564
1 0.38184688239936854 0.4135819649318119 0.006314127861089187 0.028945171166156414
1 0.296921862667719 0.22836070136376288 0.006314127861089187 0.021987197328138045
1 0.2837411207576953 0.23003061508488729 0.00489344909234412 0.020873921514055108
10 0.8432517758484609 0.8419148344002226 0.00473559589581689 0.01224603395491233
10 0.8351223362273086 0.6461174505983858 0.005840568271507498 0.012524352908433064
10 0.8523283346487766 0.6745059838575007 0.00489344909234412 0.011411077094350125
10 0.8512233622730859 0.6674088505427219 0.00457774269928966 0.01001948232674645
10 0.8487766377269139 0.6639298636237128 0.00473559589581689 0.009741163373225717
10 0.8469613259668508 0.6582243250765377 0.00457774269928966 0.009462844419704982
10 0.8455406471981057 0.6502922349011968 0.00489344909234412 0.011411077094350125
10 0.8434096290449881 0.6456999721681046 0.005051302288871349 0.010576120233787921
10 0.8413575374901341 0.6402727525744503 0.00473559589581689 0.010854439187308655
10 0.8178374112075769 0.6436125800166991 0.006629834254143646 0.006957973838018369
10 0.8164167324388318 0.6372112440857223 0.006629834254143646 0.006401335930976899
10 0.816179952644041 0.6312273865850264 0.006156274664561957 0.006123016977456165
10 0.8252565114443567 0.6248260506540495 0.00441988950276243 0.01113275814082939
10 0.8282557221783741 0.6219037016420819 0.00473559589581689 0.011411077094350125
10 0.8310181531176005 0.6178680768160312 0.00457774269928966 0.01113275814082939
10 0.8726913970007892 0.7639855274144169 0.006787687450670875 0.01001948232674645
10 0.8722967640094711 0.7580016699137211 0.005998421468034728 0.008071249652101308
10 0.8544593528018942 0.6797940439743947 0.005367008681925809 0.011967715001391594
10 0.8382794001578532 0.6494572780406346 0.00489344909234412 0.009741163373225717
10 0.8763220205209155 0.7429724464236014 0.0055248618784530384 0.008627887559142778
10 0.8394632991318074 0.6572502087392151 0.005998421468034728 0.012524352908433064
10 0.81310181531176 0.6707486779849707 0.005051302288871349 0.01224603395491233
10 0.8104972375690607 0.6733927080434178 0.005209155485398579 0.011967715001391594
10 0.8047355958958168 0.6796548844976342 0.005367008681925809 0.01224603395491233
10 0.7986582478295184 0.6842471472307264 0.00457774269928966 0.009741163373225717
10 0.795501183898974 0.687865293626496 0.00457774269928966 0.010854439187308655
10 0.7875295974743488 0.660590036181464 0.00473559589581689 0.010854439187308655
10 0.790370955011839 0.6569718897856944 0.00441988950276243 0.011411077094350125
10 0.79629044988161 0.6523796270526022 0.004262036306235201 0.010576120233787921
10 0.7991318074191002 0.6486223211800723 0.00489344909234412 0.011411077094350125
10 0.8054459352801894 0.6438908989702199 0.005209155485398579 0.012524352908433064
10 0.8080505130228887 0.6406902310047314 0.004104183109707971 0.010576120233787921
10 0.8309392265193369 0.6550236571110493 0.005051302288871349 0.011967715001391594
10 0.8467245461720599 0.6789590871138325 0.005998421468034728 0.011967715001391594
10 0.8453827940015785 0.6726969106596159 0.005209155485398579 0.010576120233787921
10 0.841594317284925 0.6621207904258279 0.005209155485398579 0.01113275814082939
10 0.8702446724546171 0.7531310882271083 0.006945540647198105 0.01001948232674645
10 0.9202052091554853 0.7674645143334261 0.002999210734017364 0.010854439187308655
1 0.2761641673243883 0.2315613693292513 0.005840568271507498 0.02449206790982466
10 0.9452249408050513 0.7438074032841636 0.002841357537490134 0.011411077094350125
10 0.952644041041831 0.7374060673531867 0.0031570639305445935 0.010854439187308655
10 0.95611681136543 0.7350403562482605 0.0031570639305445935 0.01113275814082939
10 0.9595895816890291 0.7315613693292513 0.0025256511444356746 0.011411077094350125
10 0.9634569850039463 0.7266907876426384 0.0026835043409629044 0.01168939604787086
10 0.9755327545382794 0.7122182020595602 0.005998421468034728 0.008906206512663512
10 0.9918705603788476 0.7027553576398553 0.006787687450670875 0.007236292791539103
10 0.9707182320441988 0.7589757862510437 0.007103393843725335 0.01001948232674645
10 0.9262825572217837 0.9703590314500418 0.006314127861089187 0.009184525466184246
10 0.8945540647198105 0.8467854160868354 0.00441988950276243 0.010854439187308655
10 0.8972375690607735 0.8569440578903423 0.00441988950276243 0.010576120233787921
10 0.8918705603788476 0.8508210409128861 0.00473559589581689 0.01113275814082939
10 0.8543804262036305 0.8306429167826329 0.0026835043409629044 0.009184525466184246
10 0.8595895816890291 0.8413581964931812 0.006156274664561957 0.008906206512663512
10 0.8488555643251775 0.8366267742833287 0.00457774269928966 0.01168939604787086
10 0.8569060773480662 0.8602838853325911 0.006156274664561957 0.008906206512663512
10 0.9490134175217048 0.7408850542721959 0.0031570639305445935 0.01113275814082939
10 0.9416732438831885 0.7478430281102143 0.003314917127071823 0.01168939604787086
10 0.9238358326756116 0.7639855274144169 0.002999210734017364 0.01113275814082939
10 0.9381215469613259 0.7513220150292235 0.0034727703235990525 0.011967715001391594
10 0.8830307813733227 0.7230726412468689 0.005682715074980268 0.004453103256331756
10 0.8789265982636147 0.7111049262454773 0.006314127861089187 0.005566379070414695
10 0.8734017363851617 0.6914834400222655 0.006314127861089187 0.00584469802393543
10 0.8644041041831096 0.6835513498469246 0.005998421468034728 0.01113275814082939
10 0.8697711128650355 0.6800723629279154 0.005998421468034728 0.004174784302811021
10 0.8675611681136542 0.6740885054272195 0.005998421468034728 0.005009741163373225
10 0.8656669297553274 0.6686612858335652 0.006314127861089187 0.004731422209852491
10 0.8636148382004735 0.6630949067631505 0.005998421468034728 0.004731422209852491
10 0.8615627466456195 0.6566935708321736 0.006945540647198105 0.006401335930976899
10 0.8603788476716653 0.6515446701920401 0.006156274664561957 0.004453103256331756
10 0.858800315706393 0.6451433342610632 0.006471981057616416 0.005566379070414695
10 0.8911602209944751 0.6338714166434734 0.005840568271507498 0.010854439187308655
10 0.9276243093922651 0.760228221541887 0.002999210734017364 0.011411077094350125
10 0.9309392265193369 0.7567492346228778 0.002999210734017364 0.010576120233787921
10 0.9343330702446724 0.7543835235179516 0.002841357537490134 0.009184525466184246
10 0.8163378058405683 0.6682438074032842 0.00489344909234412 0.01168939604787086
10 0.8282557221783741 0.6675480100194823 0.005682715074980268 0.0052880601168939605
10 0.8302288871349645 0.6797940439743947 0.006787687450670875 0.0052880601168939605
1 0.2001578531965272 0.24672975229613137 0.005682715074980268 0.023100473142220985
1 0.17940015785319652 0.25271360979682717 0.0055248618784530384 0.02449206790982466
1 0.165982636148382 0.2550793209017534 0.005209155485398579 0.021430559421096576
1 0.14885556432517758 0.26927358753131087 0.010102604577742699 0.04703590314500417
1 0.1574585635359116 0.26523796270526023 0.00899763220205209 0.03618146395769552
1 0.13654301499605365 0.2605065404954077 0.011365430149960536 0.050097411633732256
1 0.19463299131807418 0.21333147787364318 0.005998421468034728 0.033119955468967434
1 0.17442778216258878 0.21639298636237128 0.006629834254143646 0.034789869190091846
1 0.16424625098658246 0.21736710269969384 0.006471981057616416 0.03618146395769552
1 0.1547750591949487 0.2179237406067353 0.00931333859510655 0.04119120512106875
1 0.1453038674033149 0.22084608961870303 0.008366219415943172 0.034789869190091846
1 0.324782951854775 0.2222376843863067 0.006471981057616416 0.022543835235179516
1 0.3165745856353591 0.1906484831617033 0.008366219415943172 0.030615084887280822
1 0.3465666929755327 0.12218202059560256 0.00457774269928966 0.016142499304202616
1 0.3400157853196527 0.12092958530475925 0.00473559589581689 0.019760645699972167
1 0.33322809786898183 0.12468689117728918 0.005998421468034728 0.02226551628165878
1 0.19392265193370165 0.2495129418313387 0.006471981057616416 0.02811021430559421
1 0.2070244672454617 0.24631227386585025 0.00489344909234412 0.020595602560534373
10 0.831965272296764 0.6850821040912886 0.0055248618784530384 0.004731422209852491
1 0.2133385951065509 0.2453381575285277 0.0055248618784530384 0.022543835235179516
1 0.2697711128650355 0.23476203729473977 0.006945540647198105 0.029223490119677148
1 0.2622730860299921 0.23559699415530197 0.006156274664561957 0.026440300584469802
1 0.27411207576953434 0.2009462844419705 0.005840568271507498 0.026718619537990537
1 0.26795580110497236 0.20247703868633454 0.006471981057616416 0.024770386863345394
1 0.26045777426992894 0.20317283607013636 0.006629834254143646 0.026161981630949068
1 0.2559589581689029 0.23712774839966602 0.005209155485398579 0.02170887837461731
1 0.24838200473559588 0.2383801836905093 0.004262036306235201 0.021430559421096576
1 0.252249408050513 0.20498190926802115 0.005682715074980268 0.026440300584469802
1 0.2224151539068666 0.20539938769830224 0.008524072612470401 0.0384080155858614
1 0.24143646408839778 0.23921514055107151 0.0055248618784530384 0.026440300584469802
1 0.23496448303078135 0.24032841636515445 0.005209155485398579 0.025883662677428334
1 0.23393843725335436 0.20553854717506262 0.0072612470402525645 0.030893403840801557
1 0.21349644830307812 0.2111049262454773 0.00931333859510655 0.0320066796548845
1 0.22794001578531964 0.24408572223768438 0.0072612470402525645 0.030058446980239354
1 0.22091554853985793 0.2436682438074033 0.00489344909234412 0.025883662677428334
1 0.32762430939226517 0.12399109379348733 0.00457774269928966 0.018647369885889227
1 0.32067876874506707 0.128026718619538 0.006156274664561957 0.02449206790982466
1 0.3145224940805051 0.1292791539103813 0.0055248618784530384 0.024213748956303925
1 0.30741910023677976 0.1292791539103813 0.005209155485398579 0.021987197328138045
10 0.8556432517758484 0.7081825772335096 0.0055248618784530384 0.011967715001391594
10 0.8540647198105761 0.7020595602560534 0.00489344909234412 0.011411077094350125
10 0.8676400947119178 0.7186195379905371 0.0055248618784530384 0.012802671861953798
10 0.8651144435674821 0.7143055942109657 0.0055248618784530384 0.012524352908433064
10 0.8632202052091554 0.7094350125243529 0.0055248618784530384 0.01224603395491233
10 0.8613259668508286 0.7031728360701364 0.0055248618784530384 0.011967715001391594
10 0.8595895816890291 0.6978847759532424 0.00489344909234412 0.011411077094350125
10 0.8578531965272296 0.6917617589757863 0.00489344909234412 0.011411077094350125
10 0.8374112075769534 0.7016420818257724 0.006629834254143646 0.005009741163373225
10 0.8360694554064719 0.6959365432785972 0.006156274664561957 0.0052880601168939605
10 0.834411996842936 0.6903701642081825 0.005998421468034728 0.004731422209852491
10 0.8555643251775847 0.6864736988588923 0.00473559589581689 0.009741163373225717
10 0.8524072612470401 0.6959365432785972 0.005682715074980268 0.011411077094350125
10 0.8505130228887134 0.6907876426384637 0.005998421468034728 0.01168939604787086
10 0.8484609313338595 0.6849429446145282 0.005682715074980268 0.01113275814082939
10 0.8574585635359115 0.7152797105482883 0.005682715074980268 0.01224603395491233
10 0.8591160220994475 0.7205677706651823 0.005840568271507498 0.012802671861953798
10 0.8406471981057616 0.7120790425827999 0.006471981057616416 0.004731422209852491
1 0.261878453038674 0.13915947676036738 0.004104183109707971 0.021152240467575842
1 0.30126282557221784 0.13108822710826606 0.00457774269928966 0.023935430002783187
1 0.2947908445146014 0.13289730030615085 0.005209155485398579 0.022543835235179516
1 0.28839779005524857 0.13359309768995267 0.005367008681925809 0.02226551628165878
1 0.2815311760063141 0.13623712774839966 0.0055248618784530384 0.021430559421096576
1 0.2749802683504341 0.13623712774839966 0.005051302288871349 0.024213748956303925
1 0.2678768745067087 0.1399944336209296 0.005051302288871349 0.02226551628165878
1 0.2560378847671665 0.13957695519064847 0.004104183109707971 0.014750904536598943
10 0.8418310970797158 0.7176454216532145 0.005998421468034728 0.004731422209852491
10 0.852644041041831 0.7500695797383802 0.005209155485398579 0.004453103256331756
10 0.850591949486977 0.7442248817144448 0.006156274664561957 0.005009741163373225
10 0.8483820047355959 0.7387976621207905 0.0055248618784530384 0.004731422209852491
10 0.8466456195737964 0.7333704425271361 0.0055248618784530384 0.004453103256331756
10 0.8456195737963693 0.7280823824102421 0.005682715074980268 0.004453103256331756
10 0.8441988950276242 0.7230726412468689 0.006314127861089187 0.004453103256331756
9 0.12012628255722177 0.865154467019204 0.010418310970797158 0.012524352908433064
