8 0.8469843633655995 0.3577680525164114 0.0573343261355175 0.09846827133479212
1 0.48808637379002234 0.6231947483588621 0.026061057334326135 0.05514223194748359
1 0.28332092330603126 0.2575492341356674 0.008190618019359643 0.015317286652078776
1 0.27941176470588236 0.25689277899343543 0.010796723752792257 0.02450765864332604
1 0.27475800446760984 0.2592997811816193 0.014147431124348474 0.03194748358862144
1 0.2686150409530901 0.2617067833698031 0.016008935219657485 0.03413566739606127
1 0.26228592702903947 0.26433260393873087 0.016008935219657485 0.03238512035010941
1 0.2498138495904691 0.21159737417943109 0.01712583767684289 0.03369803063457331
1 0.24218168279970217 0.2137855579868709 0.030156366344005956 0.06783369803063458
1 0.21816827997021593 0.13063457330415756 0.01712583767684289 0.03894967177242888
1 0.2081161578555473 0.13544857768052518 0.0387192851824274 0.07483588621444201
1 0.19843633655994045 0.1413566739606127 0.034996276991809384 0.07352297592997813
1 0.35703648548026806 0.11356673960612691 0.027550260610573342 0.045076586433260395
1 0.35014892032762474 0.11684901531728666 0.02345495160089352 0.03851203501094092
1 0.344005956813105 0.12100656455142232 0.02531645569620253 0.04070021881838075
1 0.33916604616530155 0.1264770240700219 0.027550260610573342 0.04201312910284464
1 0.3600148920327625 0.14551422319474835 0.011169024571854059 0.014442013129102845
1 0.45327624720774384 0.6387308533916849 0.02122114668652271 0.04157549234135668
1 0.4584884586746091 0.6334792122538293 0.0189873417721519 0.036323851203501095
1 0.4635145197319434 0.6284463894967177 0.017870439314966492 0.03413566739606127
1 0.46909903201787045 0.6258205689277899 0.016381236038719285 0.03413566739606127
7 0.30268056589724496 0.4606126914660832 0.035740878629932984 0.11072210065645514
1 0.27959791511541326 0.3927789934354486 0.006701414743112435 0.013566739606126916
1 0.31626954579300076 0.4091903719912473 0.016008935219657485 0.04113785557986871
1 0.35461653015636635 0.6065645514223195 0.010052122114668653 0.04201312910284464
1 0.16623231571109456 0.018599562363238512 0.018242740134028296 0.03194748358862144
1 0.18149664929262846 0.016849015317286654 0.0189873417721519 0.028446389496717725
1 0.18912881608339538 0.014442013129102845 0.017870439314966492 0.02363238512035011
1 0.37155621742367834 0.8221006564551423 0.016381236038719285 0.10984682713347922
1 0.39594192107222637 0.7350109409190372 0.01675353685778109 0.051203501094091906
1 0.3423306031273269 0.7188183807439825 0.010052122114668653 0.036323851203501095
1 0.34121370067014145 0.6426695842450766 0.010796723752792257 0.03282275711159738
1 0.3454951600893522 0.6065645514223195 0.011169024571854059 0.04201312910284464
1 0.3655994043186895 0.6111597374179432 0.01563663440059568 0.04245076586433261
1 0.3058451228592703 0.399781181619256 0.025688756515264335 0.06958424507658643
1 0.33953834698436336 0.6089715536105033 0.005956813104988831 0.022319474835886217
1 0.33451228592702903 0.613566739606127 0.009307520476545048 0.03413566739606127
1 0.3279970215934475 0.5669584245076587 0.010424422933730455 0.024070021881838075
1 0.323343261355175 0.5728665207877462 0.010796723752792257 0.03413566739606127
1 0.31831720029784066 0.5772428884026258 0.011169024571854059 0.04901531728665208
1 0.31626954579300076 0.4829321663019694 0.02345495160089352 0.05908096280087528
1 0.325204765450484 0.488183807439825 0.01675353685778109 0.043326039387308536
1 0.29690990320178706 0.40547045951859956 0.03164556962025317 0.09059080962800875
1 0.4791511541325391 0.6275711159737418 0.03127326880119136 0.06301969365426696
1 0.4951600893521966 0.6161925601750547 0.02308265078183172 0.04901531728665208
13 0.796909903201787 0.14573304157549236 0.033879374534623974 0.0437636761487965
1 0.39166046165301566 0.30634573304157553 0.029039463886820552 0.05076586433260394
7 0.7012285927029039 0.5706783369803063 0.014519731943410276 0.00437636761487965
7 0.702903946388682 0.5831509846827134 0.014892032762472078 0.007439824945295405
7 0.7051377513030529 0.6142231947483588 0.004467609828741623 0.017943107221006564
2 0.7514892032762472 0.5595185995623633 0.006329113924050633 0.007439824945295405
2 0.7620997766195086 0.5577680525164114 0.005956813104988831 0.007439824945295405
2 0.7890915860014892 0.5704595185995623 0.01526433358153388 0.017943107221006564
2 0.7849962769918094 0.5385120350109409 0.01526433358153388 0.017943107221006564
2 0.7812732688011914 0.5061269146608315 0.014519731943410276 0.017067833698030634
2 0.8145941921072226 0.500656455142232 0.014147431124348474 0.01663019693654267
2 0.8395383469843634 0.4960612691466083 0.014147431124348474 0.017067833698030634
2 0.8186895011169024 0.5330415754923413 0.014892032762472078 0.0175054704595186
2 0.8438198064035741 0.5280087527352297 0.014519731943410276 0.017067833698030634
2 0.8235294117647058 0.5649890590809629 0.014147431124348474 0.0175054704595186
2 0.8486597170513775 0.5606126914660832 0.014519731943410276 0.0175054704595186
1 0.8912881608339538 0.3507658643326039 0.0193596425912137 0.008315098468271335
1 0.8858897989575577 0.34354485776805255 0.01526433358153388 0.0087527352297593
1 0.8829113924050633 0.33698030634573306 0.01526433358153388 0.00787746170678337
1 0.8793745346239762 0.33172866520787747 0.011913626209977662 0.00525164113785558
6 0.797096053611318 0.14726477024070023 0.05286671630677588 0.0774617067833698
7 0.6958302308265079 0.5417943107221007 0.014892032762472078 0.00525164113785558
7 0.6928518242740134 0.5227571115973741 0.014892032762472078 0.005689277899343545
7 0.6889426656738645 0.4936542669584245 0.014519731943410276 0.00525164113785558
1 0.6513402829486225 0.7590809628008753 0.02494415487714073 0.04245076586433261
1 0.39743112434847355 0.2991247264770241 0.021965748324646314 0.037199124726477024
1 0.4026433358153388 0.29321663019693656 0.02494415487714073 0.0437636761487965
1 0.4074832464631422 0.28665207877461707 0.021965748324646314 0.03851203501094092
1 0.4164184661206255 0.287527352297593 0.030156366344005956 0.05339168490153173
1 0.42349218168279973 0.2814004376367615 0.03536857781087118 0.05951859956236324
1 0.426656738644825 0.26827133479212256 0.02084884586746091 0.0350109409190372
1 0.40822784810126583 0.32494529540481404 0.010052122114668653 0.016192560175054705
1 0.577066269545793 0.17549234135667396 0.11392405063291139 0.24332603938730854
1 0.6684661206254654 0.8365426695842451 0.02122114668652271 0.043326039387308536
7 0.686150409530901 0.47527352297593 0.014147431124348474 0.00525164113785558
1 0.6878257632166791 0.9347921225382932 0.03611317944899479 0.11991247264770241
1 0.6863365599404319 0.8463894967177243 0.01154132539091586 0.03763676148796499
1 0.6950856291883842 0.8061269146608315 0.011169024571854059 0.04113785557986871
1 0.702903946388682 0.8400437636761489 0.00967982129560685 0.04157549234135668
1 0.689687267311988 0.7070021881838074 0.027177959791511542 0.14048140043763677
1 0.6960163812360387 0.3402625820568928 0.04579300074460164 0.04245076586433261
1 0.70867460908414 0.3411378555798687 0.0189873417721519 0.018818380743982496
7 0.6816827997021594 0.4431072210065646 0.014147431124348474 0.005689277899343545
1 0.172933730454207 0.016849015317286654 0.018242740134028296 0.028446389496717725
