6 0.03983618763961281 0.14463894967177243 0.0565897244973939 0.1387308533916849
1 0.04039463886820551 0.8067833698030635 0.010796723752792257 0.045951859956236324
1 0.06533879374534624 0.976148796498906 0.006329113924050633 0.020568927789934355
1 0.06105733432613552 0.97636761487965 0.005956813104988831 0.01925601750547046
1 0.20439314966492927 0.02078774617067834 0.008935219657483246 0.03457330415754924
1 0.24106478034251674 0.1899343544857768 0.012285927029039464 0.04201312910284464
1 0.3069620253164557 0.7665207877461707 0.02122114668652271 0.04945295404814005
1 0.2302680565897245 0.8787746170678338 0.00781831720029784 0.013129102844638951
1 0.46965748324646317 0.12954048140043764 0.007073715562174237 0.0350109409190372
1 0.4759865971705138 0.13457330415754923 0.007073715562174237 0.04682713347921225
1 0.483060312732688 0.13851203501094092 0.008562918838421444 0.045951859956236324
1 0.49032017870439315 0.14332603938730853 0.006701414743112435 0.037199124726477024
1 0.496276991809382 0.1463894967177243 0.0052122114668652275 0.028446389496717725
1 0.4564408041697692 0.19299781181619258 0.00967982129560685 0.03588621444201313
1 0.47486969471332835 0.19584245076586435 0.006329113924050633 0.024070021881838075
1 0.481198808637379 0.22669584245076588 0.006329113924050633 0.02538293216630197
1 0.4771034996276992 0.22713347921225382 0.004839910647803425 0.02188183807439825
1 0.47356664184661207 0.22713347921225382 0.004467609828741623 0.02188183807439825
1 0.4791511541325391 0.38424507658643325 0.00967982129560685 0.03326039387308534
1 0.4854802680565897 0.38424507658643325 0.008190618019359643 0.02888402625820569
1 0.48678332092330606 0.6323851203501094 0.019731943410275503 0.09190371991247265
1 0.49683544303797467 0.6347921225382932 0.017498138495904692 0.07833698030634574
1 0.4465748324646314 0.3164113785557987 0.036857781087118395 0.15229759299781181
1 0.5048399106478034 0.7240700218818381 0.021593447505584513 0.062582056892779
1 0.49497393894266567 0.724945295404814 0.013775130305286671 0.045076586433260395
1 0.5063291139240507 0.8087527352297593 0.016381236038719285 0.04113785557986871
1 0.5156366344005957 0.8024070021881838 0.02531645569620253 0.052078774617067836
1 0.5249441548771407 0.8711159737417944 0.02531645569620253 0.05645514223194749
1 0.5340655249441549 0.8680525164113786 0.02494415487714073 0.05908096280087528
1 0.07985852568875651 0.9041575492341357 0.007073715562174237 0.02538293216630197
1 0.1924795234549516 0.9608315098468272 0.01563663440059568 0.038074398249452954
1 0.5621742367833209 0.975492341356674 0.014892032762472078 0.03588621444201313
1 0.18652271034996276 0.9652078774617068 0.01340282948622487 0.03457330415754924
1 0.14501116902457187 0.07964989059080962 0.013775130305286671 0.0989059080962801
1 0.15655249441548771 0.07986870897155361 0.01526433358153388 0.09846827133479212
1 0.13011913626209978 0.18490153172866522 0.017498138495904692 0.0949671772428884
1 0.14184661206254653 0.18577680525164114 0.018615040953090096 0.09584245076586434
1 0.154132539091586 0.18599562363238512 0.02308265078183172 0.09452954048140044
1 0.12676842889054357 0.2846827133479212 0.01526433358153388 0.09671772428884026
1 0.13924050632911392 0.2857768052516412 0.01712583767684289 0.09803063457330416
1 0.1528294862248697 0.28774617067833697 0.019731943410275503 0.0975929978118162
1 0.12509307520476545 0.3925601750547046 0.01712583767684289 0.0989059080962801
1 0.1368205510052122 0.3927789934354486 0.017498138495904692 0.09584245076586434
1 0.14929262844378258 0.39474835886214443 0.022338049143708117 0.09452954048140044
1 0.14426656738644825 0.7196936542669584 0.02122114668652271 0.060831509846827135
1 0.1526433358153388 0.7172866520787746 0.01563663440059568 0.04989059080962801
1 0.15990320178704392 0.7172866520787746 0.014519731943410276 0.04814004376367615
1 0.16716306775874906 0.7135667396061269 0.016381236038719285 0.05733041575492342
1 0.1757259865971705 0.7153172866520788 0.012658227848101266 0.045951859956236324
1 0.18335815338793746 0.7146608315098468 0.013775130305286671 0.04989059080962801
1 0.1915487714072971 0.7137855579868709 0.013030528667163067 0.044638949671772434
1 0.16008935219657483 0.7897155361050329 0.016381236038719285 0.051203501094091906
1 0.16865227103499628 0.787746170678337 0.01340282948622487 0.04201312910284464
1 0.16958302308265077 0.8571115973741794 0.013775130305286671 0.045076586433260395
1 0.17833209233060313 0.8568927789934355 0.017870439314966492 0.0612691466083151
1 0.18689501116902457 0.8531728665207878 0.01340282948622487 0.045076586433260395
1 0.1948994787788533 0.8516411378555799 0.013030528667163067 0.04201312910284464
1 0.20197319434102756 0.849890590809628 0.013030528667163067 0.04201312910284464
1 0.20848845867460908 0.8448577680525164 0.014147431124348474 0.04682713347921225
1 0.21500372300819062 0.8413566739606128 0.01154132539091586 0.03894967177242888
1 0.5482129560685034 0.912472647702407 0.013775130305286671 0.03413566739606127
1 0.552494415487714 0.9770240700218819 0.01712583767684289 0.03282275711159738
2 0.9959046909903202 0.1413566739606127 0.004467609828741623 0.00787746170678337
2 0.9108339538346985 0.3288840262582057 0.010796723752792257 0.012691466083150985
2 0.9205137751303053 0.2938730853391685 0.00781831720029784 0.009190371991247266
2 0.922933730454207 0.3080962800875274 0.010424422933730455 0.01225382932166302
2 0.9264705882352942 0.32363238512035014 0.010052122114668653 0.010940919037199124
2 0.9294489947877885 0.3389496717724289 0.008562918838421444 0.010065645514223195
2 0.9320551005212212 0.3522975929978118 0.008562918838421444 0.01050328227571116
2 0.9467609828741623 0.29080962800875276 0.010424422933730455 0.012691466083150985
2 0.9512285927029039 0.30897155361050327 0.010424422933730455 0.01225382932166302
2 0.9536485480268057 0.3264770240700219 0.012285927029039464 0.01400437636761488
2 0.95867460908414 0.34595185995623634 0.00967982129560685 0.010940919037199124
2 0.9655621742367834 0.28533916849015317 0.009307520476545048 0.01137855579868709
2 0.9664929262844378 0.3013129102844639 0.011169024571854059 0.013566739606126916
2 0.9717051377513031 0.32319474835886214 0.012658227848101266 0.015317286652078776
2 0.9735666418466121 0.3437636761487965 0.01340282948622487 0.017067833698030634
2 0.9082278481012658 0.06936542669584245 0.00781831720029784 0.009190371991247266
2 0.9221891288160834 0.06520787746170678 0.008190618019359643 0.00962800875273523
2 0.9285182427401341 0.0989059080962801 0.006701414743112435 0.00787746170678337
2 0.9495532390171258 0.09409190371991248 0.007073715562174237 0.00787746170678337
2 0.9400595681310498 0.09606126914660831 0.006701414743112435 0.008315098468271335
2 0.9370811615785555 0.08687089715536106 0.005956813104988831 0.0065645514223194755
2 0.9450856291883842 0.0774617067833698 0.007073715562174237 0.0087527352297593
2 0.9865971705137752 0.07680525164113786 0.00967982129560685 0.011816192560175055
2 0.9834326135517498 0.060612691466083155 0.009307520476545048 0.010940919037199124
2 0.9432241250930752 0.061050328227571116 0.009307520476545048 0.010940919037199124
2 0.9877140729709606 0.03763676148796499 0.012658227848101266 0.01400437636761488
2 0.9542069992553984 0.137636761487965 0.006701414743112435 0.009190371991247266
2 0.964259121370067 0.13544857768052518 0.007446016381236039 0.009190371991247266
2 0.9964631422189129 0.1288840262582057 0.004839910647803425 0.009190371991247266
2 0.9143708116157856 0.34835886214442013 0.012658227848101266 0.01575492341356674
2 0.9076693968726731 0.31291028446389496 0.00967982129560685 0.01137855579868709
2 0.5698064035740878 0.8739606126914661 0.005584512285927029 0.00700218818380744
2 0.9056217423678332 0.2986870897155361 0.010052122114668653 0.011816192560175055
2 0.5714817572598659 0.8809628008752736 0.005956813104988831 0.00612691466083151
2 0.573343261355175 0.887964989059081 0.006701414743112435 0.00700218818380744
2 0.5750186150409531 0.8949671772428884 0.005584512285927029 0.00612691466083151
2 0.5766939687267312 0.9015317286652079 0.005956813104988831 0.00700218818380744
2 0.5779970215934475 0.9087527352297593 0.006329113924050633 0.0065645514223194755
2 0.5793000744601638 0.8713347921225383 0.007446016381236039 0.0087527352297593
2 0.5811615785554728 0.8798687089715537 0.007446016381236039 0.008315098468271335
2 0.5835815338793745 0.888621444201313 0.007073715562174237 0.009190371991247266
2 0.5856291883842144 0.8971553610503282 0.007446016381236039 0.00787746170678337
2 0.5869322412509308 0.9050328227571116 0.007073715562174237 0.00700218818380744
2 0.5871183916604616 0.863019693654267 0.010424422933730455 0.01225382932166302
2 0.5910275502606106 0.8746170678336981 0.010052122114668653 0.010940919037199124
2 0.5936336559940432 0.8862144420131292 0.009307520476545048 0.01137855579868709
2 0.5964259121370067 0.8984682713347921 0.00967982129560685 0.01137855579868709
2 0.6187639612807149 0.8770240700218819 0.004467609828741623 0.00612691466083151
2 0.565711094564408 0.8455142231947483 0.012285927029039464 0.01400437636761488
2 0.5798585256887565 0.8407002188183808 0.01154132539091586 0.013129102844638951
2 0.5597542814594192 0.8323851203501095 0.009307520476545048 0.00962800875273523
2 0.569620253164557 0.8295404814004377 0.008190618019359643 0.010065645514223195
2 0.5793000744601638 0.8264770240700219 0.008935219657483246 0.010940919037199124
2 0.5474683544303798 0.050109409190372 0.008562918838421444 0.010940919037199124
2 0.5584512285927029 0.04857768052516412 0.00967982129560685 0.00962800875273523
2 0.8814221891288161 0.3026258205689278 0.007073715562174237 0.008315098468271335
2 0.883655994043187 0.3137855579868709 0.00781831720029784 0.00962800875273523
2 0.8845867460908414 0.32603938730853393 0.008190618019359643 0.00962800875273523
2 0.8868205510052122 0.337855579868709 0.008190618019359643 0.00962800875273523
2 0.889054355919583 0.35120350109409193 0.008190618019359643 0.010065645514223195
1 0.1327252419955324 0.07833698030634574 0.01526433358153388 0.0989059080962801
