2 0.8170980926430518 0.1819477434679335 0.06880108991825613 0.0494061757719715
2 0.30994550408719346 0.6532066508313539 0.027247956403269755 0.018052256532066508
2 0.4816076294277929 0.7750593824228028 0.012261580381471389 0.008076009501187649
2 0.4669618528610354 0.7752969121140143 0.011580381471389645 0.00855106888361045
2 0.4816076294277929 0.7836104513064133 0.009536784741144414 0.007125890736342043
2 0.481267029972752 0.7921615201900237 0.010217983651226158 0.007125890736342043
2 0.46730245231607626 0.7836104513064133 0.009536784741144414 0.007125890736342043
2 0.4485694822888283 0.7805225653206651 0.017029972752043595 0.011401425178147268
2 0.42881471389645776 0.7731591448931117 0.012942779291553134 0.008076009501187649
2 0.4294959128065395 0.7831353919239905 0.012942779291553134 0.009026128266033254
2 0.46764305177111715 0.791686460807601 0.010217983651226158 0.007125890736342043
2 0.4489100817438692 0.795249406175772 0.01634877384196185 0.010451306413301662
2 0.4271117166212534 0.7980997624703088 0.01771117166212534 0.012351543942992874
2 0.3518392370572207 0.6524940617577197 0.02656675749318801 0.01852731591448931
2 0.3504768392370572 0.623040380047506 0.027929155313351498 0.019477434679334917
2 0.4417574931880109 0.7508313539192399 0.004768392370572207 0.004275534441805225
2 0.30892370572207084 0.6228028503562946 0.027929155313351498 0.019002375296912115
2 0.35013623978201636 0.5940617577197149 0.025885558583106268 0.01852731591448931
2 0.3079019073569482 0.5940617577197149 0.027247956403269755 0.019477434679334917
2 0.3494550408719346 0.563895486935867 0.027247956403269755 0.019002375296912115
2 0.3072207084468665 0.5636579572446556 0.027247956403269755 0.01852731591448931
2 0.34843324250681196 0.5382422802850356 0.02656675749318801 0.019952494061757718
2 0.30756130790190733 0.5377672209026129 0.027929155313351498 0.019952494061757718
2 0.31437329700272476 0.49287410926365793 0.03746594005449591 0.027078384798099764
2 0.31369209809264303 0.45724465558194777 0.0388283378746594 0.027078384798099764
2 0.31369209809264303 0.4190023752969121 0.0388283378746594 0.028503562945368172
2 0.3126702997275204 0.37648456057007124 0.043596730245231606 0.0327790973871734
2 0.3109673024523161 0.3330166270783848 0.04427792915531335 0.032304038004750596
2 0.4482288828337874 0.765083135391924 0.014986376021798364 0.009976247030878859
2 0.44925068119891004 0.7508313539192399 0.004768392370572207 0.004275534441805225
2 0.7207084468664849 0.17885985748218527 0.04495912806539509 0.031828978622327794
2 0.7247956403269754 0.5358669833729216 0.06811989100817438 0.047505938242280284
2 0.7213896457765667 0.22256532066508314 0.04495912806539509 0.031828978622327794
2 0.8174386920980926 0.24703087885985747 0.06948228882833787 0.052256532066508314
2 0.8661444141689373 0.3016627078384798 0.02111716621253406 0.0171021377672209
2 0.8593324250681199 0.3363420427553444 0.01430517711171662 0.009501187648456057
2 0.858991825613079 0.32494061757719717 0.014986376021798364 0.011401425178147268
2 0.792574931880109 0.333729216152019 0.023841961852861034 0.017577197149643706
2 0.75783378746594 0.333729216152019 0.02520435967302452 0.017577197149643706
2 0.7782697547683923 0.31306413301662706 0.01430517711171662 0.009501187648456057
2 0.7544277929155313 0.3095011876484561 0.019754768392370572 0.013776722090261283
2 0.723433242506812 0.333729216152019 0.025885558583106268 0.017577197149643706
2 0.7220708446866485 0.3102137767220903 0.025885558583106268 0.018052256532066508
2 0.723433242506812 0.4610451306413302 0.06811989100817438 0.04703087885985748
2 0.6607629427792915 0.22422802850356294 0.04495912806539509 0.032304038004750596
2 0.45708446866485014 0.7505938242280285 0.005449591280653951 0.003800475059382423
2 0.6587193460490463 0.1802850356294537 0.04632152588555858 0.031828978622327794
2 0.5994550408719346 0.22636579572446555 0.04495912806539509 0.031828978622327794
2 0.5977520435967302 0.1831353919239905 0.04564032697547684 0.0327790973871734
2 0.537125340599455 0.1840855106888361 0.04427792915531335 0.031828978622327794
2 0.5381471389645777 0.22755344418052256 0.04495912806539509 0.031353919239904986
2 0.688692098092643 0.3339667458432304 0.025885558583106268 0.018052256532066508
2 0.688692098092643 0.3102137767220903 0.027247956403269755 0.018052256532066508
2 0.6481607629427792 0.332541567695962 0.03337874659400545 0.022802850356294535
2 0.6478201634877384 0.30142517814726844 0.0326975476839237 0.024228028503562947
2 0.5909400544959128 0.29501187648456056 0.048365122615803814 0.0332541567695962
2 0.5252043596730245 0.29572446555819476 0.04768392370572207 0.0327790973871734
2 0.598433242506812 0.45961995249406173 0.07152588555858311 0.04703087885985748
2 0.30994550408719346 0.2902612826603325 0.04495912806539509 0.032304038004750596
