2 0.8029587661315707 0.8055017435102674 0.02392193893610324 0.029445951181712515
2 0.3289266603714196 0.5472685005811702 0.004406672961913755 0.00581170089112747
2 0.42193893610324207 0.28128632313056956 0.012905256531318854 0.015497869043006587
2 0.415801070192005 0.3103448275862069 0.012590494176896443 0.015497869043006587
2 0.43043751967264715 0.2994963192561023 0.012275731822474031 0.014722975590856257
2 0.42429965376141016 0.3281673769856645 0.012590494176896443 0.016272762495156915
2 0.43925086559647464 0.31751259201859744 0.012275731822474031 0.01588531576908175
2 0.31381806735914386 0.49728787291747384 0.005036197670758577 0.0065865943432778
2 0.31617878501731195 0.504649360712902 0.004721435316336166 0.00581170089112747
2 0.31869688385269124 0.5118171251452925 0.004091910607491344 0.005424254165052305
2 0.32042807680201446 0.5185974428516079 0.004406672961913755 0.00581170089112747
2 0.32231665092854894 0.5257652072839984 0.005036197670758577 0.005424254165052305
2 0.32451998740950583 0.5327392483533514 0.004406672961913755 0.005424254165052305
2 0.3268807050676739 0.5399070127857419 0.004721435316336166 0.00581170089112747
2 0.33128737802958763 0.5540488182874855 0.004091910607491344 0.005424254165052305
2 0.34497954044696255 0.5573421154591244 0.0031476235442241107 0.005036807438977141
2 0.3334907145105445 0.5612165827198761 0.004721435316336166 0.00581170089112747
2 0.3356940509915014 0.5685780705153042 0.004091910607491344 0.0065865943432778
2 0.3243626062322946 0.49070127857419604 0.003462385898646522 0.004261913986826811
2 0.32609379918161785 0.4969004261913987 0.0031476235442241107 0.004261913986826811
2 0.32798237330815233 0.5030995738086014 0.0031476235442241107 0.004261913986826811
2 0.3298709474346868 0.5091049980627664 0.0031476235442241107 0.004649360712901976
2 0.3317595215612213 0.5147229755908562 0.003777148253068933 0.004261913986826811
2 0.3333333333333333 0.521309569934134 0.0031476235442241107 0.004261913986826811
2 0.335379288637079 0.5271212708252615 0.003462385898646522 0.004261913986826811
2 0.3372678627636135 0.5331266950794266 0.003462385898646522 0.0038744672607516468
2 0.3388416745357255 0.538938395970554 0.003462385898646522 0.0038744672607516468
2 0.3408876298394712 0.5451375435877567 0.003777148253068933 0.004649360712901976
2 0.40730248662259994 0.291747384734599 0.01196096946805162 0.016272762495156915
2 0.41328297135662573 0.2628826036419992 0.013220018885741265 0.01588531576908175
2 0.39848914069877245 0.27353738860906623 0.012590494176896443 0.015497869043006587
2 0.40415486307837584 0.24389771406431615 0.012590494176896443 0.01588531576908175
2 0.31429021089077747 0.20902750871755135 0.004091910607491344 0.00581170089112747
2 0.3147623544224111 0.22006974041069355 0.003777148253068933 0.005424254165052305
2 0.2752596789423985 0.3138318481208834 0.01668240478438779 0.020147229755908564
2 0.28328611898017 0.3405656722200697 0.016367642429965377 0.020147229755908564
2 0.3005980484734026 0.30259589306470364 0.016997167138810197 0.020147229755908564
2 0.3084671073339629 0.3299108872530027 0.016997167138810197 0.02130956993413406
2 0.29162732137236386 0.3674932196822937 0.01668240478438779 0.02053467648198373
2 0.30028328611898014 0.39577683068578073 0.01762669184765502 0.02130956993413406
2 0.3079949638023292 0.4223169314219295 0.017311929493232608 0.020922123208058894
2 0.30264400377714823 0.748159628051143 0.004721435316336166 0.006199147617202635
2 0.3098835379288637 0.7717938783417281 0.0053509600251809885 0.006199147617202635
2 0.1987724268177526 0.5648973266175901 0.0028328611898017 0.0038744672607516468
2 0.2017626691847655 0.5633475397132894 0.0025180988353792886 0.0030995738086013174
2 0.4131255901794145 0.10887253002712127 0.014793830657853321 0.017822549399457575
2 0.43295561850802644 0.09569934134056568 0.007869058860560278 0.010073614877954282
2 0.43704752911551775 0.11255327392483534 0.008498583569405098 0.009686168151879117
2 0.4475920679886686 0.0898876404494382 0.00881334592382751 0.010073614877954282
2 0.3374252439408247 0.289422704378148 0.01825621655649984 0.02247191011235955
2 0.3600881334592383 0.2776055792328555 0.01762669184765502 0.022859356838434715
2 0.34686811457349703 0.31731886865555986 0.01825621655649984 0.02247191011235955
2 0.3561536040289581 0.3448275862068966 0.01794145420207743 0.02247191011235955
2 0.369058860560277 0.30511429678419216 0.01794145420207743 0.022084463386284385
2 0.37897387472458294 0.3332041844246416 0.016997167138810197 0.02247191011235955
2 0.31901164620711364 0.21793878341728012 0.004721435316336166 0.0065865943432778
2 0.3892036512433113 0.2545524990313832 0.012905256531318854 0.016272762495156915
2 0.34277620396600567 0.5509492444788842 0.003777148253068933 0.004649360712901976
2 0.34639597104186337 0.5631538163502519 0.0028328611898017 0.004261913986826811
2 0.238117721120554 0.056179775280898875 0.0028328611898017 0.0038744672607516468
2 0.3660686181932641 0.557535838822162 0.0025180988353792886 0.0030995738086013174
2 0.3611898016997167 0.5586981790003874 0.0028328611898017 0.0038744672607516468
2 0.34985835694050993 0.5054242541650523 0.0028328611898017 0.0034870205346764823
2 0.35111740635819955 0.5102673382409919 0.0028328611898017 0.0030995738086013174
2 0.3525338369531004 0.5151104223169314 0.0025180988353792886 0.0034870205346764823
2 0.35410764872521244 0.519953506392871 0.0025180988353792886 0.0030995738086013174
2 0.3553666981429021 0.5244091437427354 0.0025180988353792886 0.0034870205346764823
2 0.35694050991501414 0.5290585044556374 0.0025180988353792886 0.0034870205346764823
2 0.358356940509915 0.5335141418055017 0.0028328611898017 0.0030995738086013174
2 0.3597733711048159 0.5383572258814413 0.0025180988353792886 0.0034870205346764823
2 0.3613471828769279 0.5433940333204185 0.0025180988353792886 0.0034870205346764823
2 0.3627636134718288 0.548237117396358 0.0028328611898017 0.0030995738086013174
2 0.3646521875983632 0.5524990313831848 0.0022033364809568774 0.0030995738086013174
2 0.3585143216871262 0.5007748934521503 0.0025180988353792886 0.0034870205346764823
2 0.329241422725842 0.4881828748547075 0.0031476235442241107 0.0038744672607516468
2 0.3599307522820271 0.5063928709802402 0.0022033364809568774 0.0030995738086013174
2 0.3616619452313503 0.5108485083301046 0.0025180988353792886 0.0027121270825261525
2 0.36292099464904 0.5156915924060442 0.0025180988353792886 0.0030995738086013174
2 0.3643374252439408 0.5203409531189461 0.0022033364809568774 0.0030995738086013174
2 0.3659112370160529 0.5244091437427354 0.0022033364809568774 0.0027121270825261525
2 0.3671702864337425 0.5296396745447501 0.0022033364809568774 0.0030995738086013174
2 0.3689014793830658 0.534289035257652 0.0025180988353792886 0.0030995738086013174
2 0.37016052880075545 0.5387446726075165 0.0025180988353792886 0.0034870205346764823
2 0.37126219704123387 0.5432003099573809 0.0022033364809568774 0.0030995738086013174
2 0.37330815234497955 0.5486245641224332 0.0031476235442241107 0.0038744672607516468
2 0.37488196411709157 0.553855094924448 0.0025180988353792886 0.0034870205346764823
2 0.3882593641800441 0.4604804339403332 0.004721435316336166 0.00581170089112747
2 0.3605602769908719 0.5542425416505231 0.0028328611898017 0.0034870205346764823
2 0.359143846395971 0.5495931809376211 0.0025180988353792886 0.0027121270825261525
2 0.3574126534466478 0.5449438202247191 0.0028328611898017 0.0034870205346764823
2 0.35631098520616933 0.5402944595118171 0.0025180988353792886 0.0027121270825261525
2 0.330815234497954 0.4936071290197598 0.0031476235442241107 0.0038744672607516468
2 0.3327038086244885 0.4992251065478497 0.0031476235442241107 0.004261913986826811
2 0.3342776203966006 0.5052305308020147 0.0031476235442241107 0.0038744672607516468
2 0.3358514321687126 0.5102673382409919 0.0031476235442241107 0.0038744672607516468
2 0.3377400062952471 0.5164664858581945 0.0031476235442241107 0.0038744672607516468
2 0.33962858042178157 0.5218907400232469 0.0031476235442241107 0.0038744672607516468
2 0.3413597733711048 0.5275087175513367 0.003462385898646522 0.004261913986826811
2 0.34230406043437206 0.5333204184424641 0.003462385898646522 0.004261913986826811
2 0.3441926345609065 0.538938395970554 0.003462385898646522 0.0038744672607516468
2 0.34623858986465217 0.5453312669507943 0.003777148253068933 0.005036807438977141
2 0.34844192634560905 0.5511429678419217 0.0031476235442241107 0.004261913986826811
2 0.35033050047214354 0.5569546687330492 0.0031476235442241107 0.004261913986826811
2 0.352219074598678 0.5625726462611391 0.0031476235442241107 0.004649360712901976
2 0.3389990557129367 0.48392096086788067 0.0025180988353792886 0.0030995738086013174
2 0.3404154863078376 0.48876404494382025 0.0022033364809568774 0.0034870205346764823
2 0.341517154548316 0.4932196822936846 0.0025180988353792886 0.0030995738086013174
2 0.34293358514321687 0.4982564897326618 0.0022033364809568774 0.0030995738086013174
2 0.34450739691532895 0.5027121270825262 0.0022033364809568774 0.0034870205346764823
2 0.34560906515580736 0.5077489345215033 0.0025180988353792886 0.0034870205346764823
2 0.34781240163676425 0.5122045718713677 0.0025180988353792886 0.0030995738086013174
2 0.34891406987724266 0.5168539325842697 0.0022033364809568774 0.0030995738086013174
2 0.35033050047214354 0.521309569934134 0.0025180988353792886 0.0034870205346764823
2 0.35174693106704435 0.5261526540100736 0.0022033364809568774 0.0030995738086013174
2 0.35316336166194523 0.530608291359938 0.0025180988353792886 0.0034870205346764823
2 0.3547371734340573 0.53525765207284 0.0025180988353792886 0.0034870205346764823
2 0.3089392508655965 0.2115459124370399 0.004091910607491344 0.004649360712901976
2 0.23670129052565314 0.05211158465710965 0.0031476235442241107 0.0034870205346764823
2 0.3929807994963802 0.47500968616815187 0.004721435316336166 0.005424254165052305
2 0.17406358199559333 0.797365362262689 0.007554296506137866 0.008523827973653622
2 0.1504564054139125 0.8204184424641612 0.0031476235442241107 0.004261913986826811
2 0.15502045955303745 0.8184812088337854 0.003462385898646522 0.004261913986826811
2 0.15942713251495122 0.816350251840372 0.003462385898646522 0.004649360712901976
2 0.153131885426503 0.8432777993025959 0.0053509600251809885 0.007361487795428129
2 0.15926975133774002 0.8407593955831073 0.0056657223796034 0.006974041069352965
2 0.1652502360717658 0.8374660984114685 0.0056657223796034 0.007361487795428129
2 0.17154548316021404 0.8349476946919798 0.0056657223796034 0.006974041069352965
2 0.1591123701605288 0.7477721813250678 0.007869058860560278 0.009298721425803952
2 0.16273213723638652 0.7595893064703604 0.008183821214982689 0.009686168151879117
2 0.16572237960339944 0.7692754746222394 0.00598048473402581 0.007361487795428129
2 0.16902738432483475 0.7816737698566447 0.0056657223796034 0.0065865943432778
2 0.17186024551463644 0.7888415342890353 0.006924771797293044 0.0077489345215032935
2 0.17673906200818382 0.8268113134444014 0.004091910607491344 0.005424254165052305
2 0.18633931381806737 0.7923285548237118 0.0025180988353792886 0.0030995738086013174
2 0.1790997796663519 0.8351414180550175 0.004406672961913755 0.005036807438977141
2 0.18146049732452 0.824680356450988 0.004721435316336166 0.00581170089112747
2 0.18382121498268808 0.8326230143355289 0.004406672961913755 0.005424254165052305
2 0.16635190431224425 0.74118558698179 0.0028328611898017 0.0038744672607516468
2 0.1669814290210891 0.7460286710577296 0.004091910607491344 0.004261913986826811
2 0.16855524079320114 0.7516466485858194 0.004091910607491344 0.004649360712901976
2 0.17091595845136923 0.7578457962030221 0.004406672961913755 0.005424254165052305
2 0.17311929493232608 0.7632700503680744 0.0025180988353792886 0.0030995738086013174
2 0.17469310670443813 0.768113134444014 0.0025180988353792886 0.0027121270825261525
2 0.18098835379288636 0.7896164277411856 0.0025180988353792886 0.0030995738086013174
2 0.1819326408561536 0.79407206509105 0.0025180988353792886 0.0034870205346764823
2 0.18334907145105445 0.7983339790778768 0.0028328611898017 0.0034870205346764823
2 0.14667925716084357 0.814025571483921 0.003777148253068933 0.004649360712901976
2 0.1447906830343091 0.8084075939558311 0.003777148253068933 0.004261913986826811
2 0.14321687126219704 0.8029833397907787 0.003777148253068933 0.005036807438977141
2 0.1418004406672962 0.7981402557148393 0.0028328611898017 0.0030995738086013174
2 0.004406672961913755 0.07981402557148393 0.007554296506137866 0.009298721425803952
2 0.07412653446647781 0.03932584269662921 0.0066100094428706326 0.008136381247578458
2 0.07711677683349072 0.049980627663696243 0.006295247088448221 0.0077489345215032935
2 0.034781240163676425 0.31402557148392096 0.012275731822474031 0.014335528864781092
2 0.039345294302801384 0.331654397520341 0.013220018885741265 0.015497869043006587
2 0.10009442870632672 0.6009298721425804 0.00881334592382751 0.01162340178225494
2 0.11189801699716714 0.5951181712514529 0.00912810827824992 0.01162340178225494
2 0.12259993704752911 0.5893064703603255 0.011016682404784388 0.0131731886865556
2 0.13550519357884797 0.5836884928322356 0.011016682404784388 0.013560635412630764
2 0.10261252754170601 0.6214645486245641 0.006295247088448221 0.0077489345215032935
2 0.1051306263770853 0.6311507167764433 0.006924771797293044 0.008523827973653622
2 0.11488825936418004 0.6203022084463387 0.012590494176896443 0.015497869043006587
2 0.13031161473087818 0.6131344440139481 0.012590494176896443 0.015110422316931422
2 0.1447906830343091 0.6065478496706703 0.009442870632672332 0.011235955056179775
2 0.12590494176896444 0.6561410306082914 0.008183821214982689 0.010461061604029447
2 0.13471828769279193 0.6522665633475397 0.008183821214982689 0.010461061604029447
2 0.14982688070506767 0.6755133669120497 0.0031476235442241107 0.005036807438977141
2 0.15439093484419264 0.6737698566447113 0.003462385898646522 0.004649360712901976
2 0.12149826880705067 0.6948857032158079 0.006295247088448221 0.008136381247578458
2 0.13833805476864966 0.7588144130182101 0.007869058860560278 0.009686168151879117
2 0.14132829713566258 0.7690817512592019 0.007554296506137866 0.008523827973653622
2 0.14384639597104187 0.7803177063153817 0.007554296506137866 0.009298721425803952
2 0.14652187598363237 0.791747384734599 0.007869058860560278 0.009686168151879117
2 0.15014164305949007 0.8035645098798916 0.007554296506137866 0.009298721425803952
2 0.14006924771797294 0.7938783417280124 0.0025180988353792886 0.0030995738086013174
2 0.1849228832231665 0.7880666408368849 0.0022033364809568774 0.0030995738086013174
2 0.18775574441296822 0.7963967454475009 0.0028328611898017 0.0034870205346764823
2 0.23528485993075227 0.048237117396358005 0.0028328611898017 0.0034870205346764823
2 0.28281397544853637 0.17919411080976366 0.004721435316336166 0.0065865943432778
2 0.18964431853950267 0.7359550561797753 0.0022033364809568774 0.0027121270825261525
2 0.18523764557758893 0.7382797365362262 0.0022033364809568774 0.0027121270825261525
2 0.18885741265344663 0.7322743122820612 0.0025180988353792886 0.0030995738086013174
2 0.2615675165250236 0.1030608291359938 0.006924771797293044 0.009298721425803952
2 0.26440037771482533 0.11429678419217358 0.006924771797293044 0.009298721425803952
2 0.2699087189172175 0.09918636187524216 0.0066100094428706326 0.0077489345215032935
2 0.273371104815864 0.11022859356838435 0.0066100094428706326 0.008911274699728787
2 0.2777777777777778 0.12146454862456413 0.0053509600251809885 0.007361487795428129
2 0.28769279194208375 0.10693529639674546 0.006295247088448221 0.0077489345215032935
2 0.2958766131570664 0.10364199922510656 0.006295247088448221 0.008136381247578458
2 0.2777777777777778 0.1613715614103061 0.0053509600251809885 0.007361487795428129
2 0.2807680201447907 0.17028283611003486 0.005036197670758577 0.0065865943432778
2 0.28847969782813976 0.15710964742347927 0.0066100094428706326 0.008911274699728787
2 0.18649669499527857 0.8229368461836498 0.004091910607491344 0.005424254165052305
2 0.29194208372678626 0.1710577295621852 0.007239534151715455 0.009686168151879117
2 0.2980799496380233 0.1536226268888028 0.007554296506137866 0.009686168151879117
2 0.3067359143846396 0.14936071290197597 0.0053509600251809885 0.0065865943432778
2 0.3092540132200189 0.1592406044168927 0.004091910607491344 0.005424254165052305
2 0.3013849543594586 0.16640836884928323 0.007239534151715455 0.008911274699728787
2 0.311614730878187 0.16640836884928323 0.003777148253068933 0.005036807438977141
2 0.29619137551148883 0.21619527314994189 0.006295247088448221 0.009298721425803952
2 0.2990242367012905 0.22665633475397134 0.006924771797293044 0.008523827973653622
2 0.307837582625118 0.22355676094537003 0.004406672961913755 0.006199147617202635
2 0.20553981743783442 0.03332041844246416 0.004406672961913755 0.004649360712901976
2 0.2074283915643689 0.03971328942270438 0.004406672961913755 0.005036807438977141
2 0.20915958451369215 0.046106160402944595 0.004091910607491344 0.005424254165052305
2 0.19090336795719232 0.739829523440527 0.0022033364809568774 0.0027121270825261525
2 0.18618193264085614 0.7417667570709028 0.0022033364809568774 0.0027121270825261525
2 0.19216241737488196 0.743510267338241 0.0022033364809568774 0.002324680356450988
2 0.18744098205854579 0.745834947694692 0.0022033364809568774 0.002324680356450988
2 0.18885741265344663 0.8308795040681907 0.003777148253068933 0.00581170089112747
2 0.1934214667925716 0.8285548237117396 0.004091910607491344 0.00581170089112747
2 0.19121813031161472 0.8209996125532739 0.004091910607491344 0.005424254165052305
2 0.2017626691847655 0.7900038744672607 0.0025180988353792886 0.0030995738086013174
2 0.20553981743783442 0.7880666408368849 0.0025180988353792886 0.0030995738086013174
2 0.209789109222537 0.7861294072065091 0.0028328611898017 0.0038744672607516468
2 0.20003147623544223 0.7853545137543588 0.0022033364809568774 0.0030995738086013174
2 0.20396600566572237 0.7834172801239829 0.0025180988353792886 0.0030995738086013174
2 0.2080579162732137 0.7814800464936071 0.0025180988353792886 0.0030995738086013174
2 0.19845766446333019 0.7807051530414568 0.0022033364809568774 0.0030995738086013174
2 0.20270695624803273 0.7789616427741186 0.0018885741265344666 0.0027121270825261525
2 0.20679886685552407 0.7770244091437427 0.0025180988353792886 0.0034870205346764823
2 0.20553981743783442 0.7723750484308408 0.0025180988353792886 0.0027121270825261525
2 0.20160528800755428 0.774118558698179 0.0022033364809568774 0.0030995738086013174
2 0.19719861504564054 0.77644323905463 0.0022033364809568774 0.002324680356450988
2 0.1960969468051621 0.7719876017047657 0.0018885741265344666 0.0027121270825261525
2 0.19987409505823103 0.7702440914374273 0.0025180988353792886 0.0030995738086013174
2 0.20412338684293357 0.7677256877179388 0.0028328611898017 0.0034870205346764823
2 0.19216241737488196 0.7607516466485859 0.0022033364809568774 0.0027121270825261525
2 0.1965690903367957 0.7582332429290972 0.0022033364809568774 0.0030995738086013174
2 0.19121813031161472 0.7570709027508717 0.0022033364809568774 0.002324680356450988
2 0.1956248032735285 0.7545524990313832 0.0022033364809568774 0.0027121270825261525
2 0.18995908089392508 0.7533901588531577 0.0022033364809568774 0.0027121270825261525
2 0.19436575385583885 0.7510654784967067 0.0022033364809568774 0.0027121270825261525
2 0.1934214667925716 0.7469972878729175 0.0022033364809568774 0.002324680356450988
2 0.3906200818382121 0.4682293684618365 0.004406672961913755 0.00581170089112747
2 0.3951841359773371 0.48217745060054246 0.004721435316336166 0.00581170089112747
2 0.8180673591438464 0.9374273537388609 0.01196096946805162 0.01588531576908175
2 0.5926975133774001 0.8944207671445177 0.01196096946805162 0.015110422316931422
2 0.6787850173119295 0.34405269275474626 0.02675480012590494 0.030995738086013174
2 0.6992445703493863 0.41379310344827586 0.024866225999370474 0.0317706315381635
2 0.5945860875039345 0.7237504843084076 0.01196096946805162 0.014722975590856257
2 0.6093799181617878 0.7165827198760171 0.012590494176896443 0.015110422316931422
2 0.6015108593012276 0.74680356450988 0.012590494176896443 0.015110422316931422
2 0.6164620711362921 0.7394420767144518 0.01164620711362921 0.015110422316931422
2 0.6246458923512748 0.7088337853545138 0.012275731822474031 0.015110422316931422
2 0.6318854265029903 0.7324680356450988 0.012275731822474031 0.015110422316931422
2 0.6462071136292099 0.7253002712127082 0.010072395341517154 0.01239829523440527
2 0.6384954359458609 0.702247191011236 0.010387157695939566 0.012785741960480435
2 0.5810513062637709 0.8568384347152267 0.012590494176896443 0.01588531576908175
2 0.5865596474661631 0.8758233242929098 0.01164620711362921 0.015110422316931422
2 0.5986779981114259 0.9132119333591632 0.01196096946805162 0.014722975590856257
2 0.6567516525023607 0.8229368461836498 0.012275731822474031 0.015497869043006587
2 0.5865596474661631 0.8111197210383573 0.012275731822474031 0.015110422316931422
2 0.5928548945546113 0.8297171638899652 0.012275731822474031 0.015110422316931422
2 0.5978910922253698 0.8485083301046107 0.012905256531318854 0.014722975590856257
2 0.6038715769593956 0.8672994963192562 0.01164620711362921 0.015110422316931422
2 0.609537299338999 0.8860906625339016 0.012275731822474031 0.014722975590856257
2 0.6152030217186024 0.9046881053855095 0.012275731822474031 0.016272762495156915
2 0.6208687440982058 0.7967841921735762 0.012905256531318854 0.015110422316931422
2 0.6265344664778092 0.815381635025184 0.012275731822474031 0.015110422316931422
2 0.6325149512118351 0.8339790778767919 0.012275731822474031 0.015110422316931422
2 0.6402266288951841 0.8574196048043394 0.01762669184765502 0.020922123208058894
2 0.6480956877557444 0.8845408756296009 0.01762669184765502 0.020922123208058894
2 0.6449480642115203 0.7847733436652461 0.01196096946805162 0.015110422316931422
2 0.6523449795404469 0.2661759008136381 0.009757632987094743 0.01239829523440527
2 0.6449480642115203 0.24157303370786518 0.009442870632672332 0.012785741960480435
2 0.6403840100723953 0.2727624951569159 0.007239534151715455 0.009298721425803952
2 0.6331444759206799 0.24835335141418055 0.007869058860560278 0.010073614877954282
2 0.5494176896443186 0.22549399457574584 0.01668240478438779 0.019372336303758234
2 0.5338369531004092 0.2628826036419992 0.016997167138810197 0.02053467648198373
2 0.5571293673276676 0.25261526540100737 0.016367642429965377 0.020147229755908564
2 0.5418633931381807 0.28787291747384736 0.012275731822474031 0.015497869043006587
2 0.5649984261882279 0.27663696241766755 0.01196096946805162 0.015497869043006587
2 0.4455461126849229 0.42832235567609456 0.0053509600251809885 0.0065865943432778
2 0.4458608750393453 0.436458736923673 0.00598048473402581 0.007361487795428129
2 0.4490084985835694 0.4453700116234018 0.0066100094428706326 0.008911274699728787
2 0.5848284545168397 0.08368849283223558 0.006295247088448221 0.0077489345215032935
2 0.5879760780610639 0.09453700116234018 0.006295247088448221 0.0077489345215032935
2 0.5974189486937362 0.12146454862456413 0.012590494176896443 0.01588531576908175
2 0.5881334592382751 0.1611778380472685 0.014164305949008499 0.016272762495156915
2 0.6067044381491974 0.1514916698953894 0.012905256531318854 0.015497869043006587
2 0.5958451369216242 0.19895389383959705 0.007554296506137866 0.009686168151879117
2 0.6032420522505508 0.22200697404106937 0.007869058860560278 0.009298721425803952
2 0.6068618193264086 0.19391708640061991 0.007554296506137866 0.008911274699728787
2 0.614101353478124 0.2171638899651298 0.008183821214982689 0.009686168151879117
2 0.6192949323260938 0.1875242154203797 0.009757632987094743 0.01239829523440527
2 0.6259049417689644 0.21038357225881443 0.009757632987094743 0.01162340178225494
2 0.6348756688700031 0.177644323905463 0.012590494176896443 0.01588531576908175
2 0.6443185395026755 0.20147229755908563 0.01825621655649984 0.02247191011235955
2 0.6128423040604344 0.25862068965517243 0.006295247088448221 0.008136381247578458
2 0.6213408876298394 0.25300271212708253 0.007554296506137866 0.010073614877954282
2 0.6203966005665722 0.28302983339790777 0.006295247088448221 0.008136381247578458
2 0.6290525653131885 0.27721813250678035 0.007869058860560278 0.008911274699728787
2 0.6506137865911237 0.8037582332429292 0.012590494176896443 0.015110422316931422
2 0.6644633301857098 0.8469585432003099 0.01762669184765502 0.02169701666020922
2 0.5791627321372363 0.13095699341340566 0.013220018885741265 0.017047655947307245
2 0.7494491658797607 0.9248353351414181 0.0031476235442241107 0.004649360712901976
2 0.7459867799811143 0.7367299496319256 0.01196096946805162 0.014335528864781092
2 0.777148253068933 0.7218132506780318 0.01196096946805162 0.014722975590856257
2 0.7536984576644633 0.7603641999225107 0.016052880075542966 0.02053467648198373
2 0.7847025495750708 0.7454475009686168 0.016367642429965377 0.020922123208058894
2 0.7620396600566572 0.7867105772956219 0.016367642429965377 0.02053467648198373
2 0.7927289896128423 0.7721813250678032 0.016052880075542966 0.020147229755908564
2 0.7269436575385584 0.8175125920185975 0.01668240478438779 0.020922123208058894
2 0.772584198929808 0.8206121658271988 0.02297765187283601 0.030220844633862844
2 0.7349700975763299 0.844633862843859 0.01762669184765502 0.020922123208058894
2 0.7429965376141013 0.9074002324680357 0.003462385898646522 0.004649360712901976
2 0.745042492917847 0.9130182099961256 0.0031476235442241107 0.004261913986826811
2 0.7472458293988039 0.9188299108872531 0.0031476235442241107 0.004261913986826811
2 0.7519672647151401 0.9314219294846959 0.003777148253068933 0.005424254165052305
2 0.6731192949323261 0.8733049205734211 0.017311929493232608 0.020922123208058894
2 0.7549575070821529 0.9380085238279737 0.004091910607491344 0.005424254165052305
2 0.7699087189172175 0.9031383184812088 0.012590494176896443 0.014722975590856257
2 0.7762039660056658 0.9201859744285161 0.013220018885741265 0.015497869043006587
2 0.7917847025495751 0.9108872530027121 0.012275731822474031 0.015497869043006587
2 0.7472458293988039 0.942464161177838 0.003777148253068933 0.005036807438977141
2 0.762669184765502 0.9707477721813251 0.012590494176896443 0.015110422316931422
2 0.7768334907145106 0.9620302208446339 0.012590494176896443 0.016272762495156915
2 0.7905256531318854 0.954087562960093 0.012275731822474031 0.015110422316931422
2 0.7958766131570664 0.9738473459899264 0.007869058860560278 0.009686168151879117
2 0.7854894554611268 0.9829523440526928 0.012275731822474031 0.0131731886865556
2 0.8048473402581051 0.9690042619139868 0.006924771797293044 0.0077489345215032935
2 0.8045325779036827 0.9455637349864394 0.012590494176896443 0.015110422316931422
2 0.7880075542965062 0.6296009298721426 0.00912810827824992 0.01084850833010461
2 0.7658168083097261 0.6623401782254941 0.016997167138810197 0.02053467648198373
2 0.7458293988039031 0.6710577295621852 0.012905256531318854 0.014722975590856257
2 0.7261567516525024 0.6803564509879891 0.016997167138810197 0.02169701666020922
2 0.6438463959710419 0.9537001162340178 0.016052880075542966 0.02053467648198373
2 0.6523449795404469 0.9759783029833399 0.01668240478438779 0.019372336303758234
2 0.6824047843877872 0.7673382409918637 0.012590494176896443 0.015110422316931422
2 0.7066414856783129 0.7557148392096087 0.01196096946805162 0.015110422316931422
2 0.6882278879446018 0.785741960480434 0.012275731822474031 0.015497869043006587
2 0.7130941139439723 0.7745060054242542 0.012905256531318854 0.014722975590856257
2 0.6945231350330501 0.8047268500581171 0.012275731822474031 0.014722975590856257
2 0.7192319798552093 0.7936846183649748 0.012590494176896443 0.01588531576908175
2 0.7020774315391879 0.828361100348702 0.017311929493232608 0.020922123208058894
2 0.7108907774630154 0.8552886478109261 0.017311929493232608 0.02053467648198373
2 0.6921624173748819 0.6964354901201085 0.01196096946805162 0.015110422316931422
2 0.7071136292099465 0.6894614490507556 0.012275731822474031 0.015110422316931422
2 0.6828769279194208 0.6671832623014335 0.012905256531318854 0.015497869043006587
2 0.6979855209316965 0.6602092212320806 0.012275731822474031 0.014722975590856257
2 0.7165564998426188 0.650329329717164 0.016052880075542966 0.02130956993413406
2 0.7215926975133774 0.47229755908562576 0.007239534151715455 0.009298721425803952
2 0.6706011960969468 0.2247191011235955 0.009757632987094743 0.01239829523440527
2 0.6844507396915329 0.24041069352963967 0.008498583569405098 0.010461061604029447
2 0.7359143846395971 0.46687330492057344 0.008183821214982689 0.009298721425803952
2 0.7491344035253383 0.4604804339403332 0.007554296506137866 0.009686168151879117
2 0.7291469940195152 0.49535063928709805 0.008498583569405098 0.009686168151879117
2 0.7429965376141013 0.4891514916698954 0.007239534151715455 0.009686168151879117
2 0.7559017941454202 0.4825648973266176 0.007869058860560278 0.009686168151879117
2 0.7357570034623859 0.6412243316543975 0.012905256531318854 0.015497869043006587
2 0.7559017941454202 0.6327005036807439 0.01794145420207743 0.020922123208058894
2 0.5262826565942713 0.23556760945370012 0.016367642429965377 0.020147229755908564
2 0.5284859930752281 0.05947307245253778 0.005036197670758577 0.0065865943432778
2 0.3977022348127164 0.489345215032933 0.004721435316336166 0.005424254165052305
2 0.43925086559647464 0.8758233242929098 0.012275731822474031 0.015110422316931422
2 0.43311299968523764 0.22413793103448276 0.01196096946805162 0.01588531576908175
2 0.4417689644318539 0.243510267338241 0.012905256531318854 0.01588531576908175
2 0.42839156436890147 0.4738473459899264 0.008183821214982689 0.010073614877954282
2 0.43216871262197043 0.487020534676482 0.008183821214982689 0.010073614877954282
2 0.43657538558388415 0.4998062766369624 0.008183821214982689 0.010073614877954282
2 0.4401951526597419 0.5133669120495932 0.008498583569405098 0.01084850833010461
2 0.4417689644318539 0.47752808988764045 0.011016682404784388 0.014335528864781092
2 0.4471199244570349 0.49457574583494773 0.011016682404784388 0.014335528864781092
2 0.40777463015423354 0.8901588531576908 0.01164620711362921 0.014335528864781092
2 0.415014164305949 0.9116621464548624 0.01164620711362921 0.015497869043006587
2 0.4235127478753541 0.8833785354513755 0.012905256531318854 0.015497869043006587
2 0.43059490084985835 0.9046881053855095 0.01196096946805162 0.014722975590856257
2 0.4460182562165565 0.897520340953119 0.012590494176896443 0.014335528864781092
2 0.3635505193578848 0.17183262301433552 0.004406672961913755 0.00581170089112747
2 0.43059490084985835 0.9525377760557924 0.016997167138810197 0.02053467648198373
2 0.40714510544538873 0.690623789228981 0.00912810827824992 0.012010848508330105
2 0.40242367012905256 0.6762882603642 0.00912810827824992 0.012010848508330105
2 0.4121813031161473 0.7051530414567997 0.010387157695939566 0.01239829523440527
2 0.4169027384324835 0.7185199535063929 0.008498583569405098 0.010461061604029447
2 0.415801070192005 0.6702828361100349 0.009442870632672332 0.01162340178225494
2 0.42036512433113 0.6844246416117784 0.009757632987094743 0.011235955056179775
2 0.42508655964746617 0.698953893839597 0.009757632987094743 0.01162340178225494
2 0.43012275731822475 0.7125145292522278 0.008498583569405098 0.010073614877954282
2 0.42807680201447906 0.6658271987601705 0.0113314447592068 0.014335528864781092
2 0.43358514321687125 0.6832623014335529 0.01164620711362921 0.015110422316931422
2 0.43925086559647464 0.6995350639287098 0.01164620711362921 0.014335528864781092
2 0.31602140384010075 0.3564509879891515 0.016367642429965377 0.020922123208058894
2 0.32467736858671703 0.3847345989926385 0.017311929493232608 0.020922123208058894
2 0.3320742839156437 0.41127469972878733 0.016997167138810197 0.02053467648198373
2 0.4241422725841989 0.4608678806664084 0.008498583569405098 0.009686168151879117
2 0.39974819011646207 0.4965129794653235 0.004406672961913755 0.00581170089112747
2 0.40179414542020775 0.503293297171639 0.004721435316336166 0.005424254165052305
2 0.40431224425558704 0.5104610616040295 0.004721435316336166 0.00581170089112747
2 0.4066729619137551 0.5178225493994576 0.004406672961913755 0.00581170089112747
2 0.4087189172175008 0.5244091437427354 0.004721435316336166 0.00581170089112747
2 0.41123701605288004 0.5319643549012011 0.0053509600251809885 0.006199147617202635
2 0.39943342776203966 0.45602479659046885 0.006295247088448221 0.006974041069352965
2 0.4063581995593327 0.4531189461449051 0.0056657223796034 0.007361487795428129
2 0.40242367012905256 0.46454862456412244 0.00598048473402581 0.006974041069352965
2 0.4087189172175008 0.4616427741185587 0.0053509600251809885 0.007361487795428129
2 0.40509915014164305 0.4730724525377761 0.0056657223796034 0.006974041069352965
2 0.4117091595845137 0.4697791553661372 0.0056657223796034 0.0065865943432778
2 0.40761724897702234 0.4814025571483921 0.0056657223796034 0.007361487795428129
2 0.414227258419893 0.4784967067028284 0.0056657223796034 0.006974041069352965
2 0.4099779666351904 0.48973266175900815 0.0053509600251809885 0.006199147617202635
2 0.4167453572552723 0.48663308795040683 0.0056657223796034 0.006974041069352965
2 0.4129682090022033 0.4980627663696242 0.006295247088448221 0.007361487795428129
2 0.4192634560906516 0.4949631925610229 0.0056657223796034 0.007361487795428129
2 0.4153289266603714 0.5067803177063154 0.0053509600251809885 0.006199147617202635
2 0.42193893610324207 0.5029058504455638 0.0053509600251809885 0.006974041069352965
2 0.4181617878501731 0.5149166989538938 0.00598048473402581 0.006974041069352965
2 0.42445703493862136 0.5118171251452925 0.0053509600251809885 0.0077489345215032935
2 0.4208372678627636 0.5234405269275475 0.0056657223796034 0.0077489345215032935
2 0.42697513377400065 0.5203409531189461 0.00598048473402581 0.0077489345215032935
2 0.4198929807994964 0.44788841534289037 0.008183821214982689 0.010073614877954282
2 0.3581995593327038 0.1743510267338241 0.004406672961913755 0.004649360712901976
2 0.37094743468681146 0.1689267725687718 0.004721435316336166 0.006199147617202635
2 0.5232924142272584 0.0637349864393646 0.0053509600251809885 0.0065865943432778
2 0.4575070821529745 0.10364199922510656 0.004091910607491344 0.005036807438977141
2 0.46175637393767704 0.48798915149166994 0.012590494176896443 0.014335528864781092
2 0.46773685867170284 0.504649360712902 0.012590494176896443 0.014335528864781092
2 0.4507396915328927 0.26191398682681133 0.012590494176896443 0.015497869043006587
2 0.45923827510229775 0.28051142967841924 0.013220018885741265 0.015497869043006587
2 0.46773685867170284 0.2983339790778768 0.012590494176896443 0.014722975590856257
2 0.448693736229147 0.21425803951956607 0.012905256531318854 0.015497869043006587
2 0.45703493862134087 0.2324680356450988 0.012590494176896443 0.014722975590856257
2 0.4656909033679572 0.2514529252227819 0.012905256531318854 0.014722975590856257
2 0.4743468681145735 0.2698566447113522 0.012590494176896443 0.014335528864781092
2 0.4826880705067674 0.28787291747384736 0.012275731822474031 0.015497869043006587
2 0.45923827510229775 0.08465710964742348 0.008183821214982689 0.009686168151879117
2 0.4512118350645263 0.10577295621851995 0.004091910607491344 0.005424254165052305
2 0.49071451054453885 0.15459124370399072 0.010072395341517154 0.01239829523440527
2 0.37740006295247086 0.16602092212320807 0.005036197670758577 0.00581170089112747
2 0.5034623858986466 0.1491669895389384 0.009757632987094743 0.01239829523440527
2 0.4951211835064526 0.1698953893839597 0.010072395341517154 0.012010848508330105
2 0.4995278564683664 0.18519953506392872 0.010072395341517154 0.01239829523440527
2 0.5042492917847026 0.20011623401782255 0.009442870632672332 0.012010848508330105
2 0.5078690588605602 0.1644711352189074 0.009757632987094743 0.012785741960480435
2 0.5124331129996852 0.17958155753583882 0.009442870632672332 0.012010848508330105
2 0.5169971671388102 0.19449825648973268 0.009757632987094743 0.01239829523440527
2 0.5245514636449481 0.12766369624176677 0.012275731822474031 0.014335528864781092
2 0.5299024236701291 0.14606741573033707 0.01164620711362921 0.01394808213870593
2 0.5350960025180989 0.16427741185586983 0.0113314447592068 0.01394808213870593
2 0.5407617248977022 0.18248740798140256 0.0113314447592068 0.014722975590856257
2 0.5028328611898017 0.058504455637349864 0.00912810827824992 0.01162340178225494
2 0.45703493862134087 0.47094149554436265 0.012590494176896443 0.015110422316931422
2 0.46458923512747874 0.5676094537001163 0.0031476235442241107 0.0038744672607516468
2 0.4630154233553667 0.563541263076327 0.0031476235442241107 0.0034870205346764823
2 0.4603399433427762 0.5559860519178613 0.0028328611898017 0.0038744672607516468
2 0.4521561221277935 0.9422704378148005 0.01668240478438779 0.020147229755908564
2 0.46065470569719863 0.9701666020922124 0.016052880075542966 0.020147229755908564
2 0.48221592697513377 0.9597055404881829 0.016367642429965377 0.020147229755908564
2 0.4734025810513063 0.9321968229368462 0.016997167138810197 0.020922123208058894
2 0.4545168397859616 0.8690430065865944 0.012590494176896443 0.014722975590856257
2 0.46128423040604344 0.8901588531576908 0.012275731822474031 0.014335528864781092
2 0.5269121813031161 0.9329717163889966 0.025180988353792885 0.030220844633862844
2 0.5588605602769908 0.9178612940720651 0.024866225999370474 0.029445951181712515
2 0.5149512118350645 0.895195660596668 0.025180988353792885 0.03060829135993801
2 0.546742209631728 0.8800852382797366 0.024551463644948063 0.02983339790778768
2 0.502990242367013 0.8564509879891515 0.02392193893610324 0.02983339790778768
2 0.5349386213408877 0.8421154591243705 0.024866225999370474 0.02983339790778768
2 0.568932955618508 0.8188686555598605 0.012275731822474031 0.015110422316931422
2 0.5749134403525338 0.837659821774506 0.012905256531318854 0.014722975590856257
2 0.540604343720491 0.5769081751259202 0.013534781240163676 0.017047655947307245
2 0.5059804847340258 0.5612165827198761 0.009757632987094743 0.011235955056179775
2 0.5003147623544224 0.5447500968616815 0.01164620711362921 0.014722975590856257
2 0.5149512118350645 0.5373886090662534 0.01196096946805162 0.01394808213870593
2 0.5177840730248662 0.5544362650135607 0.010072395341517154 0.01239829523440527
2 0.5327352848599307 0.5457187136768694 0.014164305949008499 0.01743510267338241
2 0.4523135033050047 0.5110422316931422 0.01196096946805162 0.01394808213870593
2 0.47041233868429333 0.5449438202247191 0.003462385898646522 0.004261913986826811
2 0.4726156751652502 0.5507555211158466 0.004091910607491344 0.005036807438977141
2 0.4741894869373623 0.5561797752808989 0.004091910607491344 0.005036807438977141
2 0.47576329870947437 0.5612165827198761 0.003462385898646522 0.004261913986826811
2 0.0028328611898017 0.06935296396745448 0.005036197670758577 0.008523827973653622
