1 0.7922606924643584 0.575054229934924 0.05295315682281059 0.02472885032537961
1 0.21503733876442632 0.4754880694143167 0.032247114731839784 0.08937093275488069
1 0.554989816700611 0.48720173535791755 0.008825526137135099 0.04425162689804772
1 0.5582145281737949 0.3383947939262473 0.036320434487440593 0.08937093275488069
1 0.38713509843856075 0.964642082429501 0.01663272233536999 0.05770065075921909
1 0.3698234894772573 0.32169197396963123 0.02545824847250509 0.09761388286334056
1 0.40563475899524776 0.038394793926247284 0.02376103190767142 0.05683297180043384
1 0.3718601493550577 0.040780911062906725 0.022742701968771213 0.05900216919739696
1 0.23625254582484725 0.868763557483731 0.03054989816700611 0.14880694143167028
1 0.31160896130346233 0.8047722342733188 0.019687712152070602 0.10672451193058567
1 0.32518669382213167 0.6650759219088936 0.017651052274270197 0.08416485900216919
1 0.3290902919212491 0.3353579175704989 0.030889341479972843 0.0789587852494577
1 0.34046164290563474 0.49783080260303686 0.018329938900203666 0.08633405639913232
1 0.3060081466395112 0.5481561822125813 0.020706042090970808 0.08026030368763556
1 0.2987101154107264 0.4459869848156182 0.03326544467073998 0.09891540130151844
1 0.26154107264086895 0.6002169197396963 0.020027155465037336 0.08720173535791757
1 0.19568906992532245 0.36225596529284165 0.02477936184657162 0.04945770065075922
1 0.790224032586558 0.5605206073752711 0.05363204344874406 0.02863340563991323
1 0.310081466395112 0.14533622559652928 0.02681602172437203 0.0754880694143167
1 0.22640868974881193 0.1490238611713666 0.020366598778004074 0.054229934924078085
1 0.19297352342158858 0.29718004338394793 0.022063815342837745 0.05813449023861171
1 0.18024439918533605 0.3577006507592191 0.025118805159538356 0.05075921908893709
1 0.16819416157501696 0.4143167028199566 0.019348268839103868 0.06160520607375271
1 0.16038696537678207 0.48655097613882864 0.021384928716904276 0.06464208242950108
1 0.1561439239646979 0.555531453362256 0.00746775288526816 0.042082429501084595
1 0.15020366598778004 0.5561822125813449 0.007807196198234894 0.04251626898047722
1 0.13883231500339444 0.6197396963123644 0.02376103190767142 0.041214750542299346
1 0.13000678886625933 0.6130151843817787 0.0285132382892057 0.04425162689804772
1 0.09979633401221996 0.6648590021691974 0.017651052274270197 0.027331887201735357
1 0.11048879837067209 0.6731019522776572 0.01663272233536999 0.026464208242950107
1 0.10454854039375423 0.6709327548806941 0.02172437202987101 0.03427331887201735
1 0.04446707399864223 0.7266811279826464 0.05431093007467753 0.0702819956616052
1 0.6693822131704005 0.8446854663774404 0.009504412763068567 0.04338394793926247
1 0.676510522742702 0.847939262472885 0.010183299389002037 0.04902386117136659
1 0.6907671418873048 0.8535791757049891 0.008825526137135099 0.04555314533622559
1 0.6839782756279701 0.8492407809110629 0.009504412763068567 0.04642082429501084
1 0.7793618465716226 0.5381778741865509 0.05091649694501018 0.0368763557483731
1 0.78326544467074 0.5214750542299349 0.05329260013577732 0.03123644251626898
1 0.7739307535641547 0.5036876355748373 0.045485403937542426 0.02950108459869848
1 0.7613713509843856 0.5989154013015184 0.04276985743380855 0.027331887201735357
1 0.7584860828241683 0.6088937093275488 0.04107264086897488 0.02472885032537961
1 0.7459266802443991 0.6555314533622559 0.01188051595383571 0.05639913232104121
1 0.7325186693822131 0.6587852494577007 0.015614392396469789 0.07592190889370933
1 0.7645960624575695 0.7527114967462039 0.039035980991174474 0.009544468546637744
1 0.7316700610997963 0.7349240780911063 0.030889341479972843 0.01475054229934924
1 0.7707060420909708 0.7449023861171367 0.026137135098438558 0.012147505422993492
1 0.7554310930074677 0.7685466377440346 0.039035980991174474 0.016052060737527116
1 0.7489816700610997 0.8464208242950108 0.023421588594704685 0.006941431670281995
1 0.7493211133740665 0.8396963123644251 0.026137135098438558 0.00737527114967462
1 0.7506788866259334 0.8331887201735357 0.020706042090970808 0.00824295010845987
1 0.7488119484046164 0.8253796095444685 0.024439918533604887 0.00824295010845987
1 0.7488119484046164 0.8177874186550976 0.027834351663272233 0.012147505422993492
1 0.746775288526816 0.8084598698481561 0.034623217922606926 0.018655097613882864
1 0.7474541751527495 0.7984815618221258 0.03665987780040733 0.02386117136659436
1 0.7175831636116768 0.7954446854663774 0.004073319755600814 0.017787418655097614
1 0.713509843856076 0.7947939262472885 0.004073319755600814 0.019956616052060738
1 0.7089273591310251 0.7943600867678958 0.0050916496945010185 0.026030368763557483
1 0.703326544467074 0.7967462039045553 0.006109979633401222 0.028199566160520606
1 0.6907671418873048 0.7544468546637744 0.006109979633401222 0.04251626898047722
1 0.7318397827562797 0.8793926247288503 0.02987101154107264 0.026898047722342732
1 0.6821113374066531 0.7911062906724512 0.012559402579769178 0.05075921908893709
1 0.6731160896130346 0.7885032537960954 0.012219959266802444 0.05075921908893709
1 0.6666666666666666 0.7837310195227766 0.006788866259334691 0.03253796095444685
1 0.6612355736591989 0.7839479392624729 0.006109979633401222 0.03470715835140998
1 0.665478615071283 0.745119305856833 0.015953835709436523 0.041214750542299346
1 0.05346232179226069 0.7379609544468546 0.05736591989137814 0.07288503253796096
