2 0.9115785554728221 0.8188736681887366 0.0033507073715562173 0.0025367833587011668
1 0.7354802680565897 0.69558599695586 0.03239017125837677 0.0258751902587519
7 0.4627699180938198 0.4161593099949264 0.06105733432613552 0.023084728564180618
7 0.4912509307520477 0.5811770674784373 0.017498138495904692 0.020801623541349568
7 0.3320923306031273 0.5487062404870624 0.027550260610573342 0.029426686960933535
1 0.5014892032762472 0.6089548452562151 0.01563663440059568 0.029173008625063418
1 0.5173119880863738 0.648021308980213 0.01675353685778109 0.028665651953323185
1 0.5227103499627699 0.6468797564687976 0.017870439314966492 0.0289193302891933
1 0.5323901712583767 0.6835362760020294 0.01712583767684289 0.027143581938102485
1 0.5463514519731943 0.7194317605276509 0.016008935219657485 0.027904616945712835
1 0.5517498138495904 0.7554540842212074 0.006701414743112435 0.026382546930492135
1 0.7248696947133284 0.7369355657026889 0.035740878629932984 0.0258751902587519
1 0.6986224869694714 0.6660324708269914 0.03239017125837677 0.026128868594622018
2 0.9121370067014147 0.8093607305936072 0.0052122114668652275 0.00380517503805175
1 0.693596425912137 0.6680618975139523 0.03201787043931497 0.02663622526636225
1 0.7715934475055846 0.7219685438863521 0.02494415487714073 0.020294266869609334
1 0.7673119880863738 0.723871131405378 0.02531645569620253 0.020040588533739218
1 0.7304542069992555 0.14294774226281076 0.018615040953090096 0.021055301877219684
7 0.6749813849590469 0.1571537290715373 0.014147431124348474 0.018518518518518517
7 0.7475800446760983 0.5400811770674784 0.027550260610573342 0.0035514967021816335
7 0.659717051377513 0.4648655504819888 0.04616530156366344 0.0027904616945712835
1 0.7321295606850335 0.6078132927447996 0.04877140729709605 0.0258751902587519
12 0.87602382725242 0.6362252663622526 0.00967982129560685 0.007102993404363267
2 0.9421072226358899 0.8150684931506849 0.012285927029039464 0.008625063419583967
1 0.47058823529411764 0.41210045662100453 0.055100521221146684 0.022577371892440384
