9 0.7769058295964126 0.9042792792792793 0.085949177877429 0.04279279279279279
9 0.414050822122571 0.7736486486486487 0.11061285500747385 0.04842342342342342
9 0.45029895366218237 0.7010135135135135 0.05007473841554559 0.06306306306306306
9 0.4693572496263079 0.7080518018018018 0.053811659192825115 0.06362612612612613
9 0.49177877428998507 0.709740990990991 0.055306427503736925 0.06475225225225226
9 0.5097159940209268 0.7156531531531531 0.04932735426008969 0.05855855855855856
9 0.5287742899850524 0.7179054054054054 0.06502242152466368 0.08896396396396396
9 0.2772795216741405 0.6824324324324325 0.11360239162929746 0.05292792792792793
9 0.16890881913303438 0.634009009009009 0.10612855007473843 0.061936936936936936
9 0.13228699551569506 0.6551238738738738 0.09417040358744395 0.05686936936936937
9 0.24402092675635279 0.7086148648648649 0.10687593423019433 0.05349099099099099
9 0.5952914798206278 0.8350225225225225 0.1203288490284006 0.05292792792792793
10 0.42638266068759345 0.6576576576576576 0.03811659192825112 0.037162162162162164
9 0.6786248131539612 0.8279842342342342 0.1195814648729447 0.052364864864864864
9 0.7578475336322871 0.7818130630630631 0.11061285500747385 0.03885135135135135
9 0.7522421524663677 0.7970157657657657 0.11285500747384156 0.03885135135135135
9 0.7746636771300449 0.8220720720720721 0.11584454409566518 0.041666666666666664
9 0.7627055306427504 0.8350225225225225 0.10986547085201794 0.04279279279279279
10 0.8269805680119582 0.8851351351351351 0.05007473841554559 0.02702702702702703
9 0.6991778774289985 0.7035472972972973 0.11285500747384156 0.05349099099099099
9 0.6984304932735427 0.6835585585585585 0.11285500747384156 0.0518018018018018
9 0.6846038863976084 0.670045045045045 0.10762331838565023 0.04954954954954955
9 0.4334828101644245 0.6858108108108109 0.05979073243647235 0.07545045045045044
9 0.398729446935725 0.6666666666666666 0.06502242152466368 0.0822072072072072
10 0.9398355754857998 0.18721846846846846 0.032137518684603884 0.020833333333333332
9 0.17787742899850523 0.45157657657657657 0.09865470852017938 0.06306306306306306
10 0.16890881913303438 0.25084459459459457 0.022421524663677132 0.02195945945945946
10 0.22309417040358745 0.34177927927927926 0.04708520179372198 0.030405405405405404
10 0.24028400597907326 0.3330518018018018 0.04857997010463378 0.026463963963963964
10 0.2526158445440957 0.32207207207207206 0.04932735426008969 0.02364864864864865
9 0.23654708520179374 0.375 0.09491778774289986 0.061936936936936936
9 0.21935724962630793 0.39386261261261263 0.10986547085201794 0.06587837837837837
9 0.19431988041853512 0.39780405405405406 0.06726457399103139 0.04222972972972973
10 0.19020926756352766 0.41807432432432434 0.04857997010463378 0.030968468468468468
9 0.19133034379671152 0.4380630630630631 0.10164424514200299 0.06531531531531531
9 0.1625560538116592 0.4642454954954955 0.1038863976083707 0.06587837837837837
9 0.3796711509715994 0.6542792792792793 0.06875934230194321 0.07657657657657657
9 0.1610612855007474 0.5405405405405406 0.09641255605381166 0.06306306306306306
9 0.17526158445440956 0.5641891891891891 0.07399103139013453 0.05405405405405406
9 0.21674140508221226 0.5543355855855856 0.08370702541106129 0.07488738738738739
9 0.23467862481315396 0.5658783783783784 0.07922272047832586 0.0686936936936937
10 0.2772795216741405 0.5540540540540541 0.03587443946188341 0.030405405405405404
9 0.27840059790732435 0.6089527027027027 0.06651718983557549 0.05686936936936937
9 0.2922272047832586 0.6235923423423423 0.06427503736920777 0.05912162162162162
9 0.3146487294469357 0.6334459459459459 0.053811659192825115 0.05630630630630631
9 0.34267563527653216 0.6348536036036035 0.06950672645739911 0.07826576576576577
9 0.6943198804185351 0.6480855855855856 0.07922272047832586 0.037162162162162164
10 0.5904334828101644 0.5627815315315315 0.026905829596412557 0.017454954954954954
10 0.6068759342301944 0.5793918918918919 0.026905829596412557 0.016891891891891893
10 0.6621823617339313 0.12556306306306306 0.02092675635276532 0.02252252252252252
10 0.5183109118086697 0.27646396396396394 0.0515695067264574 0.028153153153153154
9 0.898729446935725 0.051238738738738736 0.07249626307922272 0.06081081081081081
9 0.961136023916293 0.054617117117117114 0.07324364723467863 0.06418918918918919
9 0.9080717488789238 0.03997747747747748 0.06875934230194321 0.0472972972972973
10 0.9413303437967115 0.1463963963963964 0.027653213751868463 0.021396396396396396
9 0.9820627802690584 0.11148648648648649 0.03288490284005979 0.037162162162162164
9 0.9637518684603886 0.024493243243243243 0.027653213751868463 0.014076576576576577
9 0.9940209267563528 0.030123873873873875 0.013452914798206279 0.018581081081081082
9 0.9906576980568013 0.05855855855855856 0.01868460388639761 0.028153153153153154
10 0.5130792227204783 0.3507882882882883 0.020179372197309416 0.02252252252252252
10 0.616965620328849 0.5881193693693694 0.027653213751868463 0.01632882882882883
9 0.5295216741405082 0.3454391891891892 0.03811659192825112 0.0365990990990991
10 0.9544095665171899 0.9315878378378378 0.03288490284005979 0.023085585585585586
10 0.8654708520179373 0.07685810810810811 0.029895366218236175 0.018581081081081082
10 0.8920029895366218 0.11739864864864864 0.02914798206278027 0.018581081081081082
10 0.9245142002989537 0.16554054054054054 0.028400597907324365 0.018018018018018018
10 0.8710762331838565 0.08727477477477477 0.033632286995515695 0.02027027027027027
10 0.8856502242152466 0.10726351351351351 0.029895366218236175 0.018581081081081082
10 0.9114349775784754 0.1438626126126126 0.02914798206278027 0.01632882882882883
10 0.9312406576980569 0.1759572072072072 0.029895366218236175 0.018581081081081082
10 0.49588938714499253 0.2691441441441441 0.044095665171898356 0.02252252252252252
10 0.48953662182361735 0.2536599099099099 0.04783258594917788 0.026463963963963964
10 0.522795216741405 0.22325450450450451 0.021674140508221227 0.02533783783783784
10 0.46150971599402096 0.27561936936936937 0.024663677130044845 0.023085585585585586
9 0.37070254110612855 0.5033783783783784 0.07174887892376682 0.05518018018018018
9 0.3901345291479821 0.49915540540540543 0.06576980568011959 0.048986486486486486
10 0.38228699551569506 0.47466216216216217 0.027653213751868463 0.021396396396396396
9 0.421898355754858 0.481981981981982 0.10986547085201794 0.0822072072072072
9 0.4278774289985052 0.46621621621621623 0.09491778774289986 0.07094594594594594
9 0.44805680119581465 0.4583333333333333 0.09192825112107623 0.06981981981981981
9 0.4312406576980568 0.4189189189189189 0.044843049327354265 0.03490990990990991
9 0.47234678624813153 0.4527027027027027 0.043348281016442454 0.033783783783783786
10 0.5377428998505231 0.3848536036036036 0.03961136023916293 0.020833333333333332
10 0.5568011958146487 0.3947072072072072 0.025411061285500747 0.015765765765765764
10 0.562780269058296 0.40625 0.028400597907324365 0.017454954954954954
9 0.5818385650224216 0.4436936936936937 0.044095665171898356 0.024774774774774775
10 0.5848281016442451 0.45917792792792794 0.03811659192825112 0.02195945945945946
9 0.3834080717488789 0.16722972972972971 0.061285500747384154 0.05630630630630631
9 0.3976083707025411 0.19791666666666666 0.08071748878923767 0.07939189189189189
9 0.4181614349775785 0.20551801801801803 0.07997010463378176 0.0822072072072072
9 0.44992526158445445 0.19453828828828829 0.06726457399103139 0.07038288288288289
9 0.453288490284006 0.21762387387387389 0.07399103139013453 0.08277027027027027
9 0.47159940209267565 0.23536036036036037 0.08370702541106129 0.07995495495495496
10 0.21487294469357252 0.18862612612612611 0.024663677130044845 0.02252252252252252
