10 0.3263813651137595 0.5227882037533512 0.012459371614301192 0.023592493297587135
10 0.20368364030335862 0.6359249329758714 0.03683640303358613 0.0160857908847185
9 0.25487540628385696 0.7997319034852548 0.03954496208017334 0.013404825737265418
9 0.39003250270855905 0.7206434316353888 0.024918743228602384 0.0707774798927614
9 0.31392199349945826 0.7378016085790885 0.025460455037919827 0.0707774798927614
10 0.2898158179848321 0.7117962466487936 0.015167930660888406 0.039142091152815014
9 0.26029252437703143 0.7445040214477212 0.02654387865655471 0.08096514745308311
9 0.2760021668472373 0.7404825737265416 0.031960996749729145 0.0900804289544236
9 0.3485915492957746 0.7184986595174263 0.03954496208017334 0.09973190348525471
9 0.2150595882990249 0.49785522788203757 0.016251354279523293 0.047721179624664885
9 0.3607800650054171 0.2868632707774799 0.09209100758396532 0.03431635388739947
9 0.1094257854821235 0.43646112600536197 0.09209100758396532 0.0353887399463807
9 0.12865655471289272 0.45549597855227886 0.053629469122426866 0.021983914209115284
9 0.11863488624052004 0.479088471849866 0.0942578548212351 0.03163538873994638
9 0.11213434452871072 0.5080428954423593 0.06717226435536294 0.02734584450402145
9 0.11132177681473455 0.4943699731903486 0.090465872156013 0.031099195710455767
9 0.11619718309859155 0.5235924932975872 0.09588299024918742 0.03270777479892762
9 0.3101300108342362 0.7882037533512065 0.07096424702058504 0.032171581769437
10 0.207204767063922 0.6501340482573728 0.022210184182015168 0.013404825737265418
10 0.36105092091007585 0.38016085790884724 0.022210184182015168 0.0128686327077748
10 0.18039003250270855 0.5941018766756033 0.023835319609967497 0.008579088471849867
10 0.5834236186348862 0.05335120643431636 0.035752979414951244 0.023056300268096516
10 0.20070422535211266 0.22788203753351208 0.01895991332611051 0.015013404825737268
10 0.20449620801733476 0.21823056300268098 0.022210184182015168 0.015013404825737268
10 0.18932827735644636 0.2635388739946381 0.027627302275189596 0.015549597855227883
10 0.27735644637053086 0.4166219839142092 0.02275189599133261 0.015013404825737268
10 0.2513542795232936 0.40991957104557647 0.027085590465872153 0.01769436997319035
10 0.23212351029252437 0.40428954423592495 0.020043336944745395 0.030026809651474536
10 0.223726977248104 0.4276139410187668 0.013001083423618633 0.01983914209115282
10 0.20747562296858071 0.40080428954423597 0.015167930660888406 0.02412868632707775
10 0.1673889490790899 0.38739946380697055 0.00866738894907909 0.018766756032171584
10 0.1408450704225352 0.14664879356568367 0.016251354279523293 0.025201072386058985
10 0.0528169014084507 0.15120643431635392 0.01570964247020585 0.026809651474530835
9 0.33640303358613216 0.3010723860589813 0.04658721560130011 0.025201072386058985
10 0.37919826652221017 0.3109919571045577 0.04008667388949079 0.0225201072386059
10 0.1784940411700975 0.6096514745308311 0.023293607800650054 0.010723860589812333
9 0.13813651137594798 0.5611260053619304 0.0942578548212351 0.015549597855227883
9 0.15059588299024917 0.5777479892761395 0.09317443120260022 0.01447721179624665
9 0.3269230769230769 0.7217158176943701 0.028710725893824483 0.096514745308311
9 0.3745937161430119 0.7126005361930295 0.02654387865655471 0.09115281501340483
10 0.5774647887323944 0.5203753351206435 0.013001083423618633 0.03806970509383378
9 0.511646803900325 0.5053619302949062 0.017876489707475622 0.07024128686327079
10 0.4485373781148429 0.4943699731903486 0.01733477789815818 0.03967828418230564
9 0.473726977248104 0.5083109919571046 0.020043336944745395 0.07292225201072387
10 0.48672806067172264 0.4924932975871314 0.012459371614301192 0.03699731903485255
10 0.4929577464788732 0.5367292225201072 0.015167930660888406 0.0386058981233244
9 0.528169014084507 0.5155495978552279 0.01950162513542795 0.09597855227882038
9 0.5433369447453954 0.5136729222520108 0.01950162513542795 0.096514745308311
9 0.5579631635969664 0.5107238605898123 0.01733477789815818 0.09383378016085792
9 0.566088840736728 0.40616621983914214 0.021668472372697724 0.09597855227882038
9 0.5522751895991332 0.4075067024128687 0.020043336944745395 0.09544235924932977
9 0.5379198266522209 0.40670241286863273 0.01950162513542795 0.09276139410187668
9 0.5241061755146262 0.41072386058981236 0.02112676056338028 0.096514745308311
9 0.4926868905742145 0.40321715817694376 0.016793066088840736 0.096514745308311
9 0.4509750812567714 0.41554959785522794 0.014626218851570963 0.096514745308311
10 0.4550379198266522 0.3509383378016086 0.011917659804983749 0.02091152815013405
10 0.5763813651137595 0.35469168900804293 0.01408450704225352 0.02734584450402145
9 0.6451787648970747 0.4187667560321716 0.018418201516793065 0.07184986595174263
10 0.5243770314192849 0.6286863270777481 0.013001083423618633 0.023056300268096516
9 0.19691224268689056 0.7144772117962467 0.04712892741061755 0.025201072386058985
9 0.20070422535211266 0.6844504021447722 0.09263271939328277 0.03163538873994638
9 0.17524377031419283 0.626005361930295 0.09479956663055254 0.023056300268096516
10 0.03927410617551463 0.5699731903485256 0.01570964247020585 0.0225201072386059
10 0.10319609967497291 0.7050938337801609 0.01570964247020585 0.0225201072386059
10 0.6218851570964247 0.6243967828418231 0.01950162513542795 0.010187667560321717
9 0.5501083423618635 0.6949061662198392 0.028710725893824483 0.09115281501340483
9 0.6627843986998916 0.42305630026809654 0.016793066088840736 0.06970509383378017
9 0.5278981581798483 0.6876675603217158 0.036294691224268684 0.09490616621983915
9 0.5130010834236186 0.696514745308311 0.035752979414951244 0.09544235924932977
9 0.6787648970747562 0.6592493297587132 0.08992416034669555 0.015549597855227883
9 0.6963705308775731 0.5670241286863271 0.027627302275189596 0.08847184986595175
10 0.7364572047670639 0.3667560321715818 0.017876489707475622 0.0289544235924933
10 0.6765980498374864 0.37319034852546923 0.01408450704225352 0.03753351206434317
9 0.6627843986998916 0.2319034852546917 0.10021668472372697 0.03056300268096515
9 0.6841820151679306 0.20536193029490618 0.0942578548212351 0.0225201072386059
9 0.715872156013001 0.15656836461126006 0.09913326110509209 0.024664879356568366
10 0.26787648970747563 0.13351206434316354 0.01570964247020585 0.0257372654155496
10 0.14301191765980498 0.3595174262734585 0.01408450704225352 0.02091152815013405
10 0.12621885157096424 0.3249329758713137 0.023835319609967497 0.033243967828418236
10 0.14192849404117008 0.32680965147453084 0.016251354279523293 0.023056300268096516
10 0.10536294691224268 0.3214477211796247 0.02112676056338028 0.013404825737265418
10 0.10861321776814734 0.30938337801608584 0.028710725893824483 0.01823056300268097
10 0.1080715059588299 0.2962466487935657 0.023293607800650054 0.015549597855227883
10 0.11728060671722643 0.28445040214477213 0.030877573131094255 0.02091152815013405
10 0.17199349945828818 0.357372654155496 0.022210184182015168 0.01447721179624665
10 0.176056338028169 0.3439678284182306 0.01950162513542795 0.01447721179624665
10 0.17957746478873238 0.3270777479892762 0.022210184182015168 0.013941018766756033
10 0.18336944745395448 0.31635388739946385 0.022210184182015168 0.013941018766756033
10 0.18634886240520043 0.3056300268096515 0.020585048754062838 0.013941018766756033
10 0.19339111592632718 0.2753351206434317 0.01950162513542795 0.01126005361930295
10 0.18959913326110509 0.2871313672922252 0.02275189599133261 0.016621983914209118
10 0.23076923076923075 0.11823056300268098 0.03358613217768147 0.021983914209115284
10 0.29496208017334774 0.3729222520107239 0.023293607800650054 0.021983914209115284
10 0.3510292524377031 0.32386058981233246 0.023835319609967497 0.013941018766756033
10 0.3071505958829902 0.3313672922252011 0.027085590465872153 0.0225201072386059
10 0.3634886240520043 0.36809651474530836 0.021668472372697724 0.013404825737265418
10 0.3380281690140845 0.39731903485254694 0.024918743228602384 0.0160857908847185
10 0.3315276273022752 0.407774798927614 0.023835319609967497 0.015549597855227883
10 0.3496749729144095 0.3477211796246649 0.022210184182015168 0.01126005361930295
10 0.2827735644637053 0.4018766756032172 0.023835319609967497 0.016621983914209118
10 0.3082340195016251 0.3155495978552279 0.020585048754062838 0.018766756032171584
10 0.2890032502708559 0.3815013404825738 0.023293607800650054 0.021983914209115284
10 0.3672806067172264 0.35871313672922256 0.020585048754062838 0.011796246648793567
10 0.3017334777898158 0.3415549597855228 0.02275189599133261 0.020375335120643434
10 0.3596966413867822 0.3914209115281502 0.021668472372697724 0.0128686327077748
10 0.3564463705308776 0.41554959785522794 0.023835319609967497 0.015013404825737268
10 0.3510292524377031 0.42546916890080433 0.02275189599133261 0.01447721179624665
10 0.33965330444203684 0.3882037533512065 0.024918743228602384 0.0160857908847185
10 0.342361863488624 0.36863270777479895 0.02275189599133261 0.012332439678284183
10 0.30010834236186346 0.35254691689008044 0.023835319609967497 0.01769436997319035
10 0.2800650054171181 0.1351206434316354 0.015167930660888406 0.023592493297587135
10 0.2930660888407367 0.13619302949061662 0.01733477789815818 0.030026809651474536
9 0.7131635969664138 0.12788203753351207 0.09913326110509209 0.01983914209115282
10 0.3114842903575298 0.1353887399463807 0.01950162513542795 0.029490616621983917
9 0.8545503791982665 0.22654155495978553 0.05471289274106175 0.021983914209115284
9 0.8970747562296858 0.5284182305630027 0.05200433369447453 0.09597855227882038
9 0.8626760563380281 0.13217158176943702 0.04712892741061755 0.013404825737265418
9 0.7321235102925243 0.11045576407506703 0.07421451787648971 0.0160857908847185
9 0.756771397616468 0.05576407506702413 0.016251354279523293 0.0289544235924933
9 0.7424160346695557 0.044772117962466496 0.025460455037919827 0.052010723860589816
10 0.6882448537378114 0.17238605898123327 0.02112676056338028 0.013404825737265418
9 0.7814192849404117 0.4002680965147454 0.036294691224268684 0.07024128686327079
10 0.7015167930660888 0.0865951742627346 0.018418201516793065 0.010187667560321717
9 0.712080173347779 0.19008042895442362 0.07204767063921994 0.021983914209115284
9 0.7318526543878656 0.27426273458445044 0.0704225352112676 0.021983914209115284
9 0.7164138678223185 0.29115281501340484 0.04929577464788732 0.020375335120643434
9 0.7063921993499458 0.25495978552278825 0.06717226435536294 0.016621983914209118
10 0.6489707475622968 0.2474530831099196 0.0390032502708559 0.01983914209115282
9 0.644907908992416 0.26166219839142096 0.06121343445287107 0.0257372654155496
9 0.8128385698808234 0.25495978552278825 0.030877573131094255 0.05308310991957105
9 0.8358613217768147 0.3029490616621984 0.032502708559046585 0.05254691689008043
9 0.8534669555796316 0.26273458445040215 0.053629469122426866 0.023592493297587135
10 0.28954496208017333 0.015013404825737268 0.013542795232936077 0.017158176943699734
10 0.3122968580715059 0.1064343163538874 0.02437703141928494 0.016621983914209118
10 0.3680931744312026 0.0193029490616622 0.017876489707475622 0.0193029490616622
10 0.3491332611050921 0.017962466487935657 0.016793066088840736 0.018766756032171584
10 0.33504875406283857 0.0160857908847185 0.01570964247020585 0.0160857908847185
10 0.3206933911159263 0.01903485254691689 0.01733477789815818 0.021983914209115284
10 0.30606717226435537 0.01823056300268097 0.01733477789815818 0.021447721179624665
10 0.2765438786565547 0.013941018766756033 0.017876489707475622 0.0160857908847185
9 0.8675514626218851 0.27882037533512066 0.05471289274106175 0.026809651474530835
10 0.2600216684723727 0.010723860589812333 0.015167930660888406 0.0096514745308311
10 0.020314192849404115 0.40321715817694376 0.010292524377031419 0.01823056300268097
9 0.8935536294691224 0.35415549597855234 0.05579631635969664 0.016621983914209118
9 0.8875947995666305 0.3407506702412869 0.05471289274106175 0.016621983914209118
9 0.8773022751895991 0.3085790884718499 0.053629469122426866 0.02734584450402145
9 0.8713434452871072 0.29705093833780166 0.053629469122426866 0.0257372654155496
9 0.43418201516793065 0.41608579088471853 0.016793066088840736 0.09865951742627346
