0 0.7273723770748513 0.022653429602888086 0.03914813654870029 0.03194945848375451
0 0.47932978390228625 0.7069494584837545 0.06608205449420608 0.03375451263537906
0 0.5153460695270905 0.2279783393501805 0.049170059505167556 0.02527075812274368
0 0.49608518634513 0.2444945848375451 0.0413404321954275 0.021841155234657038
0 0.4783902286251175 0.26101083032490974 0.03977450673347949 0.021660649819494584
0 0.4444096461008456 0.29503610108303246 0.0407140620106483 0.021841155234657038
0 0.27309740056373316 0.3506317689530686 0.038208581271531476 0.024368231046931407
0 0.245693704979643 0.38537906137184114 0.043532727842154714 0.021660649819494584
0 0.36846226119636705 0.42554151624548736 0.040400876918258694 0.02148014440433213
0 0.21782023175696838 0.5236462093862816 0.05104917005950517 0.02671480144404332
0 0.07986219855934858 0.5462996389891697 0.03382398997807704 0.015342960288808664
0 0.21938615721891638 0.8239169675090252 0.07485123708111494 0.03953068592057762
0 0.019574068274350143 0.9444043321299639 0.03852176636392108 0.024909747292418773
0 0.3490447854682117 0.7001805054151624 0.05981835264641403 0.03285198555956678
0 0.5021922956467272 0.6840252707581227 0.0673347948637645 0.03555956678700361
0 0.43047290948950834 0.7551444043321299 0.055433761352959604 0.027617328519855593
0 0.9282806138427812 0.12815884476534295 0.0689007203257125 0.035018050541516244
0 0.4993736298152208 0.8133574007220216 0.04854368932038835 0.030685920577617327
0 0.36219855934857503 0.8235559566787003 0.051675540244284376 0.027978339350180504
0 0.4303163169433135 0.6183212996389892 0.09019730660820545 0.04855595667870036
0 0.4689946758534294 0.5762635379061372 0.11431255872220483 0.061552346570397105
0 0.5533980582524272 0.49521660649819493 0.11337300344503602 0.061552346570397105
0 0.6002192295646728 0.4555956678700361 0.07297212652677733 0.03971119133574007
0 0.6345129971813341 0.4126353790613718 0.10209834011901034 0.05740072202166065
0 0.6802380206702161 0.37265342960288805 0.08017538365173818 0.042057761732851986
0 0.7187597870341372 0.33285198555956674 0.09395552771688068 0.05487364620938628
0 0.8048856874412779 0.25018050541516246 0.08017538365173818 0.041155234657039706
0 0.8451299718133417 0.21037906137184115 0.07860945818979016 0.0427797833935018
0 0.7817099906044472 0.41010830324909747 0.054494206075790794 0.02924187725631769
0 0.7677732539931099 0.43303249097472923 0.05042279987472596 0.02635379061371841
0 0.5247416222987786 0.10270758122743681 0.04227998747259631 0.022382671480144403
