10 0.020024271844660192 0.4896073903002309 0.0048543689320388345 0.009237875288683603
10 0.14987864077669902 0.46506928406466513 0.010922330097087377 0.009815242494226328
6 0.8128033980582523 0.5349307159353348 0.2299757281553398 0.40473441108545033
13 0.8128033980582523 0.5372401847575058 0.15958737864077668 0.22575057736720555
3 0.3064320388349514 0.7046766743648961 0.12014563106796115 0.10912240184757506
4 0.4590412621359223 0.39636258660508084 0.026092233009708737 0.05369515011547344
4 0.42081310679611644 0.394919168591224 0.02487864077669903 0.050808314087759814
4 0.3831917475728155 0.39549653579676675 0.02487864077669903 0.050808314087759814
4 0.34496359223300965 0.3952078521939954 0.02487864077669903 0.05138568129330254
4 0.3094660194174757 0.39376443418013857 0.025485436893203883 0.050808314087759814
4 0.27275485436893204 0.3931870669745958 0.02487864077669903 0.050808314087759814
4 0.23300970873786406 0.39260969976905313 0.025485436893203883 0.05196304849884526
4 0.1966019417475728 0.39145496535796764 0.025485436893203883 0.05196304849884526
