10 0.3683503492745836 0.9758029036515619 0.010209564750134337 0.010558732952045756
10 0.34578183772165505 0.9478662560492741 0.008060182697474477 0.009238891333040036
3 0.7670607200429876 0.5120985481742191 0.12305212251477701 0.108227012758469
3 0.2804943578721118 0.38759348878134625 0.06555615260612574 0.05103387593488782
3 0.1585169263836647 0.44390673119225693 0.07952713594841483 0.0686317641882974
3 0.11499193981730253 0.33985921689397275 0.1171413218699624 0.09194896612406511
3 0.3095110155830199 0.5105587329520458 0.06770553465878561 0.0409150901891773
4 0.15421816227834498 0.5996480422349318 0.022568511552928536 0.03959524857017158
4 0.18860827512090275 0.5994280686317642 0.021493820526598605 0.03915530136383634
4 0.22219236969371306 0.6003079630444347 0.02203116603976357 0.03827540695116586
4 0.25497044599677593 0.6003079630444347 0.02203116603976357 0.04003519577650682
4 0.2893605588393337 0.5998680158380995 0.02203116603976357 0.03827540695116586
4 0.3216012896292316 0.5998680158380995 0.02418054809242343 0.03915530136383634
4 0.3557227297152069 0.6005279366476023 0.020419129500268675 0.03783545974483062
4 0.19451907576571736 0.6636603607567092 0.023643202579258466 0.0409150901891773
4 0.2281031703385277 0.6645402551693798 0.02203116603976357 0.03827540695116586
4 0.26168726491133804 0.6641003079630444 0.021493820526598605 0.04003519577650682
13 0.5427189682966148 0.6401231852177739 0.24288017195056422 0.2023757149142103
13 0.4269210102095648 0.7305323361196657 0.2369693713057496 0.19929608446986363
10 0.2979580870499732 0.1372635283765948 0.011284255776464268 0.007919049714034317
10 0.3809779688339603 0.04729432468103828 0.007522837184309511 0.005719313682358117
10 0.6574422353573348 0.3460184777826661 0.006985491671144546 0.008358996920369555
10 0.6448146157979582 0.3600967883853938 0.010746910263299303 0.007479102507699077
3 0.4973132724341752 0.43598768147822264 0.11660397635679742 0.09942806863176419
