10 0.9424512839191403 0.5861556743909685 0.0036423238025860495 0.0069320657555951674
10 0.9478237115279547 0.5988314517726282 0.003824439992715352 0.007328183798772034
4 0.6262065197596066 0.49455337690631807 0.015844108541249315 0.0392156862745098
4 0.6538881806592606 0.4948504654387007 0.017301038062283735 0.038621509209744505
4 0.6805682025132034 0.4958407605466429 0.016390457111637224 0.03822539116656764
4 0.7070661081770169 0.4966329966329966 0.01766527044254234 0.039413745296098236
4 0.7332908395556365 0.4972271736977619 0.016572573301766525 0.037829273123390766
4 0.5303223456565288 0.566745890275302 0.016390457111637224 0.03822539116656764
4 0.556911309415407 0.5678352148940384 0.01675468949189583 0.03881956823133294
4 0.5900564560189401 0.5600118835412953 0.01748315425241304 0.038621509209744505
4 0.6163722454926243 0.5612002376708259 0.01693680568202513 0.04020598138245197
4 0.6488799854307048 0.5612002376708259 0.015297759970861408 0.0374331550802139
4 0.6757421234747769 0.5620915032679739 0.01620834092150792 0.03842345018815607
4 0.5862320160262247 0.6267577738165974 0.017118921872154434 0.038621509209744505
4 0.6124567474048442 0.6266587443058032 0.01602622473137862 0.03881956823133294
4 0.6384083044982698 0.6276490394137453 0.01693680568202513 0.0392156862745098
4 0.671280276816609 0.6277480689245395 0.016390457111637224 0.039413745296098236
4 0.5997086140957931 0.494058229352347 0.016390457111637224 0.038621509209744505
4 0.5734838827171735 0.49326599326599324 0.01675468949189583 0.03822539116656764
4 0.5473502094336186 0.4928698752228164 0.01620834092150792 0.039413745296098236
14 0.516936805682025 0.3232323232323232 0.09852485885995264 0.10497128144186968
14 0.19140411582589692 0.8780946722123193 0.013476598069568383 0.009704892057833234
14 0.2840101985066472 0.8116458704693998 0.011109087597887451 0.017429193899782133
14 0.21526133673283554 0.8275896217072688 0.012019668548533964 0.01643889879183997
14 0.23966490621016207 0.9088928500693206 0.015297759970861408 0.012675777381659734
14 0.02731742851939537 0.9539512774806892 0.016390457111637224 0.015250544662309368
14 0.29120378801675467 0.7339077044959398 0.016390457111637224 0.021588433353139234
14 0.4218721544345292 0.7837195484254308 0.018029502822800945 0.021786492374727667
14 0.8191586232016026 0.8664091899386017 0.017847386632671644 0.020003961180431767
14 0.48060462575122925 0.8695781342840166 0.019304316153706064 0.020003961180431767
14 0.824531050810417 0.5374331550802139 0.031506100892369326 0.038621509209744505
14 0.8601347659806956 0.2903545256486433 0.012383900928792569 0.019013666072489603
14 0.9325259515570934 0.41196276490394135 0.011473319978146056 0.0202020202020202
14 0.8909124021125477 0.5293127351950881 0.02731742851939537 0.04377104377104377
14 0.919322527772719 0.5375321845910082 0.028410125660171186 0.043969102792632206
4 0.7082498634128573 0.5860566448801743 0.016390457111637224 0.03842345018815607
4 0.7347477690766708 0.5865517924341453 0.01620834092150792 0.038621509209744505
4 0.7024221453287197 0.6434937611408199 0.016390457111637224 0.03961180431768667
10 0.2624294299763249 0.8515547633194692 0.0032780914223274446 0.0069320657555951674
4 0.7547805499908942 0.5522875816993464 0.01547987616099071 0.03188750247573777
9 0.018575851393188854 0.7277678748266984 0.010926971407758149 0.0112893642305407
10 0.26233837188126025 0.12784709843533373 0.004552904753232562 0.008120419885125768
10 0.2964851575305044 0.07456922162804515 0.006920415224913494 0.006535947712418301
10 0.32462210890548165 0.14458308575955633 0.006009834274266982 0.008318478906714201
10 0.32972136222910214 0.17914438502673796 0.006738299034784192 0.0053475935828877
10 0.2573301766527044 0.849178055060408 0.00509925332362047 0.007724301841948901
5 0.8991076306683664 0.7048920578332343 0.024039337097067928 0.03525450584274114
10 0.4862502276452376 0.8229352346999406 0.006920415224913494 0.004357298474945533
10 0.6393188854489164 0.4257278669043375 0.003824439992715352 0.007724301841948901
10 0.632125295938809 0.425529807882749 0.0036423238025860495 0.006535947712418301
10 0.6921325805864141 0.8730441671618142 0.003095975232198142 0.0071301247771836
10 0.6915862320160262 0.398989898989899 0.004188672372973957 0.007328183798772034
10 0.6919504643962848 0.4223608635373341 0.006374066654525587 0.003367003367003367
4 0.7557821890366053 0.5203010497128144 0.014933527590602803 0.030501089324618737
13 0.4943543981059916 0.6848880966528025 0.11491531597158987 0.12200435729847495
4 0.4465488981970497 0.4581105169340463 0.01894008377344746 0.03248167954050307
4 0.3628665088326352 0.4770251534957417 0.02713531232926607 0.03545256486432957
4 0.46157348388271713 0.4600911071499307 0.018029502822800945 0.030104971281441868
4 0.48260790384265156 0.46286393345216875 0.01821161901293025 0.03129332541097247
4 0.44172281915862316 0.4953456129926718 0.018029502822800945 0.030104971281441868
4 0.45638317246403204 0.49643493761140817 0.01748315425241304 0.030303030303030304
4 0.4771444181387725 0.4987126163596752 0.018575851393188854 0.031689443454149334
4 0.35057366599890727 0.4871261635967518 0.029138590420688396 0.03664091899386017
4 0.3785285011837552 0.4650425826896415 0.028956474230559096 0.035650623885918005
13 0.6411400473502094 0.781540899187958 0.060280458932799125 0.03723509605862547
4 0.3982881078127845 0.4484056248762131 0.027681660899653977 0.03367003367003367
4 0.4246949553815334 0.5910081204198852 0.024767801857585137 0.0320855614973262
4 0.4375341467856492 0.5821944939591999 0.02494991804771444 0.032679738562091505
4 0.4396284829721362 0.6180431768667063 0.026588963758878162 0.03347197464844524
4 0.4519213258058641 0.6104179045355516 0.02859224185030049 0.034066151713210535
13 0.2201784738663267 0.22301445830857594 0.13804407211801129 0.09665280253515547
14 0.04689491895829539 0.8430382253911666 0.013294481879439081 0.014854426619132501
