6 0.7334352701325179 0.7726490825688074 0.3527013251783894 0.1886467889908257
10 0.2069317023445464 0.7482798165137615 0.009174311926605505 0.0034403669724770644
10 0.36926605504587157 0.7348050458715597 0.0045871559633027525 0.00974770642201835
10 0.33409785932721714 0.7477064220183487 0.008664627930682978 0.0034403669724770644
10 0.34480122324159024 0.7474197247706422 0.009683995922528034 0.0040137614678899085
10 0.36595310907237516 0.7511467889908258 0.00815494393476045 0.0034403669724770644
10 0.3641692150866463 0.7617545871559633 0.009683995922528034 0.005160550458715597
10 0.3669724770642202 0.7454128440366973 0.00815494393476045 0.0034403669724770644
10 0.33205912334352705 0.7359518348623854 0.009683995922528034 0.005160550458715597
10 0.34480122324159024 0.7571674311926606 0.007645259938837921 0.0040137614678899085
10 0.3654434250764526 0.7732224770642202 0.00815494393476045 0.005160550458715597
10 0.3669724770642202 0.7961582568807339 0.009174311926605505 0.0040137614678899085
10 0.3664627930682977 0.7849770642201835 0.009174311926605505 0.005733944954128441
10 0.36773700305810403 0.8018922018348624 0.008664627930682978 0.0040137614678899085
10 0.3435270132517839 0.7250573394495413 0.00815494393476045 0.0040137614678899085
10 0.29714576962283384 0.7267775229357799 0.00815494393476045 0.0040137614678899085
10 0.36595310907237516 0.8274082568807339 0.009174311926605505 0.0045871559633027525
10 0.3807339449541285 0.7345183486238532 0.004077471967380225 0.009174311926605505
4 0.5242099898063202 0.8526376146788991 0.02191641182466871 0.051605504587155966
4 0.4946483180428135 0.8534977064220184 0.022935779816513763 0.05103211009174312
4 0.4640672782874618 0.854644495412844 0.02191641182466871 0.05103211009174312
4 0.4281345565749236 0.856651376146789 0.022426095820591234 0.051605504587155966
4 0.3967889908256881 0.8577981651376148 0.022935779816513763 0.051605504587155966
4 0.52217125382263 0.7749426605504588 0.022935779816513763 0.05103211009174312
4 0.4915902140672783 0.7755160550458716 0.02191641182466871 0.05103211009174312
4 0.4620285423037717 0.7769495412844037 0.022935779816513763 0.051605504587155966
4 0.4255861365953109 0.7786697247706422 0.022426095820591234 0.051605504587155966
4 0.3939857288481142 0.7798165137614679 0.02344546381243629 0.051605504587155966
13 0.7341997961264017 0.768922018348624 0.21355759429153925 0.11353211009174313
3 0.8330784913353722 0.5260894495412844 0.10040774719673803 0.10378440366972477
3 0.6944444444444445 0.533256880733945 0.13608562691131498 0.14449541284403672
3 0.640927624872579 0.17402522935779818 0.06880733944954129 0.07396788990825688
10 0.37538226299694194 0.7350917431192661 0.0035677879714576966 0.010321100917431193
10 0.39729867482161063 0.7325114678899083 0.0045871559633027525 0.010894495412844037
14 0.03746177370030581 0.1301605504587156 0.008664627930682978 0.020642201834862386
10 0.24770642201834864 0.5940366972477065 0.00815494393476045 0.011467889908256881
14 0.07466870540265036 0.4466743119266055 0.01783893985728848 0.009174311926605505
14 0.03746177370030581 0.5475917431192661 0.013761467889908258 0.0194954128440367
14 0.07645259938837921 0.7436926605504588 0.014271151885830786 0.020642201834862386
14 0.0517329255861366 0.811066513761468 0.014780835881753314 0.017775229357798166
14 0.04485219164118247 0.9016628440366973 0.015290519877675842 0.010894495412844037
10 0.5494393476044853 0.630447247706422 0.0030581039755351687 0.008600917431192661
10 0.5178389398572886 0.6313073394495413 0.004077471967380225 0.01261467889908257
10 0.5688073394495413 0.6602637614678899 0.004077471967380225 0.010894495412844037
10 0.5163098878695209 0.6608371559633028 0.004077471967380225 0.008600917431192661
10 0.3132008154943935 0.6906536697247707 0.0035677879714576966 0.007454128440366973
10 0.32441386340468914 0.6883600917431193 0.0035677879714576966 0.008600917431192661
10 0.27956167176350666 0.6032110091743119 0.008664627930682978 0.008027522935779817
10 0.24719673802242612 0.6212729357798166 0.010193679918450561 0.012041284403669725
10 0.2479612640163099 0.6100917431192661 0.006625891946992865 0.009174311926605505
10 0.24694189602446484 0.5857224770642202 0.007645259938837921 0.00974770642201835
10 0.4026503567787972 0.7313646788990826 0.004077471967380225 0.00974770642201835
10 0.2459225280326198 0.5779816513761469 0.007645259938837921 0.009174311926605505
10 0.23649337410805302 0.5851490825688074 0.010193679918450561 0.013188073394495414
10 0.23547400611620797 0.6109518348623854 0.00815494393476045 0.010894495412844037
10 0.23649337410805302 0.6204128440366973 0.00815494393476045 0.008027522935779817
10 0.23700305810397557 0.6287270642201835 0.00815494393476045 0.008600917431192661
10 0.2352191641182467 0.6017775229357798 0.008664627930682978 0.00974770642201835
10 0.23572884811416922 0.59375 0.008664627930682978 0.00974770642201835
10 0.2161060142711519 0.6258600917431193 0.00815494393476045 0.010894495412844037
10 0.2120285423037717 0.5814220183486238 0.009174311926605505 0.009174311926605505
10 0.06116207951070337 0.3684059633027523 0.0030581039755351687 0.00974770642201835
10 0.08384301732925586 0.08514908256880735 0.0045871559633027525 0.00974770642201835
10 0.04740061162079511 0.01834862385321101 0.00815494393476045 0.0045871559633027525
10 0.44520897043832824 0.7244839449541285 0.008664627930682978 0.0040137614678899085
10 0.4441896024464832 0.7190366972477065 0.007645259938837921 0.0034403669724770644
3 0.8239041794087666 0.20527522935779818 0.08511722731906218 0.10206422018348624
