7 0.35653409090909094 0.43025641025641026 0.05681818181818182 0.03692307692307692
1 0.3210227272727273 0.43538461538461537 0.018465909090909092 0.013333333333333332
1 0.35653409090909094 0.4441025641025641 0.019886363636363636 0.010256410256410256
1 0.34126420454545453 0.4341025641025641 0.0078125 0.0056410256410256415
1 0.35298295454545453 0.42666666666666664 0.014204545454545456 0.00923076923076923
1 0.3544034090909091 0.4058974358974359 0.01278409090909091 0.008717948717948718
1 0.3192471590909091 0.4246153846153846 0.012073863636363636 0.008205128205128205
1 0.34623579545454547 0.44 0.010653409090909092 0.008205128205128205
1 0.36044034090909094 0.43205128205128207 0.010653409090909092 0.007692307692307693
1 0.37428977272727276 0.42435897435897435 0.01278409090909091 0.008717948717948718
1 0.5198863636363636 0.3730769230769231 0.017045454545454544 0.013846153846153847
1 0.46875 0.3423076923076923 0.022727272727272728 0.018974358974358976
1 0.4609375 0.33589743589743587 0.021306818181818184 0.017435897435897435
1 0.4786931818181818 0.3482051282051282 0.019886363636363636 0.01641025641025641
1 0.5568181818181819 0.3635897435897436 0.04403409090909091 0.03282051282051282
1 0.5475852272727273 0.3541025641025641 0.03125 0.023076923076923078
1 0.4286221590909091 0.4084615384615385 0.01775568181818182 0.013846153846153847
1 0.3639914772727273 0.4469230769230769 0.019176136363636364 0.010769230769230769
7 0.33238636363636365 0.4135897435897436 0.05397727272727273 0.030256410256410255
1 0.45241477272727276 0.39487179487179486 0.022727272727272728 0.01846153846153846
1 0.47265625 0.4351282051282051 0.013494318181818182 0.009743589743589744
1 0.5362215909090909 0.5056410256410256 0.03125 0.017435897435897435
1 0.5181107954545454 0.4869230769230769 0.016335227272727272 0.008717948717948718
1 0.5152698863636364 0.4817948717948718 0.012073863636363636 0.006666666666666666
1 0.5131392045454546 0.47794871794871796 0.013494318181818182 0.008205128205128205
1 0.5074573863636364 0.47512820512820514 0.014914772727272728 0.008717948717948718
1 0.5053267045454546 0.4705128205128205 0.012073863636363636 0.007692307692307693
1 0.4975142045454546 0.46307692307692305 0.014914772727272728 0.00923076923076923
1 0.49609375 0.45871794871794874 0.010653409090909092 0.007692307692307693
1 0.49183238636363635 0.4546153846153846 0.013494318181818182 0.007692307692307693
1 0.48863636363636365 0.4505128205128205 0.011363636363636364 0.007692307692307693
1 0.4811789772727273 0.442051282051282 0.014914772727272728 0.00923076923076923
1 0.5177556818181819 0.4458974358974359 0.024147727272727272 0.013846153846153847
1 0.5085227272727273 0.4351282051282051 0.024147727272727272 0.013846153846153847
1 0.5028409090909091 0.42923076923076925 0.024147727272727272 0.013333333333333332
1 0.4939630681818182 0.42435897435897435 0.019176136363636364 0.011794871794871795
1 0.421875 0.4035897435897436 0.017045454545454544 0.013333333333333332
1 0.4431818181818182 0.38871794871794874 0.019886363636363636 0.015384615384615385
7 0.6626420454545455 0.5751282051282052 0.11079545454545454 0.06307692307692307
1 0.36328125 0.3412820512820513 0.024857954545454548 0.02
1 0.3327414772727273 0.3597435897435897 0.03196022727272727 0.024102564102564103
1 0.32421875 0.36615384615384616 0.0234375 0.021538461538461538
1 0.3142755681818182 0.3748717948717949 0.022017045454545456 0.017435897435897435
1 0.30504261363636365 0.3792307692307692 0.027698863636363636 0.02
1 0.30113636363636365 0.38794871794871794 0.015625 0.011794871794871795
1 0.2741477272727273 0.4015384615384615 0.009943181818181818 0.006153846153846154
1 0.26988636363636365 0.3976923076923077 0.014204545454545456 0.008717948717948718
7 0.25426136363636365 0.3748717948717949 0.03125 0.01846153846153846
1 0.1651278409090909 0.29025641025641025 0.006392045454545455 0.008205128205128205
1 0.19921875 0.32153846153846155 0.06463068181818182 0.059487179487179485
1 0.20490056818181818 0.31051282051282053 0.041903409090909095 0.03743589743589744
1 0.1590909090909091 0.25153846153846154 0.03835227272727273 0.038461538461538464
1 0.11931818181818182 0.21307692307692308 0.019886363636363636 0.018974358974358976
1 0.061079545454545456 0.14 0.06534090909090909 0.06564102564102564
1 0.05113636363636364 0.11153846153846154 0.021306818181818184 0.015897435897435898
1 0.3465909090909091 0.3546153846153846 0.022727272727272728 0.018974358974358976
1 0.29403409090909094 0.41 0.014204545454545456 0.010769230769230769
1 0.4353693181818182 0.3830769230769231 0.019886363636363636 0.014358974358974359
1 0.328125 0.39 0.017045454545454544 0.009743589743589744
1 0.39488636363636365 0.32384615384615384 0.029829545454545456 0.024102564102564103
1 0.4382102272727273 0.3235897435897436 0.03125 0.022564102564102566
1 0.4499289772727273 0.3302564102564103 0.022017045454545456 0.01641025641025641
1 0.42613636363636365 0.3758974358974359 0.017045454545454544 0.015384615384615385
1 0.4186789772727273 0.3712820512820513 0.019176136363636364 0.013333333333333332
1 0.4108664772727273 0.3638461538461538 0.01775568181818182 0.013846153846153847
1 0.3984375 0.3871794871794872 0.015625 0.011282051282051283
1 0.3884943181818182 0.38256410256410256 0.019886363636363636 0.014358974358974359
1 0.3817471590909091 0.37743589743589745 0.020596590909090908 0.014358974358974359
1 0.39985795454545453 0.36 0.021306818181818184 0.014358974358974359
1 0.3728693181818182 0.33487179487179486 0.02840909090909091 0.021538461538461538
1 0.38920454545454547 0.35333333333333333 0.017045454545454544 0.011282051282051283
1 0.3678977272727273 0.36615384615384616 0.019886363636363636 0.011282051282051283
1 0.3444602272727273 0.3792307692307692 0.01278409090909091 0.008717948717948718
1 0.31107954545454547 0.40102564102564103 0.014204545454545456 0.00923076923076923
1 0.5337357954545454 0.47205128205128205 0.01775568181818182 0.009743589743589744
1 0.5266335227272727 0.4594871794871795 0.019176136363636364 0.010256410256410256
1 0.5223721590909091 0.4530769230769231 0.022017045454545456 0.010769230769230769
1 0.17151988636363638 0.44333333333333336 0.01775568181818182 0.011794871794871795
1 0.21164772727272727 0.5130769230769231 0.011363636363636364 0.007692307692307693
1 0.2272727272727273 0.5035897435897436 0.019886363636363636 0.014358974358974359
1 0.19957386363636365 0.514102564102564 0.02840909090909091 0.025128205128205128
1 0.7595880681818182 0.9364102564102564 0.037642045454545456 0.10461538461538461
7 0.6885653409090909 0.7633333333333333 0.05184659090909091 0.011794871794871795
1 0.6779119318181819 0.7741025641025641 0.010653409090909092 0.013846153846153847
1 0.7056107954545455 0.7774358974358975 0.010653409090909092 0.01641025641025641
1 0.7041903409090909 0.7489743589743589 0.012073863636363636 0.02205128205128205
1 0.6882102272727273 0.7489743589743589 0.01278409090909091 0.021025641025641025
1 0.6775568181818182 0.75 0.008522727272727272 0.014871794871794871
1 0.6324573863636364 0.6697435897435897 0.016335227272727272 0.015384615384615385
1 0.6214488636363636 0.6728205128205128 0.014204545454545456 0.014358974358974359
1 0.60546875 0.6771794871794872 0.006392045454545455 0.007692307692307693
1 0.59375 0.6630769230769231 0.009943181818181818 0.008205128205128205
1 0.5983664772727273 0.658974358974359 0.009232954545454546 0.008205128205128205
1 0.1825284090909091 0.5256410256410257 0.019886363636363636 0.01641025641025641
1 0.4538352272727273 0.29333333333333333 0.029829545454545456 0.02358974358974359
1 0.5504261363636364 0.48205128205128206 0.026988636363636364 0.014358974358974359
1 0.4140625 0.2658974358974359 0.036931818181818184 0.026153846153846153
7 0.6196732954545455 0.6582051282051282 0.07599431818181819 0.04974358974358974
7 0.5138494318181819 0.4584615384615385 0.11292613636363637 0.09743589743589744
7 0.35582386363636365 0.3566666666666667 0.19886363636363638 0.13384615384615384
7 0.47514204545454547 0.32461538461538464 0.21164772727272727 0.14871794871794872
7 0.4108664772727273 0.38076923076923075 0.11008522727272728 0.07743589743589743
7 0.6392045454545455 0.5294871794871795 0.07954545454545454 0.05076923076923077
1 0.42223011363636365 0.30128205128205127 0.03196022727272727 0.023076923076923078
1 0.41335227272727276 0.30974358974358973 0.02840909090909091 0.02358974358974359
1 0.29545454545454547 0.39153846153846156 0.011363636363636364 0.009743589743589744
1 0.4950284090909091 0.32153846153846155 0.022727272727272728 0.020512820512820513
1 0.48473011363636365 0.3153846153846154 0.024857954545454548 0.01846153846153846
1 0.47265625 0.30846153846153845 0.024857954545454548 0.018974358974358976
1 0.4453125 0.28717948717948716 0.02840909090909091 0.021538461538461538
1 0.4240056818181818 0.2735897435897436 0.022727272727272728 0.017948717948717947
1 0.43501420454545453 0.28076923076923077 0.027698863636363636 0.02205128205128205
1 0.6086647727272727 0.6538461538461539 0.015625 0.014358974358974359
1 0.6178977272727273 0.6484615384615384 0.015625 0.013846153846153847
1 0.62890625 0.6461538461538462 0.013494318181818182 0.011282051282051283
1 0.6360085227272727 0.6410256410256411 0.019176136363636364 0.017435897435897435
1 0.6225142045454546 0.5966666666666667 0.016335227272727272 0.011794871794871795
1 0.6299715909090909 0.5923076923076923 0.014204545454545456 0.012307692307692308
1 0.6427556818181819 0.5894871794871794 0.015625 0.014871794871794871
1 0.6605113636363636 0.5797435897435897 0.017045454545454544 0.014871794871794871
1 0.6693892045454546 0.5761538461538461 0.01775568181818182 0.017948717948717947
1 0.6779119318181819 0.571025641025641 0.019176136363636364 0.016923076923076923
1 0.6977982954545455 0.5651282051282052 0.022017045454545456 0.019487179487179488
1 0.7066761363636364 0.5602564102564103 0.019886363636363636 0.016923076923076923
7 0.68359375 0.5458974358974359 0.12428977272727273 0.06102564102564102
1 0.6420454545454546 0.5415384615384615 0.02556818181818182 0.01641025641025641
1 0.6235795454545455 0.538974358974359 0.009943181818181818 0.0071794871794871795
1 0.6225142045454546 0.5405128205128205 0.009232954545454546 0.0071794871794871795
1 0.6175426136363636 0.5112820512820513 0.0390625 0.024615384615384615
1 0.5497159090909091 0.4907692307692308 0.015625 0.00923076923076923
1 0.5447443181818182 0.4753846153846154 0.024147727272727272 0.012307692307692308
1 0.6310369318181819 0.5766666666666667 0.012073863636363636 0.006666666666666666
1 0.6175426136363636 0.5835897435897436 0.016335227272727272 0.008205128205128205
1 0.6189630681818182 0.5525641025641026 0.009232954545454546 0.006666666666666666
1 0.6924715909090909 0.532051282051282 0.02840909090909091 0.015897435897435898
1 0.6786221590909091 0.4905128205128205 0.04616477272727273 0.025128205128205128
1 0.7024147727272727 0.48256410256410254 0.008522727272727272 0.0071794871794871795
1 0.6555397727272727 0.5038461538461538 0.008522727272727272 0.007692307692307693
1 0.6583806818181819 0.5023076923076923 0.007102272727272728 0.006666666666666666
1 0.6864346590909091 0.498974358974359 0.026278409090909092 0.015384615384615385
1 0.6530539772727273 0.5502564102564103 0.05894886363636364 0.031794871794871796
1 0.6892755681818182 0.5256410256410257 0.027698863636363636 0.013333333333333332
1 0.6168323863636364 0.5551282051282052 0.010653409090909092 0.007692307692307693
1 0.6658380681818182 0.5348717948717949 0.019176136363636364 0.010256410256410256
1 0.6026278409090909 0.5356410256410257 0.009232954545454546 0.007692307692307693
1 0.6107954545454546 0.5438461538461539 0.007102272727272728 0.007692307692307693
1 0.6065340909090909 0.5453846153846154 0.007102272727272728 0.007692307692307693
1 0.6118607954545455 0.5594871794871795 0.009232954545454546 0.0071794871794871795
1 0.6143465909090909 0.5574358974358974 0.009943181818181818 0.0071794871794871795
1 0.018465909090909092 0.08692307692307692 0.03409090909090909 0.04153846153846154
