9 0.7887577002053389 0.5927299703264095 0.025154004106776182 0.057863501483679525
10 0.6824948665297742 0.512240356083086 0.014887063655030801 0.02744807121661721
10 0.03927104722792608 0.36350148367952523 0.02104722792607803 0.02225519287833828
10 0.049794661190965095 0.42099406528189914 0.019507186858316223 0.021513353115727003
10 0.055184804928131416 0.4050445103857567 0.022073921971252568 0.02225519287833828
10 0.05929158110882957 0.3887240356083086 0.022073921971252568 0.02225519287833828
10 0.07238193018480493 0.3434718100890208 0.023613963039014373 0.02373887240356083
0 0.8441991786447639 0.6005192878338279 0.058008213552361396 0.07789317507418397
0 0.8950205338809035 0.6201780415430267 0.054928131416837785 0.06676557863501484
0 0.7867043121149898 0.4970326409495549 0.039527720739219716 0.060830860534124634
0 0.8916837782340863 0.5048219584569733 0.039014373716632446 0.06899109792284867
0 0.9132443531827515 0.4217359050445104 0.04106776180698152 0.07047477744807122
0 0.21303901437371664 0.7870919881305638 0.06160164271047228 0.07566765578635015
0 0.09060574948665298 0.6709940652818991 0.044661190965092405 0.06750741839762611
0 0.1085728952772074 0.7188427299703264 0.04158110882956879 0.0712166172106825
0 0.13039014373716634 0.6509643916913946 0.048254620123203286 0.0897626112759644
0 0.11242299794661191 0.599406528189911 0.039014373716632446 0.0712166172106825
0 0.1532340862422998 0.5893916913946587 0.050821355236139634 0.07789317507418397
0 0.12756673511293634 0.5300445103857567 0.040554414784394255 0.07047477744807122
0 0.16529774127310062 0.512240356083086 0.043121149897330596 0.07195845697329377
0 0.18557494866529775 0.44250741839762614 0.047741273100616016 0.08382789317507419
0 0.17094455852156057 0.3931750741839763 0.059548254620123205 0.09347181008902078
0 0.20533880903490762 0.37611275964391694 0.044147843942505136 0.06973293768545995
0 0.18429158110882957 0.3230712166172107 0.04106776180698152 0.06157270029673591
0 0.22304928131416837 0.306379821958457 0.049794661190965095 0.08605341246290801
0 0.20559548254620125 0.2555637982195846 0.04158110882956879 0.06602373887240356
0 0.09188911704312115 0.14540059347181009 0.08418891170431211 0.1261127596439169
10 0.012577002053388091 0.3479228486646884 0.01591375770020534 0.026706231454005934
10 0.048511293634496924 0.33086053412462907 0.02104722792607803 0.02373887240356083
10 0.03516427104722793 0.6984421364985164 0.016940451745379878 0.03338278931750742
10 0.06801848049281314 0.35682492581602376 0.020020533880903493 0.019287833827893175
10 0.6704312114989733 0.5055637982195846 0.012320328542094456 0.028931750741839762
10 0.8067248459958932 0.5841988130563799 0.01591375770020534 0.03338278931750742
10 0.528747433264887 0.9595697329376855 0.014373716632443533 0.02744807121661721
10 0.43095482546201236 0.9821958456973294 0.017967145790554414 0.03560830860534125
10 0.4196611909650924 0.9755192878338279 0.017967145790554414 0.040059347181008904
10 0.38347022587269 0.9543768545994066 0.017453798767967148 0.03338278931750742
10 0.37294661190965095 0.9873887240356083 0.017967145790554414 0.026706231454005934
10 0.34881930184804927 0.9751483679525222 0.023100616016427107 0.030415430267062317
10 0.020790554414784394 0.9039317507418398 0.01591375770020534 0.030415430267062317
10 0.04260780287474333 0.4510385756676558 0.022587268993839837 0.025222551928783383
10 0.0654517453798768 0.37129080118694363 0.024127310061601643 0.02448071216617211
10 0.046971252566735115 0.3456973293768546 0.02104722792607803 0.02225519287833828
10 0.009496919917864477 0.8520029673590505 0.014887063655030801 0.028931750741839762
9 0.2908110882956879 0.25 0.014887063655030801 0.04154302670623146
10 0.034907597535934295 0.38612759643916916 0.019507186858316223 0.021513353115727003
10 0.6914784394250514 0.5252225519287834 0.01642710472279261 0.03115727002967359
10 0.7713039014373717 0.5849406528189911 0.013860369609856264 0.028931750741839762
10 0.7007186858316222 0.5293026706231454 0.01540041067761807 0.02744807121661721
10 0.49332648870636553 0.9491839762611276 0.01540041067761807 0.031899109792284865
10 0.36190965092402466 0.9373145400593472 0.01642710472279261 0.031899109792284865
10 0.22741273100616016 0.8501483679525222 0.017453798767967148 0.032640949554896145
10 0.011036960985626284 0.8868694362017805 0.01591375770020534 0.030415430267062317
10 0.030544147843942507 0.8731454005934718 0.018993839835728953 0.03412462908011869
10 0.021817248459958933 0.8601632047477745 0.01591375770020534 0.02744807121661721
0 0.12808008213552363 0.052670623145400594 0.0662217659137577 0.08902077151335312
