10 0.3235533822330888 0.9354838709677419 0.035859820700896494 0.03225806451612903
10 0.038304808475957616 0.33188585607940446 0.027709861450692746 0.02109181141439206
10 0.11165444172779136 0.7890818858560794 0.032599837000814993 0.022332506203473945
10 0.11246943765281173 0.7642679900744417 0.032599837000814993 0.022332506203473945
10 0.11491442542787285 0.7245657568238213 0.030969845150774243 0.022332506203473945
10 0.034229828850855744 0.6674937965260546 0.027709861450692746 0.022332506203473945
10 0.032599837000814993 0.6464019851116626 0.029339853300733496 0.022332506203473945
10 0.11287693561532192 0.6495037220843672 0.03341483292583537 0.02109181141439206
10 0.11450692746536267 0.6284119106699751 0.03178484107579462 0.02109181141439206
10 0.1132844335778321 0.5800248138957816 0.029339853300733496 0.02109181141439206
10 0.11491442542787285 0.4968982630272953 0.027709861450692746 0.02109181141439206
10 0.11409942950285248 0.5527295285359801 0.032599837000814993 0.02357320099255583
10 0.03341483292583537 0.5744416873449132 0.029339853300733496 0.022332506203473945
10 0.035044824775876116 0.5483870967741935 0.029339853300733496 0.024813895781637715
10 0.035452322738386305 0.43300248138957814 0.03015484922575387 0.022332506203473945
10 0.035859820700896494 0.3566997518610422 0.029339853300733496 0.02357320099255583
10 0.03952730236348818 0.3064516129032258 0.02852485737571312 0.022332506203473945
10 0.035044824775876116 0.7946650124069479 0.030969845150774243 0.02357320099255583
10 0.11858190709046454 0.19975186104218362 0.03178484107579462 0.017369727047146403
10 0.11939690301548492 0.2227047146401985 0.03178484107579462 0.02109181141439206
10 0.04115729421352893 0.1935483870967742 0.03015484922575387 0.019851116625310174
10 0.04115729421352893 0.24317617866004962 0.02852485737571312 0.024813895781637715
10 0.11735941320293398 0.2506203473945409 0.032599837000814993 0.024813895781637715
4 0.6491442542787286 0.674937965260546 0.06927465362673187 0.21588089330024815
4 0.7534637326813366 0.3107940446650124 0.07090464547677261 0.21712158808933002
4 0.6471067644661777 0.3064516129032258 0.07008964955175223 0.21588089330024815
4 0.5431947840260798 0.3027295285359802 0.06927465362673187 0.21836228287841192
4 0.4376528117359413 0.29962779156327546 0.06845965770171149 0.21712158808933002
4 0.2135289323553382 0.29466501240694787 0.07008964955175223 0.2196029776674938
4 0.3170334148329258 0.29838709677419356 0.06845965770171149 0.2196029776674938
4 0.5452322738386308 0.6724565756823822 0.06845965770171149 0.21588089330024815
4 0.4400977995110024 0.6693548387096774 0.07171964140179299 0.21712158808933002
10 0.11083944580277098 0.8145161290322581 0.032599837000814993 0.02357320099255583
10 0.03137734311328443 0.7698511166253101 0.02689486552567237 0.02357320099255583
10 0.32233088834555823 0.9596774193548387 0.03341483292583537 0.031017369727047148
10 0.11409942950285248 0.6042183622828784 0.030969845150774243 0.024813895781637715
10 0.3149959250203749 0.9838709677419355 0.03178484107579462 0.02977667493796526
10 0.2400162999185004 0.9764267990074441 0.02852485737571312 0.03225806451612903
10 0.23920130399348002 0.9478908188585607 0.03178484107579462 0.02977667493796526
10 0.10920945395273023 0.674937965260546 0.035859820700896494 0.024813895781637715
10 0.11491442542787285 0.6985111662531017 0.032599837000814993 0.02729528535980149
10 0.11246943765281173 0.8356079404466501 0.032599837000814993 0.02109181141439206
10 0.1104319478402608 0.8616625310173698 0.03178484107579462 0.02357320099255583
10 0.1104319478402608 0.9125310173697271 0.03341483292583537 0.026054590570719603
10 0.028932355338223307 0.8703473945409429 0.03178484107579462 0.018610421836228287
10 0.027709861450692746 0.8194789081885856 0.029339853300733496 0.018610421836228287
10 0.03015484922575387 0.7450372208436724 0.029339853300733496 0.02109181141439206
10 0.030562347188264057 0.716501240694789 0.03015484922575387 0.02109181141439206
10 0.03300733496332518 0.6209677419354839 0.03178484107579462 0.02109181141439206
10 0.034229828850855744 0.5986352357320099 0.032599837000814993 0.02357320099255583
10 0.11572942135289323 0.5248138957816377 0.035859820700896494 0.022332506203473945
10 0.03015484922575387 0.8436724565756824 0.026079869600651995 0.022332506203473945
10 0.035452322738386305 0.5223325062034739 0.03178484107579462 0.019851116625310174
10 0.035859820700896494 0.4975186104218362 0.029339853300733496 0.022332506203473945
10 0.12061939690301549 0.38523573200992556 0.032599837000814993 0.02109181141439206
10 0.036267318663406684 0.40694789081885857 0.03178484107579462 0.017369727047146403
10 0.037489812550937245 0.3815136476426799 0.032599837000814993 0.02109181141439206
10 0.04115729421352893 0.21650124069478907 0.02852485737571312 0.02357320099255583
10 0.03463732681336593 0.2667493796526055 0.02852485737571312 0.024813895781637715
10 0.12061939690301549 0.17307692307692307 0.032599837000814993 0.02109181141439206
10 0.037082314588427055 0.16811414392059554 0.03178484107579462 0.02357320099255583
10 0.09535452322738386 0.02543424317617866 0.017929910350448247 0.04590570719602978
10 0.06519967400162999 0.020471464019851116 0.013039934800325998 0.038461538461538464
10 0.24735126324368378 0.9274193548387096 0.03178484107579462 0.028535980148883373
10 0.11409942950285248 0.9354838709677419 0.030969845150774243 0.024813895781637715
10 0.11246943765281173 0.8877171215880894 0.032599837000814993 0.02109181141439206
4 0.2974735126324368 0.6662531017369727 0.07008964955175223 0.21836228287841192
