10 0.4001684919966301 0.3697129909365559 0.015164279696714406 0.023413897280966767
10 0.41743892165122154 0.37197885196374625 0.014321819713563605 0.024924471299093656
10 0.4625105307497894 0.2654833836858006 0.013479359730412805 0.023413897280966767
10 0.42796967144060655 0.26472809667673713 0.013479359730412805 0.026435045317220542
10 0.34625105307497894 0.26321752265861026 0.015164279696714406 0.026435045317220542
10 0.2940185341196293 0.2628398791540785 0.016849199663016005 0.0256797583081571
10 0.15206402695871946 0.23187311178247735 0.03454085930918281 0.013595166163141994
10 0.15037910699241785 0.21638972809667673 0.031171019376579612 0.01283987915407855
10 0.23083403538331929 0.1986404833836858 0.030328559393428812 0.015105740181268881
10 0.2329401853411963 0.16767371601208458 0.03285593934288121 0.015105740181268881
4 0.32855939342881213 0.11253776435045318 0.06908171861836562 0.1283987915407855
4 0.43723673125526535 0.1148036253776435 0.07245155855096883 0.1283987915407855
4 0.5459140690817186 0.11744712990936555 0.07245155855096883 0.12915407854984895
4 0.697978096040438 0.3734894259818731 0.06823925863521482 0.12915407854984895
4 0.8066554338668913 0.37613293051359514 0.07160909856781802 0.1299093655589124
4 0.5834035383319292 0.5913897280966768 0.06992417860151642 0.1283987915407855
4 0.6916596461668071 0.5936555891238671 0.07076663858466722 0.1299093655589124
4 0.8020219039595619 0.5955438066465257 0.06739679865206402 0.12915407854984895
14 0.22198820556023588 0.888595166163142 0.22325189553496208 0.1986404833836858
10 0.5307497893850042 0.2726586102719033 0.015164279696714406 0.027190332326283987
10 0.43597304128053915 0.3704682779456193 0.014321819713563605 0.024924471299093656
10 0.4797809604043808 0.46941087613293053 0.03622577927548441 0.011329305135951661
10 0.3828980623420387 0.3731117824773414 0.014321819713563605 0.027190332326283987
10 0.2771693344566133 0.43768882175226587 0.015164279696714406 0.02945619335347432
10 0.2312552653748947 0.24358006042296074 0.031171019376579612 0.011329305135951661
10 0.15080033698399326 0.24773413897280966 0.03201347935973041 0.012084592145015106
10 0.2325189553496209 0.11744712990936555 0.03201347935973041 0.01283987915407855
10 0.15417017691659646 0.11895770392749244 0.02864363942712721 0.011329305135951661
10 0.4772535804549284 0.5033987915407855 0.031171019376579612 0.014350453172205438
10 0.3791069924178601 0.4709214501510574 0.02864363942712721 0.014350453172205438
10 0.3807919123841617 0.486404833836858 0.02864363942712721 0.013595166163141994
10 0.3820556023588879 0.5181268882175226 0.02948609941027801 0.013595166163141994
10 0.3807919123841617 0.5030211480362538 0.03369839932603201 0.015105740181268881
10 0.2586352148272957 0.43844410876132933 0.015164279696714406 0.027945619335347432
10 0.2337826453243471 0.41465256797583083 0.03285593934288121 0.013595166163141994
10 0.2354675652906487 0.3987915407854985 0.031171019376579612 0.013595166163141994
10 0.2333614153327717 0.3848187311178248 0.030328559393428812 0.014350453172205438
10 0.2342038753159225 0.3685800604229607 0.03369839932603201 0.015105740181268881
10 0.33361415332771693 0.3678247734138973 0.016849199663016005 0.028700906344410877
10 0.35046335299073295 0.3693353474320242 0.015164279696714406 0.027190332326283987
14 0.08803706823925864 0.9561933534743202 0.12384161752316765 0.08761329305135952
