10 0.09368070953436806 0.7856655290102389 0.022172949002217293 0.017747440273037544
10 0.08786031042128603 0.8010238907849829 0.020509977827051 0.014334470989761093
4 0.26856984478935697 0.8549488054607509 0.05266075388026607 0.13310580204778158
4 0.3361973392461197 0.8515358361774744 0.05376940133037694 0.13310580204778158
4 0.40465631929046564 0.8491467576791809 0.05432372505543237 0.13378839590443686
4 0.2688470066518847 0.5938566552901023 0.05543237250554324 0.13515358361774743
4 0.35060975609756095 0.590443686006826 0.05376940133037694 0.13515358361774743
4 0.4315410199556541 0.5873720136518772 0.05376940133037694 0.13447098976109215
4 0.5814855875831486 0.5808873720136519 0.05432372505543237 0.13378839590443686
4 0.6626940133037694 0.5784982935153584 0.05376940133037694 0.13447098976109215
4 0.7447339246119734 0.5764505119453925 0.05376940133037694 0.13310580204778158
4 0.825110864745011 0.5726962457337884 0.054878048780487805 0.13515358361774743
4 0.7117516629711752 0.8378839590443686 0.05321507760532151 0.13310580204778158
4 0.792960088691796 0.8341296928327645 0.05376940133037694 0.13378839590443686
4 0.6302660753880266 0.841296928327645 0.05432372505543237 0.13583617747440274
4 0.5496119733924612 0.8440273037542663 0.05376940133037694 0.13447098976109215
4 0.738359201773836 0.315358361774744 0.05432372505543237 0.13515358361774743
4 0.657150776053215 0.31911262798634815 0.05376940133037694 0.13310580204778158
4 0.5748337028824834 0.32150170648464166 0.05432372505543237 0.13378839590443686
4 0.4891906873614191 0.32525597269624573 0.05266075388026607 0.13310580204778158
4 0.40825942350332595 0.32764505119453924 0.05266075388026607 0.13242320819112627
10 0.15188470066518847 0.8006825938566553 0.02106430155210643 0.015017064846416382
10 0.1524390243902439 0.8921501706484641 0.02106430155210643 0.013651877133105802
10 0.0856430155210643 0.8167235494880546 0.022727272727272728 0.017064846416382253
10 0.1524390243902439 0.8754266211604096 0.02328159645232816 0.014334470989761093
10 0.15105321507760533 0.816382252559727 0.022727272727272728 0.013651877133105802
10 0.15354767184035475 0.9665529010238908 0.022172949002217293 0.015017064846416382
9 0.09340354767184035 0.9532423208191126 0.03048780487804878 0.017064846416382253
10 0.08786031042128603 0.8631399317406143 0.022727272727272728 0.012969283276450512
4 0.20011086474501108 0.8583617747440273 0.05432372505543237 0.13310580204778158
