9 0.6112061591103507 0.765886287625418 0.04533789563729683 0.05852842809364548
9 0.7591958939264328 0.6015886287625418 0.04875962360992301 0.06270903010033445
9 0.29982891360136865 0.49122073578595316 0.0504704875962361 0.05769230769230769
9 0.40248075278015394 0.6304347826086957 0.060735671514114624 0.06688963210702341
9 0.5367835757057313 0.7194816053511706 0.05218135158254918 0.061036789297658864
9 0.49572284003421724 0.6860367892976589 0.0504704875962361 0.06270903010033445
9 0.5722840034217279 0.7408026755852842 0.05132591958939264 0.061872909698996656
9 0.713857998289136 0.669314381270903 0.029940119760479042 0.0677257525083612
9 0.26176218990590244 0.2842809364548495 0.046193327630453376 0.05351170568561873
9 0.34773310521813516 0.33612040133779264 0.04362703165098374 0.051839464882943144
9 0.4542343883661249 0.40635451505016723 0.04790419161676646 0.056856187290969896
10 0.19974337040205303 0.049749163879598664 0.04533789563729683 0.03260869565217391
10 0.16894781864841743 0.572742474916388 0.0350727117194183 0.028428093645484948
10 0.20872540633019673 0.5932274247491639 0.03421727972626176 0.03260869565217391
10 0.2788708297690333 0.6392140468227424 0.03934987168520102 0.034280936454849496
10 0.3177929854576561 0.6626254180602007 0.0350727117194183 0.034280936454849496
10 0.35072711719418304 0.6835284280936454 0.037639007698887936 0.03260869565217391
9 0.7801539777587682 0.6162207357859532 0.04961505560307955 0.05852842809364548
9 0.7356715141146278 0.5865384615384616 0.05132591958939264 0.05936454849498328
10 0.8545765611633874 0.6872909698996655 0.0427715996578272 0.030100334448160536
9 0.7121471343028228 0.572324414715719 0.04875962360992301 0.061036789297658864
9 0.2630453378956373 0.32984949832775917 0.08810949529512403 0.11454849498327759
9 0.2874251497005988 0.3390468227424749 0.0855431993156544 0.11120401337792642
9 0.30923866552609064 0.3528428093645485 0.08297690333618477 0.10702341137123746
9 0.34730538922155685 0.3833612040133779 0.09409751924721985 0.12290969899665552
9 0.4097519247219846 0.38001672240802675 0.05303678357570573 0.06438127090301003
9 0.43370402053036783 0.39297658862876256 0.04961505560307955 0.05852842809364548
9 0.5072711719418306 0.43018394648829433 0.03592814371257485 0.04096989966555184
9 0.5265183917878529 0.45568561872909696 0.04875962360992301 0.061872909698996656
9 0.5500427715996578 0.46864548494983277 0.04790419161676646 0.061036789297658864
9 0.5748502994011976 0.4790969899665552 0.04448246364414029 0.056856187290969896
9 0.5953806672369546 0.49665551839464883 0.05132591958939264 0.06521739130434782
9 0.6197604790419161 0.512123745819398 0.04704875962360992 0.061036789297658864
9 0.6424294268605646 0.5255016722408027 0.04790419161676646 0.061036789297658864
9 0.6646706586826348 0.5413879598662207 0.04961505560307955 0.061036789297658864
9 0.688622754491018 0.5530936454849498 0.04790419161676646 0.05769230769230769
10 0.3105218135158255 0.7495819397993311 0.032506415739948676 0.039297658862876256
10 0.26176218990590244 0.7228260869565217 0.030795551753635585 0.03595317725752508
10 0.2459366980325064 0.7132107023411371 0.028229255774165952 0.033444816053511704
10 0.23310521813515825 0.7010869565217391 0.03165098374679213 0.03762541806020067
10 0.778443113772455 0.8403010033444815 0.032506415739948676 0.04013377926421405
10 0.8071000855431992 0.8616220735785953 0.03165098374679213 0.03595317725752508
10 0.8199315654405475 0.8737458193979933 0.026518391787852865 0.030100334448160536
10 0.8357570573139435 0.8821070234113713 0.02566295979469632 0.03177257525083612
10 0.6458511548331908 0.8729096989966555 0.0427715996578272 0.03678929765886287
10 0.9469632164242943 0.967809364548495 0.03592814371257485 0.04096989966555184
10 0.9687767322497861 0.830267558528428 0.0350727117194183 0.028428093645484948
10 0.8969204448246364 0.7846989966555183 0.0504704875962361 0.034280936454849496
10 0.9033361847733105 0.7654682274247492 0.037639007698887936 0.03260869565217391
10 0.9153122326775021 0.7516722408026756 0.037639007698887936 0.03177257525083612
10 0.934131736526946 0.725334448160535 0.046193327630453376 0.03595317725752508
10 0.9461077844311376 0.7081939799331104 0.04106073567151411 0.033444816053511704
10 0.9730538922155688 0.6630434782608695 0.036783575705731396 0.03177257525083612
10 0.8387510692899914 0.717391304347826 0.029940119760479042 0.02508361204013378
10 0.8515825491873396 0.7027591973244147 0.036783575705731396 0.027591973244147156
10 0.7617621899059025 0.8323578595317725 0.029940119760479042 0.03595317725752508
10 0.7151411462788708 0.802257525083612 0.03421727972626176 0.039297658862876256
10 0.6856287425149701 0.7855351170568562 0.029940119760479042 0.030936454849498328
10 0.476475620188195 0.8591137123745819 0.032506415739948676 0.03595317725752508
10 0.1877673224978614 0.6714046822742474 0.028229255774165952 0.03511705685618729
10 0.48973481608212144 0.7767558528428093 0.03849443969204448 0.03177257525083612
10 0.4178785286569717 0.822742474916388 0.03165098374679213 0.03511705685618729
10 0.43370402053036783 0.8311036789297659 0.030795551753635585 0.033444816053511704
10 0.44824636441402904 0.8398829431438127 0.030795551753635585 0.03595317725752508
10 0.4931565440547476 0.8683110367892977 0.029940119760479042 0.03762541806020067
10 0.5051325919589392 0.882943143812709 0.03165098374679213 0.033444816053511704
10 0.6706586826347305 0.7755016722408027 0.03592814371257485 0.03595317725752508
10 0.5218135158254918 0.8946488294314381 0.032506415739948676 0.033444816053511704
10 0.5530367835757057 0.9092809364548495 0.029940119760479042 0.034280936454849496
10 0.6005132591958939 0.8515886287625418 0.04790419161676646 0.039297658862876256
10 0.5611633875106928 0.8231605351170569 0.037639007698887936 0.034280936454849496
10 0.8041060735671514 0.6224916387959866 0.032506415739948676 0.03260869565217391
10 0.6548331907613344 0.7692307692307692 0.036783575705731396 0.03511705685618729
9 0.2215568862275449 0.29974916387959866 0.09067579127459366 0.11956521739130435
