0 0.4959016393442623 0.4958202716823407 0.05047454702329595 0.060606060606060615
0 0.2668248490077653 0.7100313479623825 0.025452976704055223 0.031347962382445145
0 0.23295944779982744 0.7403343782654128 0.025884383088869718 0.030303030303030307
0 0.24158757549611734 0.7601880877742947 0.022433132010353754 0.025078369905956115
0 0.2616479723899914 0.7672413793103449 0.026315789473684213 0.030825496342737724
0 0.2318809318377912 0.826541274817137 0.029767040552200173 0.03657262277951934
0 0.2277825711820535 0.8090386624869385 0.022433132010353754 0.024555903866248695
0 0.2100949094046592 0.8072100313479624 0.028472821397756688 0.03343782654127482
0 0.1928386540120794 0.8672936259143157 0.022433132010353754 0.026123301985370953
0 0.2105263157894737 0.8824451410658308 0.022433132010353754 0.026123301985370953
0 0.6891716997411562 0.15987460815047025 0.02372735116479724 0.02821316614420063
0 0.7031924072476273 0.17659352142110765 0.020707506471095774 0.025078369905956115
0 0.6443054357204487 0.2134273772204807 0.04788610871440897 0.057993730407523515
0 0.6466781708369285 0.24216300940438873 0.03710094909404659 0.04440961337513062
0 0.6714840379637619 0.25835945663531873 0.025452976704055223 0.029780564263322887
0 0.6693270060396894 0.235632183908046 0.034943917169974116 0.04179728317659352
0 0.6921915444348576 0.2578369905956113 0.035806729939603106 0.04440961337513062
0 0.7116048317515099 0.2850052246603971 0.034943917169974116 0.042319749216300946
0 0.6194995685936152 0.339080459770115 0.03882657463330458 0.04597701149425288
0 0.6074201898188093 0.3591954022988506 0.020707506471095774 0.025600835945663536
0 0.5985763589301122 0.37382445141065834 0.02027610008628128 0.024555903866248695
0 0.6084987057808456 0.38505747126436785 0.02113891285591027 0.014629049111807735
0 0.6274805867126834 0.3981191222570533 0.02459016393442623 0.02925809822361547
0 0.250862812769629 0.6899164054336469 0.025452976704055223 0.029780564263322887
0 0.2830025884383089 0.7254440961337514 0.01725625539257981 0.020376175548589344
0 0.5953408110440035 0.4461859979101359 0.01898188093183779 0.024033437826541278
0 0.317946505608283 0.682601880877743 0.0362381363244176 0.04336468129571578
0 0.1100086281276963 0.09352142110762801 0.025884383088869718 0.030303030303030307
0 0.061906816220880075 0.21969696969696972 0.031492666091458156 0.0329153605015674
0 0.04810181190681622 0.26776384535005227 0.02286453839516825 0.025600835945663536
0 0.03106125970664366 0.25365726227795193 0.021570319240724764 0.024555903866248695
0 0.030845556514236414 0.27873563218390807 0.030629853321829166 0.02873563218390805
0 0.021354616048317517 0.3262800417972832 0.02459016393442623 0.026645768025078374
0 0.45060396893874033 0.5835945663531871 0.035806729939603106 0.04284221525600836
0 0.4292493528904228 0.5585161964472309 0.03796376186367558 0.047021943573667714
0 0.4040120793787748 0.5269070010449322 0.04270923209663503 0.05067920585161965
0 0.3768334771354616 0.6123301985370951 0.02286453839516825 0.024033437826541278
0 0.42773943054357205 0.6562173458725183 0.034081104400345126 0.04179728317659352
0 0.4428386540120794 0.7267502612330199 0.02286453839516825 0.03343782654127482
0 0.4728213977566868 0.687042842215256 0.024158757549611734 0.026123301985370953
0 0.4596635030198447 0.6737199582027169 0.02286453839516825 0.014106583072100314
0 0.44477998274374464 0.6967084639498433 0.060396893874029335 0.06948798328108674
0 0.43183779119930976 0.7596656217345873 0.03278688524590164 0.03343782654127482
0 0.41630716134598794 0.7776907001044933 0.03968938740293357 0.04858934169278997
0 0.39603106125970666 0.7727272727272728 0.030198446937014668 0.031347962382445145
0 0.4012079378774806 0.733019853709509 0.04055220017256256 0.048066875653082555
0 0.37467644521138915 0.7523510971786834 0.029767040552200173 0.03448275862068966
0 0.36022433132010356 0.724921630094044 0.053494391716997415 0.057993730407523515
0 0.6143226919758412 0.40647857889237204 0.014667817083692839 0.024033437826541278
0 0.5813201035375324 0.4268547544409614 0.027178602243313203 0.031347962382445145
0 0.44585849870578087 0.4310344827586207 0.05910267471958585 0.059561128526645774
0 0.7198015530629853 0.26201671891327066 0.02027610008628128 0.024555903866248695
0 0.8123382226056945 0.029519331243469178 0.01898188093183779 0.02246603970741902
0 0.8270060396893875 0.04623824451410659 0.019844693701466784 0.023510971786833857
0 0.8088869715271786 0.0903866248693835 0.022433132010353754 0.025078369905956115
0 0.8058671268334772 0.11024033437826543 0.020707506471095774 0.025078369905956115
0 0.7909836065573771 0.0929989550679206 0.02286453839516825 0.025078369905956115
0 0.8216134598792062 0.12643678160919541 0.02113891285591027 0.025078369905956115
0 0.8354184641932701 0.14080459770114945 0.017687661777394306 0.02142110762800418
0 0.8373597929249353 0.12225705329153606 0.021570319240724764 0.025078369905956115
0 0.8522433132010354 0.13845350052246605 0.02113891285591027 0.025078369905956115
0 0.8671268334771355 0.15491118077324975 0.021570319240724764 0.024555903866248695
0 0.864969801553063 0.17424242424242425 0.023295944779982744 0.02769070010449321
0 0.8817946505608283 0.17032392894461862 0.020707506471095774 0.025078369905956115
0 0.7940034512510785 0.07392894461859979 0.02200172562553926 0.024555903866248695
0 0.7771786022433133 0.07784743991640544 0.02113891285591027 0.025078369905956115
0 0.7616479723899914 0.062173458725182866 0.02286453839516825 0.02716823406478579
0 0.8856773080241588 0.11024033437826543 0.021570319240724764 0.025078369905956115
0 0.9156600517687662 0.14237199582027169 0.02200172562553926 0.026645768025078374
0 0.13912855910267471 0.8960292580982238 0.032355478861087146 0.03761755485893417
0 0.11734253666954271 0.8798328108672937 0.03278688524590164 0.04075235109717869
0 0.11518550474547024 0.8555381400208987 0.03192407247627265 0.037095088819226754
0 0.09706643658326143 0.8636363636363638 0.025884383088869718 0.031347962382445145
0 0.7062122519413288 0.24555903866248696 0.021570319240724764 0.025078369905956115
0 0.7351164797238999 0.27847439916405436 0.020707506471095774 0.024033437826541278
0 0.5552200172562555 0.4417450365726228 0.03537532355478861 0.04336468129571578
0 0.7508628127696291 0.29571577847439917 0.01941328731665229 0.02298850574712644
0 0.5655737704918034 0.41144200626959254 0.026747195858498708 0.02873563218390805
0 0.5366695427092322 0.4195402298850575 0.03364969801553063 0.04075235109717869
0 0.5515530629853322 0.39498432601880884 0.031492666091458156 0.03343782654127482
0 0.5176876617773943 0.3879310344827587 0.03710094909404659 0.04336468129571578
0 0.4971958584987058 0.353448275862069 0.05651423641069888 0.06321839080459771
0 0.593183779119931 0.34378265412748177 0.022433132010353754 0.02716823406478579
0 0.5987920621225195 0.31478578892372 0.03796376186367558 0.04440961337513062
0 0.5843399482312338 0.26149425287356326 0.037532355478861086 0.04440961337513062
0 0.7996117342536669 0.19096133751306166 0.02286453839516825 0.02769070010449321
0 0.7842968075927524 0.1752873563218391 0.021570319240724764 0.024555903866248695
0 0.7394305435720449 0.12722048066875655 0.021570319240724764 0.024555903866248695
0 0.7430974978429681 0.10815047021943575 0.02200172562553926 0.02716823406478579
0 0.7584124245038827 0.12408568443051203 0.021570319240724764 0.026645768025078374
0 0.7722174288179465 0.13897596656217348 0.0181190681622088 0.021943573667711602
0 0.7868852459016393 0.15491118077324975 0.01725625539257981 0.02142110762800418
0 0.8015530629853322 0.17084639498432602 0.01725625539257981 0.019853709508881923
0 0.8164365832614323 0.18652037617554862 0.017687661777394306 0.02089864158829676
0 0.8311044003451251 0.20402298850574715 0.01941328731665229 0.023510971786833857
0 0.8289473684210527 0.22335423197492166 0.02372735116479724 0.02769070010449321
0 0.8587144089732528 0.2405956112852665 0.015099223468507334 0.010971786833855801
0 0.7653149266609146 0.31191222570532917 0.019844693701466784 0.02298850574712644
0 0.13503019844693703 0.043887147335423204 0.027610008628127698 0.031347962382445145
