9 0.6395904436860068 0.7011494252873564 0.042320819112627986 0.07105538140020899
9 0.6156996587030716 0.664576802507837 0.042320819112627986 0.07523510971786834
10 0.41262798634812287 0.7084639498432602 0.026621160409556314 0.043887147335423204
10 0.34061433447098977 0.6144200626959249 0.027303754266211604 0.04597701149425288
10 0.342320819112628 0.7675026123301986 0.032081911262798635 0.05120167189132707
10 0.1559726962457338 0.3672936259143156 0.021160409556313993 0.03657262277951934
10 0.17303754266211605 0.3861024033437827 0.029351535836177476 0.04493207941483804
9 0.4392491467576792 0.6269592476489029 0.043003412969283276 0.06478578892371996
9 0.6556313993174061 0.7675026123301986 0.03890784982935153 0.0574712643678161
9 0.6559726962457338 0.7262277951933125 0.03549488054607509 0.05851619644723094
9 0.5754266211604095 0.7048066875653083 0.031399317406143344 0.04284221525600836
9 0.4781569965870307 0.4806687565308255 0.03754266211604096 0.06687565308254964
9 0.39112627986348125 0.37983281086729365 0.017747440273037544 0.0929989550679206
9 0.37372013651877134 0.35266457680250785 0.018430034129692834 0.08254963427377221
9 0.35460750853242323 0.34064785788923724 0.017064846416382253 0.10449320794148381
9 0.33583617747440275 0.31661442006269597 0.015017064846416382 0.09822361546499478
9 0.26552901023890785 0.3176593521421108 0.07098976109215017 0.09404388714733543
9 0.2549488054607509 0.3448275862068966 0.05938566552901024 0.0794148380355277
9 0.23583617747440272 0.35788923719958204 0.05802047781569966 0.08672936259143156
9 0.3119453924914676 0.4190177638453501 0.05187713310580205 0.06896551724137932
9 0.3914675767918089 0.5621734587251829 0.0552901023890785 0.07105538140020899
9 0.4133105802047782 0.5083594566353188 0.05665529010238908 0.07628004179728319
9 0.4945392491467577 0.5992685475444097 0.05802047781569966 0.07628004179728319
9 0.8156996587030717 0.9090909090909092 0.04368600682593857 0.060606060606060615
9 0.8539249146757679 0.8584117032392895 0.04505119453924915 0.07001044932079416
9 0.8689419795221843 0.771682340647858 0.05324232081911263 0.08672936259143156
9 0.6389078498293516 0.8970741901776386 0.04368600682593857 0.06165099268547545
9 0.5965870307167236 0.8333333333333334 0.06279863481228669 0.08254963427377221
9 0.5426621160409556 0.7675026123301986 0.05324232081911263 0.07836990595611286
10 0.4399317406143345 0.7413793103448276 0.026621160409556314 0.04493207941483804
10 0.45255972696245733 0.7560083594566354 0.027303754266211604 0.04075235109717869
10 0.4877133105802048 0.8040752351097179 0.026621160409556314 0.04493207941483804
10 0.8607508532423208 0.6274817136886103 0.028668941979522185 0.03866248693834901
9 0.6003412969283276 0.6415882967607106 0.03890784982935153 0.06896551724137932
9 0.558703071672355 0.5856844305120168 0.033447098976109216 0.0574712643678161
9 0.5744027303754267 0.6024033437826541 0.029351535836177476 0.05329153605015675
9 0.5781569965870307 0.642110762800418 0.03686006825938567 0.06792058516196448
9 0.5351535836177475 0.5783699059561129 0.04368600682593857 0.07210031347962383
10 0.7197952218430034 0.8777429467084641 0.026621160409556314 0.03970741901776385
10 0.7078498293515358 0.8928944618599792 0.027303754266211604 0.03866248693834901
10 0.798976109215017 0.7387669801462906 0.026621160409556314 0.03970741901776385
10 0.8109215017064847 0.7236154649947754 0.028668941979522185 0.03866248693834901
10 0.81740614334471 0.7037617554858935 0.027986348122866895 0.04075235109717869
10 0.8771331058020478 0.5815047021943575 0.025938566552901023 0.03866248693834901
10 0.869283276450512 0.6091954022988506 0.029351535836177476 0.04179728317659352
10 0.5515358361774744 0.15203761755485895 0.012286689419795223 0.04075235109717869
10 0.5430034129692832 0.6640543364681296 0.030716723549488054 0.047021943573667714
10 0.5655290102389079 0.16353187042842218 0.014334470989761093 0.04284221525600836
10 0.6382252559726963 0.2648902821316615 0.016382252559726963 0.047021943573667714
10 0.7238907849829351 0.3343782654127482 0.029351535836177476 0.04597701149425288
10 0.8552901023890785 0.432601880877743 0.03822525597269624 0.04179728317659352
10 0.8559726962457338 0.40700104493207945 0.03549488054607509 0.04075235109717869
10 0.7733788395904437 0.7925809822361547 0.027303754266211604 0.03866248693834901
10 0.78839590443686 0.7533960292580983 0.034129692832764506 0.04597701149425288
10 0.7648464163822526 0.8072100313479624 0.026621160409556314 0.03866248693834901
10 0.7552901023890785 0.8260188087774295 0.029351535836177476 0.047021943573667714
10 0.7416382252559727 0.8375130616509928 0.029351535836177476 0.047021943573667714
10 0.7290102389078499 0.8584117032392895 0.03549488054607509 0.05329153605015675
10 0.7030716723549488 0.7904911180773251 0.03686006825938567 0.059561128526645774
9 0.4969283276450512 0.7042842215256009 0.05460750853242321 0.0794148380355277
