10 0.19743863393810032 0.8154696132596686 0.05336179295624333 0.04640883977900553
9 0.2977588046958378 0.6088397790055249 0.08110992529348987 0.061878453038674036
9 0.3729989327641409 0.21767955801104974 0.06296691568836714 0.09060773480662984
9 0.3991462113127001 0.2281767955801105 0.059765208110992535 0.08729281767955802
9 0.4210245464247599 0.2408839779005525 0.06296691568836714 0.08618784530386742
9 0.4882604055496265 0.5823204419889503 0.06937033084311633 0.05082872928176796
9 0.41195304162219853 0.7093922651933702 0.0768409818569904 0.04861878453038675
9 0.400213447171825 0.7370165745856354 0.0768409818569904 0.041988950276243095
9 0.39060832443970117 0.7640883977900553 0.07257203842049094 0.04309392265193371
9 0.3153681963713981 0.776243093922652 0.06296691568836714 0.09613259668508288
9 0.2913553895410886 0.6425414364640885 0.10458911419423693 0.06740331491712707
9 0.4007470651013874 0.5712707182320442 0.05656350053361793 0.08176795580110498
9 0.7059765208110993 0.5668508287292818 0.08858057630736393 0.1414364640883978
9 0.47171824973319104 0.27348066298342544 0.05549626467449307 0.07845303867403315
10 0.15955176093916756 0.7685082872928177 0.0352187833511206 0.04972375690607735
10 0.14300960512273214 0.8806629834254144 0.05549626467449307 0.03756906077348066
10 0.2001067235859125 0.8513812154696133 0.03948772678762007 0.032044198895027624
10 0.10618996798292424 0.9646408839779006 0.050160085378868735 0.03756906077348066
10 0.1136606189967983 0.9419889502762432 0.04589114194236927 0.036464088397790057
10 0.9706510138740663 0.10662983425414366 0.0416221985058698 0.032044198895027624
9 0.3281750266808965 0.1972375690607735 0.06510138740661686 0.08729281767955802
