1 0.7777777777777778 0.303453947368421 0.077007700770077 0.05263157894736842
10 0.24532453245324531 0.7393092105263157 0.050605060506050605 0.03618421052631579
10 0.599009900990099 0.43914473684210525 0.0429042904290429 0.03453947368421052
9 0.7398239823982398 0.3260690789473684 0.0913091309130913 0.058388157894736836
9 0.6397139713971397 0.4046052631578947 0.0891089108910891 0.05921052631578947
9 0.5605060506050604 0.4728618421052631 0.0913091309130913 0.06414473684210525
9 0.5401540154015402 0.4905427631578947 0.0836083608360836 0.056743421052631575
9 0.48129812981298126 0.5353618421052632 0.08690869086908691 0.06414473684210525
9 0.42189218921892185 0.5867598684210525 0.0913091309130913 0.06661184210526315
9 0.3921892189218922 0.606907894736842 0.08690869086908691 0.0625
9 0.3641364136413641 0.6398026315789473 0.0836083608360836 0.05921052631578947
9 0.334983498349835 0.653782894736842 0.0605060506050605 0.041118421052631575
9 0.30913091309130913 0.6751644736842105 0.09020902090209021 0.05921052631578947
9 0.2904290429042904 0.694078947368421 0.09020902090209021 0.05756578947368421
9 0.2717271727172717 0.7158717105263157 0.0814081408140814 0.0649671052631579
9 0.22827282728272827 0.7541118421052632 0.0957095709570957 0.0625
