10 0.4757004002287021 0.14549713690786048 0.009148084619782733 0.015096304008328995
10 0.45654659805603204 0.14185320145757419 0.00743281875357347 0.013014055179593961
10 0.2775871926815323 0.5760020822488288 0.01429388221841052 0.00989068193649141
10 0.26815323041738137 0.5890161374284227 0.0137221269296741 0.010931806350858927
10 0.26186392224128074 0.5976054138469546 0.01486563750714694 0.012493492972410203
10 0.252715837621498 0.5864133263925039 0.012578616352201259 0.008849557522123894
10 0.22155517438536307 0.5905778240499739 0.013150371640937679 0.00989068193649141
10 0.22469982847341338 0.5856324830817282 0.012578616352201259 0.009370119729307652
10 0.2058319039451115 0.6189484643414888 0.01486563750714694 0.010411244143675169
10 0.1926815323041738 0.6181676210307132 0.012578616352201259 0.008849557522123894
10 0.02258433390508862 0.5002602811035919 0.012006861063464836 0.012493492972410203
10 0.21012006861063465 0.696251952108277 0.008576329331046312 0.011972930765226444
10 0.19325328759291024 0.691827173347215 0.010291595197255574 0.014575741801145237
10 0.12407089765580331 0.7639250390421656 0.016009148084619784 0.013014055179593961
10 0.25443110348770726 0.6134825611660594 0.016009148084619784 0.00989068193649141
10 0.2715837621497999 0.6340447683498178 0.0137221269296741 0.010411244143675169
10 0.24957118353344768 0.61634565330557 0.013150371640937679 0.010411244143675169
10 0.27787307032590053 0.6231129619989588 0.01486563750714694 0.012493492972410203
10 0.28730703259005147 0.6288391462779802 0.013150371640937679 0.010411244143675169
10 0.30102915951972553 0.6059344091618948 0.01429388221841052 0.010411244143675169
10 0.30417381360777584 0.6007287870900573 0.0137221269296741 0.010411244143675169
10 0.3078902229845626 0.5955231650182197 0.01429388221841052 0.010411244143675169
10 0.3110348770726129 0.5890161374284227 0.0137221269296741 0.010931806350858927
10 0.3373356203544883 0.05153565851119209 0.012578616352201259 0.006246746486205101
10 0.3927958833619211 0.05804268610098907 0.012578616352201259 0.005726184279021343
10 0.3956546598056032 0.04737116085372202 0.011435105774728416 0.006246746486205101
10 0.395368782161235 0.04060385216033316 0.013150371640937679 0.006246746486205101
10 0.4602630074328187 0.04294638209266007 0.012578616352201259 0.00676730869338886
10 0.46054888507718694 0.03774076002082249 0.012006861063464836 0.005726184279021343
10 0.4616923956546598 0.03279541905257678 0.013150371640937679 0.0052056220718375845
10 0.46255002858776445 0.027850078084331077 0.012578616352201259 0.005726184279021343
10 0.22698684962835905 0.5814679854242581 0.0137221269296741 0.009370119729307652
10 0.131789594053745 0.5952628839146278 0.016580903373356205 0.010931806350858927
10 0.11749571183533447 0.5942217595002602 0.015437392795883362 0.010931806350858927
1 0.3156089193825043 0.26522644456012495 0.008004574042309892 0.024466423737636647
7 0.7341337907375644 0.3079125455491931 0.4070897655803316 0.052576782925559604
7 0.7181246426529445 0.4724102030192608 0.40480274442538594 0.05153565851119209
1 0.6275014293882218 0.5913586673607496 0.22469982847341338 0.07808433107756377
1 0.6466552315608919 0.6754294638209266 0.22527158376214979 0.07235814679854242
7 0.6377930245854774 0.6340447683498178 0.27615780445969124 0.041644976574700676
1 0.21497998856489423 0.7870900572618428 0.0686106346483705 0.045809474232170744
1 0.7478559176672384 0.0400832899531494 0.34534019439679814 0.07183758459135867
10 0.3653516295025729 0.06116605934409162 0.012578616352201259 0.00676730869338886
1 0.05717552887364208 0.20952628839146278 0.020583190394511147 0.007808433107756377
1 0.05546026300743282 0.21629359708485163 0.020583190394511147 0.00676730869338886
1 0.35877644368210404 0.2680895366996356 0.008576329331046312 0.02394586153045289
1 0.3407661520869068 0.2678292555960437 0.012578616352201259 0.02342529932326913
1 0.3238993710691824 0.26600728787090056 0.008576329331046312 0.024986985944820406
1 0.3050314465408805 0.2639250390421655 0.00743281875357347 0.02394586153045289
10 0.05345911949685535 0.6236335242061426 0.02115494568324757 0.011452368558042686
1 0.2964551172098342 0.26262363352420615 0.009719839908519153 0.024466423737636647
1 0.28730703259005147 0.2602811035918792 0.012006861063464836 0.022904737116085372
1 0.27815894797026874 0.2584591358667361 0.01429388221841052 0.024466423737636647
1 0.26815323041738137 0.2553357626236335 0.0137221269296741 0.02342529932326913
10 0.13607775871926814 0.35137948984903694 0.008004574042309892 0.01353461738677772
10 0.36335048599199543 0.4284226965122332 0.013150371640937679 0.014575741801145237
10 0.10548885077186963 0.5325351379489849 0.013150371640937679 0.011452368558042686
10 0.11006289308176101 0.5283706402915148 0.013150371640937679 0.010411244143675169
10 0.131789594053745 0.5145757418011452 0.013150371640937679 0.00989068193649141
10 0.05431675242995997 0.5882352941176471 0.01486563750714694 0.010411244143675169
10 0.008004574042309892 0.5663716814159292 0.01486563750714694 0.011452368558042686
10 0.010863350485991996 0.5611660593440916 0.0137221269296741 0.012493492972410203
10 0.019439679817038306 0.5478917230609057 0.01486563750714694 0.010931806350858927
10 0.46340766152086904 0.01691827173347215 0.012006861063464836 0.005726184279021343
10 0.4759862778730703 0.00676730869338886 0.01429388221841052 0.007287870900572618
10 0.4762721555174385 0.012753774076002082 0.012578616352201259 0.005726184279021343
10 0.41909662664379643 0.5806871421134826 0.012578616352201259 0.005726184279021343
10 0.42224128073184675 0.5450286309213951 0.01429388221841052 0.006246746486205101
10 0.44939965694682676 0.551795939614784 0.012578616352201259 0.0052056220718375845
10 0.46369353916523726 0.5549193128578865 0.00686106346483705 0.010411244143675169
10 0.4482561463693539 0.5593440916189485 0.012578616352201259 0.007808433107756377
10 0.40909090909090906 0.5489328474752733 0.010863350485991996 0.00676730869338886
10 0.4085191538021727 0.5546590317542947 0.013150371640937679 0.00676730869338886
10 0.42109777015437394 0.5510150963040084 0.010863350485991996 0.00676730869338886
10 0.41966838193253286 0.5564809994794377 0.012578616352201259 0.007287870900572618
10 0.4202401372212693 0.5619469026548672 0.011435105774728416 0.00676730869338886
10 0.40794739851343625 0.5611660593440916 0.010863350485991996 0.0052056220718375845
10 0.44711263579188104 0.5655908381051535 0.011435105774728416 0.00676730869338886
10 0.44625500285877645 0.5707964601769911 0.012006861063464836 0.005726184279021343
10 0.40766152086906804 0.5856324830817282 0.012578616352201259 0.006246746486205101
10 0.41938250428816465 0.5739198334200937 0.012006861063464836 0.005726184279021343
10 0.4236706689536878 0.532274856845393 0.012578616352201259 0.00676730869338886
10 0.44568324757004 0.5825091098386257 0.012006861063464836 0.007287870900572618
10 0.44568324757004 0.5767829255596044 0.010863350485991996 0.006246746486205101
10 0.4070897655803316 0.5793857365955232 0.011435105774728416 0.006246746486205101
10 0.3927958833619211 0.09396147839666841 0.005717552887364208 0.010931806350858927
10 0.3996569468267581 0.09630400832899531 0.00686106346483705 0.012493492972410203
10 0.4070897655803316 0.09630400832899531 0.005717552887364208 0.01353461738677772
10 0.4142367066895369 0.09734513274336283 0.006289308176100629 0.012493492972410203
10 0.4216695254431103 0.09786569495054659 0.00743281875357347 0.014575741801145237
10 0.42710120068610635 0.0989068193649141 0.00686106346483705 0.011452368558042686
10 0.39908519153802174 0.13612701717855283 0.00686106346483705 0.011972930765226444
10 0.4113779302458548 0.1366475793857366 0.006289308176100629 0.011972930765226444
10 0.4176672384219554 0.137948984903696 0.005145797598627787 0.015616866215512754
10 0.42424242424242425 0.13846954711087975 0.00686106346483705 0.012493492972410203
10 0.4102344196683819 0.5372201978136387 0.012006861063464836 0.007287870900572618
10 0.42252715837621496 0.53878188443519 0.010291595197255574 0.006246746486205101
10 0.4754145225843339 0.017959396147839667 0.010863350485991996 0.005726184279021343
10 0.45969125214408235 0.06559083810515356 0.010291595197255574 0.0052056220718375845
10 0.4759862778730703 0.028891202498698594 0.012006861063464836 0.00676730869338886
10 0.47398513436249284 0.034877667881311816 0.010291595197255574 0.0052056220718375845
10 0.4734133790737564 0.03982300884955752 0.010291595197255574 0.005726184279021343
10 0.4974271012006861 0.052316501821967724 0.011435105774728416 0.00676730869338886
10 0.49942824471126357 0.04606975533576262 0.013150371640937679 0.00676730869338886
10 0.49914236706689535 0.03617907339927121 0.01486563750714694 0.007808433107756377
10 0.4591194968553459 0.05986465382613222 0.012578616352201259 0.006246746486205101
10 0.4699828473413379 0.06064549713690786 0.010291595197255574 0.00676730869338886
10 0.4954259576901086 0.06819364914107236 0.013150371640937679 0.008328995314940135
10 0.4599771297884505 0.04815200416449766 0.013150371640937679 0.00676730869338886
10 0.46941109205260145 0.06611140031233732 0.010291595197255574 0.0052056220718375845
10 0.46969696969696967 0.07105674128058304 0.010863350485991996 0.005726184279021343
10 0.4562607204116638 0.06949505465903175 0.011435105774728416 0.004685059864653826
10 0.4599771297884505 0.16449765747006767 0.015437392795883362 0.007287870900572618
10 0.4113779302458548 0.5257678292555961 0.010863350485991996 0.007287870900572618
10 0.44311034877072614 0.19911504424778761 0.0137221269296741 0.007808433107756377
10 0.44425385934819894 0.1928682977615825 0.011435105774728416 0.00676730869338886
10 0.45654659805603204 0.20536179073399272 0.012006861063464836 0.00676730869338886
10 0.45454545454545453 0.21733472149921915 0.0137221269296741 0.007808433107756377
10 0.4525443110348771 0.22904737116085372 0.015437392795883362 0.009370119729307652
10 0.43310463121783876 0.3178032274856845 0.013150371640937679 0.007808433107756377
10 0.4288164665523156 0.47917751171264966 0.012578616352201259 0.005726184279021343
10 0.427958833619211 0.5031233732431025 0.012006861063464836 0.007808433107756377
10 0.4262435677530017 0.5153565851119208 0.010863350485991996 0.006246746486205101
10 0.42510005717552884 0.5255075481520042 0.01429388221841052 0.00676730869338886
10 0.4508290451686678 0.5242061426340447 0.010863350485991996 0.006246746486205101
10 0.41395082904516867 0.5080687142113482 0.011435105774728416 0.007287870900572618
10 0.413093196112064 0.5145757418011452 0.012006861063464836 0.005726184279021343
7 0.7510005717552887 0.1428943258719417 0.40537449971412237 0.052576782925559604
