1 0.6324890404286411 0.7531343283582089 0.027764247442766683 0.036417910447761194
1 0.5336093521675597 0.5 0.020944958597174868 0.03044776119402985
1 0.373356064296152 0.2755223880597015 0.038480272771553824 0.025671641791044777
14 0.25280077934729667 0.019402985074626865 0.04968339016074038 0.037611940298507465
7 0.8209936678032148 0.7692537313432836 0.17486604968339017 0.24298507462686567
7 0.7104237700925475 0.6543283582089552 0.19532391622016562 0.26985074626865674
7 0.5769605455431077 0.45313432835820894 0.11349245007306381 0.1707462686567164
7 0.6417437895762299 0.5791044776119403 0.21188504627374574 0.30208955223880596
7 0.4344861178762786 0.4752238805970149 0.16561130053580128 0.25791044776119404
7 0.17535314174378958 0.2256716417910448 0.04676083779834389 0.1444776119402985
7 0.07915245981490503 0.19014925373134328 0.04724792985874331 0.15701492537313433
