10 0.8886883273164862 0.79701230228471 0.03489771359807461 0.03339191564147627
10 0.9632972322503008 0.7864674868189806 0.03730445246690734 0.035149384885764495
4 0.33754512635379064 0.42486818980667834 0.15042117930204574 0.1766256590509666
4 0.4705174488567991 0.4015817223198594 0.15403128760529483 0.17574692442882248
4 0.605294825511432 0.37785588752196836 0.15403128760529483 0.17750439367311072
4 0.27918170878459686 0.6827768014059754 0.15403128760529483 0.17574692442882248
4 0.41456077015643805 0.6594903339191563 0.15282791817087846 0.17486818980667837
4 0.5475330926594465 0.6357644991212653 0.15403128760529483 0.17486818980667837
4 0.6805054151624549 0.6115992970123022 0.15282791817087846 0.17398945518453426
10 0.7683513838748496 0.9327768014059753 0.03249097472924188 0.03602811950790861
10 0.7888086642599278 0.9292618629173989 0.03249097472924188 0.03427065026362038
10 0.8086642599277979 0.9231107205623901 0.03369434416365824 0.03251318101933216
10 0.8285198555956679 0.9173989455184534 0.03249097472924188 0.03339191564147627
10 0.8507821901323707 0.9103690685413005 0.03850782190132371 0.035149384885764495
10 0.8724428399518652 0.9033391915641475 0.036101083032490974 0.03866432337434095
10 0.894705174488568 0.8971880492091387 0.03489771359807461 0.03690685413005272
10 0.7858002406738869 0.9661687170474517 0.031287605294825514 0.03427065026362038
10 0.805655836341757 0.9635325131810193 0.03249097472924188 0.03251318101933216
10 0.8261131167268352 0.9569420035149384 0.030084235860409148 0.029876977152899824
10 0.845367027677497 0.9494727592267135 0.03489771359807461 0.03427065026362038
10 0.865222623345367 0.9446397188049208 0.03369434416365824 0.035149384885764495
10 0.888086642599278 0.938488576449912 0.03369434416365824 0.03866432337434095
10 0.9097472924187726 0.9332161687170474 0.03369434416365824 0.03866432337434095
10 0.9320096269554754 0.9257469244288224 0.03489771359807461 0.03954305799648506
10 0.9476534296028881 0.9178383128295254 0.03489771359807461 0.03427065026362038
10 0.9308062575210589 0.8857644991212653 0.03489771359807461 0.035149384885764495
10 0.9548736462093863 0.8813708260105447 0.03249097472924188 0.03163444639718805
10 0.9753309265944645 0.8730228471001757 0.03489771359807461 0.03427065026362038
10 0.9723225030084236 0.9134446397188049 0.036101083032490974 0.03427065026362038
10 0.9157641395908545 0.7974516695957821 0.04091456077015644 0.04481546572934973
10 0.937424789410349 0.7869068541300527 0.031287605294825514 0.03427065026362038
4 0.20336943441636582 0.44771528998242527 0.1516245487364621 0.1766256590509666
