10 0.40524534686971236 0.9822727272727273 0.06598984771573604 0.03363636363636364
10 0.37140439932318103 0.9231818181818182 0.06260575296108291 0.035454545454545454
10 0.9441624365482233 0.3336363636363636 0.05752961082910321 0.03636363636363636
10 0.9094754653130287 0.32727272727272727 0.05583756345177665 0.03636363636363636
10 0.871404399323181 0.31681818181818183 0.05752961082910321 0.03727272727272727
10 0.6683587140439932 0.26045454545454544 0.06091370558375634 0.04090909090909091
10 0.5279187817258884 0.24045454545454545 0.05752961082910321 0.03909090909090909
10 0.4653130287648054 0.22045454545454546 0.05752961082910321 0.03909090909090909
10 0.38409475465313025 0.2109090909090909 0.06429780033840947 0.04
4 0.37986463620981387 0.6913636363636364 0.3333333333333333 0.14272727272727273
4 0.4636209813874788 0.6072727272727273 0.3282571912013536 0.14363636363636365
4 0.5465313028764806 0.5222727272727272 0.3316412859560068 0.14272727272727273
4 0.6311336717428088 0.43863636363636366 0.3282571912013536 0.14272727272727273
4 0.7115059221658206 0.35409090909090907 0.3299492385786802 0.14272727272727273
