10 0.8639157155399473 0.06359649122807018 0.01755926251097454 0.014912280701754385
10 0.8805970149253731 0.050438596491228074 0.015803336259877086 0.016666666666666666
10 0.8722563652326603 0.04298245614035088 0.018437225636523266 0.017543859649122806
1 0.7611940298507462 0.8127192982456141 0.04038630377524144 0.0412280701754386
7 0.8709394205443372 0.8162280701754386 0.07374890254609306 0.09035087719298246
7 0.7932396839332748 0.7653508771929824 0.10272168568920105 0.10087719298245615
7 0.6387181738366988 0.7403508771929824 0.20105355575065847 0.22631578947368422
7 0.5065847234416154 0.6486842105263158 0.14223002633889376 0.20789473684210527
7 0.36962247585601404 0.5885964912280702 0.14398595258999122 0.2017543859649123
7 0.19051799824407376 0.3714912280701754 0.18437225636523266 0.17982456140350878
