1 0.4977578475336323 0.860843373493976 0.013452914798206279 0.022891566265060243
7 0.8352017937219731 0.363855421686747 0.1367713004484305 0.050602409638554224
7 0.7892376681614349 0.4475903614457832 0.06053811659192825 0.03493975903614458
7 0.4966367713004484 0.8138554216867471 0.04035874439461883 0.11686746987951808
7 0.12780269058295965 0.9463855421686748 0.0695067264573991 0.03493975903614458
7 0.14854260089686097 0.8789156626506025 0.08408071748878923 0.027710843373493978
7 0.29652466367713004 0.7500000000000001 0.028026905829596414 0.0927710843373494
7 0.16367713004484305 0.7198795180722892 0.02242152466367713 0.04457831325301205
7 0.3895739910313901 0.5548192771084338 0.021300448430493273 0.03975903614457832
7 0.14966367713004483 0.6114457831325302 0.01233183856502242 0.054216867469879526
14 0.3133408071748879 0.4704819277108434 0.030269058295964126 0.025301204819277112
