1 0.6157461809635723 0.12476979742173112 0.028202115158636895 0.017495395948434623
1 0.1263219741480611 0.4152854511970534 0.01527614571092832 0.022099447513812154
1 0.03407755581668625 0.47974217311233885 0.04230317273795534 0.014732965009208104
10 0.11163337250293771 0.41804788213627997 0.014101057579318448 0.022099447513812154
10 0.11045828437132785 0.4636279926335175 0.0399529964747356 0.01565377532228361
10 0.20799059929494712 0.214548802946593 0.01880141010575793 0.020257826887661142
7 0.18566392479435956 0.8931860036832413 0.2444183313748531 0.11602209944751382
7 0.3513513513513513 0.6362799263351749 0.20916568742655697 0.13075506445672191
14 0.09753231492361927 0.6178637200736649 0.03760282021151586 0.053406998158379376
7 0.4823736780258519 0.45027624309392267 0.14218566392479434 0.0718232044198895
14 0.2808460634547591 0.3867403314917127 0.03055229142185664 0.040515653775322284
7 0.5804935370152762 0.24861878453038674 0.15041128084606345 0.040515653775322284
7 0.5969447708578143 0.14732965009208104 0.15041128084606345 0.05156537753222836
7 0.6333725029377203 0.046961325966850834 0.1809635722679201 0.03867403314917127
