10 0.6641849529780564 0.2587476979742173 0.016457680250783698 0.010435850214855739
10 0.6398902821316614 0.26519337016574585 0.018025078369905956 0.015960712093308776
14 0.24059561128526644 0.5813382443216697 0.04075235109717868 0.020871700429711478
7 0.38753918495297807 0.5813382443216697 0.0822884012539185 0.03560466543891958
7 0.5266457680250783 0.09883364027010436 0.12695924764890282 0.024554941682013505
7 0.4267241379310345 0.29558011049723754 0.08855799373040751 0.04358502148557397
7 0.7272727272727273 0.4877225291589932 0.08463949843260188 0.027624309392265192
7 0.6731974921630094 0.6206261510128913 0.08463949843260188 0.04051565377532228
7 0.8405172413793103 0.3766114180478821 0.08385579937304075 0.04358502148557397
7 0.8009404388714734 0.7176181706568446 0.10501567398119122 0.057704112952731736
7 0.8252351097178683 0.8738489871086556 0.08463949843260188 0.03376304481276857
7 0.5235109717868338 0.9610190300798035 0.04702194357366771 0.011663597298956415
10 0.140282131661442 0.12031921424186616 0.0219435736677116 0.012277470841006752
10 0.2852664576802508 0.6129527317372621 0.014106583072100312 0.012891344383057089
10 0.16065830721003135 0.6062001227747084 0.0109717868338558 0.011663597298956415
10 0.13557993730407522 0.607427869858809 0.009404388714733543 0.010435850214855739
10 0.1281347962382445 0.6062001227747084 0.008620689655172414 0.012891344383057089
10 0.058385579937304075 0.6752608962553713 0.014890282131661442 0.013505217925107426
10 0.27899686520376177 0.9947820748925721 0.017241379310344827 0.007980356046654388
1 0.5141065830721003 0.10988336402701043 0.0219435736677116 0.008594229588704726
1 0.7002351097178683 0.23634131368937997 0.024294670846394983 0.013505217925107426
1 0.8087774294670846 0.8901166359729895 0.023510971786833854 0.011049723756906077
10 0.6728056426332288 0.25199508901166356 0.016457680250783698 0.010435850214855739
7 0.23589341692789967 0.2007366482504604 0.06739811912225704 0.04419889502762431
