10 0.7985654512851165 0.06869772998805257 0.013150029886431559 0.02031063321385902
10 0.26778242677824265 0.13799283154121864 0.01195457262402869 0.02986857825567503
7 0.05349671249252839 0.4193548387096774 0.05319784817692767 0.1075268817204301
7 0.1386730424387328 0.6624850657108721 0.07531380753138074 0.15412186379928314
7 0.26658696951583977 0.8261648745519713 0.04423191870890615 0.15890083632019114
7 0.4847579199043634 0.6594982078853047 0.07172743574417215 0.17682198327359616
7 0.5352659892408846 0.4994026284348865 0.059175134488942016 0.16248506571087215
7 0.7411835026897787 0.48984468339307047 0.043036461446503284 0.15292712066905614
7 0.8559473998804542 0.47610513739545995 0.05140466228332337 0.15173237753882915
7 0.9240884638374177 0.36917562724014336 0.0346682606096832 0.1099163679808841
10 0.1906754333532576 0.05376344086021505 0.015540944411237297 0.02150537634408602
10 0.30215182307232513 0.13082437275985662 0.012552301255230124 0.015531660692951015
10 0.7196652719665272 0.1051373954599761 0.014345487148834428 0.02867383512544803
10 0.2686790197250448 0.2084826762246117 0.014943215780035862 0.03464755077658303
10 0.25971309025702327 0.24731182795698922 0.008965929468021518 0.02867383512544803
10 0.28332337118948 0.27240143369175623 0.014345487148834428 0.035842293906810034
10 0.27226539151225343 0.3016726403823178 0.0173341303048416 0.02986857825567503
10 0.3499701135684399 0.39844683393070485 0.014943215780035862 0.03225806451612903
10 0.5194261805140465 0.15531660692951016 0.016736401673640166 0.019115890083632018
10 0.5182307232516437 0.051373954599761046 0.015540944411237297 0.016726403823178016
10 0.7749551703526598 0.1087216248506571 0.0077704722056186485 0.03106332138590203
10 0.8123132098027495 0.04659498207885304 0.009563658099222952 0.02867383512544803
7 0.018230723251643752 0.16427718040621264 0.035265989240884636 0.05615292712066905
