1 0.7558876811594203 0.45104261106074345 0.042572463768115944 0.05167724388032638
10 0.8958333333333334 0.6854034451495921 0.02717391304347826 0.032638259292837715
10 0.8772644927536232 0.6962828649138713 0.029891304347826088 0.038077969174977334
10 0.8220108695652174 0.7887579329102448 0.029891304347826088 0.03989120580235721
10 0.7989130434782609 0.7787851314596554 0.028985507246376812 0.03626473254759746
10 0.7708333333333334 0.7765185856754306 0.030797101449275364 0.037171350861287394
10 0.4592391304347826 0.9800543970988214 0.036231884057971016 0.03989120580235721
7 0.7690217391304348 0.47370806890299183 0.12318840579710146 0.12601994560290117
7 0.552536231884058 0.1672710788757933 0.0923913043478261 0.11695376246600181
7 0.6951992753623188 0.10698096101541252 0.13496376811594202 0.1414324569356301
7 0.5475543478260869 0.6310063463281959 0.0806159420289855 0.11604714415231188
7 0.4207427536231884 0.7053490480507706 0.08605072463768117 0.09791477787851315
7 0.19972826086956522 0.7996373526745241 0.07336956521739131 0.09610154125113327
