10 0.8134272997032641 0.49307359307359305 0.017062314540059347 0.033766233766233764
10 0.8015578635014837 0.4883116883116883 0.017062314540059347 0.029437229437229435
10 0.7915430267062314 0.44415584415584414 0.02373887240356083 0.015584415584415584
10 0.4859050445103858 0.17316017316017315 0.03115727002967359 0.03982683982683983
10 0.512240356083086 0.21341991341991343 0.034866468842729974 0.04588744588744589
10 0.2392433234421365 0.5826839826839827 0.028931750741839762 0.024242424242424242
14 0.8809347181008902 0.6316017316017316 0.06157270029673591 0.05627705627705628
14 0.7481454005934718 0.5134199134199134 0.07195845697329377 0.04155844155844156
14 0.706973293768546 0.6346320346320347 0.06973293768545995 0.06753246753246753
14 0.5070474777448072 0.8398268398268398 0.08382789317507419 0.08311688311688312
14 0.1513353115727003 0.49393939393939396 0.050445103857566766 0.08571428571428572
14 0.2440652818991098 0.26406926406926406 0.060830860534124634 0.08658008658008658
