10 0.5519966722129784 0.5664523043944266 0.017470881863560734 0.05037513397642015
9 0.08901830282861897 0.3472668810289389 0.05324459234608985 0.02572347266881029
9 0.09026622296173045 0.15594855305466238 0.05906821963394343 0.02465166130760986
10 0.09151414309484193 0.2416934619506967 0.03993344425956739 0.022508038585209004
10 0.3178036605657238 0.3392282958199357 0.03826955074875208 0.020364415862808145
10 0.33652246256239604 0.28992497320471594 0.04742096505823627 0.02679528403001072
10 0.4638103161397671 0.12593783494105038 0.04742096505823627 0.02679528403001072
10 0.48544093178036607 0.18810289389067525 0.054076539101497505 0.02465166130760986
10 0.4737936772046589 0.21757770632368703 0.04076539101497504 0.027867095391211148
10 0.4700499168053245 0.2502679528403001 0.051580698835274545 0.02679528403001072
10 0.5303660565723793 0.22186495176848875 0.04409317803660566 0.027867095391211148
10 0.5270382695507487 0.25187566988210075 0.03743760399334443 0.02572347266881029
10 0.5262063227953411 0.2840300107181136 0.054076539101497505 0.027867095391211148
10 0.4608985024958403 0.37566988210075025 0.05324459234608985 0.02679528403001072
10 0.4642262895174709 0.2797427652733119 0.05823627287853578 0.027867095391211148
10 0.08236272878535773 0.2658092175777063 0.04159733777038269 0.021436227224008574
10 0.08527454242928453 0.2915326902465166 0.04409317803660566 0.021436227224008574
10 0.5478369384359402 0.18917470525187566 0.04409317803660566 0.02465166130760986
10 0.6568219633943427 0.07502679528403002 0.054076539101497505 0.03429796355841372
9 0.7063227953410982 0.15005359056806003 0.08153078202995008 0.04715969989281886
9 0.7271214642262895 0.40353697749196143 0.05823627287853578 0.04394426580921758
9 0.7504159733777038 0.49571275455519825 0.12479201331114809 0.06538049303322616
9 0.7782861896838602 0.6414790996784566 0.0956738768718802 0.05251875669882101
9 0.7346089850249584 0.7459807073954984 0.048252911813643926 0.0707395498392283
9 0.790765391014975 0.7658092175777064 0.06905158069883528 0.04394426580921758
9 0.30615640599001664 0.43354769560557344 0.07487520798668885 0.02679528403001072
9 0.08652246256239601 0.3167202572347267 0.04658901830282862 0.02465166130760986
10 0.5332778702163061 0.5680600214362272 0.016638935108153077 0.05144694533762058
9 0.07778702163061564 0.21007502679528403 0.0524126455906822 0.02357984994640943
9 0.6859400998336107 0.09485530546623794 0.08402662229617305 0.05037513397642015
9 0.6975873544093179 0.1232583065380493 0.08901830282861897 0.05144694533762058
9 0.7208818635607321 0.24598070739549838 0.08069883527454243 0.05037513397642015
9 0.7271214642262895 0.3070739549839228 0.08652246256239601 0.05037513397642015
9 0.7325291181364393 0.43140407288317256 0.07071547420965059 0.04608788853161844
9 0.7591514143094842 0.5235798499464094 0.0723793677204659 0.04608788853161844
9 0.7662229617304492 0.5530546623794212 0.07653910149750416 0.04501607717041801
9 0.7749584026622296 0.5814576634512326 0.08069883527454243 0.05251875669882101
9 0.7828618968386023 0.6103965702036441 0.08153078202995008 0.04394426580921758
9 0.7949251247920134 0.7036441586280815 0.07570715474209651 0.04608788853161844
9 0.7911813643926789 0.7347266881028939 0.06655574043261231 0.03751339764201501
9 0.4800332778702163 0.47320471596998925 0.0848585690515807 0.031082529474812434
9 0.4554908485856905 0.4083601286173633 0.08236272878535773 0.02357984994640943
9 0.5370216306156406 0.4083601286173633 0.08069883527454243 0.027867095391211148
9 0.48835274542429286 0.342443729903537 0.10815307820299501 0.02465166130760986
9 0.4579866888519135 0.30814576634512325 0.08236272878535773 0.02679528403001072
9 0.4933444259567388 0.09110396570203644 0.05823627287853578 0.03215434083601286
9 0.5058236272878536 0.05894962486602358 0.064891846921797 0.03429796355841372
9 0.8028286189683861 0.8269024651661308 0.059900166389351084 0.03536977491961415
9 0.810316139767055 0.8542336548767416 0.05324459234608985 0.03644158628081458
9 0.8169717138103162 0.8847802786709539 0.05490848585690516 0.03536977491961415
9 0.8190515806988353 0.9163987138263665 0.057404326123128124 0.030010718113612004
9 0.8252911813643927 0.9458735262593784 0.05490848585690516 0.02679528403001072
9 0.5478369384359402 0.7861736334405145 0.02745424292845258 0.09539121114683816
9 0.622712146422629 0.7904608788853161 0.02745424292845258 0.06752411575562701
9 0.6693011647254575 0.8054662379421221 0.02745424292845258 0.09967845659163987
9 0.6963394342762064 0.8086816720257235 0.029950083194675542 0.09110396570203644
10 0.05074875207986689 0.5487674169346195 0.016638935108153077 0.04501607717041801
10 0.06697171381031614 0.5503751339764201 0.015806988352745424 0.04608788853161844
10 0.08277870216306156 0.552518756698821 0.017470881863560734 0.03751339764201501
10 0.10316139767054909 0.5503751339764201 0.014975041597337771 0.04394426580921758
10 0.12312811980033278 0.5535905680600214 0.018302828618968387 0.04394426580921758
10 0.141846921797005 0.5541264737406216 0.015806988352745424 0.04930332261521972
10 0.1622296173044925 0.5551982851018221 0.018302828618968387 0.04715969989281886
10 0.19425956738768718 0.552518756698821 0.017470881863560734 0.04823151125401929
10 0.23460898502495842 0.5546623794212219 0.019966722129783693 0.04823151125401929
10 0.25249584026622296 0.5616291532690246 0.017470881863560734 0.04501607717041801
10 0.2699667221297837 0.5568060021436227 0.017470881863560734 0.04394426580921758
10 0.2866056572379368 0.5605573419078242 0.015806988352745424 0.04715969989281886
10 0.30449251247920134 0.5616291532690246 0.014975041597337771 0.04930332261521972
10 0.32321131447587353 0.5643086816720257 0.017470881863560734 0.05680600214362272
10 0.3456738768718802 0.5627009646302251 0.020798668885191347 0.05144694533762058
10 0.3643926788685524 0.5605573419078242 0.016638935108153077 0.04715969989281886
10 0.38519134775374375 0.5643086816720257 0.014975041597337771 0.04823151125401929
10 0.4068219633943428 0.5616291532690246 0.016638935108153077 0.04501607717041801
10 0.423044925124792 0.5621650589496249 0.015806988352745424 0.05037513397642015
10 0.4417637271214642 0.5664523043944266 0.014975041597337771 0.05251875669882101
10 0.4604825291181365 0.5648445873526259 0.014143094841930116 0.04715969989281886
10 0.4800332778702163 0.5685959271168274 0.016638935108153077 0.04823151125401929
10 0.5141430948419301 0.5659163987138264 0.016638935108153077 0.04501607717041801
10 0.7171381031613977 0.3745980707395498 0.07653910149750416 0.04823151125401929
10 0.7200499168053245 0.469989281886388 0.0524126455906822 0.03536977491961415
10 0.7766222961730449 0.6757770632368703 0.0524126455906822 0.031082529474812434
10 0.6160565723793677 0.8735262593783494 0.024126455906821963 0.05359056806002144
9 0.5727953410981698 0.8520900321543409 0.0324459234608985 0.09646302250803858
9 0.5540765391014976 0.45230439442658094 0.08153078202995008 0.02572347266881029
9 0.5424292845257903 0.31511254019292606 0.08652246256239601 0.02572347266881029
9 0.19425956738768718 0.8258306538049304 0.06738768718801996 0.028938906752411574
9 0.08569051580698836 0.8617363344051446 0.07986688851913477 0.030010718113612004
9 0.0910981697171381 0.9163987138263665 0.05906821963394343 0.030010718113612004
9 0.0740432612312812 0.7717041800643086 0.051580698835274545 0.02572347266881029
9 0.07362728785357738 0.8027867095391211 0.06073211314475874 0.027867095391211148
10 0.5790349417637272 0.5707395498392283 0.029950083194675542 0.04823151125401929
10 0.5902662229617305 0.7936763129689175 0.022462562396006656 0.05680600214362272
10 0.5445091514143094 0.8670953912111469 0.024126455906821963 0.05144694533762058
10 0.32529118136439267 0.7518756698821008 0.03494176372712147 0.022508038585209004
10 0.42179700499168055 0.7883172561629154 0.04658901830282862 0.02465166130760986
10 0.41722129783693845 0.9046087888531619 0.04409317803660566 0.021436227224008574
10 0.423044925124792 0.939978563772776 0.04242928452579035 0.02572347266881029
10 0.5162229617304492 0.8644158628081458 0.025790349417637273 0.05037513397642015
10 0.21381031613976706 0.7320471596998928 0.03826955074875208 0.021436227224008574
10 0.1772046589018303 0.707395498392283 0.036605657237936774 0.02357984994640943
10 0.2146422628951747 0.9222936763129689 0.04658901830282862 0.02465166130760986
10 0.32154742096505823 0.9094319399785638 0.04076539101497504 0.028938906752411574
10 0.32029950083194675 0.8783494105037514 0.04159733777038269 0.02679528403001072
10 0.3227953410981697 0.845123258306538 0.03826955074875208 0.028938906752411574
9 0.4983361064891847 0.1570203644158628 0.08652246256239601 0.02679528403001072
