10 0.8215102974828375 0.7370350969093766 0.029748283752860413 0.01885804085908853
4 0.9279176201372997 0.26610790990047145 0.14187643020594964 0.10057621791513882
13 0.36041189931350115 0.891304347826087 0.5743707093821511 0.19643792561550552
4 0.63558352402746 0.5356207438449451 0.14988558352402745 0.10110005238344684
4 0.602974828375286 0.3782084861183866 0.14874141876430205 0.10057621791513882
4 0.721395881006865 0.39339968569931905 0.14530892448512586 0.10057621791513882
4 0.8409610983981693 0.40806705081194344 0.14645308924485126 0.10057621791513882
4 0.7540045766590389 0.5505500261917234 0.14874141876430205 0.10057621791513882
4 0.6899313501144165 0.23572551073860662 0.14874141876430205 0.10162388685175486
4 0.8083524027459954 0.251178627553693 0.14530892448512586 0.10110005238344684
10 0.937070938215103 0.14588789942378208 0.04576659038901602 0.015191199580932426
10 0.9147597254004577 0.6369827134625459 0.02631578947368421 0.01885804085908853
10 0.9553775743707094 0.570979570455736 0.032036613272311214 0.023048716605552647
10 0.9004576659038902 0.6595075955997906 0.027459954233409613 0.01885804085908853
10 0.881578947368421 0.6925091671031954 0.028604118993135013 0.020953378732320588
10 0.8781464530892449 0.8611838658983761 0.02631578947368421 0.0178103719224725
10 0.3340961098398169 0.08669460450497643 0.041189931350114416 0.011000523834468309
10 0.5983981693363845 0.11917234154007335 0.043478260869565216 0.013095861707700367
10 0.9422196796338673 0.5927187008905186 0.02631578947368421 0.018334206390780514
10 0.9273455377574371 0.6155055002619173 0.030892448512585814 0.01990570979570456
13 0.4593821510297483 0.7315348349921426 0.5709382151029748 0.19434258774227345
