10 0.49831876260928043 0.9839726747241198 0.025554808338937456 0.013137151865475564
1 0.6603900470746469 0.4461376773515502 0.03900470746469401 0.025223331581713082
1 0.691324815063887 0.41119285338938516 0.04034969737726967 0.026799789805570153
1 0.7014122394082044 0.3980557015239096 0.0363147276395427 0.02469784550709406
1 0.7178883658372562 0.38885969521807673 0.03564223268325487 0.02627430373095113
1 0.6772024209818426 0.3491854965843405 0.04303967720242098 0.03100367840252233
1 0.6183591123066577 0.4033105622700998 0.04236718224613315 0.02995270625328429
1 0.6002017484868863 0.4303730951129795 0.04371217215870881 0.029427220178665264
1 0.5904505716207128 0.4416710457172885 0.0363147276395427 0.023646873357856014
1 0.5810356422326832 0.45480819758276403 0.04034969737726967 0.027850761954808196
1 0.5679219905850706 0.4682080924855491 0.0410221923335575 0.02837624802942722
1 0.7336919973100202 0.5176037834997372 0.03900470746469401 0.027325275880189175
1 0.7424344317417619 0.5015764582238571 0.0363147276395427 0.023646873357856014
1 0.7558843308675185 0.49054125065685755 0.03093476798924008 0.02469784550709406
1 0.7663080026899798 0.4795060430898581 0.03833221250840619 0.027850761954808196
1 0.7911903160726295 0.4553336836573831 0.03295225285810356 0.026799789805570153
1 0.8029589778076665 0.43851812926957434 0.03093476798924008 0.025748817656332107
1 0.8113651647612643 0.4259064634787178 0.04371217215870881 0.025748817656332107
1 0.8449899125756557 0.4642669469259065 0.03429724277067922 0.025748817656332107
1 0.7999327505043712 0.5191802417235943 0.04236718224613315 0.02837624802942722
1 0.7794216543375925 0.5425643720441408 0.03496973772696705 0.023646873357856014
1 0.7730329522528581 0.5543878087230688 0.04236718224613315 0.02837624802942722
1 0.7562205783456624 0.5667367314766159 0.03967720242098184 0.025748817656332107
1 0.8974445191661062 0.5228586442459274 0.03967720242098184 0.03573305307409354
1 0.9082044384667115 0.5320546505517604 0.03698722259583053 0.03415659485023647
1 0.6940147948890383 0.6904887020493957 0.02151983860121049 0.04203888596952181
1 0.6469401479488903 0.6891749868628481 0.02824478816408877 0.05307409353652128
1 0.6156691324815063 0.6886495007882291 0.02757229320780094 0.043615344193378876
1 0.5087424344317417 0.6702574881765633 0.03967720242098184 0.06253284287966368
1 0.4734364492266308 0.6650026274303731 0.029589778076664425 0.05097214923804519
1 0.4932750504371217 0.6074619022595901 0.019502353732347006 0.039936941671045716
1 0.679892400806994 0.42249080399369415 0.04169468728984532 0.025223331581713082
1 0.6499663752521856 0.4590120861797162 0.0410221923335575 0.027850761954808196
10 0.503698722259583 0.9718864950078823 0.02824478816408877 0.01418812401471361
1 0.6311365164761265 0.4821334734629532 0.04236718224613315 0.02469784550709406
7 0.4889038332212508 0.32921702574881767 0.37794216543375925 0.28744088281660535
7 0.6476126429051782 0.4148712559117183 0.24478816408876933 0.20441408302679978
7 0.7807666442501681 0.4984235417761429 0.1425689307330195 0.14135575407251708
7 0.9045057162071284 0.5538623226484498 0.09280430396772024 0.10089332632685233
7 0.33422999327505043 0.616657908565423 0.3537323470073974 0.116132422490804
7 0.2797579018157364 0.7819232790331055 0.3066577000672495 0.1282186022070415
7 0.24714189643577672 0.9343142406726221 0.2952252858103564 0.13137151865475563
7 0.04606590450571621 0.08460325801366264 0.03160726294552791 0.09563846558066211
1 0.3349024882313383 0.26037834997372566 0.025554808338937456 0.0488702049395691
1 0.39475453934095495 0.2330530740935365 0.0363147276395427 0.036258539148712556
1 0.4445191661062542 0.15186547556489752 0.029589778076664425 0.033631108775617445
1 0.4613315400134499 0.14004203888596953 0.03900470746469401 0.03941145559642669
1 0.4808338937457969 0.1329479768786127 0.0363147276395427 0.039936941671045716
1 0.5010087424344317 0.1305832895428271 0.029589778076664425 0.03100367840252233
1 0.5460659045057162 0.10535995796111403 0.03227975790181574 0.03520756699947451
1 0.4741089441829186 0.19232790331056226 0.03227975790181574 0.0325801366263794
1 0.45561533288500333 0.1981082501313715 0.03160726294552791 0.0325801366263794
1 0.558843308675185 0.24855491329479767 0.0363147276395427 0.029427220178665264
1 0.6018829858776059 0.2863899106673673 0.03765971755211836 0.029427220178665264
1 0.49361129791526565 0.2953231739358907 0.03900470746469401 0.03047819232790331
1 0.47579018157363817 0.30557015239096164 0.04505716207128446 0.03520756699947451
1 0.5050437121721587 0.35733053074093535 0.04169468728984532 0.03783499737256962
1 0.4694014794889038 0.3812401471361009 0.04303967720242098 0.03415659485023647
1 0.413920645595158 0.35470310036784025 0.03698722259583053 0.03152916447714135
1 0.39004707464694016 0.36442459274829214 0.05379959650302622 0.04571728849185496
1 0.35810356422326833 0.39306358381502887 0.04236718224613315 0.03468208092485549
1 0.4011432414256893 0.43431424067262214 0.04774714189643577 0.03941145559642669
1 0.32817753866846 0.44771413557540723 0.0699394754539341 0.05570152390961639
1 0.6166778749159382 0.4908039936941671 0.04034969737726967 0.02627430373095113
1 0.4663752521856086 0.6071991592222806 0.03295225285810356 0.043615344193378876
1 0.43207800941492935 0.6547556489753021 0.028917283120376596 0.04308985811875985
1 0.38802958977807667 0.6518654755648975 0.03093476798924008 0.043615344193378876
1 0.4246805648957633 0.5956384655806621 0.03026227303295225 0.049921177088807146
1 0.331876260928043 0.7719390436153442 0.03295225285810356 0.04203888596952181
1 0.31573638197713516 0.7711508145034156 0.02084734364492266 0.03205465055176038
1 0.29690652320107597 0.7648449816079874 0.026227303295225286 0.04151339989490278
1 0.27202420981842634 0.7627430373095113 0.028917283120376596 0.036258539148712556
1 0.25016812373907193 0.756437204414083 0.02689979825151311 0.04046242774566474
1 0.22663080026899798 0.7517078297425118 0.03900470746469401 0.04466631634261692
1 0.2054472091459314 0.7467157120336311 0.03026227303295225 0.04203888596952181
1 0.17350369872225957 0.7351550183920126 0.04438466711499664 0.04939569101418812
1 0.1274377942165434 0.7524960588544404 0.03564223268325487 0.06410930110352075
10 0.7373907195696032 0.11586967945349448 0.02757229320780094 0.019442984760903836
10 0.683591123066577 0.1395165528113505 0.023537323470073975 0.0162900683131897
10 0.8328850033624747 0.13110877561744613 0.02757229320780094 0.019442984760903836
10 0.874915938130464 0.15002627430373094 0.022864828513786146 0.021544929059379925
1 0.9744451916610626 0.13321071991592223 0.04976462676529926 0.03100367840252233
10 0.8459986550100874 0.19259064634787176 0.02824478816408877 0.01839201261166579
10 0.8728984532616005 0.232790331056227 0.029589778076664425 0.01891749868628481
10 0.9065232010759919 0.27614293221229635 0.03227975790181574 0.01418812401471361
10 0.8053127101546739 0.3394640042038886 0.03160726294552791 0.02417235943247504
10 0.816072629455279 0.3512874408828166 0.028917283120376596 0.02259590120861797
10 0.8429724277067921 0.37335785601681554 0.03026227303295225 0.023646873357856014
10 0.859448554135844 0.38439306358381503 0.02689979825151311 0.023646873357856014
10 0.8765971755211835 0.38885969521807673 0.023537323470073975 0.019968470835522858
10 0.5578345662407532 0.7719390436153442 0.02084734364492266 0.021019442984760904
10 0.5396772024209818 0.7750919600630584 0.023537323470073975 0.021019442984760904
10 0.5067249495628783 0.8113504992117708 0.028917283120376596 0.015764582238570676
10 0.5013449899125757 0.8221229637414609 0.02757229320780094 0.015239096163951655
10 0.4996637525218561 0.8470835522858644 0.02824478816408877 0.012611665790856541
10 0.4976462676529926 0.8638991066736731 0.025554808338937456 0.010509721492380452
10 0.4761264290517821 0.9306358381502889 0.02689979825151311 0.011560693641618497
1 0.35440484196368527 0.7766684182869154 0.03362474781439139 0.04098791382028376
1 0.4008069939475454 0.8428796636889122 0.03765971755211836 0.04939569101418812
1 0.3614660390047075 0.8300052548607462 0.02488231338264963 0.036258539148712556
1 0.18157363819771352 0.9503415659485024 0.03496973772696705 0.04466631634261692
1 0.398453261600538 0.5927482921702575 0.02488231338264963 0.046242774566473986
1 0.3718897108271688 0.5919600630583289 0.025554808338937456 0.05097214923804519
1 0.3480161398789509 0.5943247503941146 0.02219233355749832 0.04308985811875985
1 0.312373907195696 0.6452968996321597 0.026227303295225286 0.04308985811875985
1 0.32447881640887694 0.5909090909090909 0.028917283120376596 0.04466631634261692
1 0.29825151311365167 0.5835522858644245 0.02219233355749832 0.04571728849185496
1 0.23873570948217887 0.6358381502890174 0.025554808338937456 0.044140830267997894
1 0.2518493611297915 0.5782974251182343 0.03160726294552791 0.05307409353652128
1 0.2273032952252858 0.5796111403047819 0.029589778076664425 0.04308985811875985
1 0.2004034969737727 0.570415133998949 0.03227975790181574 0.05202312138728324
1 0.18728984532616005 0.627430373095113 0.026227303295225286 0.039936941671045716
1 0.9401479488903833 0.07409353652128219 0.03496973772696705 0.023121387283236993
1 0.9798251513113652 0.697845507094062 0.022864828513786146 0.044140830267997894
1 0.2737054472091459 0.9663688912243825 0.01613987895090787 0.03468208092485549
1 0.31741761936785473 0.8265895953757225 0.02689979825151311 0.03783499737256962
1 0.2710154673839946 0.9151339989490278 0.029589778076664425 0.037309511297950605
1 0.24781439139206454 0.9111928533893852 0.026227303295225286 0.0325801366263794
1 0.22494956287827841 0.9030478192327903 0.03160726294552791 0.04151339989490278
1 0.19973100201748487 0.9022595901208618 0.02689979825151311 0.0325801366263794
1 0.17921990585070613 0.8943772990015765 0.026227303295225286 0.03573305307409354
1 0.14862138533960995 0.8864950078822911 0.03362474781439139 0.04308985811875985
1 0.10490921318090114 0.9014713610089332 0.04572965702757229 0.06358381502890173
1 0.15568258238063215 0.7932212296374146 0.02488231338264963 0.047819232790331054
1 0.18695359784801613 0.7990015764582238 0.03093476798924008 0.037309511297950605
1 0.21116341627437793 0.802679978980557 0.02689979825151311 0.03941145559642669
1 0.23335574983187626 0.8081975827640567 0.025554808338937456 0.03888596952180767
1 0.253866845998655 0.8124014713610089 0.023537323470073975 0.03888596952180767
1 0.28009414929388027 0.8163426169206516 0.03429724277067922 0.04046242774566474
7 0.44418291862811027 0.1794534944823962 0.36381977135171484 0.21492380451918022
