10 0.7536231884057971 0.2644927536231884 0.03588681849551415 0.026570048309178744
5 0.8209109730848861 0.7288647342995169 0.08488612836438923 0.2693236714975845
4 0.23844030365769497 0.4293478260869565 0.06418219461697723 0.22342995169082125
4 0.33471359558316083 0.4323671497584541 0.062111801242236024 0.21980676328502413
4 0.43167701863354035 0.4365942028985507 0.06280193236714976 0.22342995169082125
4 0.528295376121463 0.43961352657004826 0.06280193236714976 0.21980676328502413
4 0.6245686680469289 0.4432367149758454 0.062111801242236024 0.2246376811594203
5 0.7308488612836439 0.7246376811594203 0.0841959972394755 0.2681159420289855
5 0.912008281573499 0.7324879227053139 0.08488612836438923 0.26690821256038644
10 0.8564527260179434 0.26751207729468596 0.028985507246376812 0.027777777777777776
10 0.2715665976535542 0.2433574879227053 0.029675638371290544 0.02294685990338164
10 0.42581090407177363 0.24456521739130432 0.028985507246376812 0.020531400966183572
10 0.46031746031746035 0.24214975845410627 0.02484472049689441 0.018115942028985508
9 0.5638371290545203 0.24456521739130432 0.028985507246376812 0.020531400966183572
9 0.6262939958592133 0.25603864734299514 0.031055900621118012 0.024154589371980676
10 0.12939958592132506 0.2361111111111111 0.029675638371290544 0.02294685990338164
4 0.1414768806073154 0.4251207729468599 0.06349206349206349 0.2246376811594203
