10 0.24492753623188407 0.832579185520362 0.021739130434782608 0.03619909502262444
10 0.1746376811594203 0.795475113122172 0.021739130434782608 0.03800904977375566
0 0.13369565217391305 0.45294117647058824 0.0644927536231884 0.09321266968325792
0 0.35398550724637684 0.6031674208144797 0.05434782608695652 0.07873303167420814
0 0.7858695652173913 0.9285067873303168 0.06304347826086956 0.08687782805429864
0 0.8148550724637681 0.8434389140271493 0.0644927536231884 0.09411764705882353
0 0.8485507246376812 0.7592760180995476 0.06666666666666667 0.09773755656108597
0 0.8739130434782609 0.6660633484162897 0.07101449275362319 0.0995475113122172
0 0.7373188405797102 0.4900452488687783 0.06159420289855073 0.0914027149321267
0 0.7057971014492753 0.5787330316742082 0.06521739130434782 0.09683257918552036
0 0.6793478260869565 0.5095022624434389 0.06159420289855073 0.08868778280542987
0 0.5902173913043478 0.7719457013574661 0.060144927536231886 0.09230769230769231
0 0.6431159420289855 0.7493212669683258 0.058695652173913045 0.09049773755656108
0 0.619927536231884 0.6873303167420814 0.06159420289855073 0.0914027149321267
0 0.6507246376811594 0.6013574660633484 0.06521739130434782 0.09683257918552036
10 0.07789855072463768 0.5506787330316743 0.034057971014492754 0.03167420814479638
10 0.11014492753623188 0.7656108597285068 0.02318840579710145 0.03800904977375566
10 0.1289855072463768 0.7728506787330317 0.02318840579710145 0.03800904977375566
10 0.14456521739130435 0.7809954751131222 0.02246376811594203 0.03800904977375566
10 0.15942028985507248 0.7900452488687784 0.021739130434782608 0.03800904977375566
10 0.44021739130434784 0.9710407239819004 0.03260869565217391 0.02895927601809955
10 0.40253623188405796 0.5615384615384615 0.025362318840579712 0.026244343891402715
9 0.36485507246376814 0.29592760180995475 0.04710144927536232 0.03800904977375566
0 0.0746376811594203 0.3076923076923077 0.07101449275362319 0.08506787330316742
