9 0.05359116022099448 0.7669902912621358 0.054143646408839785 0.07766990291262135
9 0.13756906077348066 0.5661407766990291 0.05856353591160222 0.08616504854368931
10 0.07292817679558011 0.21601941747572814 0.03314917127071824 0.050970873786407765
10 0.10165745856353592 0.22269417475728154 0.03314917127071824 0.05218446601941747
0 0.7955801104972376 0.5133495145631067 0.10607734806629834 0.1262135922330097
0 0.6961325966850829 0.7348300970873786 0.11049723756906078 0.13470873786407767
0 0.3707182320441989 0.8276699029126213 0.17569060773480663 0.1966019417475728
0 0.4132596685082873 0.6620145631067961 0.11049723756906078 0.13713592233009708
0 0.45524861878453043 0.5442961165048543 0.10828729281767957 0.12742718446601942
0 0.5574585635359116 0.3228155339805825 0.10276243093922653 0.12864077669902912
0 0.16187845303867404 0.28458737864077666 0.07403314917127073 0.11529126213592232
0 0.34861878453038675 0.04186893203883495 0.0850828729281768 0.08131067961165048
