1 0.24226441631504922 0.6484517304189436 0.0189873417721519 0.02185792349726776
1 0.5481715893108299 0.32604735883424407 0.04289732770745429 0.04371584699453552
1 0.44971870604782 0.4157559198542805 0.027426160337552744 0.028233151183970857
1 0.4651898734177215 0.383879781420765 0.026019690576652602 0.031876138433515486
1 0.47362869198312235 0.36475409836065575 0.026019690576652602 0.026411657559198543
1 0.480309423347398 0.3533697632058288 0.02109704641350211 0.02185792349726776
1 0.5267229254571026 0.35837887067395263 0.029535864978902954 0.028233151183970857
1 0.5059774964838256 0.39207650273224043 0.01617440225035162 0.01912568306010929
1 0.4982419127988748 0.3224043715846995 0.02461322081575246 0.023679417122040074
1 0.5042194092827005 0.30418943533697634 0.030942334739803096 0.03642987249544627
1 0.489803094233474 0.46994535519125685 0.023206751054852322 0.02185792349726776
1 0.6111111111111112 0.4772313296903461 0.02531645569620253 0.025500910746812384
1 0.6315049226441631 0.4048269581056466 0.023909985935302393 0.02459016393442623
1 0.6508438818565401 0.3806921675774135 0.03727144866385373 0.03825136612021858
1 0.6649085794655415 0.3465391621129326 0.028832630098452883 0.030054644808743168
1 0.6719409282700423 0.33378870673952643 0.026019690576652602 0.026411657559198543
1 0.6786216596343179 0.31010928961748635 0.02250351617440225 0.02459016393442623
1 0.6986638537271449 0.2836976320582878 0.026019690576652602 0.02459016393442623
1 0.4989451476793249 0.4216757741347905 0.030239099859353025 0.03278688524590164
1 0.43319268635724334 0.44808743169398907 0.02531645569620253 0.025500910746812384
1 0.21835443037974683 0.674408014571949 0.02180028129395218 0.022768670309653915
1 0.4078762306610408 0.29098360655737704 0.01828410689170183 0.01912568306010929
7 0.3779887482419128 0.34972677595628415 0.1990154711673699 0.36429872495446264
7 0.48241912798874825 0.41939890710382516 0.22784810126582278 0.38160291438979965
7 0.29430379746835444 0.7909836065573771 0.21026722925457103 0.34335154826958103
7 0.6761603375527426 0.377959927140255 0.19760900140646975 0.32786885245901637
7 0.5077355836849508 0.744535519125683 0.21518987341772153 0.3524590163934426
7 0.7647679324894515 0.4622040072859745 0.16244725738396626 0.30327868852459017
7 0.6072433192686357 0.7887067395264117 0.17088607594936708 0.31693989071038253
1 0.5133614627285513 0.29098360655737704 0.023909985935302393 0.02459016393442623
1 0.4746835443037975 0.476775956284153 0.03234880450070324 0.039162112932604735
1 0.5210970464135021 0.2540983606557377 0.01828410689170183 0.02185792349726776
1 0.3737693389592124 0.3802367941712204 0.023206751054852322 0.02459016393442623
1 0.2848101265822785 0.5455373406193078 0.026722925457102673 0.025500910746812384
1 0.39345991561181437 0.5783242258652095 0.06680731364275669 0.06557377049180328
1 0.4409282700421941 0.5564663023679417 0.04078762306610408 0.04189435336976321
1 0.4089310829817159 0.49271402550091076 0.035864978902953586 0.03825136612021858
1 0.4637834036568214 0.5009107468123861 0.026019690576652602 0.023679417122040074
1 0.6863572433192686 0.30145719489981787 0.02531645569620253 0.029143897996357013
1 0.7387482419127989 0.3132969034608379 0.02180028129395218 0.020036429872495445
1 0.7552742616033755 0.28415300546448086 0.02109704641350211 0.020036429872495445
1 0.33052039381153303 0.7836976320582878 0.03234880450070324 0.033697632058287796
1 0.5372714486638538 0.6370673952641166 0.04078762306610408 0.039162112932604735
1 0.3386075949367089 0.6407103825136612 0.026019690576652602 0.022768670309653915
1 0.35548523206751054 0.7090163934426229 0.023206751054852322 0.02459016393442623
1 0.32559774964838256 0.6584699453551912 0.01969057665260197 0.02185792349726776
1 0.3154008438818565 0.692167577413479 0.03164556962025317 0.03278688524590164
1 0.29711673699015473 0.7235883424408015 0.02461322081575246 0.028233151183970857
1 0.34001406469760903 0.7536429872495446 0.028832630098452883 0.02459016393442623
1 0.2837552742616034 0.7586520947176685 0.028832630098452883 0.0273224043715847
1 0.709563994374121 0.24726775956284153 0.02109704641350211 0.020947176684881604
1 0.2633614627285513 0.7882513661202186 0.02039381153305204 0.020947176684881604
1 0.26019690576652604 0.8032786885245902 0.02812939521800281 0.029143897996357013
1 0.2869198312236287 0.8588342440801457 0.03234880450070324 0.03460837887067395
1 0.23734177215189875 0.8561020036429873 0.030239099859353025 0.0273224043715847
1 0.1962025316455696 0.7304189435336976 0.03234880450070324 0.030965391621129327
1 0.20745428973277075 0.7153916211293261 0.03938115330520394 0.037340619307832425
1 0.21272855133614627 0.6980874316939891 0.03164556962025317 0.033697632058287796
1 0.5263713080168776 0.6584699453551912 0.03727144866385373 0.03825136612021858
1 0.5112517580872011 0.6999089253187614 0.035161744022503515 0.033697632058287796
1 0.48839662447257387 0.7331511839708561 0.04430379746835443 0.04189435336976321
1 0.4778481012658228 0.7786885245901639 0.03164556962025317 0.03278688524590164
1 0.8076652601969058 0.32695810564663025 0.052742616033755275 0.05100182149362477
1 0.7770745428973277 0.4207650273224044 0.01687763713080169 0.018214936247723135
1 0.7668776371308017 0.44398907103825136 0.017580872011251757 0.01912568306010929
1 0.7626582278481013 0.4521857923497268 0.017580872011251757 0.01912568306010929
1 0.7482419127988749 0.4854280510018215 0.01687763713080169 0.020036429872495445
1 0.6719409282700423 0.6343351548269581 0.03727144866385373 0.033697632058287796
1 0.629395218002813 0.7340619307832422 0.01969057665260197 0.020036429872495445
1 0.6146272855133614 0.7663934426229508 0.01969057665260197 0.01912568306010929
1 0.6061884669479606 0.77367941712204 0.02109704641350211 0.020947176684881604
1 0.5977496483825598 0.796448087431694 0.01969057665260197 0.020947176684881604
1 0.5931786216596343 0.8064663023679417 0.02180028129395218 0.022768670309653915
1 0.5763009845288326 0.837431693989071 0.02039381153305204 0.020947176684881604
1 0.4919127988748242 0.8556466302367942 0.03305203938115331 0.03551912568306011
1 0.4307313642756681 0.8438069216757741 0.04992967651195499 0.05191256830601093
1 0.5130098452883263 0.8087431693989071 0.02180028129395218 0.020036429872495445
7 0.20710267229254573 0.6935336976320583 0.1947960618846695 0.35792349726775957
