10 0.9833029751062539 0.799288256227758 0.013964784456587736 0.029893238434163704
10 0.13479052823315119 0.9889679715302492 0.020643594414086218 0.02206405693950178
4 0.5625379477838495 0.24661921708185056 0.07710989678202794 0.14163701067615658
4 0.6451123254401944 0.2701067615658363 0.0758955676988464 0.1402135231316726
4 0.7255616272009715 0.2932384341637011 0.07650273224043716 0.13807829181494663
4 0.5206435944140863 0.4526690391459075 0.0758955676988464 0.13950177935943062
4 0.6017000607164542 0.47615658362989327 0.07650273224043716 0.13950177935943062
4 0.6827565270188222 0.49964412811387904 0.07710989678202794 0.13950177935943062
4 0.8041894353369764 0.5348754448398577 0.0758955676988464 0.1387900355871886
4 0.8472981177899211 0.32811387900355876 0.07710989678202794 0.13950177935943062
14 0.3327261687917426 0.7373665480427046 0.25136612021857924 0.27473309608540925
10 0.018822100789313904 0.6323843416370107 0.020643594414086218 0.024911032028469754
10 0.051001821493624776 0.8177935943060499 0.02185792349726776 0.02419928825622776
10 0.023679417122040074 0.7921708185053381 0.020643594414086218 0.025622775800711747
10 0.03066180935033394 0.8693950177935944 0.02125075895567699 0.024911032028469754
10 0.09502125075895568 0.8669039145907473 0.022465088038858532 0.025622775800711747
10 0.1156648451730419 0.8882562277580072 0.022465088038858532 0.025622775800711747
10 0.15361262902246509 0.9345195729537367 0.02185792349726776 0.02419928825622776
10 0.1323618700667881 0.908185053380783 0.020643594414086218 0.02419928825622776
10 0.06678809957498483 0.907829181494662 0.02185792349726776 0.024911032028469754
10 0.07316332726168792 0.8430604982206407 0.02610807528840316 0.027758007117437724
10 0.08652094717668489 0.9277580071174378 0.022465088038858532 0.027758007117437724
10 0.04796599878567092 0.8875444839857652 0.020643594414086218 0.02419928825622776
10 0.10170006071645417 0.9473309608540926 0.023679417122040074 0.02704626334519573
10 0.11809350333940498 0.9679715302491104 0.022465088038858532 0.02704626334519573
4 0.4817850637522769 0.2227758007117438 0.07710989678202794 0.13950177935943062
