13 0.7524928774928775 0.5134529147982063 0.15598290598290598 0.3488789237668162
13 0.5893874643874644 0.5076233183856502 0.1574074074074074 0.34618834080717487
4 0.17272079772079774 0.5973094170403588 0.032051282051282055 0.08251121076233184
4 0.22293447293447294 0.5995515695067265 0.03276353276353276 0.08340807174887893
4 0.27172364672364674 0.6017937219730942 0.03347578347578348 0.08251121076233184
4 0.2200854700854701 0.7228699551569506 0.03276353276353276 0.08251121076233184
4 0.26851851851851855 0.7246636771300449 0.03418803418803419 0.08251121076233184
4 0.31873219373219375 0.726457399103139 0.03347578347578348 0.08251121076233184
4 0.3158831908831909 0.8488789237668162 0.03347578347578348 0.08161434977578476
4 0.36502849002849 0.852017937219731 0.03347578347578348 0.08251121076233184
5 0.4166666666666667 0.7255605381165919 0.044159544159544165 0.09327354260089686
5 0.3685897435897436 0.7242152466367713 0.04202279202279202 0.09417040358744394
14 0.47008547008547014 0.262780269058296 0.06267806267806268 0.04304932735426009
5 0.42022792022792027 0.8533632286995516 0.044159544159544165 0.1031390134529148
3 0.057692307692307696 0.18251121076233184 0.10683760683760685 0.13004484304932737
14 0.5096153846153847 0.19865470852017938 0.13746438746438747 0.08161434977578476
14 0.5462962962962963 0.10224215246636771 0.10256410256410257 0.08430493273542601
13 0.3133903133903134 0.29551569506726455 0.18376068376068377 0.3811659192825112
