10 0.4907110826393337 0.02462908011869436 0.029468289557975653 0.018397626112759642
10 0.08872517616912236 0.20029673590504452 0.018577834721332478 0.02314540059347181
10 0.4497117232543241 0.15044510385756676 0.020499679692504803 0.025519287833827894
10 0.5566944266495836 0.12551928783382788 0.028187059577194105 0.018397626112759642
10 0.1467008327994875 0.28219584569732936 0.025624599615631002 0.02433234421364985
10 0.10121716848174246 0.2738872403560831 0.025624599615631002 0.02314540059347181
10 0.055413196668802046 0.26439169139465873 0.02498398462524023 0.02314540059347181
10 0.015054452274183215 0.1913946587537092 0.01985906470211403 0.025519287833827894
10 0.060538116591928245 0.19317507418397625 0.014734144778987827 0.02314540059347181
10 0.04388212684176809 0.1913946587537092 0.018577834721332478 0.025519287833827894
10 0.12011531069827033 0.2089020771513353 0.017296604740550926 0.024925816023738872
10 0.2604099935938501 0.039762611275964393 0.01985906470211403 0.02373887240356083
10 0.14798206278026904 0.21305637982195844 0.017937219730941704 0.024925816023738872
4 0.8235105701473414 0.5777448071216617 0.09288917360666239 0.11810089020771512
4 0.7607303010890455 0.6002967359050445 0.09417040358744394 0.11810089020771512
4 0.6944266495836002 0.44777448071216613 0.09224855861627161 0.11810089020771512
4 0.7568866111467007 0.42492581602373886 0.09417040358744394 0.11750741839762611
4 0.6905829596412556 0.272700296735905 0.09352978859705316 0.11810089020771512
4 0.6294042280589366 0.2940652818991098 0.09288917360666239 0.11810089020771512
3 0.4855861627162075 0.4142433234421365 0.16784112748238308 0.15311572700296736
10 0.43754003843689937 0.1548961424332344 0.020499679692504803 0.026112759643916912
10 0.017937219730941704 0.8065281899109792 0.026905829596412554 0.021364985163204748
10 0.02370275464445868 0.7946587537091988 0.023062139654067903 0.017804154302670624
10 0.027546444586803328 0.7833827893175074 0.026905829596412554 0.018991097922848664
10 0.4766175528507367 0.14391691394658754 0.019218449711723252 0.025519287833827894
10 0.5480461242793081 0.10029673590504451 0.027546444586803328 0.017804154302670624
10 0.5528507367072389 0.11275964391691394 0.026905829596412554 0.020178041543026704
10 0.039077514413837285 0.6928783382789317 0.032030749519538756 0.019584569732937686
10 0.030749519538757205 0.6673590504451038 0.023062139654067903 0.018397626112759642
10 0.021140294682895577 0.6563798219584569 0.025624599615631002 0.018991097922848664
10 0.2642536835361947 0.30830860534124627 0.017296604740550926 0.02433234421364985
10 0.027546444586803328 0.2572700296735905 0.028187059577194105 0.027893175074183974
10 0.07367072389493913 0.2658753709198813 0.025624599615631002 0.02373887240356083
10 0.041319666880205 0.26142433234421364 0.02498398462524023 0.02314540059347181
10 0.029468289557975653 0.19080118694362017 0.020499679692504803 0.026706231454005934
10 0.03299167200512492 0.6801186943620178 0.02370275464445868 0.017804154302670624
10 0.04035874439461883 0.7047477744807121 0.023062139654067903 0.016023738872403562
10 0.046124279308135806 0.7281899109792285 0.025624599615631002 0.01661721068249258
10 0.04548366431774503 0.7519287833827893 0.026905829596412554 0.020178041543026704
10 0.038436899423446504 0.7611275964391692 0.025624599615631002 0.019584569732937686
10 0.03139013452914798 0.7724035608308605 0.025624599615631002 0.020771513353115726
3 0.3235105701473414 0.7359050445103857 0.16399743754003843 0.14362017804154303
