9 0.5281250000000001 0.17805005213764338 0.028125 0.015119916579770595
1 0.362890625 0.5437956204379563 0.049218750000000006 0.04275286757038582
1 0.32421875 0.3777372262773723 0.053125000000000006 0.04640250260688217
1 0.38593750000000004 0.3568821689259646 0.05 0.04535974973931178
1 0.44257812500000004 0.3954640250260688 0.05390625 0.04640250260688217
1 0.38710937500000003 0.41631908237747656 0.055468750000000004 0.04744525547445256
1 0.33203125 0.4348279457768509 0.0484375 0.04275286757038582
1 0.27773437500000003 0.4590719499478624 0.05234375 0.0443169968717414
1 0.5222656250000001 0.48383733055265904 0.047656250000000004 0.040667361835245046
1 0.4734375 0.5046923879040668 0.0484375 0.04275286757038582
1 0.421484375 0.5232012513034411 0.049218750000000006 0.040145985401459854
1 0.39765625000000004 0.536235662148071 0.0421875 0.0370177267987487
1 0.591015625 0.5119916579770595 0.039843750000000004 0.03441084462982273
1 0.21601562500000002 0.4340458811261731 0.06953125 0.06830031282586027
1 0.575390625 0.5239833159541188 0.025781250000000002 0.021897810218978103
1 0.5453125 0.5320646506777894 0.0421875 0.03597497393117831
1 0.516015625 0.5422314911366006 0.041406250000000006 0.035453597497393116
1 0.47265625 0.556830031282586 0.040625 0.035453597497393116
1 0.4453125 0.5667361835245047 0.0390625 0.03441084462982273
1 0.42734375 0.5818561001042754 0.0421875 0.03753910323253389
1 0.39921875 0.5844629822732013 0.0390625 0.03441084462982273
1 0.6359375 0.609228362877998 0.043750000000000004 0.03910323253388947
1 0.607421875 0.6186131386861314 0.05234375 0.04535974973931178
1 0.560546875 0.6386861313868614 0.039843750000000004 0.035453597497393116
1 0.2671875 0.39963503649635035 0.053125000000000006 0.04744525547445256
1 0.09062500000000001 0.3029197080291971 0.09062500000000001 0.09071949947862357
9 0.5375 0.18795620437956204 0.03125 0.017205422314911366
1 0.23359375000000002 0.2213242961418144 0.037500000000000006 0.032846715328467155
7 0.36796875 0.39181438998957246 0.33125000000000004 0.17570385818561002
7 0.476171875 0.5276329509906152 0.29921875000000003 0.16266944734098018
7 0.59765625 0.6566736183524505 0.3046875 0.17257559958289886
7 0.7453125 0.8263816475495308 0.30781250000000004 0.18978102189781024
1 0.09648437500000001 0.14937434827945778 0.05859375 0.025547445255474453
1 0.107421875 0.26564129301355577 0.03828125 0.03597497393117831
1 0.13398437500000002 0.2580813347236705 0.04453125 0.03649635036496351
1 0.160546875 0.24895724713242962 0.04609375 0.0370177267987487
1 0.185546875 0.23879040667361837 0.049218750000000006 0.040667361835245046
1 0.21015625000000002 0.2281021897810219 0.043750000000000004 0.04118873826903024
1 0.26171875 0.21063607924921793 0.046875 0.03858185610010428
1 0.38203125000000004 0.22575599582898853 0.0546875 0.05318039624608968
1 0.28750000000000003 0.20099061522419187 0.043750000000000004 0.0370177267987487
1 0.3125 0.193169968717414 0.028125 0.022419186652763295
1 0.33359375 0.18639207507820646 0.040625 0.03597497393117831
1 0.350390625 0.1704900938477581 0.049218750000000006 0.045881126173096975
1 0.142578125 0.31047966631908236 0.055468750000000004 0.048488008342022944
1 0.17421875 0.29874869655891556 0.053125000000000006 0.04796663190823775
1 0.20820312500000002 0.2893639207507821 0.055468750000000004 0.049009384775808136
1 0.2671875 0.26564129301355577 0.060937500000000006 0.0516162669447341
1 0.326171875 0.24452554744525548 0.05390625 0.045881126173096975
1 0.35468750000000004 0.23357664233576642 0.051562500000000004 0.04483837330552659
1 0.5265625 0.6488529718456726 0.03125 0.025547445255474453
1 0.45429687500000004 0.6869134515119917 0.06015625 0.05474452554744526
1 0.726171875 0.6397288842544318 0.06171875 0.056308654848800835
9 0.6058593750000001 0.264859228362878 0.03359375 0.022940563086548488
10 0.6472656250000001 0.28884254431699685 0.02734375 0.022940563086548488
10 0.75 0.2755474452554745 0.028125 0.020333680917622523
10 0.598828125 0.16553701772679874 0.02734375 0.015119916579770595
9 0.544140625 0.08993743482794578 0.02734375 0.017205422314911366
9 0.5578125 0.08211678832116788 0.026562500000000003 0.020333680917622523
9 0.6937500000000001 0.07273201251303442 0.021875000000000002 0.02137643378519291
9 0.513671875 0.13503649635036497 0.02734375 0.01042752867570386
9 0.5105468750000001 0.14676746611053182 0.02421875 0.009906152241918665
9 0.57421875 0.23070907194994786 0.0328125 0.017205422314911366
9 0.61484375 0.27580813347236705 0.035937500000000004 0.026068821689259645
9 0.6687500000000001 0.28832116788321166 0.015625 0.018769551616266946
1 0.607421875 0.6814389989572471 0.06171875 0.05526590198123045
9 0.702734375 0.2875391032325339 0.01953125 0.018248175182481754
9 0.7660156250000001 0.2677267987486966 0.02734375 0.01929092805005214
9 0.77890625 0.2567778936392075 0.029687500000000002 0.018248175182481754
9 0.792578125 0.2359228362877998 0.02890625 0.015119916579770595
9 0.79609375 0.19395203336809178 0.037500000000000006 0.01251303441084463
9 0.654296875 0.2218456725755996 0.03671875 0.02137643378519291
9 0.640234375 0.2137643378519291 0.03359375 0.017726798748696558
9 0.698828125 0.14416058394160583 0.030468750000000003 0.018248175182481754
9 0.7125 0.160844629822732 0.03125 0.014077163712200209
9 0.728515625 0.2051616266944734 0.039843750000000004 0.013034410844629822
10 0.594140625 0.2578206465067779 0.02890625 0.020333680917622523
10 0.626953125 0.20099061522419187 0.02890625 0.01616266944734098
10 0.786328125 0.16475495307612095 0.02890625 0.013555787278415016
10 0.7855468750000001 0.24687174139728885 0.02734375 0.014077163712200209
1 0.5484375 0.7030761209593327 0.0625 0.0589155370177268
1 0.519921875 0.7179353493222107 0.06328125 0.059436913451511995
1 0.6351562500000001 0.829509906152242 0.059375000000000004 0.05526590198123045
1 0.69453125 0.8073514077163713 0.05625 0.04953076120959333
1 0.76171875 0.7841501564129302 0.05625 0.051094890510948905
1 0.681640625 0.885036496350365 0.05859375 0.05578727841501564
1 0.7515625 0.8641814389989573 0.065625 0.05995828988529719
1 0.8015625000000001 0.8362877997914494 0.051562500000000004 0.04483837330552659
1 0.8210937500000001 0.8196037539103233 0.0328125 0.029197080291970802
1 0.84375 0.8110010427528676 0.035937500000000004 0.038060479666319084
1 0.625 0.8821689259645464 0.09062500000000001 0.07820646506777894
10 0.5378906250000001 0.1024504692387904 0.032031250000000004 0.01929092805005214
10 0.519921875 0.12356621480709072 0.03515625 0.013555787278415016
10 0.5164062500000001 0.15745568300312826 0.029687500000000002 0.013555787278415016
10 0.521875 0.16840458811261733 0.03125 0.01564129301355579
10 0.571875 0.18222106360792492 0.018750000000000003 0.020333680917622523
10 0.6097656250000001 0.1835245046923879 0.02890625 0.016684045881126174
10 0.7210937500000001 0.21741397288842546 0.029687500000000002 0.014598540145985401
10 0.716015625 0.23149113660062565 0.02890625 0.02085505735140772
10 0.630078125 0.28362877997914493 0.02734375 0.02085505735140772
10 0.7351562500000001 0.28388946819603755 0.026562500000000003 0.020333680917622523
7 0.241015625 0.24817518248175183 0.32734375000000004 0.17831074035453598
