10 0.5545924574209246 0.0742087254063302 0.01064476885644769 0.01924721984602224
1 0.4189476885644769 0.5885372112917023 0.02281021897810219 0.015397775876817793
1 0.5253953771289538 0.6291702309666382 0.034367396593673966 0.0213857998289136
1 0.5191605839416058 0.6659538066723695 0.02737226277372263 0.01710863986313088
1 0.5209854014598541 0.6822070145423439 0.03649635036496351 0.0213857998289136
1 0.5182481751824818 0.7010265183917879 0.0340632603406326 0.01967493584260051
1 0.5145985401459854 0.7350299401197604 0.03102189781021898 0.01924721984602224
1 0.510492700729927 0.7882805816937553 0.03193430656934307 0.018819503849443968
1 0.5112530413625305 0.8088109495295124 0.032846715328467155 0.018819503849443968
1 0.5103406326034063 0.8278443113772455 0.02980535279805353 0.01924721984602224
1 0.5889598540145986 0.8344739093242087 0.029501216545012168 0.017964071856287425
1 0.5958029197080292 0.8154405474764755 0.026763990267639905 0.01753635585970915
1 0.5942822384428224 0.795551753635586 0.035888077858880776 0.023096663815226688
1 0.596411192214112 0.7778015397775876 0.029197080291970802 0.016680923866552608
1 0.5929136253041363 0.759623609923011 0.03680048661800487 0.020530367835757055
1 0.5977798053527981 0.7399486740804105 0.029501216545012168 0.01710863986313088
1 0.5989963503649636 0.7207014542343884 0.03680048661800487 0.01967493584260051
1 0.5188564476885645 0.6060735671514115 0.05048661800486618 0.022241231822070145
1 0.41529805352798055 0.6223267750213858 0.026459854014598543 0.014542343883661248
1 0.44601581508515814 0.6379384088964927 0.02281021897810219 0.014970059880239521
1 0.41362530413625304 0.6385799828913601 0.026763990267639905 0.015397775876817793
1 0.4443430656934307 0.6704448246364414 0.021897810218978103 0.013259195893926433
1 0.44343065693430656 0.6856287425149701 0.022506082725060828 0.013686911890504704
1 0.44130170316301703 0.7014542343883661 0.02128953771289538 0.013686911890504704
1 0.4416058394160584 0.7181351582549187 0.02128953771289538 0.01283147989734816
1 0.44038929440389296 0.7348160821214713 0.022506082725060828 0.014542343883661248
1 0.4391727493917275 0.751710863986313 0.023114355231143552 0.014970059880239521
1 0.4397810218978102 0.7686056458511548 0.02128953771289538 0.011976047904191616
1 0.4375 0.7829341317365269 0.01672749391727494 0.008982035928143712
1 0.43643552311435524 0.8015397775876817 0.021897810218978103 0.01283147989734816
1 0.43628345498783455 0.8199315654405475 0.02159367396593674 0.01283147989734816
1 0.4034367396593674 0.816082121471343 0.031326034063260344 0.01710863986313088
1 0.40784671532846717 0.7615483319076133 0.029197080291970802 0.016680923866552608
1 0.4095194647201947 0.7431565440547476 0.02524330900243309 0.014970059880239521
1 0.41104014598540145 0.6911890504704875 0.027068126520681267 0.015397775876817793
1 0.41210462287104627 0.6738665526090676 0.024330900243309004 0.013259195893926433
1 0.6029501216545012 0.6811377245508982 0.03497566909975669 0.018391787852865698
1 0.6029501216545012 0.6629597946963216 0.030109489051094892 0.017964071856287425
1 0.6668187347931873 0.8449529512403764 0.025851581508515815 0.016680923866552608
1 0.6666666666666666 0.8278443113772455 0.025547445255474453 0.016680923866552608
1 0.773418491484185 0.7260479041916167 0.019464720194647202 0.012403763900769887
1 0.7741788321167884 0.7397348160821214 0.014902676399026765 0.013259195893926433
1 0.7725060827250608 0.7559880239520957 0.021897810218978103 0.012403763900769887
1 0.7714416058394161 0.7715996578272027 0.020985401459854017 0.01283147989734816
1 0.7696167883211679 0.78464499572284 0.018552311435523116 0.012403763900769887
1 0.7475669099756691 0.768819503849444 0.0170316301703163 0.012403763900769887
1 0.7455900243309003 0.7822925577416595 0.019768856447688565 0.01283147989734816
1 0.7455900243309003 0.797262617621899 0.01916058394160584 0.01283147989734816
1 0.7685523114355232 0.8141573994867408 0.020072992700729927 0.011548331907613344
1 0.7407238442822385 0.8545765611633874 0.01672749391727494 0.011120615911035072
1 0.8269464720194647 0.6582549187339606 0.0413625304136253 0.04704875962360992
1 0.8439781021897811 0.6456372968349016 0.021897810218978103 0.024379811804961505
1 0.8213199513381996 0.6263900769888794 0.01916058394160584 0.022668947818648415
1 0.8541666666666667 0.6186911890504705 0.022201946472019465 0.02609067579127459
1 0.8594890510948905 0.6047904191616766 0.020072992700729927 0.023096663815226688
1 0.7501520681265207 0.7224123182207014 0.02037712895377129 0.01283147989734816
1 0.7576034063260341 0.7038066723695466 0.03527980535279805 0.01924721984602224
1 0.6926703163017032 0.6766467065868264 0.042274939172749396 0.018819503849443968
1 0.697536496350365 0.7709580838323353 0.02159367396593674 0.011548331907613344
1 0.6952554744525548 0.833404619332763 0.02128953771289538 0.012403763900769887
1 0.6969282238442822 0.8167236954662104 0.020985401459854017 0.012403763900769887
1 0.6700121654501217 0.8107356715141146 0.023114355231143552 0.014114627887082976
1 0.6683394160583942 0.795551753635586 0.027068126520681267 0.015397775876817793
1 0.6963199513381996 0.8026090675791274 0.020985401459854017 0.012403763900769887
1 0.6963199513381996 0.7874251497005987 0.016119221411192215 0.011120615911035072
1 0.673205596107056 0.7803678357570573 0.024635036496350366 0.015825491873396064
1 0.7011861313868614 0.6982463644140291 0.018552311435523116 0.011548331907613344
1 0.6721411192214112 0.7615483319076133 0.02372262773722628 0.015825491873396064
1 0.6986009732360098 0.7570573139435415 0.018248175182481754 0.01283147989734816
1 0.6709245742092458 0.7457228400342173 0.023114355231143552 0.014970059880239521
1 0.6719890510948905 0.7296834901625321 0.02159367396593674 0.014542343883661248
1 0.6751824817518248 0.7125748502994012 0.023114355231143552 0.014542343883661248
1 0.7019464720194647 0.7125748502994012 0.017639902676399026 0.01283147989734816
1 0.44525547445255476 0.6550470487596236 0.020072992700729927 0.013259195893926433
1 0.44753649635036497 0.6227544910179641 0.019768856447688565 0.011976047904191616
1 0.8442822384428224 0.5750641573994867 0.018856447688564478 0.02181351582549187
1 0.052463503649635035 0.3746792130025663 0.03923357664233577 0.04448246364414029
1 0.08242092457420924 0.3278443113772455 0.02980535279805353 0.03293413173652694
1 0.08972019464720195 0.3103079555175363 0.03223844282238443 0.03806672369546621
1 0.09747566909975669 0.29298545765611633 0.031326034063260344 0.03421727972626176
1 0.10507907542579076 0.27416595380667236 0.028284671532846715 0.03165098374679213
1 0.11131386861313869 0.25727117194183063 0.02980535279805353 0.034644995722840036
1 0.11998175182481752 0.24144568006843456 0.030109489051094892 0.03378956372968349
1 0.12940997566909976 0.22497861420017107 0.034367396593673966 0.036783575705731396
1 0.13579683698296838 0.20658682634730538 0.03315085158150852 0.03849443969204448
1 0.14157542579075427 0.18840889649272882 0.026459854014598543 0.0320786997433704
1 0.2150243309002433 0.2508554319931565 0.035888077858880776 0.038922155688622756
1 0.25517031630170317 0.28100940975192473 0.03649635036496351 0.04020530367835757
1 0.24741484184914841 0.2964071856287425 0.02889294403892944 0.0350727117194183
1 0.21046228710462286 0.27181351582549185 0.02980535279805353 0.03378956372968349
1 0.2370742092457421 0.31073567151411463 0.024635036496350366 0.028656971770744225
1 0.2176094890510949 0.3588537211291702 0.028284671532846715 0.03165098374679213
1 0.07405717761557178 0.3432420872540633 0.031326034063260344 0.034644995722840036
7 0.31858272506082724 0.676218990590248 0.0885036496350365 0.2780153977758768
1 0.4487530413625304 0.6082121471343028 0.024635036496350366 0.015397775876817793
7 0.4254866180048662 0.6993156544054747 0.07116788321167883 0.25406330196749355
7 0.19449513381995134 0.3562874251497006 0.14142335766423358 0.2412318220701454
7 0.11770072992700731 0.6013686911890505 0.009732360097323601 0.10778443113772454
7 0.10918491484184915 0.7309666381522668 0.024939172749391728 0.15568862275449102
7 0.2937956204379562 0.4377673224978614 0.14233576642335766 0.2596236099230111
7 0.38701338199513385 0.2653977758768178 0.09458637469586376 0.1757912745936698
7 0.4496654501216545 0.3560735671514114 0.14081508515815086 0.2519247219846022
7 0.5393856447688564 0.40996578272027373 0.11770072992700731 0.21599657827202737
7 0.6190693430656935 0.46770744225834043 0.10979318734793188 0.1860564585115483
7 0.6989051094890512 0.512617621899059 0.09428223844282238 0.15782720273738238
7 0.7750912408759124 0.5639435414884516 0.08424574209245743 0.1407185628742515
7 0.8447384428223844 0.6082121471343028 0.07086374695863747 0.10863986313088109
7 0.7576034063260341 0.7857142857142857 0.05170316301703163 0.1514114627887083
7 0.6830900243309003 0.7666809238665526 0.057177615571776155 0.17065868263473052
7 0.6015815085158152 0.7446535500427716 0.05656934306569343 0.19674935842600513
7 0.5153588807785888 0.7239093242087253 0.0593065693430657 0.2245508982035928
1 0.21076642335766424 0.3738237810094097 0.026155717761557177 0.03165098374679213
1 0.19738442822384428 0.4069717707442258 0.028588807785888078 0.031223267750213855
1 0.19008515815085159 0.42343883661248927 0.028588807785888078 0.033361847733105215
1 0.18415450121654503 0.43862275449101795 0.025851581508515815 0.02951240376390077
1 0.2954683698296837 0.7737382378100941 0.04470802919708029 0.0213857998289136
1 0.30413625304136255 0.7275449101796407 0.035888077858880776 0.018819503849443968
1 0.34108880778588807 0.7251924721984602 0.024635036496350366 0.015825491873396064
1 0.34108880778588807 0.7087254063301968 0.027068126520681267 0.01710863986313088
1 0.30428832116788324 0.7046621043627032 0.035583941605839414 0.020958083832335328
1 0.3083941605839416 0.6845594525235243 0.03223844282238443 0.01753635585970915
1 0.3420012165450122 0.6926860564585116 0.024026763990267642 0.014114627887082976
1 0.3447384428223844 0.6591103507271172 0.02767639902676399 0.01710863986313088
1 0.3465632603406326 0.6255346449957228 0.024635036496350366 0.015825491873396064
1 0.3500608272506083 0.5932420872540632 0.022506082725060828 0.015397775876817793
1 0.35021289537712896 0.5767750213857998 0.02524330900243309 0.016680923866552608
1 0.35036496350364965 0.5596663815226689 0.025547445255474453 0.015825491873396064
1 0.3476277372262774 0.5412745936698032 0.03223844282238443 0.015825491873396064
1 0.4318734793187348 0.5656544054747648 0.046228710462287104 0.030367835757057312
1 0.44936131386861317 0.5913173652694611 0.020985401459854017 0.013259195893926433
1 0.3359184914841849 0.8083832335329341 0.025851581508515815 0.016253207869974338
12 0.34397810218978103 0.9236526946107784 0.024330900243309004 0.035500427715996576
1 0.12302311435523115 0.7125748502994012 0.025851581508515815 0.036783575705731396
1 0.1852189781021898 0.3321214713430282 0.037712895377128956 0.04148845166809238
1 0.17670316301703162 0.454448246364414 0.03223844282238443 0.03721129170230966
1 0.15282846715328469 0.4604362703165098 0.03801703163017032 0.04148845166809238
1 0.14507299270072993 0.4255774165953806 0.032846715328467155 0.036783575705731396
1 0.15921532846715328 0.3881522668947818 0.035583941605839414 0.03806672369546621
1 0.17031630170316303 0.37147134302822926 0.02980535279805353 0.034644995722840036
1 0.1768552311435523 0.3509409751924722 0.03315085158150852 0.039777587681779296
1 0.19038929440389296 0.3111633875106929 0.03467153284671533 0.039777587681779296
1 0.12560827250608272 0.65098374679213 0.009124087591240877 0.030795551753635585
1 0.20164233576642338 0.2966210436270316 0.029197080291970802 0.034644995722840036
1 0.24711070559610707 0.4942258340461933 0.030717761557177616 0.03635585970915312
1 0.2655109489051095 0.4595808383233533 0.027980535279805353 0.034644995722840036
1 0.2735705596107056 0.4407613344739093 0.027068126520681267 0.031223267750213855
1 0.12454379562043796 0.5637296834901625 0.010036496350364963 0.03421727972626176
1 0.1257603406326034 0.6075705731394354 0.01064476885644769 0.03378956372968349
1 0.8651155717761557 0.5936698032506416 0.020985401459854017 0.023096663815226688
1 0.8389598540145986 0.5926005132591958 0.01672749391727494 0.02181351582549187
10 0.5431873479318735 0.06586826347305388 0.012773722627737226 0.020530367835757055
10 0.15678223844282238 0.03635585970915312 0.01186131386861314 0.020530367835757055
10 0.17852798053527982 0.008982035928143712 0.010340632603406326 0.01710863986313088
10 0.3724148418491484 0.9463216424294268 0.01551094890510949 0.0106928999144568
10 0.3772810218978102 0.913601368691189 0.005778588807785888 0.016253207869974338
10 0.38442822384428227 0.913601368691189 0.006082725060827251 0.014542343883661248
10 0.3915754257907543 0.9138152266894781 0.006386861313868613 0.015825491873396064
10 0.3987226277372263 0.9157399486740804 0.005474452554744526 0.015397775876817793
10 0.4049574209245742 0.9163815226689478 0.005170316301703163 0.016680923866552608
10 0.4119525547445256 0.9174508126603934 0.005778588807785888 0.016253207869974338
10 0.42731143552311435 0.9187339606501282 0.006082725060827251 0.01967493584260051
10 0.3975060827250608 0.9486740804106073 0.012773722627737226 0.010265183917878527
10 0.4286800486618005 0.9582976903336184 0.014902676399026765 0.016680923866552608
10 0.44601581508515814 0.9659965782720273 0.01186131386861314 0.008982035928143712
10 0.47779805352798055 0.9707014542343884 0.014598540145985401 0.008982035928143712
10 0.5196167883211679 0.9247219846022241 0.005170316301703163 0.014542343883661248
10 0.5272201946472019 0.9245081266039349 0.005170316301703163 0.014970059880239521
10 0.16757907542579076 0.04597946963216424 0.010948905109489052 0.01924721984602224
10 0.13366788321167883 0.017322497861420018 0.01064476885644769 0.018391787852865698
1 0.3768248175182482 0.29790419161676646 0.026155717761557177 0.031223267750213855
10 0.12804136253041362 0.01283147989734816 0.010340632603406326 0.017964071856287425
1 0.3626824817518248 0.3246364414029084 0.027068126520681267 0.030795551753635585
1 0.35097323600973235 0.3535072711719418 0.025547445255474453 0.028656971770744225
1 0.3451946472019465 0.36847733105218133 0.023114355231143552 0.02609067579127459
1 0.34078467153284675 0.3825919589392643 0.02281021897810219 0.026946107784431135
1 0.3328771289537713 0.3943541488451668 0.024635036496350366 0.028229255774165952
1 0.32679440389294406 0.4084687767322498 0.028284671532846715 0.03165098374679213
1 0.3199513381995134 0.4221556886227545 0.025547445255474453 0.029940119760479042
1 0.28102189781021897 0.4236526946107784 0.030413625304136254 0.03721129170230966
1 0.2922749391727494 0.4076133447390932 0.024330900243309004 0.028229255774165952
1 0.2980535279805353 0.38772455089820357 0.031630170316301706 0.034644995722840036
1 0.30489659367396593 0.36911890504704875 0.03254257907542579 0.03934987168520102
1 0.31356447688564476 0.3500855431993156 0.03223844282238443 0.03806672369546621
1 0.32436131386861317 0.33126603934987164 0.025851581508515815 0.030367835757057312
10 0.009428223844282239 0.044054747647562016 0.013990267639902677 0.016253207869974338
10 0.006690997566909976 0.1193327630453379 0.009124087591240877 0.015397775876817793
10 0.5466849148418491 0.9268605645851155 0.006995133819951338 0.016253207869974338
10 0.5666058394160584 0.9307100085543198 0.005474452554744526 0.01710863986313088
10 0.5854622871046229 0.9337040205303678 0.007907542579075427 0.02395209580838323
10 0.5532238442822385 0.9692044482463643 0.012773722627737226 0.009409751924721984
10 0.826338199513382 0.3017536355859709 0.010948905109489052 0.018391787852865698
10 0.8114355231143553 0.25748502994011974 0.013990267639902677 0.015397775876817793
10 0.8331812652068127 0.30645851154833187 0.011253041362530414 0.01924721984602224
10 0.8385036496350365 0.31159110350727115 0.011557177615571776 0.020102651839178785
10 0.8867092457420925 0.3515825491873396 0.011253041362530414 0.01967493584260051
10 0.8932481751824818 0.35671514114627884 0.009732360097323601 0.01710863986313088
10 0.898418491484185 0.3629170230966638 0.010340632603406326 0.020102651839178785
10 0.7373783454987834 0.19525235243798117 0.013077858880778588 0.015825491873396064
10 0.691757907542579 0.19439692044482462 0.014294403892944039 0.016680923866552608
10 0.7198905109489051 0.21899059024807527 0.0170316301703163 0.01967493584260051
10 0.6960158150851582 0.2743798118049615 0.014294403892944039 0.016680923866552608
10 0.6986009732360098 0.2656116338751069 0.014598540145985401 0.016253207869974338
10 0.6745742092457421 0.23310521813515825 0.013381995133819952 0.015397775876817793
10 0.6680352798053528 0.2489307100085543 0.01186131386861314 0.013686911890504704
10 0.5948905109489051 0.07399486740804105 0.015206812652068127 0.017964071856287425
10 0.9355231143552312 0.43349016253207867 0.012773722627737226 0.014114627887082976
10 0.9329379562043796 0.4424721984602224 0.013686131386861315 0.015825491873396064
10 0.926094890510949 0.45722840034217277 0.012773722627737226 0.015397775876817793
10 0.6450729927007299 0.9390504704875962 0.006082725060827251 0.016680923866552608
10 0.6257603406326034 0.9760479041916167 0.014294403892944039 0.009409751924721984
10 0.6443126520681265 0.9807527801539777 0.01064476885644769 0.007698887938408896
10 0.6613442822384429 0.9813943541488451 0.01186131386861314 0.008982035928143712
10 0.6595194647201946 0.9399059024807528 0.005778588807785888 0.015825491873396064
10 0.6666666666666666 0.9411890504704875 0.005474452554744526 0.015825491873396064
10 0.6516119221411193 0.9399059024807528 0.006386861313868613 0.016680923866552608
10 0.6382299270072993 0.9392643284858854 0.006995133819951338 0.01710863986313088
10 0.9186435523114356 0.4741231822070145 0.01551094890510949 0.018391787852865698
10 0.6310827250608273 0.9375534644995722 0.006690997566909976 0.016253207869974338
10 0.6251520681265207 0.9352010265183918 0.005778588807785888 0.014970059880239521
10 0.7626216545012166 0.9456800684345594 0.012469586374695864 0.009409751924721984
10 0.7801094890510949 0.9476047904191617 0.015206812652068127 0.012403763900769887
10 0.7951642335766423 0.9491017964071856 0.012469586374695864 0.00855431993156544
10 0.8156934306569343 0.9523096663815226 0.012773722627737226 0.008982035928143712
1 0.36967761557177614 0.3105218135158255 0.026459854014598543 0.03165098374679213
1 0.38260340632603407 0.28357570573139435 0.026155717761557177 0.030795551753635585
1 0.7458941605839416 0.6216852010265184 0.037408759124087594 0.04319931565440547
1 0.718521897810219 0.5072711719418306 0.02281021897810219 0.026518391787852865
1 0.7279501216545012 0.48032506415739945 0.019768856447688565 0.02395209580838323
1 0.7338807785888078 0.46599657827202734 0.022506082725060828 0.02609067579127459
1 0.7081812652068127 0.4435414884516681 0.02037712895377129 0.02395209580838323
1 0.7001216545012166 0.46171941830624463 0.022506082725060828 0.02523524379811805
1 0.6963199513381996 0.477972626176219 0.020985401459854017 0.02523524379811805
1 0.5847019464720195 0.5521813515825491 0.041666666666666664 0.04875962360992301
1 0.5900243309002433 0.5263045337895637 0.0340632603406326 0.038922155688622756
1 0.5996046228710462 0.5104790419161677 0.042274939172749396 0.04662104362703165
1 0.6081204379562044 0.4912318220701454 0.040450121654501216 0.048331907613344736
1 0.6158759124087592 0.4713430282292558 0.03467153284671533 0.041916167664670656
1 0.624087591240876 0.45466210436270316 0.035888077858880776 0.04020530367835757
1 0.6327554744525548 0.43370402053036783 0.037408759124087594 0.0427715996578272
1 0.6415754257907543 0.41552609067579127 0.040450121654501216 0.044054747647562016
1 0.5778588807785888 0.3586398631308811 0.028588807785888078 0.05688622754491018
1 0.5561131386861314 0.40654405474764754 0.024026763990267642 0.04662104362703165
1 0.7218673965936739 0.4923011120615911 0.02281021897810219 0.026518391787852865
1 0.7107664233576643 0.5186056458511548 0.023114355231143552 0.026946107784431135
1 0.3885340632603406 0.26988879384088965 0.025851581508515815 0.029940119760479042
1 0.6905413625304136 0.4882378100940975 0.017944038929440388 0.020958083832335328
1 0.7699209245742092 0.6156971770744225 0.018552311435523116 0.022668947818648415
1 0.7749391727493917 0.6030795551753635 0.020072992700729927 0.023096663815226688
1 0.7804136253041363 0.5915312232677502 0.018856447688564478 0.023096663815226688
1 0.7849756690997567 0.5780581693755347 0.018856447688564478 0.02181351582549187
1 0.7956204379562044 0.5530367835757057 0.020072992700729927 0.0213857998289136
1 0.8077858880778589 0.5303678357570573 0.02128953771289538 0.02395209580838323
1 0.7836070559610706 0.5089820359281437 0.020985401459854017 0.02395209580838323
1 0.7524330900243309 0.5795551753635586 0.022506082725060828 0.026518391787852865
1 0.6706204379562044 0.5842600513259195 0.040145985401459854 0.04704875962360992
1 0.6884124087591241 0.5742087254063302 0.02037712895377129 0.024379811804961505
1 0.6643856447688564 0.5508982035928144 0.025851581508515815 0.03165098374679213
1 0.6929744525547445 0.5583832335329341 0.019768856447688565 0.02352437981180496
1 0.7010340632603407 0.5464071856287425 0.024330900243309004 0.027801539777587682
1 0.7071167883211679 0.533147989734816 0.022506082725060828 0.02609067579127459
1 0.677463503649635 0.5222412318220702 0.02281021897810219 0.02737382378100941
1 0.5291970802919708 0.47198460222412314 0.028588807785888078 0.05431993156544054
1 0.5197688564476886 0.5010692899914456 0.019464720194647202 0.022668947818648415
1 0.5044099756690997 0.5091958939264328 0.054440389294403896 0.05431993156544054
1 0.49650243309002434 0.47968349016253203 0.02767639902676399 0.030367835757057312
1 0.39263990267639903 0.4634302822925577 0.04440389294403893 0.05089820359281437
1 0.39461678832116787 0.43969204448246363 0.02767639902676399 0.032506415739948676
1 0.40145985401459855 0.423011120615911 0.029197080291970802 0.03421727972626176
1 0.4099756690997567 0.40825491873396064 0.02737226277372263 0.03378956372968349
1 0.41529805352798055 0.3917878528656972 0.028284671532846715 0.032506415739948676
1 0.42274939172749393 0.3766039349871685 0.028588807785888078 0.03378956372968349
1 0.42883211678832117 0.3605645851154833 0.025547445255474453 0.030795551753635585
1 0.43613138686131386 0.3438836612489307 0.027980535279805353 0.03421727972626176
1 0.4443430656934307 0.3284858853721129 0.025547445255474453 0.029084687767322495
1 0.4562043795620438 0.29448246364414027 0.028588807785888078 0.03293413173652694
1 0.4645681265206813 0.27651839178785287 0.025851581508515815 0.02951240376390077
1 0.4762773722627737 0.24401197604790417 0.027980535279805353 0.03293413173652694
1 0.40845498783454987 0.2245508982035928 0.026763990267639905 0.029940119760479042
1 0.4010036496350365 0.24080410607356714 0.02524330900243309 0.028229255774165952
1 0.3937043795620438 0.25449101796407186 0.024635036496350366 0.026518391787852865
1 0.4235097323600973 0.4662104362703165 0.02524330900243309 0.029084687767322495
1 0.42731143552311435 0.44995722840034214 0.025547445255474453 0.028229255774165952
1 0.43400243309002434 0.4366980325064157 0.023114355231143552 0.028229255774165952
1 0.5647810218978102 0.3180068434559452 0.027980535279805353 0.03293413173652694
1 0.5184002433090025 0.42621899059024804 0.02767639902676399 0.031223267750213855
1 0.5253953771289538 0.41231822070145424 0.027068126520681267 0.032506415739948676
1 0.5378649635036497 0.3800256629597947 0.028284671532846715 0.03293413173652694
1 0.5460766423357665 0.3642001710863986 0.024026763990267642 0.028656971770744225
1 0.5535279805352799 0.3509409751924722 0.026155717761557177 0.031223267750213855
1 0.5597627737226277 0.334901625320787 0.027068126520681267 0.03165098374679213
1 0.5060827250608273 0.26924721984602223 0.028588807785888078 0.0320786997433704
1 0.43871654501216545 0.4221556886227545 0.027068126520681267 0.029940119760479042
1 0.48737834549878345 0.31159110350727115 0.026459854014598543 0.030367835757057312
1 0.4829683698296837 0.32591958939264326 0.028588807785888078 0.03165098374679213
1 0.4653284671532847 0.36911890504704875 0.024330900243309004 0.026518391787852865
1 0.45696472019464723 0.38109495295124035 0.02524330900243309 0.029940119760479042
1 0.4530109489051095 0.3969204448246364 0.024635036496350366 0.02737382378100941
1 0.44510340632603407 0.4084687767322498 0.02281021897810219 0.026518391787852865
7 0.10082116788321169 0.27694610778443113 0.1152676399026764 0.21941830624465353
