1 0.9028146574614976 0.9830346930995044 0.008497079129049389 0.009531071292413268
1 0.3821030270844397 0.45844452916507816 0.011683483802442909 0.0057186427754479605
1 0.4097185342538502 0.48646587876477315 0.012214551248008496 0.006099885627144491
1 0.41064790228359 0.4702630575676706 0.010355815188528942 0.0057186427754479605
1 0.41064790228359 0.4620663362561952 0.011949017525225702 0.006862371330537552
1 0.4098513011152416 0.45310712924132673 0.011949017525225702 0.006481128478841022
1 0.4102496016994158 0.44529165078154787 0.011683483802442909 0.007624857033930614
1 0.41064790228359 0.43709492947007245 0.011949017525225702 0.006481128478841022
1 0.4105151354221986 0.4287075867327488 0.012214551248008496 0.006481128478841022
1 0.4103823685608072 0.4201296225695768 0.011949017525225702 0.00533739992375143
1 0.41064790228359 0.413076629813191 0.011417950079660117 0.006481128478841022
1 0.41091343600637276 0.40507052992756387 0.011949017525225702 0.0057186427754479605
1 0.41064790228359 0.39744567289363325 0.011949017525225702 0.006481128478841022
1 0.41104620286776417 0.3896301944338544 0.010621348911311735 0.004574914220358368
1 0.41064790228359 0.3810522302706824 0.011949017525225702 0.0057186427754479605
1 0.4111789697291556 0.37380861608844834 0.011949017525225702 0.006481128478841022
1 0.4111789697291556 0.36637438048036597 0.01248008497079129 0.006099885627144491
1 0.411311736590547 0.35779641631719405 0.012214551248008496 0.0057186427754479605
1 0.4107806691449814 0.3499809378574152 0.01327668613913967 0.006862371330537552
1 0.4114445034519384 0.3421654593976363 0.01248008497079129 0.0072436141822340835
1 0.4134360063728093 0.33263438810522306 0.016994158258098777 0.008768585589020206
1 0.3826340945300053 0.4948532215020968 0.012214551248008496 0.007624857033930614
1 0.38223579394583107 0.48818147159740755 0.011417950079660117 0.0072436141822340835
1 0.3825013276686139 0.4805566145634769 0.010886882634094529 0.0072436141822340835
1 0.3819702602230483 0.47331300038124285 0.011949017525225702 0.0072436141822340835
1 0.40958576739245883 0.49466260007624857 0.011949017525225702 0.0057186427754479605
1 0.42578332448220924 0.3442622950819672 0.01407328730748805 0.007624857033930614
1 0.42578332448220924 0.3631338162409455 0.01407328730748805 0.0072436141822340835
1 0.4256505576208178 0.4857033930613801 0.011152416356877323 0.006862371330537552
1 0.45578863515666485 0.45024780785360274 0.013542219861922463 0.006862371330537552
1 0.4561869357408391 0.4412886008387343 0.012214551248008496 0.0057186427754479605
1 0.45592140201805625 0.43252001524971406 0.013807753584705257 0.008006099885627144
1 0.45658523632501324 0.42337018680899735 0.01248008497079129 0.0072436141822340835
1 0.45645246946362183 0.41402973694243234 0.013807753584705257 0.007624857033930614
1 0.45658523632501324 0.4046892870758673 0.01248008497079129 0.0072436141822340835
1 0.45671800318640465 0.394395730080061 0.012214551248008496 0.006481128478841022
1 0.45605416887944766 0.3844834159359512 0.01248008497079129 0.0072436141822340835
1 0.46016994158258095 0.37438048036599314 0.018056293149229952 0.008387342737323675
1 0.4255177907594264 0.494281357224552 0.013542219861922463 0.0072436141822340835
1 0.4261816250663834 0.47598170034311854 0.01486988847583643 0.008768585589020206
1 0.42644715878916617 0.38028974456728937 0.013807753584705257 0.0072436141822340835
1 0.4255177907594264 0.4675943576057949 0.013011152416356876 0.0072436141822340835
1 0.4255177907594264 0.4586351505909264 0.013011152416356876 0.006862371330537552
1 0.42578332448220924 0.4494853221502097 0.010886882634094529 0.006862371330537552
1 0.4256505576208178 0.4401448722836447 0.01327668613913967 0.006481128478841022
1 0.4252522570366436 0.43099504384292797 0.01248008497079129 0.0057186427754479605
1 0.426048858204992 0.42279832253145255 0.013011152416356876 0.006862371330537552
1 0.4259160913436006 0.41460160121997713 0.012214551248008496 0.0057186427754479605
1 0.426048858204992 0.40545177277926037 0.013542219861922463 0.006481128478841022
1 0.42578332448220924 0.39744567289363325 0.013542219861922463 0.006481128478841022
1 0.425385023898035 0.3890583301563096 0.013807753584705257 0.006481128478841022
1 0.3821030270844397 0.46568814334731223 0.011683483802442909 0.006481128478841022
1 0.3825013276686139 0.45139153640869234 0.011417950079660117 0.006099885627144491
1 0.9030801911842803 0.978459778879146 0.008497079129049389 0.009531071292413268
1 0.38289962825278806 0.44395730080060997 0.011152416356877323 0.006481128478841022
1 0.36882634094530004 0.4212733511246664 0.010621348911311735 0.006099885627144491
1 0.3692246415294742 0.4142203583682806 0.010355815188528942 0.004956157072054899
1 0.3685608072225172 0.3999237514296607 0.010621348911311735 0.00533739992375143
1 0.36895910780669144 0.3926801372474266 0.010355815188528942 0.006099885627144491
1 0.3685608072225172 0.38486465878764775 0.011152416356877323 0.0057186427754479605
1 0.36895910780669144 0.3780022874571102 0.010886882634094529 0.006481128478841022
1 0.3693574083908656 0.3631338162409455 0.007434944237918215 0.004956157072054899
1 0.36895910780669144 0.35608082348455966 0.010886882634094529 0.006099885627144491
1 0.36882634094530004 0.34864658787647734 0.01009028146574615 0.0057186427754479605
1 0.3692246415294742 0.34121235226839497 0.010886882634094529 0.006099885627144491
1 0.369490175252257 0.3337781166603126 0.009824747742963356 0.0057186427754479605
1 0.3693574083908656 0.3259626382005337 0.009559214020180562 0.00533739992375143
1 0.3685608072225172 0.31929088829584445 0.011683483802442909 0.0057186427754479605
1 0.3693574083908656 0.31166603126191383 0.011152416356877323 0.0057186427754479605
1 0.3698884758364312 0.3036599313762867 0.009028146574614976 0.004956157072054899
1 0.34280403611258625 0.49046892870758674 0.009559214020180562 0.0057186427754479605
1 0.3424057355284121 0.4834159359512009 0.010355815188528942 0.006099885627144491
1 0.3426712692511949 0.4702630575676706 0.009824747742963356 0.0057186427754479605
1 0.34280403611258625 0.46301944338543655 0.01009028146574615 0.0072436141822340835
1 0.34280403611258625 0.4559664506290507 0.01009028146574615 0.006862371330537552
1 0.34293680297397766 0.4489134578726649 0.009824747742963356 0.004956157072054899
1 0.3426712692511949 0.44224170796797563 0.010355815188528942 0.00533739992375143
1 0.34280403611258625 0.4355699580632863 0.009559214020180562 0.006481128478841022
1 0.36895910780669144 0.428898208158597 0.010355815188528942 0.00533739992375143
1 0.3684280403611258 0.43652306519252765 0.010886882634094529 0.00533739992375143
1 0.3690918746680828 0.44338543652306517 0.009559214020180562 0.00533739992375143
1 0.3831651619755709 0.3551277163553183 0.012214551248008496 0.006481128478841022
1 0.38303239511417947 0.4363324437666794 0.010886882634094529 0.006481128478841022
1 0.3823685608072225 0.4292794510102936 0.012214551248008496 0.006862371330537552
1 0.3826340945300053 0.42165459397636296 0.012214551248008496 0.006862371330537552
1 0.3826340945300053 0.40716736561189476 0.012745618693574084 0.006862371330537552
1 0.3831651619755709 0.39973313000381244 0.01327668613913967 0.006481128478841022
1 0.38382899628252787 0.3926801372474266 0.011949017525225702 0.006099885627144491
1 0.38289962825278806 0.38467403736179945 0.011683483802442909 0.00533739992375143
1 0.38382899628252787 0.3776210446054136 0.011417950079660117 0.006481128478841022
1 0.38356346255974505 0.37037743042317955 0.011417950079660117 0.006481128478841022
1 0.38343069569835364 0.36275257338924893 0.012214551248008496 0.006481128478841022
1 0.38289962825278806 0.347693480747236 0.011152416356877323 0.006862371330537552
1 0.3686935740839086 0.4510102935569958 0.010355815188528942 0.004574914220358368
1 0.38289962825278806 0.3400686237133054 0.010621348911311735 0.006862371330537552
1 0.3826340945300053 0.3240564239420511 0.011683483802442909 0.006862371330537552
1 0.3831651619755709 0.3162409454822722 0.01009028146574615 0.006481128478841022
1 0.3825013276686139 0.30613800991231416 0.011949017525225702 0.006099885627144491
1 0.36816250663834305 0.49466260007624857 0.010355815188528942 0.0057186427754479605
1 0.3678969729155602 0.4879908501715593 0.011949017525225702 0.006099885627144491
1 0.3678969729155602 0.4809378574151735 0.011417950079660117 0.006481128478841022
1 0.3686935740839086 0.4731223789553946 0.009824747742963356 0.006862371330537552
1 0.3686935740839086 0.4658787647731605 0.009824747742963356 0.004574914220358368
1 0.36895910780669144 0.4586351505909264 0.009824747742963356 0.006099885627144491
1 0.4556558682952735 0.4679756004574914 0.013807753584705257 0.006481128478841022
1 0.45525756771109926 0.47617232176896684 0.01407328730748805 0.008387342737323675
1 0.4555231014338821 0.4857033930613801 0.01248008497079129 0.007624857033930614
1 0.47211895910780666 0.3839115516584064 0.013807753584705257 0.006862371330537552
1 0.4127721720658523 0.5137247426610752 0.011417950079660117 0.0072436141822340835
1 0.4129049389272437 0.5062905070529927 0.012214551248008496 0.004574914220358368
1 0.3986988847583643 0.6462066336256195 0.011417950079660117 0.006862371330537552
1 0.3981678173127987 0.6383911551658407 0.011417950079660117 0.0072436141822340835
1 0.3988316516197557 0.6227601982462829 0.010621348911311735 0.006481128478841022
1 0.3988316516197557 0.6151353412123522 0.01009028146574615 0.006481128478841022
1 0.3984333510355815 0.6071292413267251 0.009824747742963356 0.006481128478841022
1 0.39896441848114705 0.5987418985894014 0.010355815188528942 0.006481128478841022
1 0.3981678173127987 0.5833015630956919 0.011417950079660117 0.006099885627144491
1 0.3985661178969729 0.5678612276019824 0.009028146574614976 0.006481128478841022
1 0.39896441848114705 0.5598551277163554 0.010886882634094529 0.006481128478841022
1 0.3985661178969729 0.5520396492565764 0.010621348911311735 0.00533739992375143
1 0.39922995220392987 0.5449866565001906 0.010886882634094529 0.0057186427754479605
1 0.3988316516197557 0.5369805566145635 0.010621348911311735 0.0057186427754479605
1 0.39896441848114705 0.5295463210064811 0.011417950079660117 0.006099885627144491
1 0.39909718534253846 0.5203964925657644 0.009559214020180562 0.00533739992375143
1 0.39896441848114705 0.5141059855127716 0.009293680297397768 0.0057186427754479605
1 0.37214551248008493 0.6463972550514678 0.008231545406266595 0.018680899733130005
1 0.3736059479553903 0.6321006481128479 0.009559214020180562 0.008387342737323675
1 0.3734731810939989 0.6250476553564621 0.009824747742963356 0.0072436141822340835
1 0.3734731810939989 0.6183759054517728 0.010355815188528942 0.007624857033930614
1 0.3737387148167817 0.6109416698436905 0.009293680297397768 0.006481128478841022
1 0.3738714816781731 0.6046511627906976 0.01009028146574615 0.006099885627144491
1 0.41317047265002654 0.5211589782691575 0.011683483802442909 0.006862371330537552
1 0.4137015400955921 0.5291650781547846 0.012745618693574084 0.009149828440716736
1 0.4127721720658523 0.5371711780404117 0.011949017525225702 0.007624857033930614
1 0.4127721720658523 0.6565001906214258 0.010886882634094529 0.006862371330537552
1 0.44052044609665425 0.5880670987418986 0.012214551248008496 0.006481128478841022
1 0.44052044609665425 0.5800609988562715 0.011152416356877323 0.0057186427754479605
1 0.43998937865108867 0.5634769348074724 0.012745618693574084 0.006862371330537552
1 0.441449814126394 0.5554708349218452 0.010886882634094529 0.006862371330537552
1 0.4394583112055231 0.5470834921845216 0.011683483802442909 0.006862371330537552
1 0.440785979819437 0.5304994281357225 0.011152416356877323 0.006481128478841022
1 0.44105151354221983 0.5224933282500953 0.011683483802442909 0.0072436141822340835
1 0.4409187466808284 0.5142966069386199 0.011417950079660117 0.006862371330537552
1 0.44131704726500265 0.5059092642012962 0.012214551248008496 0.007624857033930614
1 0.42020711630377056 0.6734654975219214 0.014604354753053637 0.025543271063667557
1 0.4008231545406266 0.6585970263057568 0.01407328730748805 0.01105604269919939
1 0.4133032395114179 0.5526115135341212 0.011949017525225702 0.008006099885627144
1 0.41250663834306955 0.6467784979031643 0.010886882634094529 0.008006099885627144
1 0.4127721720658523 0.6385817765916889 0.010886882634094529 0.006099885627144491
1 0.4133032395114179 0.6313381624094548 0.01248008497079129 0.007624857033930614
1 0.41317047265002654 0.6235226839496759 0.011683483802442909 0.006481128478841022
1 0.41303770578863513 0.6151353412123522 0.011949017525225702 0.0072436141822340835
1 0.41317047265002654 0.5995043842927945 0.011683483802442909 0.006481128478841022
1 0.41303770578863513 0.584064048799085 0.010886882634094529 0.006862371330537552
1 0.41317047265002654 0.576820434616851 0.011683483802442909 0.007624857033930614
1 0.41303770578863513 0.5686237133053755 0.011949017525225702 0.0072436141822340835
1 0.4134360063728093 0.5606176134197484 0.012214551248008496 0.0057186427754479605
1 0.3736059479553903 0.5974075486084636 0.010621348911311735 0.006862371330537552
1 0.3738714816781731 0.590545177277926 0.01009028146574615 0.00533739992375143
1 0.37453531598513007 0.5834921845215402 0.011417950079660117 0.0057186427754479605
1 0.4723844928305895 0.494281357224552 0.011683483802442909 0.006481128478841022
1 0.5266861391396707 0.43366374380480366 0.018321826872012743 0.009531071292413268
1 0.50570897503983 0.49580632863133817 0.016197557089750396 0.008006099885627144
1 0.50570897503983 0.4868471216164697 0.013542219861922463 0.006099885627144491
1 0.5059745087626129 0.47769729317575294 0.016197557089750396 0.008387342737323675
1 0.507036643653744 0.4672131147540984 0.013542219861922463 0.0072436141822340835
1 0.5071694105151354 0.45844452916507816 0.014338821030270843 0.0072436141822340835
1 0.5066383430695698 0.4494853221502097 0.015400955921402016 0.008387342737323675
1 0.507700477960701 0.4395730080060999 0.014338821030270843 0.009149828440716736
1 0.5078332448220924 0.4296606938619901 0.01407328730748805 0.006862371330537552
1 0.5099575146043547 0.4186046511627907 0.020977164099840677 0.009149828440716736
1 0.47145512480084967 0.48494090735798706 0.013011152416356876 0.007624857033930614
1 0.5246946362187997 0.4552039649256576 0.01486988847583643 0.009149828440716736
1 0.47225172596919807 0.4757910789172703 0.01407328730748805 0.006862371330537552
1 0.4717206585236325 0.4670224933282501 0.01407328730748805 0.008387342737323675
1 0.47357939458311205 0.45844452916507816 0.011949017525225702 0.0072436141822340835
1 0.4730483271375464 0.4492947007243614 0.01407328730748805 0.0072436141822340835
1 0.47278279341476365 0.44052611513534123 0.013542219861922463 0.006481128478841022
1 0.47251725969198083 0.4311856652687762 0.013542219861922463 0.007624857033930614
1 0.47357939458311205 0.422417079679756 0.01407328730748805 0.006862371330537552
1 0.47344662772172064 0.4126953869614945 0.014338821030270843 0.008006099885627144
1 0.4730483271375464 0.4027830728173847 0.010886882634094529 0.0041936713686618375
1 0.4730483271375464 0.3949675943576058 0.011417950079660117 0.007624857033930614
1 0.5253584705257567 0.44452916507815476 0.014604354753053637 0.009912314144109797
1 0.5246946362187997 0.465497521921464 0.015400955921402016 0.007624857033930614
1 0.3737387148167817 0.5766298131910027 0.009824747742963356 0.006481128478841022
1 0.36059479553903345 0.5871139916126573 0.01009028146574615 0.006099885627144491
1 0.3736059479553903 0.5699580632863134 0.011152416356877323 0.006862371330537552
1 0.3736059479553903 0.5627144491040793 0.011152416356877323 0.006862371330537552
1 0.3734731810939989 0.5564239420510866 0.010355815188528942 0.0057186427754479605
1 0.3733404142326075 0.549561570720549 0.010621348911311735 0.0072436141822340835
1 0.3734731810939989 0.5421273351124667 0.010355815188528942 0.006862371330537552
1 0.3733404142326075 0.5348837209302325 0.011152416356877323 0.006099885627144491
1 0.3738714816781731 0.5270682424704537 0.01009028146574615 0.006481128478841022
1 0.3741370154009559 0.5200152497140679 0.01009028146574615 0.006862371330537552
1 0.37453531598513007 0.5047655356462066 0.010355815188528942 0.004574914220358368
1 0.3592671269251195 0.5956919557758292 0.01009028146574615 0.0057186427754479605
1 0.36032926181625063 0.5791078917270301 0.009559214020180562 0.006099885627144491
1 0.5245618693574083 0.48532215020968356 0.014604354753053637 0.007624857033930614
1 0.36032926181625063 0.5714830346930995 0.011152416356877323 0.006099885627144491
1 0.36032926181625063 0.564620663362562 0.011683483802442909 0.006862371330537552
1 0.36059479553903345 0.5569958063286313 0.01009028146574615 0.00533739992375143
1 0.36046202867764204 0.5497521921463973 0.010355815188528942 0.006099885627144491
1 0.36032926181625063 0.5425085779641632 0.010621348911311735 0.006099885627144491
1 0.36046202867764204 0.5348837209302325 0.009824747742963356 0.00533739992375143
1 0.36032926181625063 0.5276401067479984 0.010621348911311735 0.006099885627144491
1 0.36032926181625063 0.5131528783835303 0.011152416356877323 0.006099885627144491
1 0.35953266064790224 0.5055280213495997 0.011683483802442909 0.006099885627144491
1 0.5248274030801912 0.49466260007624857 0.015135422198619224 0.0072436141822340835
1 0.34280403611258625 0.42832634388105223 0.01009028146574615 0.0057186427754479605
1 0.34293680297397766 0.42146397255051465 0.010886882634094529 0.004956157072054899
1 0.34346787041954324 0.4144109797941289 0.010355815188528942 0.006099885627144491
1 0.22344662772172064 0.22131147540983606 0.015666489644184812 0.015630956919557758
1 0.09559214020180562 0.20434616850934045 0.01327668613913967 0.012962256957682043
1 0.09864577801380775 0.1963400686237133 0.01248008497079129 0.012199771254288982
1 0.10130111524163568 0.189668318719024 0.01248008497079129 0.012581014105985514
1 0.10382368560807222 0.18109035455585207 0.012214551248008496 0.012199771254288982
1 0.10661178969729154 0.173846740373618 0.01248008497079129 0.012962256957682043
1 0.13608603292618163 0.18318719024018298 0.023101433882103024 0.023255813953488372
1 0.13980350504514072 0.17346549752192147 0.02363250132766861 0.02211208539839878
1 0.14325544344131705 0.16336256195196341 0.02257036643653744 0.022493328250095312
1 0.14657461497610194 0.1534502478078536 0.019118428040361124 0.020205871139916128
1 0.15042485395645247 0.14410979794128861 0.021508231545406264 0.02211208539839878
1 0.15029208709506106 0.1324818909645444 0.016994158258098777 0.017918414029736943
1 0.11524163568773234 0.16869996187571484 0.01646309081253319 0.01715592832634388
1 0.11988847583643122 0.16183759054517727 0.014604354753053637 0.015630956919557758
1 0.12148167817312798 0.152306519252764 0.015666489644184812 0.014868471216164697
1 0.12400424853956452 0.14391917651544034 0.01486988847583643 0.014868471216164697
1 0.1283855549654806 0.1359130766298132 0.015135422198619224 0.014868471216164697
1 0.13117365905469994 0.12733511246664125 0.013807753584705257 0.013724742661075104
1 0.13396176314391928 0.11875714830346931 0.01407328730748805 0.015630956919557758
1 0.15732873074880507 0.12104460541364849 0.024694636218799786 0.022493328250095312
1 0.13767923526287837 0.10884483415935951 0.01407328730748805 0.014105985512771636
1 0.058948486457780135 0.22093023255813954 0.011683483802442909 0.012581014105985514
1 0.06147105682421667 0.21311475409836064 0.011417950079660117 0.012199771254288982
1 0.06386086032926182 0.2062523827678231 0.010886882634094529 0.011437285550895921
1 0.09333510355815187 0.21197102554327107 0.011949017525225702 0.012199771254288982
1 0.09041423260754115 0.21997712542889822 0.01248008497079129 0.012199771254288982
1 0.08815719596388741 0.22683949675943577 0.01327668613913967 0.013724742661075104
1 0.19091874668082845 0.24113610369805566 0.015400955921402016 0.014868471216164697
1 0.2211895910780669 0.23637056805184903 0.012214551248008496 0.012962256957682043
1 0.21866702071163036 0.2441860465116279 0.011949017525225702 0.012581014105985514
1 0.21534784917684544 0.2491422035836828 0.013807753584705257 0.015630956919557758
1 0.20764737121614443 0.270110560426992 0.01646309081253319 0.01639344262295082
1 0.20273499734466274 0.28250095310712925 0.01407328730748805 0.013724742661075104
1 0.1966277217206585 0.29412886008387346 0.01779075942644716 0.008768585589020206
1 0.17883696229421134 0.295272588638963 0.016197557089750396 0.008768585589020206
1 0.17936802973977695 0.26534502478078537 0.01248008497079129 0.013724742661075104
1 0.18348380244291024 0.25943576057948914 0.012745618693574084 0.012581014105985514
1 0.18388210302708444 0.25257338924895156 0.01248008497079129 0.01181852840259245
1 0.19317578332448218 0.2293175752954632 0.010355815188528942 0.009531071292413268
1 0.19782262347318108 0.16336256195196341 0.012214551248008496 0.013343499809378575
1 0.19410515135422196 0.22531452535264965 0.009559214020180562 0.009149828440716736
1 0.19928305894848644 0.21368661837590544 0.013542219861922463 0.014105985512771636
1 0.200477960701009 0.20606176134197485 0.012745618693574084 0.013343499809378575
1 0.21136484333510355 0.18128097598170034 0.012745618693574084 0.013343499809378575
1 0.21189591078066913 0.17365611894776972 0.011683483802442909 0.01181852840259245
1 0.17764206054168877 0.214067861227602 0.016994158258098777 0.017918414029736943
1 0.1813595326606479 0.208349218452154 0.01486988847583643 0.015630956919557758
1 0.18547530536378118 0.19329012581014107 0.01725969198088157 0.017537171178040413
1 0.1929102496016994 0.17918414029736943 0.015666489644184812 0.01677468547464735
1 0.19583112055231014 0.1715592832634388 0.011949017525225702 0.013724742661075104
1 0.06917153478491768 0.19119329012581013 0.011949017525225702 0.013343499809378575
1 0.07116303770578863 0.18433091879527258 0.012745618693574084 0.01181852840259245
1 0.07421667551779075 0.17804041174227983 0.013011152416356876 0.012962256957682043
7 0.46455124800849706 0.4369043080442242 0.02894317578332448 0.12047274113610369
7 0.5439458311205523 0.77582920320244 0.018321826872012743 0.040411742279832255
7 0.5159320233669675 0.7565764391917652 0.03558151885289432 0.05756767060617613
7 0.4822092405735528 0.7453297750667175 0.04514073287307488 0.08006099885627145
7 0.4492830589484864 0.7230270682424704 0.05788635156664896 0.09950438429279451
7 0.48964418481147104 0.6273351124666412 0.07116303770578863 0.1330537552420892
7 0.4976101964949548 0.5112466641250477 0.06850770047796069 0.02668699961875715
7 0.44848645778013807 0.5571864277544796 0.027084439723844927 0.11094166984369043
7 0.4062665958576739 0.5777735417460923 0.02496016994158258 0.1505909264201296
7 0.36603823685608067 0.5707205489897065 0.026287838555496545 0.13495996950057187
7 0.5155337227827934 0.4603507434235608 0.033722782793414764 0.0758673274876096
7 0.417684545937334 0.4161265726267632 0.028677642060541686 0.16126572626763247
7 0.5917419012214551 0.6399161265726268 0.11550716941051513 0.2359893252001525
7 0.37573021773765264 0.3976362943194815 0.02496016994158258 0.20129622569576822
7 0.33603292618162506 0.3768585589020206 0.025225703664365374 0.2321768966831872
7 0.2919543281996813 0.33130003812428516 0.02734997344662772 0.14105985512771635
7 0.2815985130111524 0.26115135341212353 0.04965480616038236 0.08844834159359512
7 0.24827403080191182 0.27087304613038504 0.03027084439723845 0.07739229889439574
7 0.22809346787041954 0.23808616088448342 0.05788635156664896 0.11246664125047655
7 0.17830589484864576 0.2666793747617232 0.03744025491237387 0.07662981319100266
7 0.19583112055231014 0.1942432329393824 0.046468401486988845 0.08120472741136103
7 0.09771640998406797 0.20339306138009913 0.03770578863515666 0.07739229889439574
7 0.137546468401487 0.1507815478459779 0.05841741901221455 0.08654212733511246
7 0.5511152416356877 0.6052230270682425 0.11603823685608071 0.24056423942051086
7 0.6678173127987254 0.6227601982462829 0.07010090281465746 0.11322912695386962
1 0.0762081784386617 0.16965306900495616 0.012214551248008496 0.011437285550895921
7 0.08311205523101434 0.09988562714449103 0.03929899097185342 0.09226077011056043
1 0.07886351566648964 0.16298131910026686 0.012745618693574084 0.012581014105985514
1 0.08138608603292617 0.15554708349218452 0.013011152416356876 0.014487228364468167
1 0.08802442910249601 0.14010674799847503 0.01407328730748805 0.014105985512771636
1 0.09067976633032394 0.13114754098360656 0.014604354753053637 0.014487228364468167
1 0.09439723844928305 0.12218833396873809 0.014604354753053637 0.014868471216164697
1 0.09691980881571959 0.11341974837971788 0.015400955921402016 0.015630956919557758
1 0.09970791290493893 0.1050324056423942 0.014604354753053637 0.014868471216164697
1 0.10249601699415825 0.09550133434998094 0.01486988847583643 0.015630956919557758
7 0.8096123207647371 0.050895920701486845 0.08337758895379713 0.10026686999618757
7 0.7643388210302707 0.0291650781547846 0.06240042485395645 0.05680518490278307
7 0.04739776951672862 0.06690812047274114 0.03531598513011152 0.07967975600457491
7 0.7099044078597981 0.6650781547845978 0.06771109930961232 0.11322912695386962
7 0.9285714285714285 0.9096454441479223 0.03558151885289432 0.060236370568051846
7 0.9175517790759425 0.875714830346931 0.03266064790228359 0.06786122760198246
7 0.8997610196494954 0.8471216164696912 0.04753053637812002 0.09378574151734655
7 0.8685608072225172 0.816050324056424 0.05735528412108337 0.10407929851315288
7 0.8404142326075411 0.7853602744948532 0.061603823685608065 0.11132291269538697
7 0.8112055231014338 0.7596263820053374 0.06213489113117365 0.1155165840640488
14 0.8744025491237386 0.9538696149447198 0.012745618693574084 0.035836828059473885
14 0.7441582580987784 0.8238658025162028 0.019915029208709505 0.031261913839115515
7 0.7796070100902814 0.7316050324056423 0.061603823685608065 0.11513534121235226
7 0.7484067976633032 0.7037743042317957 0.06611789697291555 0.1166603126191384
1 0.22304832713754646 0.2304613038505528 0.012214551248008496 0.013343499809378575
1 0.2257036643653744 0.2161646969119329 0.01486988847583643 0.015249714067861228
1 0.34306956983536907 0.4010674799847503 0.01009028146574615 0.00533739992375143
1 0.2302177376526819 0.21101791841402973 0.011683483802442909 0.012581014105985514
1 0.32806691449814124 0.41631719405261153 0.011417950079660117 0.006862371330537552
1 0.329660116834838 0.40831109416698436 0.010355815188528942 0.006099885627144491
1 0.3297928836962294 0.4010674799847503 0.010621348911311735 0.00533739992375143
1 0.3300584174190122 0.3936332443766679 0.01009028146574615 0.004956157072054899
1 0.3300584174190122 0.3861990087685856 0.011152416356877323 0.006099885627144491
1 0.3300584174190122 0.379336637438048 0.011152416356877323 0.006099885627144491
1 0.3300584174190122 0.37209302325581395 0.011152416356877323 0.00533739992375143
1 0.3304567180031864 0.3648494090735799 0.010886882634094529 0.006099885627144491
1 0.3304567180031864 0.34959969500571864 0.011417950079660117 0.006099885627144491
1 0.33032395114179497 0.33530308806709874 0.011152416356877323 0.004956157072054899
1 0.3304567180031864 0.32805947388486467 0.010886882634094529 0.006481128478841022
1 0.3305894848645778 0.32043461685093405 0.01009028146574615 0.004956157072054899
1 0.3304567180031864 0.3130003812428517 0.009824747742963356 0.00533739992375143
1 0.33032395114179497 0.30556614563476936 0.011152416356877323 0.004956157072054899
1 0.33019118428040356 0.29794128860083874 0.010886882634094529 0.0057186427754479605
1 0.3299256505576208 0.29069767441860467 0.011417950079660117 0.0057186427754479605
1 0.33165161975570895 0.2828821959588258 0.009028146574614976 0.006099885627144491
1 0.3305894848645778 0.2760198246282882 0.01009028146574615 0.006099885627144491
1 0.33112055231014337 0.26877621044605415 0.009559214020180562 0.006862371330537552
1 0.3327137546468401 0.2586732748760961 0.01327668613913967 0.006481128478841022
1 0.28597981943706846 0.32786885245901637 0.009028146574614976 0.02744948532215021
1 0.28186404673393517 0.36942432329393826 0.01248008497079129 0.007624857033930614
1 0.30005310674455654 0.3932520015249714 0.018056293149229952 0.008006099885627144
1 0.3295273499734466 0.42317956538314905 0.010621348911311735 0.006099885627144491
1 0.3300584174190122 0.43099504384292797 0.009559214020180562 0.0057186427754479605
1 0.32886351566648964 0.43766679374761724 0.011949017525225702 0.00533739992375143
1 0.34373340414232606 0.31814715974075486 0.008762612851832182 0.0057186427754479605
1 0.34386617100371747 0.39401448722836446 0.011152416356877323 0.0057186427754479605
1 0.3426712692511949 0.38696149447197864 0.010355815188528942 0.00533739992375143
1 0.3426712692511949 0.3736179946626001 0.010355815188528942 0.00533739992375143
1 0.3432023366967605 0.3667556233320625 0.009824747742963356 0.006099885627144491
1 0.3432023366967605 0.359893252001525 0.009824747742963356 0.006862371330537552
1 0.34293680297397766 0.3526496378192909 0.009824747742963356 0.00533739992375143
1 0.34346787041954324 0.34635913076629815 0.009824747742963356 0.0057186427754479605
1 0.34306956983536907 0.339115516584064 0.010621348911311735 0.0057186427754479605
1 0.34293680297397766 0.3322531452535265 0.010355815188528942 0.0057186427754479605
1 0.3432023366967605 0.32558139534883723 0.010886882634094529 0.004574914220358368
1 0.34386617100371747 0.3112847884102173 0.009559214020180562 0.0057186427754479605
1 0.329660116834838 0.44529165078154787 0.011417950079660117 0.00533739992375143
1 0.34360063728093465 0.3048036599313763 0.009559214020180562 0.004956157072054899
1 0.34373340414232606 0.2977506671749905 0.009824747742963356 0.00533739992375143
1 0.34426447158789164 0.2908882958444529 0.009293680297397768 0.00533739992375143
1 0.34426447158789164 0.2838353030880671 0.010886882634094529 0.004956157072054899
1 0.34386617100371747 0.27621044605413647 0.011152416356877323 0.006481128478841022
1 0.34373340414232606 0.26744186046511625 0.010886882634094529 0.0057186427754479605
1 0.33191715347849177 0.48322531452535267 0.006372809346787042 0.01639344262295082
1 0.3295273499734466 0.4674037361799466 0.010621348911311735 0.004574914220358368
1 0.3297928836962294 0.4603507434235608 0.011152416356877323 0.006481128478841022
1 0.3297928836962294 0.4529165078154785 0.011683483802442909 0.006099885627144491
1 0.2984599044078598 0.37552420892108274 0.01486988847583643 0.008387342737323675
1 0.2983271375464684 0.3585589020205871 0.013542219861922463 0.0057186427754479605
1 0.29912373871481673 0.3509340449866565 0.01407328730748805 0.0072436141822340835
1 0.23353690918746678 0.2474266107510484 0.010886882634094529 0.009912314144109797
1 0.2527881040892193 0.2926038886770873 0.01646309081253319 0.035455585207777356
1 0.23420074349442377 0.2992756385817766 0.012214551248008496 0.02211208539839878
1 0.2169410515135422 0.2849790316431567 0.013807753584705257 0.025543271063667557
1 0.2489378651088688 0.23961113229126954 0.008231545406266595 0.014868471216164697
1 0.24163568773234198 0.27906976744186046 0.009028146574614976 0.01677468547464735
1 0.24774296335634624 0.26172321768966833 0.009559214020180562 0.017918414029736943
1 0.25650557620817843 0.23694243232939383 0.010621348911311735 0.02173084254670225
1 0.22437599575146042 0.27030118185284024 0.011152416356877323 0.012962256957682043
1 0.22782793414763675 0.26591688905833016 0.01327668613913967 0.014868471216164697
1 0.23061603823685606 0.2590545177277926 0.011949017525225702 0.012581014105985514
1 0.23592671269251192 0.24075486084635914 0.013011152416356876 0.014105985512771636
1 0.2598247477429633 0.3000381242851696 0.011417950079660117 0.0236370568051849
1 0.23778544875199148 0.2342737323675181 0.011417950079660117 0.01105604269919939
1 0.23977695167286245 0.2281738467403736 0.011683483802442909 0.012581014105985514
1 0.24269782262347317 0.22245520396492566 0.011683483802442909 0.01181852840259245
1 0.2453531598513011 0.21483034693099504 0.011152416356877323 0.01105604269919939
1 0.24814126394052044 0.20815859702630576 0.013011152416356876 0.012199771254288982
1 0.25106213489113116 0.20129622569576822 0.013542219861922463 0.014487228364468167
1 0.24681359532660646 0.1864277544796035 0.024694636218799786 0.0236370568051849
1 0.2369888475836431 0.19157453297750668 0.011949017525225702 0.013343499809378575
1 0.23486457780138076 0.19767441860465115 0.011949017525225702 0.013343499809378575
1 0.23101433882103026 0.20396492565764393 0.014338821030270843 0.016012199771254287
1 0.2615507169410515 0.2506671749904689 0.01327668613913967 0.025543271063667557
1 0.28385554965480614 0.23408311094166984 0.010621348911311735 0.019824628288219594
1 0.3003186404673393 0.3427373236751811 0.01646309081253319 0.006862371330537552
1 0.28372278279341473 0.26648875333587496 0.010886882634094529 0.006862371330537552
1 0.3020446096654275 0.3356843309187953 0.019383961763143918 0.009531071292413268
1 0.30005310674455654 0.32558139534883723 0.01646309081253319 0.008387342737323675
1 0.3020446096654275 0.31757529546321006 0.018321826872012743 0.008387342737323675
1 0.3023101433882103 0.3086160884483416 0.020446096654275093 0.009531071292413268
1 0.29885820499203397 0.30080060998856273 0.01248008497079129 0.006862371330537552
1 0.30310674455655867 0.29184140297369426 0.016197557089750396 0.008006099885627144
1 0.29992033988316513 0.28421654593976364 0.015135422198619224 0.0072436141822340835
1 0.2989909718534254 0.2756385817765917 0.012745618693574084 0.007624857033930614
1 0.29912373871481673 0.26686999618757146 0.013542219861922463 0.007624857033930614
1 0.29646840148698883 0.25714830346930995 0.019383961763143918 0.009531071292413268
1 0.28465215082315454 0.2733511246664125 0.008497079129049389 0.00533739992375143
1 0.29580456718003184 0.23675181090354555 0.018056293149229952 0.018299656881433472
1 0.28305894848645774 0.2800228745711018 0.012745618693574084 0.0072436141822340835
1 0.28305894848645774 0.2878383530308807 0.012745618693574084 0.006862371330537552
1 0.28305894848645774 0.2948913457872665 0.012745618693574084 0.0072436141822340835
1 0.282129580456718 0.307472359893252 0.014604354753053637 0.0072436141822340835
1 0.2701805629314923 0.316812809759817 0.009824747742963356 0.00533739992375143
1 0.25862984599044075 0.3223408311094167 0.0037174721189591076 0.01181852840259245
1 0.2542485395645247 0.3223408311094167 0.0039830058417419005 0.010293556995806329
1 0.2456186935740839 0.31986275257338925 0.005841741901221454 0.003812428516965307
1 0.2365905469994689 0.3206252382767823 0.011152416356877323 0.006099885627144491
1 0.29580456718003184 0.22302706824247046 0.02602230483271375 0.025162028211971027
1 0.44118428040361124 0.5966450629050706 0.010886882634094529 0.006862371330537552
1 0.43972384492830585 0.6044605413648494 0.011683483802442909 0.0057186427754479605
1 0.4425119490175252 0.6160884483415936 0.015666489644184812 0.008387342737323675
1 0.8066914498141263 0.7510484178421655 0.011152416356877323 0.012962256957682043
1 0.7744291024960169 0.7285550895920702 0.010886882634094529 0.013724742661075104
1 0.7765533722782793 0.7228364468166222 0.010886882634094529 0.012199771254288982
1 0.778810408921933 0.7167365611894777 0.011152416356877323 0.013724742661075104
1 0.7817312798725438 0.7113991612657262 0.009028146574614976 0.009912314144109797
1 0.7869091874668083 0.699008768585589 0.011417950079660117 0.013343499809378575
1 0.802575677110993 0.6957682043461685 0.011417950079660117 0.020587113991612657
1 0.7980616038236855 0.6894776972931758 0.013011152416356876 0.022493328250095312
1 0.7919543281996813 0.6814715974075486 0.013542219861922463 0.024780785360274494
1 0.7332713754646839 0.7567670606176135 0.009293680297397768 0.009912314144109797
1 0.7353956452469463 0.7510484178421655 0.010886882634094529 0.012199771254288982
1 0.738316516197557 0.7460922607701106 0.010355815188528942 0.012199771254288982
1 0.7407063197026021 0.7405642394205109 0.010355815188528942 0.012581014105985514
1 0.7426978226234732 0.7350362180709111 0.010621348911311735 0.012962256957682043
1 0.7457514604354752 0.7295081967213115 0.010355815188528942 0.01181852840259245
1 0.748672331386086 0.7239801753717118 0.010886882634094529 0.012199771254288982
1 0.7511949017525225 0.7180709111704155 0.011152416356877323 0.012581014105985514
1 0.753717472118959 0.7121616469691193 0.011949017525225702 0.013724742661075104
1 0.7575677110993095 0.7032024399542509 0.009559214020180562 0.01181852840259245
1 0.7604885820499203 0.6982462828821959 0.01009028146574615 0.01181852840259245
1 0.7624800849707912 0.692527640106748 0.009293680297397768 0.01105604269919939
1 0.7657992565055761 0.6877621044605413 0.010621348911311735 0.012962256957682043
1 0.7729686670207115 0.6730842546702249 0.012745618693574084 0.022493328250095312
1 0.7676579925650557 0.6669843690430804 0.011152416356877323 0.02173084254670225
1 0.7716409984067976 0.7348455966450629 0.01009028146574615 0.012581014105985514
1 0.7687201274561869 0.7405642394205109 0.010621348911311735 0.013343499809378575
1 0.7660647902283589 0.7468547464735036 0.010621348911311735 0.013724742661075104
1 0.7729686670207115 0.7630575676706062 0.008497079129049389 0.009531071292413268
1 0.8121348911311735 0.7396111322912695 0.011417950079660117 0.012962256957682043
1 0.814259160913436 0.7338924895158215 0.010886882634094529 0.012199771254288982
1 0.8175783324482209 0.7274113610369806 0.010621348911311735 0.012199771254288982
1 0.8341741901221454 0.7235989325200153 0.011417950079660117 0.019824628288219594
1 0.8289962825278809 0.7188333968738086 0.011683483802442909 0.019443385436523065
1 0.8235528412108337 0.7125428898208158 0.011949017525225702 0.020587113991612657
1 0.763409453000531 0.7849790316431567 0.009028146574614976 0.009912314144109797
1 0.765400955921402 0.7790697674418605 0.008762612851832182 0.010293556995806329
1 0.7677907594264471 0.7741136103698055 0.009824747742963356 0.01105604269919939
1 0.7708443972384492 0.7689668318719024 0.010621348911311735 0.011437285550895921
1 0.7754912373871481 0.757910789172703 0.008762612851832182 0.009912314144109797
1 0.7594264471587892 0.7638200533739993 0.009559214020180562 0.01181852840259245
1 0.778146574614976 0.7529546321006482 0.009824747742963356 0.011437285550895921
1 0.7809346787041954 0.7474266107510484 0.01009028146574615 0.01181852840259245
1 0.7834572490706319 0.7415173465497522 0.010355815188528942 0.01067479984750286
1 0.7857142857142857 0.735608082348456 0.010621348911311735 0.012581014105985514
1 0.787838555496548 0.7291269538696149 0.009559214020180562 0.010293556995806329
1 0.7907594264471587 0.7239801753717118 0.009559214020180562 0.009912314144109797
1 0.7931492299522038 0.7188333968738086 0.010621348911311735 0.012581014105985514
1 0.7973977695167286 0.7073961113229127 0.01009028146574615 0.01105604269919939
1 0.7531864046733935 0.7735417460922608 0.011417950079660117 0.012199771254288982
1 0.7567711099309612 0.7691574532977506 0.009559214020180562 0.01181852840259245
1 0.7610196494954858 0.6624094548227221 0.012745618693574084 0.023255813953488372
1 0.7219861922464152 0.7460922607701106 0.01327668613913967 0.015249714067861228
1 0.725570897503983 0.7390392680137248 0.011949017525225702 0.014105985512771636
1 0.5513807753584705 0.7752573389248951 0.015135422198619224 0.026305756767060616
1 0.7165427509293679 0.630003812428517 0.011949017525225702 0.014105985512771636
1 0.7197291556027615 0.6248570339306138 0.01248008497079129 0.014487228364468167
1 0.7222517259691981 0.6187571483034693 0.011683483802442909 0.014487228364468167
1 0.7257036643653744 0.6111322912695387 0.016994158258098777 0.018299656881433472
1 0.6589219330855018 0.6728936332443767 0.01725969198088157 0.019824628288219594
1 0.6602496016994158 0.6635531833778117 0.013011152416356876 0.015630956919557758
1 0.6637015400955921 0.6578345406023637 0.013011152416356876 0.014868471216164697
1 0.6660913436006373 0.6509721692718261 0.013011152416356876 0.014868471216164697
1 0.6694105151354222 0.6444910407929851 0.012745618693574084 0.014868471216164697
1 0.6728624535315985 0.6374380480365993 0.013807753584705257 0.016012199771254287
1 0.5059745087626129 0.7813572245520396 0.019383961763143918 0.02173084254670225
1 0.7114976101964949 0.642203583682806 0.010886882634094529 0.013343499809378575
1 0.5188528943175783 0.7661075104841785 0.009028146574614976 0.010293556995806329
1 0.5219065321295804 0.7611513534121235 0.008762612851832182 0.009531071292413268
1 0.5242963356346255 0.7552420892108272 0.010355815188528942 0.011437285550895921
1 0.5268189060010621 0.7489515821578345 0.01009028146574615 0.01181852840259245
1 0.5292087095061072 0.7426610751048418 0.009028146574614976 0.009912314144109797
1 0.5042485395645246 0.7695386961494473 0.009559214020180562 0.01181852840259245
1 0.506372809346787 0.7640106747998475 0.008497079129049389 0.009912314144109797
1 0.5084970791290494 0.7575295463210064 0.01009028146574615 0.011437285550895921
1 0.5106213489113117 0.7516202821197102 0.009028146574614976 0.010293556995806329
1 0.513409453000531 0.7459016393442623 0.008231545406266595 0.010293556995806329
1 0.7138874137015401 0.6362943194815097 0.010886882634094529 0.013724742661075104
1 0.7080456718003186 0.6477316050324057 0.011417950079660117 0.013724742661075104
1 0.7283590015932023 0.7317956538314907 0.012214551248008496 0.014105985512771636
1 0.7239776951672862 0.6523065192527641 0.014604354753053637 0.01677468547464735
1 0.7384492830589484 0.7110179184140297 0.01327668613913967 0.016012199771254287
1 0.7444237918215613 0.6971025543271063 0.013542219861922463 0.015630956919557758
1 0.7484067976633032 0.6906214258482654 0.011417950079660117 0.013343499809378575
1 0.7539830058417418 0.6755623332062524 0.013542219861922463 0.015249714067861228
1 0.6945034519383961 0.7152115897826916 0.014604354753053637 0.01677468547464735
1 0.7007434944237918 0.7007243614182234 0.013807753584705257 0.015249714067861228
1 0.7044609665427509 0.6940526115135341 0.014338821030270843 0.01639344262295082
1 0.7144184811471056 0.6727030118185284 0.013542219861922463 0.015630956919557758
1 0.7113648433351035 0.6805184902783072 0.013807753584705257 0.016012199771254287
1 0.7213223579394582 0.6593595120091499 0.014604354753053637 0.01715592832634388
1 0.7276951672862453 0.6456347693480747 0.013542219861922463 0.015630956919557758
1 0.7057886351566648 0.6542127335112466 0.011683483802442909 0.014487228364468167
1 0.7316781731279872 0.6391536408692337 0.013011152416356876 0.015630956919557758
1 0.7338024429102495 0.6315287838353031 0.013542219861922463 0.015630956919557758
1 0.6792352628783855 0.7056805184902784 0.012214551248008496 0.015249714067861228
1 0.6832182687201274 0.7007243614182234 0.011152416356877323 0.013724742661075104
1 0.6858736059479553 0.6948150972169271 0.011152416356877323 0.014105985512771636
1 0.6911842804036112 0.6826153259626382 0.012214551248008496 0.013343499809378575
1 0.6942379182156133 0.676706061761342 0.011417950079660117 0.013724742661075104
1 0.6972915560276155 0.6711780404117422 0.010621348911311735 0.014105985512771636
1 0.7007434944237918 0.6662218833396873 0.011152416356877323 0.013343499809378575
1 0.7024694636218799 0.658787647731605 0.010886882634094529 0.012962256957682043
1 0.8092140201805629 0.745711017918414 0.010355815188528942 0.012199771254288982
1 0.8044344131704726 0.7569576820434617 0.011417950079660117 0.013343499809378575
1 0.4816781731279872 0.7670606176134197 0.010621348911311735 0.012199771254288982
1 0.794211364843335 0.7805947388486466 0.009028146574614976 0.010293556995806329
1 0.7910249601699415 0.09416698436904308 0.013807753584705257 0.018299656881433472
1 0.7853159851301115 0.08387342737323675 0.011417950079660117 0.016012199771254287
1 0.8315188528943175 0.0242089210827297 0.008231545406266595 0.012581014105985514
1 0.8291290493892723 0.0291650781547846 0.009293680297397768 0.014105985512771636
1 0.8250132766861391 0.03431185665268776 0.009559214020180562 0.016012199771254287
1 0.8203664365374402 0.03945863515059093 0.007700477960701008 0.012581014105985514
1 0.8167817312798725 0.0428898208158597 0.007966011683483801 0.012581014105985514
1 0.8130642591609134 0.04803659931376287 0.008497079129049389 0.013724742661075104
1 0.8092140201805629 0.05261151353412123 0.010355815188528942 0.014487228364468167
1 0.8048327137546468 0.0571864277544796 0.008497079129049389 0.013724742661075104
1 0.8011152416356877 0.06252382767823103 0.01009028146574615 0.01677468547464735
1 0.7971322357939458 0.06633625619519634 0.009028146574614976 0.014487228364468167
1 0.8268720127456186 0.007815478459778879 0.01009028146574615 0.014868471216164697
1 0.8222251725969197 0.01105604269919939 0.010886882634094529 0.015249714067861228
1 0.819968135953266 0.016584064048799085 0.009559214020180562 0.013343499809378575
1 0.8162506638343069 0.020968356843309187 0.007966011683483801 0.011437285550895921
1 0.8127987254381306 0.02573389248951582 0.008497079129049389 0.013343499809378575
1 0.8092140201805629 0.029927563858177658 0.008762612851832182 0.014105985512771636
1 0.8046999468932554 0.03373999237514297 0.009293680297397768 0.013343499809378575
1 0.8011152416356877 0.03812428516965307 0.009028146574614976 0.013724742661075104
1 0.7967339352097715 0.041936713686618374 0.008231545406266595 0.011437285550895921
1 0.793547530536378 0.04670224933282501 0.009293680297397768 0.014868471216164697
1 0.7896972915560275 0.050895920701486845 0.009028146574614976 0.014868471216164697
1 0.7819968135953266 0.077582920320244 0.011683483802442909 0.01715592832634388
1 0.7756240042485395 0.1505909264201296 0.011683483802442909 0.0236370568051849
1 0.7507966011683483 0.06919557758292032 0.01248008497079129 0.020968356843309187
1 0.7437599575146043 0.025162028211971027 0.011152416356877323 0.017537171178040413
1 0.9040095592140202 0.9740754860846359 0.008231545406266595 0.009912314144109797
1 0.9040095592140202 0.969119329012581 0.007700477960701008 0.009149828440716736
1 0.9050716941051513 0.9595882577201678 0.008762612851832182 0.009912314144109797
1 0.8957780138077536 0.9388105223027068 0.0071694105151354215 0.008006099885627144
1 0.9040095592140202 0.9641631719405261 0.009293680297397768 0.01067479984750286
14 0.3090812533191715 0.8574151734654976 0.01486988847583643 0.020587113991612657
1 0.7618162506638343 0.008387342737323675 0.01009028146574615 0.016012199771254287
1 0.7566383430695698 0.010293556995806329 0.010886882634094529 0.01677468547464735
1 0.7527881040892193 0.017537171178040413 0.011152416356877323 0.017537171178040413
1 0.748008497079129 0.020777735417460922 0.011683483802442909 0.017918414029736943
1 0.738980350504514 0.03107129241326725 0.012214551248008496 0.018680899733130005
1 0.7367233138608603 0.04384292794510103 0.010355815188528942 0.017537171178040413
1 0.7826606479022835 0.008387342737323675 0.010355815188528942 0.015249714067861228
1 0.7790759426447158 0.01181852840259245 0.008497079129049389 0.011437285550895921
1 0.7749601699415826 0.016584064048799085 0.010886882634094529 0.01639344262295082
1 0.7709771640998406 0.020777735417460922 0.007700477960701008 0.01105604269919939
1 0.7675252257036643 0.02497140678612276 0.0071694105151354215 0.01105604269919939
1 0.763409453000531 0.028783835303088066 0.008497079129049389 0.01181852840259245
1 0.7596919808815719 0.03335874952344643 0.007434944237918215 0.01105604269919939
1 0.756372809346787 0.0390773922988944 0.009293680297397768 0.013343499809378575
1 0.7529208709506107 0.04269919939001144 0.009824747742963356 0.014487228364468167
1 0.7496016994158258 0.05184902783072817 0.011683483802442909 0.019824628288219594
1 0.7853159851301115 0.05489897064430042 0.009824747742963356 0.01677468547464735
1 0.9385289431757833 0.8957300800609989 0.009293680297397768 0.01105604269919939
1 0.9372012745618693 0.8837209302325582 0.008762612851832182 0.008387342737323675
1 0.8530270844397237 0.7411361036980557 0.013542219861922463 0.024399542508577964
1 0.8894052044609665 0.7874571101791842 0.008762612851832182 0.010293556995806329
1 0.8928571428571428 0.7826915745329776 0.010886882634094529 0.012962256957682043
1 0.8903345724907062 0.7693480747235989 0.017525225703664365 0.019824628288219594
1 0.8347052575677111 0.810331681280976 0.007700477960701008 0.008768585589020206
1 0.843733404142326 0.7943194815097216 0.009824747742963356 0.010293556995806329
1 0.8453266064790228 0.7891727030118185 0.010355815188528942 0.01067479984750286
1 0.8485130111524163 0.7836446816622188 0.009293680297397768 0.010293556995806329
1 0.8511683483802442 0.7777354174609226 0.010355815188528942 0.012199771254288982
1 0.8568773234200743 0.7657262676324819 0.010621348911311735 0.012581014105985514
1 0.86311736590547 0.7533358749523447 0.013011152416356876 0.02134959969500572
1 0.7939458311205523 0.8128097598170034 0.011152416356877323 0.012962256957682043
1 0.8840945300053106 0.7990850171559283 0.010355815188528942 0.012199771254288982
1 0.7971322357939458 0.806709874189859 0.012214551248008496 0.013724742661075104
1 0.8000531067445565 0.7985131528783835 0.01327668613913967 0.01715592832634388
1 0.8066914498141263 0.7857415173465497 0.011683483802442909 0.014487228364468167
1 0.8104089219330854 0.7779260388867709 0.012214551248008496 0.013343499809378575
1 0.812931492299522 0.7714449104079298 0.011417950079660117 0.013343499809378575
1 0.8158523632501327 0.7645825390773923 0.01248008497079129 0.014105985512771636
1 0.8190387679235263 0.7573389248951582 0.01248008497079129 0.014868471216164697
1 0.8227562400424854 0.7508577964163172 0.01248008497079129 0.013343499809378575
1 0.825677110993096 0.7441860465116279 0.011949017525225702 0.013724742661075104
1 0.828332448220924 0.7378955394586352 0.011417950079660117 0.013343499809378575
1 0.8864843335103557 0.7929851315287838 0.008762612851832182 0.01067479984750286
1 0.8790493892724376 0.8101410598551277 0.010886882634094529 0.012199771254288982
1 0.9296335634625597 0.8688524590163934 0.009559214020180562 0.013724742661075104
1 0.859798194370685 0.8181471597407549 0.010621348911311735 0.012962256957682043
1 0.9154275092936802 0.8130003812428517 0.009293680297397768 0.010293556995806329
1 0.907328730748805 0.8211971025543271 0.006372809346787042 0.011437285550895921
1 0.8777217206585236 0.8741898589401449 0.010886882634094529 0.019062142584826535
1 0.8891396707381837 0.8473122378955394 0.010886882634094529 0.019443385436523065
1 0.9042750929368029 0.8011818528402592 0.008762612851832182 0.015630956919557758
1 0.8317843866171003 0.8173846740373618 0.009293680297397768 0.011437285550895921
1 0.8769251194901752 0.7849790316431567 0.009824747742963356 0.012199771254288982
1 0.8733404142326074 0.7901258101410599 0.011683483802442909 0.014105985512771636
1 0.8688263409453 0.8021349599695006 0.008497079129049389 0.009912314144109797
1 0.8663037705788634 0.806709874189859 0.007700477960701008 0.009149828440716736
1 0.8555496548061603 0.8307281738467404 0.009559214020180562 0.011437285550895921
1 0.8769251194901752 0.8162409454822722 0.010355815188528942 0.011437285550895921
1 0.852761550716941 0.8362561951963401 0.008762612851832182 0.010293556995806329
1 0.8497079129049389 0.841212352268395 0.01009028146574615 0.01181852840259245
1 0.8474508762612851 0.8471216164696912 0.009824747742963356 0.011437285550895921
1 0.8555496548061603 0.8616088448341593 0.011683483802442909 0.013724742661075104
1 0.8583377588953797 0.8560808234845597 0.01248008497079129 0.014868471216164697
1 0.8603292618162506 0.8494090735798704 0.01009028146574615 0.012199771254288982
1 0.8668348380244291 0.8393061380099123 0.01248008497079129 0.014105985512771636
1 0.8689591078066914 0.8320625238276782 0.010355815188528942 0.01181852840259245
1 0.8708178438661709 0.8257720167746855 0.008231545406266595 0.009149828440716736
1 0.8734731810939989 0.8213877239801753 0.010886882634094529 0.012581014105985514
1 0.4784917684545937 0.7725886389630194 0.010621348911311735 0.01181852840259245
1 0.4828730748805098 0.7605794891345787 0.008762612851832182 0.009912314144109797
1 0.4569835369091874 0.5060998856271445 0.012745618693574084 0.0072436141822340835
1 0.5925385023898034 0.6115135341212352 0.01248008497079129 0.013724742661075104
1 0.5687732342007434 0.5909264201296226 0.011683483802442909 0.012199771254288982
1 0.5716941051513542 0.5842546702249333 0.012214551248008496 0.013343499809378575
1 0.5750132766861391 0.5775829203202439 0.011417950079660117 0.012962256957682043
1 0.5778013807753585 0.5701486847121616 0.012745618693574084 0.014105985512771636
1 0.5799256505576208 0.5629050705299276 0.012745618693574084 0.013343499809378575
1 0.5831120552310143 0.5558520777735417 0.012214551248008496 0.013724742661075104
1 0.5864312267657992 0.5491803278688525 0.013011152416356876 0.014868471216164697
1 0.5955921402018056 0.5249714067861228 0.011152416356877323 0.012962256957682043
1 0.5987785448751991 0.5179184140297369 0.011683483802442909 0.014105985512771636
1 0.6019649495485926 0.5099123141441098 0.011683483802442909 0.013343499809378575
1 0.6046202867764205 0.5011437285550896 0.011683483802442909 0.012581014105985514
1 0.5029208709506107 0.7089210827296988 0.013807753584705257 0.014868471216164697
1 0.507036643653744 0.7009149828440717 0.013011152416356876 0.014105985512771636
1 0.5132766861391397 0.6828059473884864 0.013807753584705257 0.015249714067861228
1 0.5196494954859266 0.666603126191384 0.01327668613913967 0.014868471216164697
1 0.5241635687732341 0.6584064048799085 0.012745618693574084 0.014487228364468167
1 0.5269516728624535 0.6504003049942814 0.013011152416356876 0.013724742661075104
1 0.530801911842804 0.6420129622569577 0.012745618693574084 0.014487228364468167
1 0.5338555496548061 0.6334349980937858 0.01248008497079129 0.015630956919557758
1 0.5377057886351566 0.624285169653069 0.012745618693574084 0.013343499809378575
1 0.540493892724376 0.6172321768966832 0.013011152416356876 0.013724742661075104
1 0.5440785979819437 0.6088448341593595 0.012745618693574084 0.015249714067861228
1 0.5477960701009028 0.6010293556995806 0.01327668613913967 0.015630956919557758
1 0.5631970260223048 0.6063667556233321 0.012214551248008496 0.013343499809378575
1 0.5597450876261285 0.6128478841021731 0.011683483802442909 0.012581014105985514
1 0.557222517259692 0.6202821197102555 0.011949017525225702 0.013724742661075104
1 0.6391396707381837 0.5291650781547846 0.02655337227827934 0.02668699961875715
1 0.5986457780138077 0.5964544414792222 0.01248008497079129 0.015630956919557758
1 0.6010355815188528 0.589782691574533 0.013011152416356876 0.014487228364468167
1 0.6044875199150291 0.5831109416698437 0.011417950079660117 0.012581014105985514
1 0.6071428571428571 0.5760579489134579 0.011417950079660117 0.013724742661075104
1 0.6103292618162506 0.5688143347312238 0.011417950079660117 0.013724742661075104
1 0.6128518321826871 0.5611894776972932 0.011152416356877323 0.012962256957682043
1 0.6167020711630377 0.5537552420892108 0.011949017525225702 0.014105985512771636
1 0.6196229421136484 0.5468928707586733 0.011417950079660117 0.014105985512771636
1 0.6226765799256505 0.5392680137247426 0.011152416356877323 0.013343499809378575
1 0.6254646840148699 0.5312619138391155 0.011949017525225702 0.012581014105985514
1 0.516728624535316 0.7207396111322912 0.011683483802442909 0.013343499809378575
1 0.5540361125862984 0.6280975981700343 0.011949017525225702 0.014105985512771636
1 0.5196494954859266 0.7127335112466642 0.012214551248008496 0.014105985512771636
1 0.5223048327137546 0.7062523827678231 0.012214551248008496 0.013343499809378575
1 0.5248274030801912 0.6991993900114373 0.011949017525225702 0.013724742661075104
1 0.5277482740308018 0.6919557758292032 0.011949017525225702 0.012962256957682043
1 0.5305363781200212 0.6845215402211209 0.012214551248008496 0.01181852840259245
1 0.536510886882634 0.6696530690049561 0.011949017525225702 0.013343499809378575
1 0.5395645246946362 0.6627906976744186 0.012745618693574084 0.013343499809378575
1 0.5419543281996814 0.6555470834921845 0.012214551248008496 0.014105985512771636
1 0.5484599044078597 0.6416317194052612 0.011417950079660117 0.012962256957682043
1 0.5507169410515135 0.6338162409454823 0.011683483802442909 0.013343499809378575
1 0.5509824747742963 0.5924513915364087 0.012745618693574084 0.015249714067861228
1 0.554567180031864 0.5838734273732368 0.013011152416356876 0.014868471216164697
1 0.5580191184280403 0.5741517346549753 0.013542219861922463 0.015249714067861228
1 0.49309612320764734 0.5139153640869234 0.004779607010090281 0.02134959969500572
1 0.49800849707912903 0.5848265345024781 0.016197557089750396 0.017537171178040413
1 0.5175252257036643 0.5857796416317194 0.01327668613913967 0.015630956919557758
1 0.5022570366436537 0.5739611132291269 0.016728624535315983 0.020205871139916128
1 0.521109930961232 0.5770110560426992 0.013011152416356876 0.014105985512771636
1 0.506372809346787 0.5642394205108654 0.017525225703664365 0.019824628288219594
1 0.5280138077535846 0.5131528783835303 0.006638343069569835 0.02134959969500572
1 0.5197822623473181 0.5141059855127716 0.006107275624004248 0.020968356843309187
1 0.5131439192777483 0.5137247426610752 0.0055762081784386614 0.020968356843309187
1 0.5061072756240043 0.5139153640869234 0.005841741901221454 0.02134959969500572
1 0.49946893255443436 0.5135341212352268 0.005310674455655868 0.02134959969500572
1 0.4867233138608603 0.512962256957682 0.004779607010090281 0.02173084254670225
1 0.5107541157727031 0.6025543271063668 0.01248008497079129 0.013343499809378575
1 0.4800849707912905 0.5139153640869234 0.004779607010090281 0.02211208539839878
1 0.45220392989909713 0.6042699199390011 0.006372809346787042 0.015249714067861228
1 0.45592140201805625 0.5865421273351125 0.012214551248008496 0.01105604269919939
1 0.45685077004779606 0.5737704918032787 0.013542219861922463 0.007624857033930614
1 0.45592140201805625 0.5642394205108654 0.014338821030270843 0.006862371330537552
1 0.457514604354753 0.5547083492184521 0.01486988847583643 0.008387342737323675
1 0.4553903345724907 0.5451772779260389 0.011683483802442909 0.007624857033930614
1 0.4561869357408391 0.5356462066336256 0.013807753584705257 0.007624857033930614
1 0.4576473712161444 0.5253526496378192 0.01407328730748805 0.007624857033930614
1 0.4569835369091874 0.5156309569195577 0.014338821030270843 0.008006099885627144
1 0.5142060541688794 0.5945482272207396 0.01248008497079129 0.014105985512771636
1 0.4934944237918215 0.5945482272207396 0.01779075942644716 0.018680899733130005
1 0.5653212958045671 0.5556614563476935 0.013807753584705257 0.014868471216164697
1 0.4865905469994689 0.661646969119329 0.01248008497079129 0.01639344262295082
1 0.5689060010621348 0.5465116279069767 0.013542219861922463 0.015630956919557758
1 0.5708975039830058 0.5360274494853221 0.017525225703664365 0.019824628288219594
1 0.5743494423791821 0.5266869996187572 0.017525225703664365 0.019443385436523065
1 0.5780669144981412 0.5177277926038887 0.018056293149229952 0.019062142584826535
1 0.5825809877854488 0.5081967213114754 0.019118428040361124 0.020587113991612657
1 0.591078066914498 0.48875333587495234 0.0201805629314923 0.020587113991612657
1 0.5859001593202336 0.49847502859321385 0.01725969198088157 0.017918414029736943
1 0.47650026553372277 0.6858558902020587 0.013011152416356876 0.015249714067861228
1 0.4800849707912905 0.678231033168128 0.01327668613913967 0.014487228364468167
1 0.48340414232607537 0.6698436904308044 0.013011152416356876 0.015249714067861228
1 0.4897769516728624 0.6538314906595502 0.013542219861922463 0.016012199771254287
1 0.4899097185342538 0.6040792985131529 0.015932023366967602 0.018680899733130005
1 0.49375995751460433 0.6454441479222265 0.01407328730748805 0.01677468547464735
1 0.49734466277217204 0.6366755623332062 0.01486988847583643 0.017537171178040413
1 0.5007966011683483 0.6290507052992756 0.011683483802442909 0.014487228364468167
1 0.5039830058417418 0.620663362561952 0.013807753584705257 0.016012199771254287
1 0.5073021773765268 0.6115135341212352 0.01407328730748805 0.015249714067861228
1 0.4633563462559745 0.6706061761341975 0.015932023366967602 0.018299656881433472
1 0.4669410515135422 0.6605032405642394 0.016197557089750396 0.019443385436523065
1 0.4747742963356346 0.6416317194052612 0.01646309081253319 0.018299656881433472
1 0.4778279341476367 0.6322912695386962 0.016728624535315983 0.017918414029736943
1 0.4828730748805098 0.6235226839496759 0.01725969198088157 0.018680899733130005
1 0.5955921402018056 0.6042699199390011 0.012214551248008496 0.014487228364468167
1 0.5900159320233669 0.618566526877621 0.011683483802442909 0.012581014105985514
1 0.4857939458311205 0.7546702249332825 0.010355815188528942 0.01181852840259245
1 0.5870950610727562 0.6254288982081586 0.012214551248008496 0.013343499809378575
1 0.42711099309612316 0.7622950819672131 0.01779075942644716 0.019443385436523065
1 0.43069569835369087 0.7523827678231033 0.01646309081253319 0.018680899733130005
1 0.4338821030270844 0.7441860465116279 0.01646309081253319 0.018299656881433472
1 0.43640467339352096 0.7350362180709111 0.016728624535315983 0.017537171178040413
1 0.44131704726500265 0.7255051467784979 0.01486988847583643 0.017537171178040413
1 0.4451672862453531 0.716927182615326 0.014604354753053637 0.01715592832634388
1 0.4486192246415294 0.7070148684712162 0.016728624535315983 0.017918414029736943
1 0.45300053106744553 0.6971025543271063 0.01327668613913967 0.014868471216164697
1 0.45592140201805625 0.6879527258863897 0.015932023366967602 0.018680899733130005
1 0.46030270844397236 0.6799466260007625 0.01407328730748805 0.01639344262295082
1 0.675385023898035 0.6313381624094548 0.01248008497079129 0.015249714067861228
1 0.6788369622942113 0.6254288982081586 0.013011152416356876 0.014105985512771636
1 0.6820233669676048 0.6191383911551659 0.013542219861922463 0.015249714067861228
1 0.6849442379182156 0.611322912695387 0.009293680297397768 0.010293556995806329
1 0.6873340414232607 0.6059855127716355 0.01248008497079129 0.014868471216164697
1 0.690785979819437 0.5996950057186428 0.013542219861922463 0.016012199771254287
1 0.6946362187997875 0.5920701486847122 0.01486988847583643 0.015249714067861228
1 0.6407328730748805 0.6574532977506672 0.0201805629314923 0.020205871139916128
1 0.6469729155602761 0.6528783835303088 0.013011152416356876 0.014868471216164697
1 0.6498937865108868 0.6462066336256195 0.013542219861922463 0.016012199771254287
1 0.6521508231545405 0.6391536408692337 0.013807753584705257 0.015630956919557758
1 0.6557355284121082 0.6330537552420892 0.013011152416356876 0.015630956919557758
1 0.6581253319171534 0.6261913839115517 0.013011152416356876 0.014868471216164697
1 0.4711895910780669 0.6929088829584445 0.008231545406266595 0.009531071292413268
1 0.46826872012745613 0.6999618757148304 0.008762612851832182 0.009912314144109797
1 0.46720658523632497 0.706824247045368 0.008231545406266595 0.009149828440716736
1 0.47995220392989907 0.7342737323675181 0.008231545406266595 0.009912314144109797
1 0.48831651619755706 0.748570339306138 0.009559214020180562 0.010293556995806329
1 0.49030801911842803 0.74285169653069 0.010355815188528942 0.01181852840259245
1 0.49269782262347317 0.7363705680518491 0.009824747742963356 0.01105604269919939
1 0.4949548592671269 0.7308425467022494 0.009559214020180562 0.01067479984750286
1 0.4981412639405204 0.7253145253526496 0.009028146574614976 0.01105604269919939
1 0.4660116834838024 0.7699199390011437 0.009559214020180562 0.010293556995806329
1 0.46826872012745613 0.7638200533739993 0.009293680297397768 0.010293556995806329
1 0.4730483271375464 0.7516202821197102 0.008762612851832182 0.009531071292413268
1 0.4751725969198088 0.7455203964925657 0.008762612851832182 0.010293556995806329
1 0.4774296335634625 0.7403736179946626 0.009028146574614976 0.01067479984750286
1 0.4823420074349442 0.7276019824628288 0.009293680297397768 0.01105604269919939
1 0.4638874137015401 0.7121616469691193 0.009028146574614976 0.009912314144109797
1 0.48964418481147104 0.7093023255813954 0.01009028146574615 0.01105604269919939
1 0.442777482740308 0.7655356462066336 0.009293680297397768 0.01067479984750286
1 0.44490175252257036 0.7603888677087305 0.008762612851832182 0.010293556995806329
1 0.44676048858204986 0.7537171178040412 0.009293680297397768 0.01067479984750286
1 0.449150292087095 0.7470453678993519 0.008762612851832182 0.009531071292413268
1 0.4512745618693574 0.742089210827297 0.008762612851832182 0.010293556995806329
1 0.4540626659585767 0.7361799466260007 0.008497079129049389 0.009149828440716736
1 0.45658523632501324 0.7300800609988563 0.008231545406266595 0.009912314144109797
1 0.45950610727562397 0.7243614182234083 0.008231545406266595 0.009149828440716736
1 0.46149761019649493 0.7178802897445673 0.009028146574614976 0.009912314144109797
1 0.6610462028677642 0.6197102554327106 0.013542219861922463 0.014868471216164697
1 0.6640998406797662 0.6132291269538697 0.015400955921402016 0.019443385436523065
1 0.6674190122145512 0.6067479984750286 0.015666489644184812 0.018680899733130005
1 0.6189591078066914 0.5939763629431948 0.015400955921402016 0.018299656881433472
1 0.5856346255974508 0.6671749904689287 0.009824747742963356 0.01067479984750286
1 0.5882899628252788 0.6618375905451773 0.010886882634094529 0.011437285550895921
1 0.5905469994689325 0.6549752192146397 0.009559214020180562 0.01067479984750286
1 0.5936006372809346 0.6498284407167365 0.009824747742963356 0.01105604269919939
1 0.5973181093998937 0.6443004193671369 0.010886882634094529 0.012962256957682043
1 0.6005045140732873 0.6374380480365993 0.013542219861922463 0.015249714067861228
1 0.6042219861922463 0.6294319481509721 0.015666489644184812 0.01677468547464735
1 0.6075411577270313 0.6199008768585589 0.014338821030270843 0.015249714067861228
1 0.6119224641529474 0.6122760198246283 0.015666489644184812 0.017537171178040413
1 0.6151088688263409 0.6031261913839115 0.014604354753053637 0.016012199771254287
1 0.6226765799256505 0.5859702630575677 0.015932023366967602 0.019062142584826535
1 0.5781996813595326 0.6852840259245139 0.009824747742963356 0.010293556995806329
1 0.6267923526287839 0.5758673274876096 0.016197557089750396 0.01715592832634388
1 0.6306425916091343 0.5672893633244377 0.016994158258098777 0.017537171178040413
1 0.6354221986192246 0.5571864277544796 0.013807753584705257 0.015630956919557758
1 0.6398035050451407 0.5478459778879146 0.018321826872012743 0.019062142584826535
1 0.5667817312798725 0.6770873046130385 0.011949017525225702 0.013724742661075104
1 0.5695698353690918 0.66812809759817 0.011683483802442909 0.013343499809378575
1 0.5723579394583111 0.6614563476934807 0.01248008497079129 0.015249714067861228
1 0.5752788104089219 0.6540221120853984 0.011949017525225702 0.014868471216164697
1 0.578332448220924 0.6473503621807091 0.011683483802442909 0.013724742661075104
1 0.5839086563993626 0.6326725123903927 0.011683483802442909 0.013343499809378575
1 0.5832448220924057 0.6728936332443767 0.009824747742963356 0.011437285550895921
1 0.5758098778544875 0.6910026686999619 0.009293680297397768 0.010293556995806329
1 0.6711364843335103 0.6002668699961876 0.014604354753053637 0.01715592832634388
1 0.5489909718534254 0.7186427754479604 0.013011152416356876 0.013724742661075104
1 0.6731279872543813 0.5937857415173465 0.013807753584705257 0.01715592832634388
1 0.6761816250663834 0.5876858558902021 0.014604354753053637 0.01715592832634388
1 0.6796335634625597 0.5794891345787266 0.014604354753053637 0.016012199771254287
1 0.6959638874137015 0.5815859702630576 0.016994158258098777 0.019443385436523065
1 0.6813595326606479 0.5693861990087686 0.01486988847583643 0.01715592832634388
1 0.5633297928836962 0.6828059473884864 0.01248008497079129 0.012962256957682043
1 0.5604089219330854 0.689668318719024 0.011949017525225702 0.013724742661075104
1 0.5576208178438661 0.6972931757529547 0.012214551248008496 0.014487228364468167
1 0.5549654806160382 0.7045367899351888 0.011683483802442909 0.012962256957682043
1 0.5521773765268189 0.7119710255432711 0.011949017525225702 0.014105985512771636
1 0.5454062665958577 0.7253145253526496 0.01327668613913967 0.01639344262295082
1 0.5732873074880509 0.6972931757529547 0.01009028146574615 0.011437285550895921
1 0.5419543281996814 0.731986275257339 0.012745618693574084 0.015249714067861228
1 0.5398300584174189 0.7401829965688144 0.011683483802442909 0.012581014105985514
1 0.5515135422198619 0.7510484178421655 0.009559214020180562 0.01067479984750286
1 0.5541688794476898 0.744948532215021 0.009559214020180562 0.009912314144109797
1 0.5570897503983006 0.739229889439573 0.010621348911311735 0.009912314144109797
1 0.5617365905469994 0.7272207396111323 0.010355815188528942 0.01105604269919939
1 0.5638608603292617 0.720548989706443 0.009824747742963356 0.009912314144109797
1 0.5665161975570897 0.7146397255051468 0.009293680297397768 0.010293556995806329
1 0.5687732342007434 0.7087304613038505 0.009028146574614976 0.009912314144109797
1 0.570631970260223 0.7026305756767061 0.009559214020180562 0.009912314144109797
7 0.08112055231014338 0.1528783835303088 0.0602761550716941 0.13953488372093023
