1 0.844458052663809 0.6482741857073407 0.01388038375178608 0.018959649975692754
7 0.308940600122474 0.5588235294117647 0.039804041641151255 0.13563441905687895
7 0.5849152888344561 0.7613028682547399 0.006736068585425597 0.09722897423432182
7 0.5716472749540723 0.7540106951871658 0.01122678097570933 0.10889645114244044
7 0.549806082874056 0.723869713174526 0.014492753623188406 0.12348079727758872
7 0.5340885895080629 0.7489061740398638 0.012043274137579099 0.11618862421001458
7 0.5178607879159012 0.7382109868740885 0.008164931618697694 0.10938259601361205
7 0.5057154521330884 0.733835683033544 0.009185548071034905 0.13660670879922215
7 0.4688711982037151 0.7360233349538162 0.015513370075525619 0.1166747690811862
7 0.38814043682384164 0.6708799222168206 0.03123086344151868 0.13417598444336412
7 0.3657889365176567 0.6519202722411278 0.02531128801796285 0.12542537676227516
7 0.34874464176362524 0.596985901798736 0.022249438660951217 0.10209042294603791
7 0.3241477852622984 0.574623237724842 0.0347009593794652 0.12639766650461837
7 0.2853643600734844 0.5413223140495868 0.04858134313125128 0.16188624210014585
1 0.7441314553990611 0.691541079241614 0.01653398652786283 0.020904229460379193
7 0.26678914064094716 0.5700048614487117 0.0400081649316187 0.18230432668935342
7 0.262094304960196 0.4846864365580943 0.0400081649316187 0.11764705882352941
7 0.2405592978158808 0.5 0.018983466013472138 0.07632474477394263
7 0.23076137987344358 0.47666504618376276 0.030414370279648908 0.10549343704423918
7 0.2136150234741784 0.45405930967428293 0.02959787711777914 0.09722897423432182
7 0.20034700959379467 0.45187165775401067 0.022249438660951217 0.07340787554691297
7 0.188507858746683 0.4207583859990277 0.02878138395590937 0.0850753524550316
7 0.08562972035109206 0.18983957219251335 0.06593182282098388 0.11132717549829849
7 0.17830169422331088 0.3889158969372873 0.032455603184323334 0.10209042294603791
7 0.17391304347826086 0.33957219251336895 0.03306797305572566 0.07632474477394263
7 0.1537048377219841 0.3179387457462324 0.03225147989385589 0.0797277588721439
7 0.5993059808124107 0.7496353913466213 0.0077566850377628095 0.09528439474963539
7 0.6218616044090631 0.7826932425862907 0.006736068585425597 0.08070004861448711
7 0.6473770157174934 0.7503646086533787 0.012043274137579099 0.10063198833252308
7 0.6617677076954481 0.7693242586290714 0.024903041437027967 0.11424404472532815
1 0.5547050418452746 0.7010209042294604 0.006736068585425597 0.03305785123966942
1 0.5370483772198408 0.7075838599902771 0.0061236987140232705 0.029654837141468156
1 0.5278628291488059 0.7109868740884784 0.009797917942437232 0.042294603791929994
1 0.4989793835476628 0.7165775401069518 0.005511328842620944 0.0320855614973262
1 0.4916309450908349 0.7124453087019932 0.005103082261686058 0.03354399611084103
1 0.4671361502347418 0.725085075352455 0.006736068585425597 0.029654837141468156
1 0.4698918146560523 0.6920272241127856 0.005307205552153501 0.032571706368497814
1 0.39753010818534396 0.7360233349538162 0.00959379465196979 0.03403014098201264
1 0.3765054092671974 0.676470588235294 0.01122678097570933 0.046183762761302864
1 0.31220657276995306 0.5405930967428293 0.010002041232904674 0.030140982012639764
1 0.31894264135537864 0.4910063198833252 0.012451520718513983 0.02236266407389402
1 0.3041437027964891 0.47131745260087504 0.015513370075525619 0.02771025765678172
1 0.1252296387017759 0.24720466699076324 0.014492753623188406 0.024793388429752067
1 0.09563176158399674 0.19129800680602818 0.012451520718513983 0.022848808945065628
1 0.06858542559706063 0.14560038891589694 0.018779342723004695 0.030627126883811376
7 0.9201877934272301 0.7372386971317453 0.01755460298020004 0.1550802139037433
7 0.8666054296795265 0.717549829849295 0.021841192080016333 0.1118133203694701
7 0.8472137170851195 0.701507049100632 0.007144315166360482 0.09236752552260573
7 0.8246580934884671 0.7513368983957219 0.013472137170851195 0.07826932425862906
7 0.7908756889161054 0.74623237724842 0.012451520718513983 0.10209042294603791
7 0.7457644417228007 0.7489061740398638 0.0332720963461931 0.11035488575595527
7 0.7098387426005307 0.7659212445308702 0.022249438660951217 0.08799222168206125
7 0.6818738518064912 0.7924161400097228 0.006327822004490713 0.08945065629557608
7 0.12216778934476424 0.31064657267865825 0.04960195958358849 0.13125911521633446
