1 0.8501362397820164 0.7199223803363519 0.03814713896457766 0.03622250970245796
1 0.42745231607629425 0.37774902975420444 0.03746594005449591 0.03622250970245796
1 0.4025885558583106 0.40103492884864167 0.03542234332425068 0.03622250970245796
1 0.3920299727520436 0.41364812419146185 0.040190735694822885 0.03816300129366106
1 0.3801089918256131 0.4246442432082795 0.039509536784741145 0.039456662354463136
1 0.3692098092643052 0.4379042690815007 0.03678474114441417 0.03492884864165589
1 0.3576294277929155 0.44857697283311776 0.039509536784741145 0.03816300129366106
1 0.34400544959128065 0.4582794307891333 0.03678474114441417 0.036869340232858996
1 0.3310626702997275 0.46895213454075035 0.03678474114441417 0.03492884864165589
1 0.34877384196185285 0.5326649417852523 0.043596730245231606 0.042043984476067275
1 0.32050408719346046 0.4828589909443726 0.0388283378746594 0.03428201811125486
1 0.3048365122615804 0.4912677878395861 0.04291553133514986 0.0407503234152652
1 0.03201634877384196 0.20407503234152655 0.031335149863760216 0.016170763260025874
1 0.03371934604904632 0.22509702457956018 0.03746594005449591 0.03622250970245796
1 0.04632152588555858 0.2529107373868047 0.027247956403269755 0.02457956015523933
1 0.05790190735694822 0.2425614489003881 0.02861035422343324 0.027166882276843468
1 0.06880108991825613 0.23382923673997413 0.02997275204359673 0.027813712807244505
1 0.08072207084468665 0.22347994825355758 0.029291553133514985 0.029107373868046574
1 0.10115803814713896 0.20310478654592498 0.030653950953678472 0.028460543337645538
1 0.4128065395095368 0.38712807244501946 0.039509536784741145 0.03816300129366106
1 0.43937329700272476 0.36642949547218634 0.039509536784741145 0.036869340232858996
1 0.12397820163487738 0.1827296248382924 0.020435967302452316 0.022639068564036226
1 0.4533378746594005 0.35608020698576975 0.040190735694822885 0.03816300129366106
1 0.37057220708446864 0.5080853816300129 0.04087193460490463 0.039456662354463136
1 0.3807901907356948 0.4938551099611902 0.03814713896457766 0.03816300129366106
1 0.39373297002724794 0.4822121604139716 0.03678474114441417 0.036869340232858996
1 0.40463215258855584 0.47153945666235453 0.039509536784741145 0.040103492884864166
1 0.4199591280653951 0.4621604139715395 0.04155313351498637 0.0407503234152652
1 0.42915531335149865 0.4476067270375162 0.03678474114441417 0.03492884864165589
1 0.4380108991825613 0.43402328589909445 0.03678474114441417 0.03492884864165589
1 0.45776566757493187 0.4285252263906857 0.04223433242506812 0.0407503234152652
1 0.46730245231607626 0.4159120310478655 0.04087193460490463 0.04139715394566624
1 0.4754768392370572 0.40103492884864167 0.04087193460490463 0.0388098318240621
1 0.4901226158038147 0.3913324708926262 0.040190735694822885 0.037516170763260026
1 0.5020435967302452 0.3790426908150065 0.04223433242506812 0.0388098318240621
1 0.5173705722070845 0.369340232858991 0.04427792915531335 0.04269081500646831
1 0.5262261580381471 0.3515523932729625 0.0388283378746594 0.036869340232858996
1 0.49182561307901906 0.31888745148771025 0.03814713896457766 0.03622250970245796
1 0.47275204359673023 0.3292367399741268 0.04223433242506812 0.040103492884864166
1 0.4598092643051771 0.34184993531694696 0.043596730245231606 0.0407503234152652
1 0.11171662125340599 0.19307891332470895 0.02861035422343324 0.029107373868046574
1 0.13249318801089918 0.17529107373868047 0.022479564032697547 0.02069857697283312
1 0.8286784741144414 0.7448253557567918 0.03337874659400545 0.032988357050452784
1 0.30415531335149865 0.16655886157826652 0.030653950953678472 0.030401034928848644
1 0.4039509536784741 0.2603492884864166 0.03678474114441417 0.03428201811125486
1 0.3920299727520436 0.2716688227684347 0.03746594005449591 0.03363518758085382
1 0.37057220708446864 0.2952781371280725 0.0326975476839237 0.030401034928848644
1 0.35865122615803813 0.30627425614489007 0.03474114441416894 0.03169469598965072
1 0.34775204359673023 0.31921086675291077 0.03201634877384196 0.029107373868046574
1 0.3344686648501362 0.32826649417852527 0.03405994550408719 0.032988357050452784
1 0.29734332425068116 0.2936610608020699 0.03746594005449591 0.03622250970245796
1 0.30960490463215257 0.28395860284605434 0.03746594005449591 0.03622250970245796
1 0.3337874659400545 0.26228978007761966 0.03405994550408719 0.03169469598965072
1 0.3463896457765667 0.25194049159120313 0.0388283378746594 0.036869340232858996
7 0.8133514986376021 0.7849288486416559 0.18392370572207084 0.1739974126778784
7 0.6975476839237057 0.7170116429495472 0.21525885558583105 0.20763260025873223
7 0.6314713896457765 0.619340232858991 0.26294277929155313 0.24644243208279432
7 0.5272479564032697 0.5271668822768435 0.26021798365122617 0.24708926261319536
7 0.414850136239782 0.4259379042690815 0.26294277929155313 0.2503234152652005
7 0.3061989100817439 0.32147477360931437 0.23228882833787465 0.22121604139715395
7 0.19959128065395096 0.23738680465717985 0.23978201634877383 0.23027166882276845
1 0.3579700272479564 0.23965071151358347 0.03337874659400545 0.032988357050452784
1 0.2724795640326975 0.13648124191461838 0.0326975476839237 0.03104786545924968
1 0.1420299727520436 0.1610608020698577 0.029291553133514985 0.029754204398447608
1 0.29291553133514986 0.17884864165588618 0.031335149863760216 0.030401034928848644
1 0.15258855585831063 0.15103492884864167 0.027247956403269755 0.025226390685640365
1 0.17370572207084467 0.1316300129366106 0.02997275204359673 0.030401034928848644
1 0.18392370572207084 0.12063389391979303 0.02997275204359673 0.029107373868046574
1 0.19448228882833787 0.11060802069857698 0.027929155313351498 0.027166882276843468
1 0.20470027247956402 0.09961190168175939 0.029291553133514985 0.028460543337645538
1 0.26021798365122617 0.14683053040103494 0.027247956403269755 0.0258732212160414
1 0.24591280653950953 0.1571798188874515 0.02316076294277929 0.02328589909443726
1 0.2183242506811989 0.18693402328589911 0.029291553133514985 0.027166882276843468
1 0.19822888283378745 0.20795601552393275 0.025885558583106268 0.025226390685640365
1 0.18903269754768393 0.2199223803363519 0.027929155313351498 0.028460543337645538
1 0.17881471389645776 0.23059508408796897 0.029291553133514985 0.029107373868046574
1 0.2292234332425068 0.24353169469598968 0.03746594005449591 0.03557567917205692
1 0.23910081743869208 0.23124191461837001 0.03542234332425068 0.03557567917205692
1 0.2486376021798365 0.21959896507115137 0.0326975476839237 0.03169469598965072
1 0.25851498637602177 0.20795601552393275 0.03474114441416894 0.03428201811125486
1 0.26873297002724794 0.19793014230271672 0.03474114441416894 0.03492884864165589
1 0.27963215258855584 0.18725743855109964 0.03474114441416894 0.03169469598965072
1 0.3576294277929155 0.5184346701164295 0.039509536784741145 0.03816300129366106
1 0.41757493188010897 0.5976714100905564 0.0326975476839237 0.03104786545924968
1 0.4311989100817439 0.5876455368693403 0.03678474114441417 0.03428201811125486
1 0.7336512261580381 0.711836998706339 0.024523160762942777 0.023932729624838295
1 0.6706403269754768 0.7144243208279432 0.029291553133514985 0.03169469598965072
1 0.69141689373297 0.7525873221216042 0.024523160762942777 0.023932729624838295
1 0.6784741144414169 0.7616429495472187 0.02997275204359673 0.027813712807244505
1 0.670299727520436 0.7723156532988358 0.027247956403269755 0.0258732212160414
1 0.6590599455040872 0.7241267787839587 0.030653950953678472 0.030401034928848644
1 0.6403269754768393 0.7441785252263907 0.024523160762942777 0.023932729624838295
1 0.6284059945504087 0.7548512289780078 0.030653950953678472 0.029754204398447608
1 0.6604223433242506 0.7829883570504529 0.03337874659400545 0.032988357050452784
1 0.6502043596730245 0.7939844760672704 0.029291553133514985 0.027813712807244505
1 0.6093324250681199 0.776843467011643 0.030653950953678472 0.028460543337645538
1 0.6004768392370572 0.7907503234152653 0.03337874659400545 0.03169469598965072
1 0.7040190735694822 0.5177878395860285 0.0388283378746594 0.036869340232858996
1 0.6917574931880108 0.5284605433376456 0.040190735694822885 0.037516170763260026
1 0.6842643051771117 0.5433376455368694 0.03337874659400545 0.03234152652005175
1 0.6696185286103542 0.5501293661060802 0.03542234332425068 0.032988357050452784
1 0.6604223433242506 0.5640362225097025 0.029291553133514985 0.029754204398447608
1 0.7006130790190735 0.5827943078913325 0.027929155313351498 0.027166882276843468
1 0.7121934604904632 0.7328589909443727 0.027929155313351498 0.027166882276843468
1 0.7026566757493188 0.683053040103493 0.02656675749318801 0.027166882276843468
1 0.4417574931880109 0.5766494178525227 0.030653950953678472 0.027813712807244505
1 0.7121934604904632 0.674320827943079 0.029291553133514985 0.029107373868046574
1 0.8167574931880108 0.7564683053040104 0.03405994550408719 0.032988357050452784
1 0.8252724795640327 0.8027166882276844 0.022479564032697547 0.02069857697283312
1 0.8194822888283378 0.8133893919793015 0.02861035422343324 0.026520051746442435
1 0.8085831062670299 0.8195342820181113 0.024523160762942777 0.02457956015523933
1 0.7980245231607629 0.8276196636481242 0.02656675749318801 0.025226390685640365
1 0.7912125340599455 0.8386157826649419 0.019754768392370572 0.020051746442432083
1 0.7666893732970027 0.7978654592496767 0.03746594005449591 0.03557567917205692
1 0.7826975476839236 0.8473479948253558 0.025885558583106268 0.02457956015523933
1 0.7329700272479563 0.8353816300129366 0.03542234332425068 0.032988357050452784
1 0.7639645776566757 0.6817593790426909 0.030653950953678472 0.029754204398447608
1 0.7728201634877384 0.6697930142302717 0.029291553133514985 0.029107373868046574
1 0.7840599455040872 0.6636481241914619 0.025885558583106268 0.027166882276843468
1 0.7551089918256131 0.6306597671410091 0.030653950953678472 0.029754204398447608
1 0.744550408719346 0.6419793014230272 0.02316076294277929 0.022639068564036226
1 0.7227520435967302 0.6620310478654593 0.02861035422343324 0.027813712807244505
1 0.7523841961852861 0.6901681759379044 0.029291553133514985 0.03104786545924968
1 0.7421662125340599 0.7021345407503234 0.02656675749318801 0.025226390685640365
1 0.69141689373297 0.5950840879689522 0.031335149863760216 0.029754204398447608
1 0.6471389645776566 0.5737386804657181 0.03542234332425068 0.03363518758085382
1 0.6805177111716622 0.6038163001293662 0.02997275204359673 0.027813712807244505
1 0.670299727520436 0.6144890038809833 0.02997275204359673 0.029754204398447608
1 0.5684604904632152 0.4566623544631307 0.030653950953678472 0.03104786545924968
1 0.555858310626703 0.46539456662354467 0.03814713896457766 0.03557567917205692
1 0.5459809264305177 0.4786545924967659 0.03337874659400545 0.03234152652005175
1 0.600817438692098 0.48706338939197935 0.0326975476839237 0.03234152652005175
1 0.5790190735694822 0.5097024579560155 0.03405994550408719 0.03492884864165589
1 0.5688010899182561 0.5206985769728332 0.0326975476839237 0.03104786545924968
1 0.5565395095367848 0.5323415265200518 0.03542234332425068 0.03234152652005175
1 0.5470027247956403 0.5443078913324709 0.039509536784741145 0.036869340232858996
1 0.5207765667574932 0.563712807244502 0.03337874659400545 0.032988357050452784
1 0.4645776566757493 0.6186934023285899 0.031335149863760216 0.03169469598965072
1 0.4536784741144414 0.6313065976714102 0.02997275204359673 0.029754204398447608
1 0.5190735694822888 0.49870633893919797 0.03814713896457766 0.03622250970245796
1 0.5115803814713896 0.5116429495472187 0.03405994550408719 0.03234152652005175
1 0.49659400544959126 0.5194049159120311 0.03678474114441417 0.03622250970245796
1 0.47377384196185285 0.5413971539456662 0.040190735694822885 0.037516170763260026
1 0.4632152588555858 0.553686934023286 0.031335149863760216 0.03234152652005175
1 0.4543596730245231 0.5666235446313066 0.03814713896457766 0.03492884864165589
1 0.5786784741144414 0.4440491591203105 0.03474114441416894 0.03428201811125486
1 0.5868528610354223 0.4298188874514877 0.03201634877384196 0.030401034928848644
1 0.6001362397820164 0.42011642949547223 0.03405994550408719 0.032988357050452784
1 0.5681198910081744 0.6513583441138422 0.031335149863760216 0.03104786545924968
1 0.6369209809264305 0.5847347994825356 0.03405994550408719 0.03234152652005175
1 0.6263623978201635 0.5960543337645537 0.029291553133514985 0.029107373868046574
1 0.6576975476839236 0.6235446313065978 0.029291553133514985 0.027166882276843468
1 0.6498637602179836 0.6345407503234153 0.027247956403269755 0.0258732212160414
1 0.6028610354223433 0.6180465717981889 0.03405994550408719 0.03169469598965072
1 0.6270435967302452 0.6542690815006469 0.029291553133514985 0.027813712807244505
1 0.5834468664850136 0.6423027166882277 0.03201634877384196 0.03104786545924968
1 0.6066076294277929 0.6752910737386805 0.03201634877384196 0.029754204398447608
1 0.614100817438692 0.47671410090556277 0.03746594005449591 0.03622250970245796
1 0.5572207084468664 0.6630012936610609 0.03405994550408719 0.03363518758085382
1 0.5868528610354223 0.6953428201811126 0.030653950953678472 0.029754204398447608
1 0.5674386920980926 0.7166882276843468 0.02861035422343324 0.0258732212160414
1 0.5347411444141689 0.7302716688227685 0.039509536784741145 0.0388098318240621
1 0.5245231607629428 0.6963130659767142 0.03814713896457766 0.036869340232858996
1 0.6324931880108992 0.45213454075032344 0.029291553133514985 0.027166882276843468
1 0.6232970027247956 0.4644243208279431 0.03405994550408719 0.03363518758085382
7 0.1311307901907357 0.16720569210866754 0.21866485013623976 0.21021992238033638
