10 0.6704270749395649 0.4056210964607911 0.0064464141821112 0.028452463566967384
10 0.758662369057212 0.635322692574601 0.006177813591189901 0.027064538514920192
7 0.8439430566747247 0.28313671061762663 0.0257856567284448 0.1707147814018043
14 0.8084877786731131 0.43684941013185286 0.018802041364491002 0.03400416377515614
7 0.752887456352404 0.2349063150589868 0.023099650819231803 0.2338653712699514
7 0.7015847434864357 0.2748091603053435 0.025248455546602204 0.17487855655794587
7 0.6227504700510341 0.26960444136016654 0.025517056137523503 0.16585704371963914
7 0.5815202793446146 0.33448993754337264 0.031157668546870805 0.20124913254684246
7 0.5230996508192318 0.38723108952116586 0.022293849046467903 0.09993060374739764
7 0.48240666129465487 0.44101318528799444 0.030620467365028204 0.20749479528105483
7 0.4425194735428418 0.49063150589868143 0.0319634703196347 0.24843858431644691
7 0.4022293849046468 0.5079805690492714 0.027665860864893903 0.23317140874392783
7 0.34649476228847703 0.5048577376821651 0.03223207091055601 0.28105482303955587
7 0.29344614558152027 0.4864677307425399 0.0174590384098845 0.22900763358778625
7 0.2587966693526726 0.6731436502428868 0.009401020682245501 0.1443442054129077
7 0.23663712060166534 0.5614156835530881 0.043513295729250605 0.09993060374739764
7 0.19943593875906526 0.6748785565579458 0.0335750738651625 0.20471894517696043
7 0.1625033575073865 0.7706453851492019 0.008595218909481601 0.08119361554476058
7 0.15645984421165726 0.7033310201249132 0.014235831318828902 0.054823039555863984
7 0.16116035455278002 0.6391394864677307 0.030620467365028204 0.09715475364330325
7 0.11670695675530486 0.7390700902151284 0.034112275047005106 0.18875780707841777
7 0.8855761482675262 0.2224149895905621 0.022562449637389202 0.16585704371963914
7 0.9379532634971797 0.21790423317140872 0.0220252484555466 0.1040943789035392
10 0.5985764168681171 0.8625954198473282 0.012624227773301102 0.02081887578070784
1 0.45178619392962666 0.38584316446911865 0.008058017727639002 0.04163775156141568
10 0.7610797743755037 0.5943789035392089 0.013161428955143701 0.031228313671061762
10 0.7519473542841795 0.554823039555864 0.007252215954875101 0.028452463566967384
10 0.11415525114155252 0.8893129770992366 0.005909213000268601 0.028452463566967384
10 0.2585280687617513 0.8660652324774462 0.0083266183185603 0.03469812630117974
10 0.26618318560300835 0.8674531575294934 0.0069836153639538006 0.030534351145038167
10 0.2741069030351867 0.8646773074253989 0.006177813591189901 0.031922276197085354
1 0.35052377115229655 0.38202637057598887 0.010744023636852002 0.049271339347675226
1 0.4092130002686006 0.4111727966689799 0.009938221864088102 0.04371963913948647
1 0.6861402095084609 0.2081887578070784 0.008863819500402902 0.03608605135322693
10 0.9020950846091862 0.8455933379597501 0.012624227773301102 0.020124913254684247
10 0.5592264302981467 0.6217904233171409 0.010744023636852002 0.01943095072866065
10 0.5750738651625034 0.5933379597501734 0.0091324200913242 0.03608605135322693
10 0.6988987375772227 0.5756419153365718 0.0128928283642224 0.020124913254684247
10 0.6951383293043245 0.5242886884108258 0.011281224818694601 0.015961138098542677
10 0.9853612677947892 0.6693268563497571 0.010475423045930701 0.01734906315058987
10 0.9313725490196079 0.6918806384455239 0.0110126242277733 0.018043025676613464
10 0.8697287134031695 0.5877862595419847 0.0064464141821112 0.02914642609299098
10 0.8615363953800699 0.5881332408049965 0.006177813591189901 0.02984038861901457
7 0.14893902766586087 0.5968077723802915 0.046467902229384905 0.1179736294240111
