14 0.8036105032822757 0.007985574446161773 0.016411378555798686 0.014940752189592994
7 0.9671772428884026 0.04276146316331788 0.04266958424507659 0.03606388459556929
7 0.9061816192560175 0.18495620814013397 0.06728665207877461 0.060793405461102526
7 0.9102844638949672 0.26867594023699126 0.12253829321663019 0.12313240597630089
7 0.8544857768052516 0.37351880473982485 0.12691466083150985 0.12982998454404945
7 0.7776258205689278 0.4963936115404431 0.10667396061269147 0.10870685213807316
7 0.7311269146608315 0.5370942812982998 0.09901531728665207 0.1014940752189593
7 0.7010393873085339 0.5793405461102524 0.074945295404814 0.07882534775888718
7 0.6479759299781181 0.619526017516744 0.09026258205689278 0.0932509015971149
7 0.6061269146608315 0.6723338485316848 0.10940919037199125 0.12261720762493561
7 0.562089715536105 0.6950025759917569 0.07713347921225383 0.08346213292117466
7 0.4898796498905908 0.7184441009788769 0.0826039387308534 0.08603812467800104
7 0.3192013129102845 0.7697063369397218 0.048687089715536105 0.10303967027305513
7 0.2573851203501094 0.8281813498196806 0.058533916849015315 0.0932509015971149
7 0.19584245076586432 0.8583204533745492 0.06455142231947483 0.09479649665121072
7 0.03282275711159737 0.886913961875322 0.062363238512035006 0.07573415765069552
