7 0.0077252198716425005 0.7100573844759891 0.0068932731162348465 0.012080942313500452
7 0.37413834086047065 0.7032618544246451 0.012360351794628001 0.007550588945937783
7 0.3919657713334918 0.7955300513440048 0.012835749940575231 0.01147689519782543
7 0.410981697171381 0.781183932346723 0.011409555502733539 0.010570824524312896
7 0.3874494889469931 0.7722742373905165 0.011884953648680769 0.009664753850800362
7 0.38471594960779654 0.7535487768045908 0.011647254575707155 0.009060706735125339
7 0.404207273591633 0.746602234974328 0.010696458283812693 0.010268800966475386
7 0.3813881625861659 0.7373905164602839 0.011647254575707155 0.010570824524312896
7 0.4025433800808177 0.7351253397765025 0.011647254575707155 0.008456659619450317
7 0.3987401949132398 0.7129266082754455 0.013548847159496077 0.012382965871337965
7 0.3946993106726884 0.6966173361522199 0.011647254575707155 0.008758683177287828
7 0.420251961017352 0.8150105708245243 0.011884953648680769 0.01117487163998792
7 0.3699786070834324 0.6861975234068257 0.012122652721654385 0.01147689519782543
7 0.3905395768956501 0.6790999697976442 0.011409555502733539 0.009966777408637873
7 0.38685524126455906 0.6627906976744186 0.007844069408129309 0.008758683177287828
7 0.3664131209888281 0.6691331923890064 0.011647254575707155 0.009362730292962852
7 0.3844782505348229 0.6451223195409241 0.010696458283812693 0.010268800966475386
7 0.3629664844307107 0.6547870733917246 0.011409555502733539 0.009664753850800362
7 0.37924887092940335 0.6247357293868921 0.012598050867601615 0.0160072485653881
7 0.35773710482529114 0.6186952582301419 0.009507962918944617 0.008758683177287828
7 0.41466603280247205 0.7974932044699486 0.012598050867601615 0.011778918755662941
7 0.3966009032564773 0.8192389006342494 0.010221060137865463 0.009966777408637873
7 0.34953648680770144 0.5830564784053156 0.00974566199191823 0.009362730292962852
7 0.35215117661041123 0.11567502265176684 0.0073686712621820775 0.007248565388100272
7 0.36700736867126216 0.18166717003926305 0.010458759210839077 0.008154636061612805
7 0.3860232945091514 0.1763817577771066 0.011884953648680769 0.01389308366052552
7 0.36249108628476345 0.16354575656901238 0.010934157356786309 0.008154636061612805
7 0.38376515331590205 0.160676532769556 0.012122652721654385 0.010872848082150407
7 0.35940099833610645 0.1484445786771368 0.010458759210839077 0.008154636061612805
7 0.3796054195388638 0.14028994261552402 0.012835749940575231 0.010570824524312896
7 0.35571666270501545 0.13500453035336757 0.00974566199191823 0.010268800966475386
7 0.37592108390777274 0.12307459981878587 0.013073449013548847 0.009966777408637873
7 0.3736629427145234 0.11084264572636665 0.014261944378416923 0.010268800966475386
7 0.4248870929403375 0.8316218665055874 0.014499643451390539 0.009966777408637873
7 0.3690278107915379 0.0854726668680157 0.00974566199191823 0.009060706735125339
7 0.3496553363441882 0.09181516158260344 0.006655574043261231 0.007248565388100272
7 0.4305918706917043 0.8808517064331017 0.0073686712621820775 0.009362730292962852
7 0.4188257665795103 0.881908788885533 0.006655574043261231 0.008456659619450317
7 0.4091989541240789 0.8711869525823014 0.00974566199191823 0.009362730292962852
7 0.40408842405514617 0.8563877982482634 0.013786546232469693 0.009966777408637873
7 0.4327311623484668 0.8639383871942011 0.014024245305443309 0.011778918755662941
7 0.4291656762538626 0.8483841739655693 0.01497504159733777 0.010268800966475386
7 0.3699786070834324 0.6008758683177288 0.005467078678393154 0.016611295681063124
7 0.3706917043023532 0.5782241014799154 0.012598050867601615 0.009362730292962852
7 0.04979795578797243 0.6961643008154637 0.01497504159733777 0.016913319238900635
7 0.2847634894223912 0.2832980972515856 0.011409555502733539 0.010872848082150407
7 0.2974803898264797 0.3480821504077318 0.012598050867601615 0.009362730292962852
7 0.321369146660328 0.34158864391422533 0.010934157356786309 0.009060706735125339
7 0.2961730449251248 0.33403805496828753 0.011884953648680769 0.009664753850800362
7 0.3178036605657238 0.32543038356991844 0.011884953648680769 0.009362730292962852
7 0.29272640836700736 0.31893687707641194 0.012598050867601615 0.01147689519782543
7 0.31459472308057995 0.3116883116883117 0.012598050867601615 0.010268800966475386
7 0.28797242690753505 0.29960736937481125 0.012122652721654385 0.01147689519782543
7 0.30972189208462086 0.2908486861975234 0.013311148086522461 0.010268800966475386
7 0.30663180413596386 0.27393536695862275 0.013786546232469693 0.01147689519782543
7 0.32457808414547185 0.3586529749320447 0.012598050867601615 0.015403201449713078
7 0.28179225101022104 0.2677438840229538 0.011171856429759923 0.009362730292962852
7 0.30330401711433325 0.2592872244035035 0.011409555502733539 0.009362730292962852
7 0.3005704777751367 0.24569616430081545 0.011647254575707155 0.009362730292962852
7 0.28012835749940573 0.24811235276351556 0.00974566199191823 0.008154636061612805
7 0.2946280009507963 0.22364844457867714 0.011647254575707155 0.008758683177287828
7 0.275017827430473 0.23104802174569616 0.012360351794628001 0.008456659619450317
7 0.2710957927264084 0.21096345514950166 0.011647254575707155 0.009362730292962852
7 0.2914190634656525 0.2094533373603141 0.010934157356786309 0.009362730292962852
7 0.3019966722129784 0.36861975234068256 0.0073686712621820775 0.009362730292962852
7 0.3288566674589969 0.3767743884022954 0.011647254575707155 0.009362730292962852
7 0.34644639885904444 0.5682573240712776 0.009270263845971 0.009362730292962852
7 0.35143807939149035 0.4945635759589248 0.009270263845971 0.007550588945937783
7 0.36724506774423576 0.5626698882512836 0.011884953648680769 0.008456659619450317
7 0.3441882576657951 0.553760193295077 0.010934157356786309 0.009966777408637873
7 0.36189683860232946 0.5450015101177892 0.011171856429759923 0.010570824524312896
7 0.34050392203470403 0.5348837209302325 0.011171856429759923 0.009664753850800362
7 0.3582125029712384 0.5299003322259136 0.009983361064891847 0.009966777408637873
7 0.3334917993819824 0.5187254605859257 0.010458759210839077 0.009362730292962852
7 0.35310197290230566 0.5104198127453942 0.0073686712621820775 0.008456659619450317
7 0.33396719752792964 0.50120809423135 0.005229379605419538 0.00694654183026276
7 0.3293320656049441 0.48655995167623073 0.009270263845971 0.006040471156750226
7 0.30330401711433325 0.38764723648444577 0.015212740670311385 0.011778918755662941
7 0.3457333016401236 0.460434913923286 0.00974566199191823 0.008758683177287828
7 0.3227953410981697 0.4675324675324675 0.011409555502733539 0.01147689519782543
7 0.34204896600903256 0.4418604651162791 0.012835749940575231 0.009060706735125339
7 0.32208224387924883 0.4495620658411356 0.0057047777513667694 0.015403201449713078
7 0.31554551937247444 0.43506493506493504 0.011647254575707155 0.008758683177287828
7 0.34014737342524365 0.4267592872244035 0.012360351794628001 0.009664753850800362
7 0.31269313049679104 0.4175475687103594 0.007844069408129309 0.008758683177287828
7 0.3074637508913715 0.4013893083660525 0.013073449013548847 0.01147689519782543
7 0.3691466603280247 0.19873150105708245 0.010934157356786309 0.007248565388100272
7 0.39267886855241263 0.1920869827846572 0.015212740670311385 0.010268800966475386
7 0.3969574518659377 0.20824524312896406 0.012835749940575231 0.009966777408637873
7 0.5043974328500118 0.7127755964965268 0.013311148086522461 0.009664753850800362
7 0.5173520323270739 0.7849592268196919 0.013548847159496077 0.009664753850800362
7 0.49536486807701446 0.7875264270613108 0.010934157356786309 0.009362730292962852
7 0.5143807939149037 0.7683479311386288 0.013311148086522461 0.01147689519782543
7 0.49132398383646303 0.7733313198429478 0.011409555502733539 0.008154636061612805
7 0.4877584977418588 0.7538508003624282 0.011884953648680769 0.009664753850800362
7 0.5097456619919182 0.7423739051646029 0.012122652721654385 0.009060706735125339
7 0.4832422153553601 0.7290848686197523 0.009507962918944617 0.009060706735125339
7 0.5073686712621821 0.7298399275143461 0.012122652721654385 0.010570824524312896
7 0.47694318992155926 0.7041679250981576 0.008319467554076539 0.008758683177287828
7 0.49702876158782977 0.8048927816369676 0.010458759210839077 0.009060706735125339
7 0.4985738055621583 0.6932950770160072 0.013073449013548847 0.009362730292962852
7 0.4726646066080342 0.6871035940803383 0.010696458283812693 0.009060706735125339
7 0.49536486807701446 0.6801570522500755 0.010458759210839077 0.009060706735125339
7 0.4710007130972189 0.6704922983992752 0.011647254575707155 0.010872848082150407
7 0.49298787734727834 0.6638477801268499 0.014261944378416923 0.010268800966475386
7 0.46731637746612786 0.6537299909392933 0.010934157356786309 0.008758683177287828
7 0.49168053244592347 0.6460283902144367 0.01687663418112669 0.01147689519782543
7 0.4638697409080104 0.6371186952582302 0.011171856429759923 0.01359106010268801
7 0.51972902305681 0.7967381455753548 0.013548847159496077 0.010872848082150407
7 0.5010696458283812 0.821353065539112 0.010934157356786309 0.009362730292962852
7 0.37425719039695743 0.21836303231652068 0.013073449013548847 0.010872848082150407
7 0.5645352983123365 0.026427061310782242 0.011409555502733539 0.05225007550588946
7 0.9545994770620394 0.15010570824524314 0.0061801758973140004 0.012684989429175475
7 0.7248633230330401 0.017517366354575657 0.0073686712621820775 0.03443068559347629
7 0.7090563346802947 0.020839625490788282 0.008081768481102923 0.04107520386590154
7 0.676135013073449 0.022500755058894595 0.0073686712621820775 0.04439746300211416
7 0.64333254100309 0.024916943521594685 0.008794865700023769 0.04922983992751435
7 0.6263370572854765 0.025823014195107217 0.009507962918944617 0.05104198127453941
7 0.6077965295935346 0.026578073089700997 0.009032564772997385 0.05255209906372697
7 0.5899690991205134 0.02506795530051344 0.010934157356786309 0.04953186348535186
7 0.5430235322082244 0.022802778616732106 0.014024245305443309 0.04560555723346421
7 0.5223437128595199 0.8151615826034431 0.00974566199191823 0.007852612503775294
7 0.5134299976230092 0.027031108426457263 0.011884953648680769 0.0480217456961643
7 0.49465177085809364 0.03382663847780127 0.014261944378416923 0.051948051948051945
7 0.4802709769431899 0.039112050739957716 0.012598050867601615 0.05527031108426457
7 0.4437841692417399 0.04636061612805799 0.016638935108153077 0.05587435819993959
7 0.4246493938673639 0.05255209906372697 0.015450439743285001 0.05980066445182724
7 0.5280484906108865 0.8415886439142253 0.014499643451390539 0.008154636061612805
7 0.5116472545757071 0.8452129266082754 0.0073686712621820775 0.01117487163998792
7 0.5293558355122415 0.8302627604953187 0.014737342524364155 0.012080942313500452
7 0.4849061088661754 0.6256418000604047 0.012360351794628001 0.010570824524312896
7 0.459828856667459 0.6197523406825732 0.010696458283812693 0.010268800966475386
7 0.4550748752079867 0.6026880096647539 0.013073449013548847 0.010570824524312896
7 0.3922034704064654 0.30157052250075506 0.010458759210839077 0.008758683177287828
7 0.4059900166389351 0.3674116581093325 0.012360351794628001 0.010570824524312896
7 0.42999762300927025 0.35804892781636966 0.012360351794628001 0.01117487163998792
7 0.4027810791537913 0.3508003624282694 0.010696458283812693 0.009362730292962852
7 0.42666983598763963 0.34355179704016914 0.011884953648680769 0.009362730292962852
7 0.3996909912051343 0.33373603141045 0.0073686712621820775 0.008456659619450317
7 0.420251961017352 0.32618544246451225 0.009983361064891847 0.009664753850800362
7 0.3968386023294509 0.3160676532769556 0.0073686712621820775 0.009362730292962852
7 0.4183503684335631 0.3079130172153428 0.011409555502733539 0.008758683177287828
7 0.4152602804849061 0.2911507097553609 0.011409555502733539 0.008456659619450317
7 0.4803898264796767 0.5964965267290848 0.014737342524364155 0.013289036544850499
7 0.38851913477537436 0.28344910903050435 0.012598050867601615 0.009362730292962852
7 0.41003090087948657 0.27635155542132284 0.010458759210839077 0.009664753850800362
7 0.38542904682671736 0.2686499546964663 0.010696458283812693 0.009966777408637873
7 0.40670311385785596 0.2592872244035035 0.013786546232469693 0.009966777408637873
7 0.3813881625861659 0.2490184234370281 0.00974566199191823 0.008758683177287828
7 0.40396957451865934 0.2425249169435216 0.014024245305443309 0.010268800966475386
7 0.37782267649156165 0.2308970099667774 0.011171856429759923 0.009362730292962852
7 0.3996909912051343 0.22606463304137722 0.014024245305443309 0.010570824524312896
7 0.4339196577133349 0.38070069465418305 0.011647254575707155 0.009362730292962852
7 0.40991205134299974 0.3841739655693144 0.011647254575707155 0.009060706735125339
7 0.41300213929165674 0.4012382965871338 0.012122652721654385 0.009966777408637873
7 0.43807939149037317 0.40622168529145275 0.013786546232469693 0.01147689519782543
7 0.4523413358687901 0.5875868317728783 0.013786546232469693 0.01117487163998792
7 0.4713572617066793 0.5591966173361522 0.014737342524364155 0.009966777408637873
7 0.4463988590444497 0.5525520990637269 0.012360351794628001 0.010570824524312896
7 0.4645828381269313 0.5462096043491392 0.007844069408129309 0.008154636061612805
7 0.44556691228904205 0.5344306855934763 0.0068932731162348465 0.007550588945937783
7 0.46422628951747086 0.5264270613107822 0.013311148086522461 0.009664753850800362
7 0.43938673639172804 0.5214436726064633 0.011171856429759923 0.009966777408637873
7 0.435108153078203 0.5009060706735126 0.011171856429759923 0.007550588945937783
7 0.4565010696458284 0.49229839927514346 0.014499643451390539 0.013289036544850499
7 0.432018065129546 0.4880700694654183 0.011171856429759923 0.009060706735125339
7 0.4507962918944616 0.4625490788281486 0.014024245305443309 0.012382965871337965
7 0.4276206322795341 0.4684385382059801 0.010934157356786309 0.010872848082150407
7 0.42251010221060137 0.4533373603141045 0.014499643451390539 0.010268800966475386
7 0.4459234608985025 0.44231350045303536 0.013786546232469693 0.009966777408637873
7 0.4195388637984312 0.4373301117487164 0.015212740670311385 0.01389308366052552
7 0.4435464701687663 0.42660827544548474 0.012360351794628001 0.009966777408637873
7 0.41632992631328736 0.4180006040471157 0.014024245305443309 0.010268800966475386
7 0.26479676729260754 0.18061008758683178 0.011409555502733539 0.009664753850800362
7 0.28464463988590444 0.17532467532467533 0.008319467554076539 0.007550588945937783
7 0.26028048490610883 0.1641498036846874 0.012360351794628001 0.01117487163998792
7 0.15486094604231043 0.648293566898218 0.011647254575707155 0.01117487163998792
7 0.16971713810316139 0.7182120205376019 0.012835749940575231 0.010872848082150407
7 0.1900404088424055 0.7121715493808517 0.012122652721654385 0.010268800966475386
7 0.16686474922747802 0.7029598308668076 0.012835749940575231 0.009966777408637873
7 0.18552412645590682 0.6961643008154637 0.0073686712621820775 0.007852612503775294
7 0.1622296173044925 0.6846874056176382 0.013548847159496077 0.010268800966475386
7 0.18433563109103873 0.6815161582603443 0.011171856429759923 0.009362730292962852
7 0.15842643213691465 0.666868015705225 0.013548847159496077 0.010268800966475386
7 0.18124554314238173 0.6609785563273936 0.014024245305443309 0.010570824524312896
7 0.17708580936534346 0.6475385080036242 0.012835749940575231 0.010872848082150407
7 0.17387687188019965 0.7375415282392026 0.014499643451390539 0.01389308366052552
7 0.17363917280722604 0.6277559649652673 0.012598050867601615 0.009362730292962852
7 0.14963156643689088 0.625490788281486 0.012598050867601615 0.010268800966475386
7 0.17031138578559543 0.6079734219269103 0.013548847159496077 0.009664753850800362
7 0.14440218683147135 0.6040471156750227 0.012122652721654385 0.010268800966475386
7 0.16722129783693843 0.5934762911507098 0.01497504159733777 0.01389308366052552
7 0.13952935583551224 0.5839625490788282 0.013786546232469693 0.012382965871337965
7 0.1636558117423342 0.5774690425853216 0.012598050867601615 0.009664753850800362
7 0.13620156881388162 0.5682573240712776 0.011409555502733539 0.009362730292962852
7 0.19491323983836462 0.7301419510721836 0.012835749940575231 0.012382965871337965
7 0.19800332778702162 0.7450921171851405 0.011884953648680769 0.010872848082150407
7 0.22450677442357975 0.9506191482935669 0.0059424768243403845 0.008758683177287828
7 0.21832659852626574 0.8462700090607067 0.011171856429759923 0.009060706735125339
7 0.2114333254100309 0.9205678042887345 0.013073449013548847 0.010268800966475386
7 0.23175659614927502 0.914074297795228 0.009983361064891847 0.008758683177287828
7 0.2084620869978607 0.9047115675022652 0.011409555502733539 0.009362730292962852
7 0.22830995959115757 0.8958018725460586 0.010696458283812693 0.009060706735125339
7 0.20489660090325648 0.8844759891271519 0.011884953648680769 0.01117487163998792
7 0.22628951747088186 0.8808517064331017 0.011409555502733539 0.008758683177287828
7 0.20168766341811267 0.8702808819087888 0.011171856429759923 0.008758683177287828
7 0.22296173044925124 0.867109634551495 0.011409555502733539 0.013289036544850499
7 0.19550748752079866 0.8358501963153125 0.013073449013548847 0.009966777408637873
7 0.17874970287615877 0.7565690123829658 0.013311148086522461 0.010268800966475386
7 0.21476111243166152 0.8292056780428874 0.012122652721654385 0.009362730292962852
7 0.19194200142619444 0.8204469948655995 0.012598050867601615 0.009966777408637873
7 0.21131447587354407 0.8150105708245243 0.010934157356786309 0.009966777408637873
7 0.18944616115997145 0.8082150407731803 0.013311148086522461 0.009664753850800362
7 0.20751129070596624 0.7959830866807611 0.010934157356786309 0.009362730292962852
7 0.20465890183028285 0.7819389912413168 0.010934157356786309 0.010268800966475386
7 0.1852864273829332 0.7909996979764422 0.013548847159496077 0.01147689519782543
7 0.2007368671262182 0.7629115070975536 0.011171856429759923 0.009664753850800362
7 0.15997147611124315 0.5610087586831772 0.010934157356786309 0.009362730292962852
7 0.15545519372474448 0.5439444276653579 0.011409555502733539 0.009060706735125339
7 0.15165200855716662 0.5268800966475385 0.010934157356786309 0.008758683177287828
7 0.0973377703826955 0.2561159770462096 0.012598050867601615 0.010872848082150407
7 0.11183741383408605 0.32543038356991844 0.012122652721654385 0.009966777408637873
7 0.08355122415022581 0.3181818181818182 0.009270263845971 0.009362730292962852
7 0.10874732588542904 0.30700694654183025 0.011647254575707155 0.008758683177287828
7 0.1036367958164963 0.2884324977348233 0.013311148086522461 0.012080942313500452
7 0.08081768481102923 0.29809725158562367 0.009032564772997385 0.009060706735125339
7 0.07570715474209651 0.2823920265780731 0.013073449013548847 0.009664753850800362
7 0.10066555740432612 0.27167019027484146 0.012598050867601615 0.009362730292962852
7 0.07202281911100547 0.2647236484445787 0.012835749940575231 0.009362730292962852
7 0.06833848347991442 0.24841437632135308 0.012122652721654385 0.009362730292962852
7 0.12776325172331826 0.5348837209302325 0.011647254575707155 0.010268800966475386
7 0.09329688614214404 0.24056176381757777 0.012598050867601615 0.009966777408637873
7 0.06417874970287615 0.23165206886137119 0.012835749940575231 0.009060706735125339
7 0.09008794865700023 0.22379945635759588 0.012835749940575231 0.010268800966475386
7 0.060613263608271926 0.2151917849592268 0.014261944378416923 0.010570824524312896
7 0.05669122890420727 0.19631531259438237 0.01497504159733777 0.010268800966475386
7 0.08319467554076539 0.18906674720628208 0.012835749940575231 0.009664753850800362
7 0.052769194200142616 0.17940199335548174 0.013311148086522461 0.008456659619450317
7 0.07499405752317566 0.15901540320144972 0.011647254575707155 0.014195107218363033
7 0.08592821487996197 0.33373603141045 0.010696458283812693 0.009060706735125339
7 0.11480865224625623 0.34143763213530653 0.010934157356786309 0.009966777408637873
7 0.0894937009745662 0.3483841739655693 0.00974566199191823 0.008758683177287828
7 0.11849298787734727 0.3589549984898822 0.010696458283812693 0.009966777408637873
7 0.15010696458283812 0.5099667774086378 0.014499643451390539 0.009966777408637873
7 0.12265272165438554 0.49984898822108126 0.009507962918944617 0.009060706735125339
7 0.1468980270976943 0.4929024463908185 0.015212740670311385 0.010872848082150407
7 0.1188495364868077 0.4824826336454243 0.010934157356786309 0.010570824524312896
7 0.14463988590444496 0.4758381153729991 0.013073449013548847 0.009966777408637873
7 0.11397670549084858 0.4652672908486862 0.012598050867601615 0.009966777408637873
7 0.11243166151652008 0.45016611295681064 0.010934157356786309 0.010570824524312896
7 0.14000475398145948 0.459830866807611 0.013311148086522461 0.009362730292962852
7 0.13311148086522462 0.4424645122319541 0.011884953648680769 0.010268800966475386
7 0.13061564059900166 0.425853216550891 0.011647254575707155 0.010268800966475386
7 0.10375564535298312 0.4254001812141347 0.019253624910862847 0.029296285110238598
7 0.12895174708818635 0.40909090909090906 0.011647254575707155 0.009362730292962852
7 0.09840741621107678 0.4009362730292963 0.010934157356786309 0.010570824524312896
7 0.12419776562871404 0.39247961340984594 0.010221060137865463 0.008758683177287828
7 0.09650582362728785 0.38356991845363936 0.009507962918944617 0.009664753850800362
7 0.12122652721654385 0.37556629417094534 0.010458759210839077 0.009966777408637873
7 0.09044449726646066 0.36318332829960737 0.013548847159496077 0.009966777408637873
7 0.21583075826004278 0.9359710057384476 0.010458759210839077 0.007852612503775294
7 0.10850962681245542 0.09136212624584718 0.007844069408129309 0.018423437028088192
7 0.2826241977656287 0.1576562971911809 0.011884953648680769 0.009664753850800362
7 0.2765628714048015 0.6319842947749924 0.010696458283812693 0.009966777408637873
7 0.30686950320893747 0.7627604953186349 0.012360351794628001 0.009362730292962852
7 0.27240313762776325 0.7254605859257022 0.013311148086522461 0.017517366354575657
7 0.29866888519134777 0.7130776200543643 0.014499643451390539 0.010872848082150407
7 0.26622296173044924 0.6863485351857445 0.011409555502733539 0.010570824524312896
7 0.2909436653197052 0.6846874056176382 0.016163536962205845 0.019933554817275746
7 0.26325172331827906 0.6665659921473875 0.008319467554076539 0.007852612503775294
7 0.2857142857142857 0.6658109332527937 0.011884953648680769 0.009966777408637873
7 0.25873544093178036 0.653881002718212 0.014024245305443309 0.008456659619450317
7 0.2519610173520323 0.6170341286620357 0.014261944378416923 0.01147689519782543
7 0.3105538388400285 0.7792207792207793 0.011171856429759923 0.009664753850800362
7 0.27359163299263134 0.6100875868317729 0.011409555502733539 0.009060706735125339
7 0.24839553125742808 0.6020839625490788 0.015212740670311385 0.012382965871337965
7 0.27050154504397433 0.5954394442766536 0.010458759210839077 0.009362730292962852
7 0.2665795103399097 0.5777710661431592 0.010696458283812693 0.009664753850800362
7 0.24055146184929876 0.5685593476291151 0.014261944378416923 0.011778918755662941
7 0.2621820774898978 0.560555723346421 0.012360351794628001 0.010872848082150407
7 0.23674827668172094 0.553156146179402 0.013311148086522461 0.011778918755662941
7 0.259567387687188 0.5436424041075204 0.016163536962205845 0.012080942313500452
7 0.28298074637508913 0.7707641196013288 0.014024245305443309 0.010872848082150407
7 0.2847634894223912 0.7825430383569918 0.011884953648680769 0.008456659619450317
7 0.14963156643689088 0.1386288130474177 0.008794865700023769 0.009664753850800362
7 0.3321844544806275 0.8961038961038961 0.008794865700023769 0.008456659619450317
7 0.2563584502020442 0.14995469646632437 0.013073449013548847 0.00694654183026276
7 0.2500594247682434 0.12926608275445484 0.012360351794628001 0.009664753850800362
7 0.26907535060613264 0.1106916339474479 0.004278583313525077 0.011778918755662941
7 0.3159020679819349 0.9163394744790093 0.009507962918944617 0.007852612503775294
7 0.3307582600427858 0.9131682271217155 0.0064178749702876155 0.01117487163998792
7 0.3106726883765153 0.9069767441860465 0.014737342524364155 0.01147689519782543
7 0.22498217256952696 0.07520386590154032 0.00974566199191823 0.02053760193295077
7 0.21369146660328023 0.07822410147991543 0.009032564772997385 0.017517366354575657
7 0.30805799857380556 0.8840229537903956 0.012835749940575231 0.013289036544850499
7 0.3134062277157119 0.7973421926910299 0.011647254575707155 0.009060706735125339
7 0.32992631328737815 0.8754152823920266 0.014261944378416923 0.012987012987012986
7 0.3055621583075826 0.8714889761401389 0.010696458283812693 0.009362730292962852
7 0.3243403850724982 0.8544246451223195 0.012122652721654385 0.012080942313500452
7 0.30092702638459706 0.854122621564482 0.012835749940575231 0.009664753850800362
7 0.2978369384359401 0.838719420114769 0.013786546232469693 0.010268800966475386
7 0.31566436890896127 0.827544548474781 0.007606370335155693 0.02476593174267593
7 0.29581649631566437 0.8249773482331622 0.014024245305443309 0.010570824524312896
7 0.29153791300213927 0.8020235578375113 0.012598050867601615 0.012382965871337965
7 0.23306394105062989 0.5350347327091514 0.013073449013548847 0.01117487163998792
7 0.2567149988115046 0.5270311084264573 0.012835749940575231 0.010872848082150407
7 0.25303066318041356 0.5080036242826941 0.013073449013548847 0.010872848082150407
7 0.16318041359638696 0.21609785563273934 0.012598050867601615 0.009966777408637873
7 0.1777989065842643 0.2832980972515856 0.012835749940575231 0.009664753850800362
7 0.20133111480865223 0.27469042585321657 0.011884953648680769 0.010570824524312896
7 0.17554076539101496 0.26517668378133497 0.010696458283812693 0.009664753850800362
7 0.19871642500594247 0.25838115372999093 0.011884953648680769 0.010570824524312896
7 0.17185642975992393 0.24886741165810933 0.010934157356786309 0.012080942313500452
7 0.19515093891133825 0.2428269405013591 0.011409555502733539 0.010872848082150407
7 0.169954837176135 0.22878284506191482 0.008081768481102923 0.01117487163998792
7 0.18944616115997145 0.22591362126245848 0.008557166627050155 0.009060706735125339
7 0.1869503208937485 0.20628209000302022 0.012122652721654385 0.009664753850800362
7 0.2500594247682434 0.4950166112956811 0.012360351794628001 0.009664753850800362
7 0.16104112193962442 0.1991845363938387 0.012598050867601615 0.010570824524312896
7 0.18386023294509152 0.19148293566898217 0.011171856429759923 0.009664753850800362
7 0.16127882101259805 0.1869525823014195 0.0068932731162348465 0.006040471156750226
7 0.18267173758022343 0.17305949864089398 0.01687663418112669 0.010872848082150407
7 0.15545519372474448 0.16535789791603744 0.009983361064891847 0.008154636061612805
7 0.15212740670311387 0.15025672002416188 0.009507962918944617 0.008758683177287828
7 0.17827430473021155 0.1573542736333434 0.012360351794628001 0.009664753850800362
7 0.17007368671262182 0.12745394140742977 0.0073686712621820775 0.007852612503775294
7 0.18112669360589492 0.30021141649048627 0.013311148086522461 0.009664753850800362
7 0.20798668885191346 0.307157958320749 0.012360351794628001 0.01389308366052552
7 0.18504872830995958 0.31516158260344307 0.012122652721654385 0.010570824524312896
7 0.21107677680057046 0.32709151313802476 0.008081768481102923 0.007852612503775294
7 0.22486332303304016 0.501812141347025 0.011884953648680769 0.009966777408637873
7 0.24589969099120512 0.47568710359408034 0.013073449013548847 0.012080942313500452
7 0.21868314713572617 0.4679855028692238 0.011409555502733539 0.009362730292962852
7 0.2426907535060613 0.46134098459679856 0.012835749940575231 0.012382965871337965
7 0.2146422628951747 0.4492600422832981 0.010934157356786309 0.009966777408637873
7 0.2374613739006418 0.439444276653579 0.013786546232469693 0.010872848082150407
7 0.21036367958164962 0.4340078526125038 0.011884953648680769 0.009060706735125339
7 0.23520323270739243 0.425853216550891 0.012598050867601615 0.010872848082150407
7 0.207035892560019 0.4175475687103594 0.011884953648680769 0.009362730292962852
7 0.23151889707630138 0.4089398973119903 0.012835749940575231 0.010872848082150407
7 0.22795341098169716 0.3923286016309272 0.012835749940575231 0.012684989429175475
7 0.2037081055383884 0.4015403201449713 0.012835749940575231 0.01117487163998792
7 0.2253387211789874 0.3776804590758079 0.011884953648680769 0.008758683177287828
7 0.19954837176135012 0.3749622470552703 0.014024245305443309 0.02265176683781335
7 0.21820774898977893 0.360314104500151 0.008081768481102923 0.008456659619450317
7 0.21594960779652958 0.34309876170341286 0.009270263845971 0.009664753850800362
7 0.1944378416924174 0.34068257324071277 0.007606370335155693 0.017517366354575657
7 0.9370097456619919 0.15916641498036846 0.006655574043261231 0.010872848082150407
7 0.9241739957214167 0.16354575656901238 0.007606370335155693 0.015403201449713078
7 0.9118136439267887 0.16777408637873753 0.0061801758973140004 0.009362730292962852
7 0.6219396244354647 0.39157354273633344 0.0068932731162348465 0.008758683177287828
7 0.6394105062990254 0.47372395046813653 0.008081768481102923 0.014195107218363033
7 0.6363204183503685 0.45862277257626094 0.007606370335155693 0.008154636061612805
7 0.6326360827192774 0.4420114768951978 0.008319467554076539 0.008758683177287828
7 0.6501069645828381 0.4362730292962851 0.008081768481102923 0.009362730292962852
7 0.6285951984787259 0.4254001812141347 0.0073686712621820775 0.008154636061612805
7 0.6465414784882338 0.4163394744790094 0.009507962918944617 0.008154636061612805
7 0.6256239600665557 0.40818483841739656 0.007130972189208462 0.009362730292962852
7 0.6434513905395769 0.4033524614919964 0.009032564772997385 0.008758683177287828
7 0.6400047539814594 0.3855330715795832 0.008319467554076539 0.008154636061612805
7 0.6434513905395769 0.49275143461189974 0.007606370335155693 0.009362730292962852
7 0.6178987401949132 0.37163998791905767 0.007844069408129309 0.01117487163998792
7 0.6372712146422629 0.3684687405617638 0.008557166627050155 0.008456659619450317
7 0.6148086522462562 0.3578979160374509 0.0073686712621820775 0.007852612503775294
7 0.6332303304017114 0.35200845665961944 0.007606370335155693 0.009362730292962852
7 0.611243166151652 0.34113560857746905 0.007844069408129309 0.009966777408637873
7 0.6285951984787259 0.334340078526125 0.0073686712621820775 0.007852612503775294
7 0.6253862609935821 0.3184838417396557 0.007130972189208462 0.008758683177287828
7 0.6085096268124555 0.3252793717909997 0.007606370335155693 0.009060706735125339
7 0.6580698835274542 0.47025067955300515 0.007844069408129309 0.007852612503775294
7 0.6611599714761112 0.4874660223497433 0.007844069408129309 0.008456659619450317
7 0.6871880199667221 0.6963153125943824 0.007130972189208462 0.008154636061612805
7 0.6825528880437366 0.5872848082150408 0.007844069408129309 0.009362730292962852
7 0.7012122652721654 0.6713983690727877 0.009032564772997385 0.007852612503775294
7 0.6976467791775611 0.6552401087284808 0.009032564772997385 0.008758683177287828
7 0.6937247444734965 0.6380247659317426 0.009270263845971 0.008758683177287828
7 0.6745899690991205 0.6436122017517366 0.008557166627050155 0.008456659619450317
7 0.6714998811504634 0.6270009060706735 0.007130972189208462 0.008456659619450317
7 0.6682909436653197 0.6105406221685291 0.0068932731162348465 0.008154636061612805
7 0.6862372236748276 0.6045001510117789 0.008557166627050155 0.008154636061612805
7 0.6638935108153078 0.5936273029296285 0.008081768481102923 0.009966777408637873
7 0.6613976705490848 0.5776200543642404 0.007844069408129309 0.009362730292962852
7 0.6472545757071547 0.5098157656297191 0.008081768481102923 0.009664753850800362
7 0.679225101022106 0.5709755360918152 0.0073686712621820775 0.008758683177287828
7 0.6573567863085333 0.5594986408939897 0.008319467554076539 0.009966777408637873
7 0.676135013073449 0.5513440048323769 0.008794865700023769 0.00694654183026276
7 0.6535536011409555 0.5422832980972516 0.007844069408129309 0.007550588945937783
7 0.6732826241977656 0.5360918151615826 0.010221060137865463 0.009664753850800362
7 0.6498692655098645 0.5246149199637572 0.009507962918944617 0.013289036544850499
7 0.6693605894937009 0.5193295077016007 0.008557166627050155 0.008758683177287828
7 0.6653197052531495 0.5031712473572939 0.009032564772997385 0.009060706735125339
7 0.6048252911813644 0.30957414678344913 0.008319467554076539 0.012684989429175475
7 0.6215830758260042 0.29990939293264873 0.009032564772997385 0.012684989429175475
7 0.6013786546232469 0.29039565086076713 0.007130972189208462 0.008758683177287828
7 0.7677680057047778 0.4986408939897312 0.006655574043261231 0.004832376925400181
7 0.7874970287615878 0.5869827846572032 0.008081768481102923 0.009362730292962852
7 0.7634894223912526 0.5795832074901842 0.008081768481102923 0.008456659619450317
7 0.760161635369622 0.5623678646934461 0.008557166627050155 0.010268800966475386
7 0.7791775612075112 0.5514950166112956 0.007606370335155693 0.009060706735125339
7 0.7770382695507487 0.5369978858350951 0.009032564772997385 0.009664753850800362
7 0.7575469455669123 0.5439444276653579 0.007606370335155693 0.01630927212322561
7 0.77252198716425 0.5205376019329507 0.007130972189208462 0.008154636061612805
7 0.7525552650344663 0.5274841437632135 0.008081768481102923 0.008154636061612805
7 0.7493463275493225 0.5102688009664754 0.0068932731162348465 0.007550588945937783
7 0.6152840503922035 0.27438840229537903 0.0064178749702876155 0.008758683177287828
7 0.7659852626574756 0.4853518574448807 0.008319467554076539 0.009664753850800362
7 0.7457808414547183 0.493808517064331 0.008319467554076539 0.007248565388100272
7 0.7624197765628714 0.47009966777408635 0.008794865700023769 0.008758683177287828
7 0.7417399572141669 0.4764421624886741 0.00974566199191823 0.009966777408637873
7 0.7593296886142143 0.45379039565086077 0.008794865700023769 0.008758683177287828
7 0.7387687188019967 0.4590758079130172 0.008557166627050155 0.009664753850800362
7 0.7552888043736629 0.4364240410752039 0.0073686712621820775 0.009060706735125339
7 0.7350843831709056 0.44321957112654786 0.008794865700023769 0.009362730292962852
7 0.7669360589493701 0.5948353971609786 0.007844069408129309 0.008154636061612805
7 0.7902305681007844 0.6046511627906976 0.0068932731162348465 0.009060706735125339
7 0.7701449964345138 0.6117487163998792 0.008081768481102923 0.007550588945937783
7 0.7940337532683622 0.6197523406825732 0.008794865700023769 0.010268800966475386
7 0.5969812217732351 0.273784355179704 0.008319467554076539 0.008758683177287828
7 0.630377941526028 0.2517366354575657 0.012835749940575231 0.010570824524312896
7 0.83432374613739 0.7093023255813954 0.008081768481102923 0.012987012987012986
7 0.8224387924887092 0.715040773180308 0.007130972189208462 0.012382965871337965
7 0.8094841930116472 0.7192691029900332 0.0064178749702876155 0.011778918755662941
7 0.7993819824102686 0.7213832678948958 0.0061801758973140004 0.008758683177287828
7 0.7826241977656286 0.7275747508305648 0.0064178749702876155 0.009060706735125339
7 0.7745424292845258 0.7313500453035336 0.0059424768243403845 0.009362730292962852
7 0.7895174708818635 0.6969193597100574 0.0068932731162348465 0.008154636061612805
7 0.8085333967197528 0.6883116883116883 0.009270263845971 0.010268800966475386
7 0.7851200380318516 0.6783449109030504 0.008081768481102923 0.009060706735125339
7 0.804730211552175 0.6724554515252189 0.0068932731162348465 0.007550588945937783
7 0.7820299500831946 0.6636967683479311 0.008557166627050155 0.009966777408637873
7 0.8017589731400048 0.6547870733917246 0.009032564772997385 0.009664753850800362
7 0.7776325172331827 0.6443672606463304 0.009270263845971 0.010570824524312896
7 0.7983123365818873 0.6387798248263364 0.009270263845971 0.009664753850800362
7 0.7739481816020917 0.6277559649652673 0.008081768481102923 0.008154636061612805
7 0.7041835036843356 0.6881606765327696 0.00974566199191823 0.008758683177287828
7 0.707035892560019 0.7043189368770764 0.0073686712621820775 0.007852612503775294
7 0.7517233182790587 0.41981274539414076 0.007844069408129309 0.009664753850800362
7 0.04088424055146185 0.514799154334038 0.011884953648680769 0.009362730292962852
7 0.07083432374613739 0.6609785563273936 0.013786546232469693 0.01117487163998792
7 0.06821963394342762 0.645273331319843 0.012835749940575231 0.01117487163998792
7 0.06512954599477062 0.6268498942917548 0.012835749940575231 0.009362730292962852
7 0.06310910387449489 0.6112956810631229 0.014499643451390539 0.009664753850800362
7 0.057879724269075346 0.5943823618242223 0.011647254575707155 0.009060706735125339
7 0.052531495127169 0.5777710661431592 0.009032564772997385 0.008456659619450317
7 0.04694556691228904 0.5437934158864391 0.010221060137865463 0.008154636061612805
7 0.04064654147848823 0.5262760495318635 0.007130972189208462 0.010570824524312896
7 0.03624910862847635 0.4894291754756871 0.010221060137865463 0.008758683177287828
7 0.08010458759210838 0.6963153125943824 0.009983361064891847 0.010570824524312896
7 0.033396719752792965 0.47734823316218666 0.011647254575707155 0.008758683177287828
7 0.030544330877109577 0.459830866807611 0.012122652721654385 0.009966777408637873
7 0.026028048490610887 0.44261552401087284 0.011171856429759923 0.010570824524312896
7 0.022937960541953885 0.4275143461189973 0.010221060137865463 0.008154636061612805
7 0.023056810078440692 0.4087888855330716 0.016638935108153077 0.011778918755662941
7 0.012954599477062038 0.3754152823920266 0.011171856429759923 0.010268800966475386
7 0.008319467554076539 0.3577469042585322 0.010934157356786309 0.009362730292962852
7 0.8733063941050629 0.6783449109030504 0.0057047777513667694 0.009060706735125339
7 0.07487520798668885 0.6797040169133193 0.010458759210839077 0.008154636061612805
7 0.08450202044212027 0.7147387496224705 0.0064178749702876155 0.00694654183026276
7 0.6900404088424055 0.7106614315916642 0.007606370335155693 0.01147689519782543
7 0.09270263845971001 0.8314708547266687 0.013311148086522461 0.010872848082150407
7 0.03494176372712146 0.6997885835095138 0.007130972189208462 0.014497130776200544
7 0.022462562396006653 0.7056780428873453 0.008794865700023769 0.012382965871337965
7 0.10922272403137627 0.901087284808215 0.010221060137865463 0.014799154334038054
7 0.10446874257190397 0.8810027182120205 0.0068932731162348465 0.008456659619450317
7 0.12075112907059662 0.8813047417698581 0.008557166627050155 0.014497130776200544
7 0.09674352270026146 0.8649954696466324 0.012360351794628001 0.009664753850800362
7 0.1173044925124792 0.8625792811839323 0.008794865700023769 0.009060706735125339
7 0.11397670549084858 0.8456659619450317 0.009270263845971 0.009664753850800362
7 0.11088661754219158 0.828752642706131 0.00974566199191823 0.009664753850800362
7 0.08866175421915855 0.7301419510721836 0.007130972189208462 0.008758683177287828
7 0.10850962681245542 0.812745394140743 0.010696458283812693 0.01389308366052552
7 0.08438317090563346 0.7952280277861673 0.011409555502733539 0.008456659619450317
7 0.105062990254338 0.7950770160072486 0.009983361064891847 0.009966777408637873
7 0.10209175184216782 0.7783147085472667 0.00974566199191823 0.010268800966475386
7 0.077252198716425 0.7620054364240411 0.010934157356786309 0.010268800966475386
7 0.09912051342999761 0.7610993657505285 0.009983361064891847 0.009664753850800362
7 0.09246493938673639 0.7458471760797342 0.008557166627050155 0.009966777408637873
7 0.07451865937722843 0.7463002114164905 0.012122652721654385 0.014497130776200544
7 0.8835274542429284 0.658864391422531 0.009983361064891847 0.008758683177287828
7 0.9031376277632517 0.6476895197825431 0.0068932731162348465 0.011778918755662941
7 0.8811504635131923 0.63228631833283 0.006655574043261231 0.015403201449713078
7 0.8416924173995721 0.352310480217457 0.007130972189208462 0.007550588945937783
7 0.8555978131685286 0.41966173361522197 0.008794865700023769 0.008758683177287828
7 0.8525077252198716 0.40274841437632136 0.008794865700023769 0.008758683177287828
7 0.8325410030900879 0.4098459679855029 0.007844069408129309 0.008456659619450317
7 0.8477537437603992 0.38719420114768954 0.007844069408129309 0.008456659619450317
7 0.8282624197765628 0.3920265780730897 0.007844069408129309 0.009060706735125339
7 0.8445448062752555 0.3695258230141951 0.007130972189208462 0.009362730292962852
7 0.8248157832184454 0.37662337662337664 0.008081768481102923 0.009060706735125339
7 0.8214879961968148 0.3594080338266385 0.008557166627050155 0.008456659619450317
7 0.8376515331590206 0.33600120809423134 0.008557166627050155 0.009362730292962852
7 0.898621345376753 0.627302929628511 0.008319467554076539 0.01630927212322561
7 0.8185167577846446 0.3423437028088191 0.0068932731162348465 0.008154636061612805
7 0.7382933206560494 0.7432799758381153 0.006655574043261231 0.009060706735125339
7 0.7253387211789873 0.747810329205678 0.0068932731162348465 0.009060706735125339
7 0.7119087235559781 0.7532467532467533 0.009983361064891847 0.012080942313500452
7 0.6858806750653672 0.7621564482029598 0.0059424768243403845 0.009966777408637873
7 0.6738768718801996 0.7650256720024162 0.004753981459472308 0.008456659619450317
7 0.6942001426194437 0.734823316218665 0.0059424768243403845 0.006644518272425249
7 0.6932493463275493 0.7272727272727273 0.005467078678393154 0.007248565388100272
7 0.8363441882576658 0.42766535789791604 0.00974566199191823 0.01147689519782543
7 0.8597575469455668 0.43672606463304137 0.009032564772997385 0.009664753850800362
7 0.8393154266698359 0.44216248867411656 0.009032564772997385 0.012684989429175475
7 0.8634418825766579 0.453035336756267 0.007844069408129309 0.009060706735125339
7 0.8948181602091752 0.6072183630323165 0.007844069408129309 0.009966777408637873
7 0.8723555978131685 0.60072485653881 0.008081768481102923 0.008456659619450317
7 0.8911338245780841 0.5881908788885533 0.008557166627050155 0.009362730292962852
7 0.8678393154266698 0.577922077922078 0.009032564772997385 0.008154636061612805
7 0.887449488946993 0.5712775596496527 0.0073686712621820775 0.009362730292962852
7 0.8845971000713096 0.554364240410752 0.008319467554076539 0.008758683177287828
7 0.8641549797955788 0.5596496526729084 0.007844069408129309 0.009060706735125339
7 0.8607083432374614 0.5440954394442766 0.007606370335155693 0.009362730292962852
7 0.8805562158307583 0.5371488976140139 0.009270263845971 0.008154636061612805
7 0.876990729736154 0.5206886137118695 0.008319467554076539 0.009060706735125339
7 0.8570240076063703 0.5288432497734823 0.007844069408129309 0.008456659619450317
7 0.8532208224387925 0.5107218363032316 0.008319467554076539 0.007852612503775294
7 0.8728309959591157 0.5052854122621564 0.009032564772997385 0.010872848082150407
7 0.8490610886617542 0.493808517064331 0.009507962918944617 0.008456659619450317
7 0.8693843594009983 0.48731501057082455 0.007844069408129309 0.009362730292962852
7 0.8664131209888281 0.4699486559951676 0.008557166627050155 0.007852612503775294
7 0.8422866650820061 0.4599818785865297 0.008319467554076539 0.010268800966475386
7 0.7310434989303541 0.42660827544548474 0.007844069408129309 0.008154636061612805
7 0.728072260518184 0.4098459679855029 0.007130972189208462 0.009060706735125339
7 0.8960066555740432 0.17034128662035639 0.009270263845971 0.012684989429175475
7 0.5565723793677204 0.4859559045605557 0.007844069408129309 0.008456659619450317
7 0.5533634418825767 0.5594986408939897 0.007606370335155693 0.010570824524312896
7 0.5499168053244592 0.5427363334340078 0.007844069408129309 0.008456659619450317
7 0.5678630853339671 0.5371488976140139 0.009032564772997385 0.007550588945937783
7 0.5459947706203946 0.5261250377529447 0.007130972189208462 0.008456659619450317
7 0.5631091038744949 0.5194805194805194 0.008081768481102923 0.009664753850800362
7 0.5421915854528168 0.5089096949562065 0.007606370335155693 0.008456659619450317
7 0.5596624673163775 0.5025672002416188 0.0073686712621820775 0.009060706735125339
7 0.5387449488946993 0.49169435215946844 0.0073686712621820775 0.007852612503775294
7 0.5348229141906347 0.4758381153729991 0.006655574043261231 0.008154636061612805
7 0.5742809603042548 0.5697674418604651 0.007130972189208462 0.009362730292962852
7 0.553125742809603 0.4673814557535488 0.007606370335155693 0.008154636061612805
7 0.5305443308771095 0.45967985502869224 0.008081768481102923 0.008456659619450317
7 0.5492037081055383 0.45212926608275444 0.0073686712621820775 0.007248565388100272
7 0.5274542429284526 0.4414074297795228 0.006655574043261231 0.009362730292962852
7 0.5462324696933681 0.4353669586227726 0.008081768481102923 0.008154636061612805
7 0.5238887568338483 0.4243430987617034 0.007606370335155693 0.007852612503775294
7 0.5421915854528168 0.4183026276049532 0.008081768481102923 0.009664753850800362
7 0.5396957451865938 0.40108728480821504 0.007844069408129309 0.008456659619450317
7 0.5703589256001901 0.5530051344004833 0.0068932731162348465 0.007852612503775294
7 0.5564535298312336 0.5755058894593779 0.007130972189208462 0.008154636061612805
7 0.6268124554314238 0.7629115070975536 0.007606370335155693 0.009060706735125339
7 0.5784406940812931 0.6769858048927816 0.0073686712621820775 0.009362730292962852
7 0.6145709531732826 0.7550588945937783 0.008794865700023769 0.009664753850800362
7 0.6105300689327311 0.7385986106916339 0.008319467554076539 0.008154636061612805
7 0.5888994532921321 0.7275747508305648 0.008319467554076539 0.009664753850800362
7 0.6070834323746137 0.7195711265478707 0.009032564772997385 0.008154636061612805
7 0.5846208699786071 0.708849290244639 0.0064178749702876155 0.007852612503775294
7 0.6038744948894699 0.704620960434914 0.009270263845971 0.008456659619450317
7 0.5814119324934632 0.692842041679251 0.007130972189208462 0.009664753850800362
7 0.6005467078678393 0.6877076411960132 0.009270263845971 0.008456659619450317
7 0.5962681245543142 0.6703412866203564 0.008794865700023769 0.008154636061612805
7 0.5782029950083194 0.587133796436122 0.008319467554076539 0.008456659619450317
7 0.5753506061326361 0.6614315916641498 0.007844069408129309 0.007852612503775294
7 0.5934157356786308 0.655693144065237 0.0073686712621820775 0.006644518272425249
7 0.5708343237461374 0.6434611899728179 0.008794865700023769 0.008758683177287828
7 0.5888994532921321 0.6356085774690425 0.009270263845971 0.008154636061612805
7 0.5849774185880675 0.6206584113560858 0.007130972189208462 0.007852612503775294
7 0.5637033515569289 0.6093325279371791 0.0073686712621820775 0.007550588945937783
7 0.580936534347516 0.6035940803382663 0.007606370335155693 0.008758683177287828
7 0.5604944140717851 0.5936273029296285 0.007130972189208462 0.010570824524312896
7 0.5204421202757309 0.4080338266384778 0.0073686712621820775 0.009664753850800362
7 0.5169954837176135 0.3908184838417397 0.008557166627050155 0.010268800966475386
7 0.5362491086284763 0.38356991845363936 0.009507962918944617 0.008456659619450317
7 0.7350843831709056 0.2037148897614014 0.004991680532445923 0.008154636061612805
7 0.626099358212503 0.22349743279975837 0.0057047777513667694 0.010872848082150407
7 0.6398859044449726 0.22108124433705828 0.0057047777513667694 0.010268800966475386
7 0.6515331590206798 0.2189670794321957 0.0061801758973140004 0.010872848082150407
7 0.6674589969099121 0.2170039263062519 0.006655574043261231 0.009966777408637873
7 0.6805324459234608 0.21337964361220174 0.005229379605419538 0.009362730292962852
7 0.6947943903018778 0.21141649048625794 0.007130972189208462 0.012080942313500452
7 0.704540052293796 0.20900030202355785 0.007606370335155693 0.010872848082150407
7 0.7204658901830282 0.2059800664451827 0.0057047777513667694 0.009664753850800362
7 0.7474447349655337 0.20039263062518875 0.005467078678393154 0.010570824524312896
7 0.5134299976230092 0.37405617638175775 0.007130972189208462 0.009362730292962852
7 0.7619443784169242 0.1972213832678949 0.0064178749702876155 0.010872848082150407
7 0.775612075112907 0.19556025369978858 0.0061801758973140004 0.009966777408637873
7 0.7865462324696934 0.19329507701600723 0.009983361064891847 0.010268800966475386
7 0.8140004753981459 0.18755662941709453 0.008319467554076539 0.010268800966475386
7 0.8433563109103874 0.18166717003926305 0.0057047777513667694 0.008154636061612805
7 0.8569051580698835 0.17909996979764423 0.006655574043261231 0.012080942313500452
7 0.8703351556928928 0.17577771066143158 0.0064178749702876155 0.01147689519782543
7 0.883765153315902 0.1733615221987315 0.006655574043261231 0.010872848082150407
7 0.5993582125029712 0.22999093929326486 0.0068932731162348465 0.010570824524312896
7 0.5862847634894224 0.23180308064028993 0.0064178749702876155 0.010570824524312896
7 0.5723793677204658 0.23406825732407127 0.0057047777513667694 0.012080942313500452
7 0.5590682196339434 0.23754152823920266 0.0057047777513667694 0.008758683177287828
7 0.5322082243879248 0.3684687405617638 0.008081768481102923 0.008456659619450317
7 0.5099833610648918 0.35759589247961343 0.0073686712621820775 0.009060706735125339
7 0.5064178749702876 0.3409845967985503 0.007844069408129309 0.010268800966475386
7 0.5243641549797956 0.3341890667472063 0.007606370335155693 0.009362730292962852
7 0.5032089374851438 0.3252793717909997 0.007130972189208462 0.009060706735125339
7 0.5206798193487046 0.31757777106614316 0.0073686712621820775 0.009966777408637873
7 0.5 0.307157958320749 0.0073686712621820775 0.008456659619450317
7 0.5164012360351794 0.2983992751434612 0.008319467554076539 0.009664753850800362
7 0.49631566436890895 0.29039565086076713 0.007606370335155693 0.009362730292962852
7 0.5375564535298312 0.2692540018121413 0.0068932731162348465 0.009362730292962852
7 0.49227478012835746 0.2724252491694352 0.008081768481102923 0.008456659619450317
7 0.48847159496077963 0.2520386590154032 0.008557166627050155 0.008758683177287828
7 0.4954837176135013 0.2479613409845968 0.004516282386498692 0.010268800966475386
7 0.5022581411932493 0.24735729386892177 0.004753981459472308 0.010268800966475386
7 0.51972902305681 0.24388402295379039 0.0064178749702876155 0.009966777408637873
7 0.5323270739244117 0.24207188160676532 0.007844069408129309 0.009966777408637873
7 0.5440931780366056 0.24056176381757777 0.0057047777513667694 0.009362730292962852
7 0.5959115759448538 0.7598912715191785 0.006655574043261231 0.007852612503775294
7 0.6401236035179463 0.7754454847478103 0.0061801758973140004 0.010570824524312896
7 0.7480389826479676 0.40274841437632136 0.007130972189208462 0.008154636061612805
7 0.8736629427145234 0.20718816067653276 0.0064178749702876155 0.008456659619450317
7 0.8112669360589493 0.30851706433101783 0.007130972189208462 0.008154636061612805
7 0.8265985262657475 0.2857142857142857 0.0068932731162348465 0.007852612503775294
7 0.8080579985738056 0.29235880398671094 0.0073686712621820775 0.009060706735125339
7 0.8230330401711433 0.2688009664753851 0.007844069408129309 0.009060706735125339
7 0.8004516282386498 0.2585321655089097 0.0073686712621820775 0.009060706735125339
7 0.7983123365818873 0.24131682271217156 0.005467078678393154 0.009060706735125339
7 0.7753743760399334 0.22485653881002718 0.009032564772997385 0.010570824524312896
7 0.8313525077252198 0.21413470250679553 0.00974566199191823 0.009664753850800362
7 0.9168053244592346 0.21806100875868317 0.008081768481102923 0.008456659619450317
7 0.8148324221535536 0.32558139534883723 0.008557166627050155 0.009664753850800362
7 0.8950558592821488 0.21760797342192692 0.0059424768243403845 0.008154636061612805
7 0.8998098407416211 0.2428269405013591 0.0068932731162348465 0.007852612503775294
7 0.9030187782267649 0.25898520084566595 0.007130972189208462 0.008154636061612805
7 0.90729736154029 0.27604953186348535 0.0061801758973140004 0.008456659619450317
7 0.9111005467078678 0.2926608275445485 0.007130972189208462 0.009060706735125339
7 0.914666032802472 0.31017819389912415 0.007130972189208462 0.009664753850800362
7 0.9182315188970762 0.32618544246451225 0.008081768481102923 0.012080942313500452
7 0.9219158545281673 0.34309876170341286 0.0064178749702876155 0.007852612503775294
7 0.8304017114333254 0.30368468740561766 0.007844069408129309 0.008758683177287828
7 0.8333729498454956 0.31893687707641194 0.007606370335155693 0.009664753850800362
7 0.627882101259805 0.7808819087888855 0.0059424768243403845 0.009966777408637873
7 0.7103636795816496 0.32558139534883723 0.007844069408129309 0.009664753850800362
7 0.744711195626337 0.3853820598006644 0.008081768481102923 0.007852612503775294
7 0.7242690753506061 0.3929326487466022 0.007130972189208462 0.009060706735125339
7 0.741026859995246 0.36907278767743884 0.008319467554076539 0.008456659619450317
7 0.7214166864749227 0.3757173059498641 0.007130972189208462 0.009060706735125339
7 0.7372236748276682 0.3512533977650257 0.008319467554076539 0.009664753850800362
7 0.7171381031613976 0.359710057384476 0.007606370335155693 0.009060706735125339
7 0.7335393391965771 0.3358501963153126 0.008081768481102923 0.009664753850800362
7 0.7129783693843593 0.34309876170341286 0.008794865700023769 0.009060706735125339
7 0.7299738531019728 0.31893687707641194 0.007130972189208462 0.009060706735125339
7 0.7300927026384597 0.23316218665055874 0.0073686712621820775 0.01147689519782543
7 0.7067981934870454 0.3086680761099366 0.0073686712621820775 0.008456659619450317
7 0.7265272165438554 0.30157052250075506 0.008319467554076539 0.009362730292962852
7 0.7028761587829807 0.2919057686499547 0.0061801758973140004 0.007550588945937783
7 0.7221297836938436 0.2864693446088795 0.008081768481102923 0.009362730292962852
7 0.7000237699072973 0.2751434611899728 0.007130972189208462 0.010268800966475386
7 0.7191585452816733 0.26849894291754756 0.008319467554076539 0.009664753850800362
7 0.694675540765391 0.2574750830564784 0.009270263845971 0.009966777408637873
7 0.6779177561207511 0.24645122319540924 0.0061801758973140004 0.013289036544850499
7 0.9250059424768243 0.359710057384476 0.0068932731162348465 0.009060706735125339
7 0.9285714285714285 0.3763213530655391 0.0064178749702876155 0.009664753850800362
7 0.9318992155930591 0.39323467230443976 0.0073686712621820775 0.008456659619450317
7 0.9340385072498217 0.30292962851102384 0.008794865700023769 0.009664753850800362
7 0.9704064654147848 0.4713077620054364 0.0068932731162348465 0.007550588945937783
7 0.9668409793201806 0.4539414074297795 0.0073686712621820775 0.007852612503775294
7 0.9625623960066555 0.43748112352763513 0.0073686712621820775 0.007550588945937783
7 0.9567387687188019 0.4033524614919964 0.009032564772997385 0.009966777408637873
7 0.9491323983836463 0.36967683479311386 0.008081768481102923 0.009060706735125339
7 0.9460423104349893 0.352914527333132 0.008557166627050155 0.008154636061612805
7 0.9433087710957927 0.3353971609785563 0.010696458283812693 0.008758683177287828
7 0.9374851438079391 0.3177287828450619 0.006655574043261231 0.007852612503775294
7 0.9317803660565723 0.2852612503775294 0.009032564772997385 0.008758683177287828
7 0.939386736391728 0.4247961340984597 0.007606370335155693 0.008758683177287828
7 0.9279771808889945 0.26895197825430384 0.009032564772997385 0.009966777408637873
7 0.9247682434038507 0.2523406825732407 0.008794865700023769 0.009966777408637873
7 0.9210839077727596 0.23542736333434008 0.009032564772997385 0.009362730292962852
7 0.9645828381269312 0.18468740561763816 0.0057047777513667694 0.010570824524312896
7 0.577252198716425 0.7974932044699486 0.0064178749702876155 0.009966777408637873
7 0.5892560019015926 0.7938689217758985 0.0061801758973140004 0.009362730292962852
7 0.602567149988115 0.7893385684083358 0.007130972189208462 0.009966777408637873
7 0.6146898027097694 0.7854122621564482 0.0061801758973140004 0.009966777408637873
7 0.9736154028999287 0.4874660223497433 0.007606370335155693 0.007852612503775294
7 0.9769431899215593 0.5046813651464814 0.007606370335155693 0.01147689519782543
7 0.9815783218445447 0.5209906372697071 0.008319467554076539 0.009664753850800362
7 0.9839553125742809 0.5380549682875264 0.0073686712621820775 0.008758683177287828
7 0.9422391252674114 0.44427665357897916 0.007130972189208462 0.008456659619450317
7 0.9458046113620157 0.4587737843551797 0.007606370335155693 0.008456659619450317
7 0.9499643451390539 0.47734823316218666 0.0073686712621820775 0.008154636061612805
7 0.9534109816971713 0.49471458773784355 0.006655574043261231 0.007248565388100272
7 0.9570953173282624 0.5113258834189067 0.0073686712621820775 0.008456659619450317
7 0.960423104349893 0.5279371790999698 0.0073686712621820775 0.008456659619450317
7 0.9643451390539577 0.5446994865599517 0.0061801758973140004 0.00694654183026276
7 0.9676729260755883 0.5613107822410148 0.006655574043261231 0.00694654183026276
7 0.9714761112431661 0.5786771368166717 0.007130972189208462 0.007852612503775294
7 0.9762300927026384 0.5992147387496225 0.006655574043261231 0.007248565388100272
7 0.9813406227715712 0.6244337058290547 0.0064178749702876155 0.007550588945937783
7 0.9896600903256477 0.6561461794019934 0.0068932731162348465 0.009966777408637873
7 0.9765866413120988 0.6602234974327997 0.0064178749702876155 0.010268800966475386
7 0.9683860232945091 0.6463304137722742 0.007130972189208462 0.009060706735125339
7 0.9669598288566674 0.6646028390214437 0.0061801758973140004 0.009362730292962852
7 0.9959591157594485 0.592721232256116 0.007606370335155693 0.008154636061612805
7 0.9885904444972664 0.5546662639685895 0.008081768481102923 0.007550588945937783
7 0.04908485856905158 0.16097855632739352 0.017827430473021155 0.018725460585925703
