7 0.989555520653369 0.4630541871921182 0.0064394534317575 0.8620689655172414
7 0.45437411653840115 0.48645320197044334 0.00596827391236061 0.5098522167487685
7 0.3986178734097692 0.47044334975369456 0.0028270771163813415 0.4630541871921182
7 0.3795351028741951 0.33866995073891626 0.002984136956180305 0.13054187192118227
7 0.37560860687922104 0.47783251231527096 0.0061253337521595735 0.1330049261083744
7 0.3711324014449506 0.6403940886699507 0.004711795193968903 0.18226600985221675
7 0.36060939217842003 0.4027093596059113 0.009423590387937806 0.6576354679802956
7 0.3376786555677713 0.45689655172413796 0.01382126590230878 0.7561576354679803
7 0.3087011151248626 0.4605911330049261 0.011151248625726402 0.6108374384236454
7 0.28993246426888647 0.4285714285714286 0.009737710067535732 0.7389162561576355
7 0.2794094550023559 0.4396551724137931 0.012250667504319147 0.7413793103448276
7 0.26197581278467097 0.41995073891625617 0.008167111669546097 0.6379310344827587
7 0.22506675043191457 0.5566502463054187 0.00596827391236061 0.4433497536945813
7 0.20190042406156747 0.45443349753694584 0.01743364221768494 0.7512315270935961
7 0.17708496937333126 0.4421182266009852 0.010837128946128476 0.7413793103448276
7 0.14127532589916758 0.437192118226601 0.008952410868540915 0.6970443349753694
7 0.12729700015705986 0.39408866995073893 0.0061253337521595735 0.5615763546798029
7 0.10931364850007853 0.4642857142857143 0.00785299198994817 0.5492610837438424
7 0.09078058740380085 0.47783251231527096 0.004711795193968903 0.5615763546798029
7 0.07845138997958223 0.49014778325123154 0.003926495994974085 0.5714285714285714
7 0.05991832888330454 0.4642857142857143 0.014292445421705671 0.6477832512315271
7 0.4458928851892571 0.5036945812807881 0.005025914873566829 0.5197044334975369
7 0.4653683053243286 0.47044334975369456 0.003769436155175122 0.4187192118226601
7 0.9455787655096592 0.47783251231527096 0.015548924140097379 0.8719211822660099
7 0.47463483587246746 0.47536945812807885 0.006596513271556463 0.4187192118226601
7 0.9256321658551909 0.5344827586206896 0.00549709439296372 0.8226600985221675
7 0.89092194125962 0.7672413793103449 0.004868855033767866 0.26354679802955666
7 0.8761583163185174 0.7524630541871922 0.008952410868540915 0.45566502463054187
7 0.7884403957907964 0.7179802955665024 0.006596513271556463 0.46551724137931033
7 0.7781529762839643 0.7105911330049262 0.0042406156745720125 0.43596059113300495
7 0.7687293858960265 0.6834975369458128 0.007695932150149207 0.45073891625615764
7 0.7565572483116068 0.6834975369458128 0.008795351028741951 0.47536945812807885
7 0.7477618972828648 0.6995073891625616 0.004711795193968903 0.49261083743842365
7 0.7308779645044763 0.7068965517241379 0.007067692790953354 0.45320197044334976
7 0.7175278781215644 0.7216748768472907 0.005811214072561646 0.4088669950738916
7 0.6996230563844825 0.7647783251231527 0.003612376315376159 0.2832512315270936
7 0.693497722632323 0.8017241379310345 0.00549709439296372 0.2438423645320197
7 0.6711952253808702 0.7980295566502463 0.006753573111355427 0.24630541871921183
7 0.6585519082770536 0.7967980295566502 0.004397675514370976 0.229064039408867
7 0.6168525208104289 0.7229064039408867 0.007067692790953354 0.3374384236453202
7 0.605151562745406 0.7093596059113301 0.005654154232762683 0.33004926108374383
7 0.5960420920370662 0.6896551724137931 0.006596513271556463 0.3251231527093596
7 0.570755457829433 0.6588669950738917 0.008481231349144025 0.22413793103448276
7 0.4929323072090467 0.45935960591133007 0.007381812470551281 0.47536945812807885
7 0.029841369561803048 0.42610837438423643 0.007224752630752318 0.7881773399014779
