14 0.9372581536760641 0.43329831932773105 0.043670536207849636 0.031512605042016806
7 0.5986733001658374 0.5141806722689075 0.018794914317302375 0.017857142857142856
7 0.5533443891652846 0.5585609243697479 0.018794914317302375 0.017331932773109245
7 0.5326147042564953 0.5777310924369747 0.02155887230514096 0.021008403361344536
7 0.4690436705362078 0.6297268907563025 0.022664455500276393 0.022058823529411763
7 0.4447208402432283 0.6473214285714285 0.02487562189054726 0.022584033613445378
7 0.39690436705362075 0.6893382352941176 0.02321724709784411 0.02153361344537815
7 0.3731343283582089 0.7090336134453781 0.027639579878385848 0.024159663865546216
7 0.33001658374792703 0.7515756302521008 0.027639579878385848 0.025210084033613446
7 0.30983969043670534 0.7720588235294117 0.025981205085682697 0.024159663865546216
7 0.26257600884466553 0.8130252100840336 0.02321724709784411 0.021008403361344536
7 0.23991155334438916 0.8298319327731092 0.01990049751243781 0.01995798319327731
7 0.21586511885019347 0.8542542016806722 0.02045328911000553 0.01838235294117647
7 0.19817578772802652 0.8755252100840336 0.02045328911000553 0.018907563025210083
7 0.18131564400221115 0.8999474789915966 0.017689331122166942 0.016281512605042014
7 0.1578220011055832 0.9406512605042017 0.025981205085682697 0.026260504201680673
7 0.1417910447761194 0.9690126050420168 0.022664455500276393 0.021008403361344536
7 0.5768380320619126 0.5357142857142857 0.019347705914870093 0.017857142857142856
7 0.6177446102819237 0.4929096638655462 0.02155887230514096 0.020483193277310924
14 0.8206191265892758 0.5979516806722689 0.029297954671088998 0.02468487394957983
7 0.6459369817578773 0.47058823529411764 0.02045328911000553 0.017857142857142856
14 0.6829740187949143 0.9818802521008403 0.0359314538419016 0.02783613445378151
14 0.5599778883360973 0.7746848739495797 0.035378662244333885 0.03046218487394958
7 0.6923714759535655 0.4206932773109244 0.019347705914870093 0.017857142857142856
7 0.7399115533443892 0.3786764705882353 0.019347705914870093 0.017857142857142856
7 0.7587064676616915 0.3589810924369748 0.019347705914870093 0.019432773109243698
7 0.7976782752902155 0.31460084033613445 0.017689331122166942 0.01680672268907563
7 0.8217247097844113 0.2899159663865546 0.01824212271973466 0.01680672268907563
7 0.8485351022664455 0.2602415966386554 0.018794914317302375 0.017331932773109245
7 0.8676064123825318 0.24002100840336132 0.01824212271973466 0.01680672268907563
7 0.8891652846876728 0.2184873949579832 0.017136539524599224 0.015756302521008403
7 0.908236594803759 0.19721638655462184 0.01990049751243781 0.01838235294117647
7 0.9292426755113322 0.1720063025210084 0.018794914317302375 0.017331932773109245
7 0.94914317302377 0.14968487394957983 0.017689331122166942 0.01680672268907563
7 0.9773355444997236 0.1247373949579832 0.017689331122166942 0.017331932773109245
7 0.6694306246545052 0.4377626050420168 0.02542841348811498 0.022584033613445378
7 0.12189054726368159 0.9929096638655461 0.02155887230514096 0.014180672268907563
