10 0.8498579545454545 0.17238912732474965 0.011647727272727271 0.015021459227467811
7 0.18409090909090908 0.3801859799713877 0.017613636363636363 0.022174535050071532
7 0.24176136363636364 0.4529685264663805 0.02386363636363636 0.028254649499284693
7 0.1946022727272727 0.5466738197424893 0.022727272727272728 0.02753934191702432
7 0.28551136363636365 0.5257510729613734 0.02386363636363636 0.030042918454935622
7 0.315625 0.567238912732475 0.021022727272727273 0.02503576537911302
7 0.22244318181818182 0.5779685264663805 0.017613636363636363 0.022889842632331903
7 0.24815340909090908 0.6128397711015737 0.021875 0.028254649499284693
7 0.34474431818181817 0.6003218884120172 0.020738636363636362 0.025393419170243205
7 0.27102272727272725 0.6453862660944206 0.025568181818181816 0.031831187410586555
7 0.3039772727272727 0.6881258941344778 0.023295454545454543 0.030758226037195996
7 0.3737215909090909 0.6385908440629471 0.02130681818181818 0.02753934191702432
7 0.396875 0.6800786838340487 0.023295454545454543 0.02753934191702432
7 0.425 0.7179899856938483 0.02159090909090909 0.02753934191702432
7 0.4502840909090909 0.7523247496423462 0.02159090909090909 0.02682403433476395
7 0.32968749999999997 0.724964234620887 0.01846590909090909 0.024320457796852647
7 0.3443181818181818 0.7362303290414879 0.016477272727272726 0.021101573676680974
7 0.35624999999999996 0.7567954220314735 0.017613636363636363 0.022889842632331903
7 0.3886363636363636 0.7930972818311874 0.013068181818181817 0.016809728183118742
7 0.4119318181818182 0.8256437768240343 0.021022727272727273 0.025393419170243205
7 0.4737215909090909 0.7845135908440629 0.023011363636363635 0.028969957081545063
7 0.49630681818181815 0.8141988555078684 0.016477272727272726 0.018955650929899856
7 0.44346590909090905 0.8635550786838341 0.01534090909090909 0.018240343347639486
7 0.4583806818181818 0.8801859799713877 0.023011363636363635 0.02932761087267525
7 0.47627840909090907 0.9028969957081545 0.017329545454545455 0.022532188841201718
7 0.49318181818181817 0.9291845493562232 0.01534090909090909 0.019313304721030045
7 0.5196022727272727 0.9166666666666666 0.017613636363636363 0.023605150214592273
7 0.5335227272727272 0.8971745350500715 0.023295454545454543 0.029685264663805437
7 0.5426136363636364 0.8776824034334764 0.02215909090909091 0.012875536480686695
7 0.2140625 0.4180972818311874 0.017329545454545455 0.02145922746781116
7 0.15568181818181817 0.34048640915593703 0.023295454545454543 0.027181688125894134
10 0.8769886363636363 0.1348354792560801 0.01193181818181818 0.013590844062947067
7 0.12698863636363636 0.30776108726752505 0.025568181818181816 0.030400572246065807
7 0.08522727272727272 0.4028969957081545 0.013068181818181817 0.016094420600858368
7 0.11321022727272727 0.436516452074392 0.015056818181818182 0.017525035765379112
7 0.1390625 0.46727467811158796 0.01619318181818182 0.021101573676680974
7 0.1643465909090909 0.5008941344778255 0.01221590909090909 0.015379113018597998
7 0.6140625 0.03862660944206009 0.01619318181818182 0.020028612303290415
7 0.5154829545454546 0.041666666666666664 0.017897727272727273 0.022532188841201718
7 0.5463068181818181 0.07725321888412018 0.01875 0.023605150214592273
7 0.5988636363636364 0.1505722460658083 0.01534090909090909 0.019313304721030045
7 0.6853693181818181 0.14180972818311874 0.020738636363636362 0.02467811158798283
7 0.7082386363636364 0.17578683834048642 0.01875 0.021816881258941344
7 0.6272727272727272 0.1936695278969957 0.01534090909090909 0.0203862660944206
7 0.6498579545454545 0.21888412017167383 0.02130681818181818 0.02575107296137339
7 0.7373579545454545 0.22389127324749641 0.019034090909090907 0.02145922746781116
7 0.7595170454545455 0.25912017167381973 0.01846590909090909 0.021101573676680974
7 0.6813920454545455 0.2600143061516452 0.013352272727272727 0.016452074391988557
7 0.7326704545454545 0.3335121602288984 0.016477272727272726 0.0203862660944206
7 0.7954545454545454 0.31419885550786836 0.017613636363636363 0.0203862660944206
7 0.8139204545454545 0.3435264663805436 0.01818181818181818 0.021101573676680974
7 0.7865056818181818 0.40253934191702434 0.019602272727272725 0.023247496423462088
7 0.8325284090909091 0.3741058655221745 0.019602272727272725 0.023605150214592273
7 0.8578125 0.4130901287553648 0.021875 0.027896995708154508
7 0.8173295454545454 0.446173104434907 0.015909090909090907 0.0203862660944206
7 0.8843749999999999 0.4511802575107296 0.015909090909090907 0.018240343347639486
7 0.8382102272727272 0.4721030042918455 0.020170454545454543 0.02575107296137339
7 0.8938920454545454 0.48873390557939916 0.014488636363636363 0.01967095851216023
7 0.8795454545454545 0.5026824034334764 0.010227272727272727 0.013948497854077254
7 0.23551136363636363 0.12464234620886981 0.023295454545454543 0.028969957081545063
7 0.5323863636363636 0.8524678111587983 0.014204545454545454 0.018240343347639486
7 0.25951704545454546 0.1609442060085837 0.01619318181818182 0.01859799713876967
7 0.3136363636363636 0.22621602288984263 0.019886363636363636 0.026108726752503576
7 0.36235795454545455 0.14914163090128754 0.01221590909090909 0.015736766809728183
10 0.2869318181818182 0.7752145922746781 0.010227272727272727 0.013948497854077254
10 0.2544034090909091 0.7510729613733905 0.011079545454545455 0.015021459227467811
10 0.25752840909090907 0.7339055793991416 0.01221590909090909 0.015736766809728183
10 0.334375 0.8465665236051502 0.010795454545454546 0.013590844062947067
10 0.37443181818181814 0.8834048640915594 0.013068181818181817 0.016452074391988557
10 0.3771306818181818 0.9919527896995708 0.011647727272727271 0.01323319027181688
10 0.38096590909090905 0.9753218884120172 0.007386363636363636 0.012875536480686695
10 0.7234375 0.8803648068669527 0.01221590909090909 0.016094420600858368
10 0.32258522727272726 0.4449213161659514 0.010511363636363636 0.013590844062947067
10 0.2877840909090909 0.3982474964234621 0.010795454545454546 0.015379113018597998
10 0.31207386363636364 0.3614091559370529 0.011647727272727271 0.015379113018597998
10 0.3261363636363636 0.36516452074391986 0.010795454545454546 0.012875536480686695
10 0.2914772727272727 0.3258226037195994 0.01193181818181818 0.015736766809728183
10 0.2857954545454545 0.3220672389127325 0.010795454545454546 0.016809728183118742
10 0.5828125 0.25876251788268956 0.01221590909090909 0.013948497854077254
10 0.6122159090909091 0.39645922746781115 0.009659090909090909 0.013948497854077254
10 0.6242897727272727 0.39395565092989987 0.011079545454545455 0.016094420600858368
10 0.6816761363636363 0.4027181688125894 0.01221590909090909 0.015021459227467811
10 0.6541193181818181 0.43508583690987124 0.012784090909090908 0.015379113018597998
10 0.6705965909090909 0.46512875536480686 0.011647727272727271 0.015379113018597998
10 0.7281249999999999 0.5318311874105865 0.010795454545454546 0.015736766809728183
10 0.7350852272727272 0.540414878397711 0.012784090909090908 0.017167381974248927
10 0.7393465909090908 0.5448855507868383 0.012784090909090908 0.016809728183118742
10 0.9186079545454545 0.6437768240343348 0.011647727272727271 0.012875536480686695
10 0.946590909090909 0.6103361945636624 0.01193181818181818 0.016094420600858368
10 0.9741477272727272 0.5760014306151645 0.010795454545454546 0.013948497854077254
10 0.9384943181818182 0.3419170243204578 0.011079545454545455 0.01430615164520744
10 0.0234375 0.6579041487839771 0.009375 0.015379113018597998
10 0.13352272727272727 0.6294706723891274 0.010227272727272727 0.015736766809728183
10 0.1575284090909091 0.6047925608011445 0.013352272727272727 0.016452074391988557
7 0.5414772727272728 0.413447782546495 0.017045454545454544 0.022174535050071532
7 0.38565340909090906 0.19313304721030042 0.020738636363636362 0.02575107296137339
7 0.34076704545454545 0.26108726752503575 0.02130681818181818 0.027181688125894134
7 0.3708806818181818 0.30489985693848354 0.02528409090909091 0.032546494992846925
7 0.4100852272727272 0.2374821173104435 0.016761363636363637 0.02145922746781116
7 0.4274147727272727 0.2498211731044349 0.019034090909090907 0.021816881258941344
7 0.4400568181818182 0.27145922746781115 0.022727272727272728 0.030042918454935622
7 0.4607954545454545 0.30275393419170243 0.019318181818181818 0.021816881258941344
7 0.3938920454545454 0.33798283261802575 0.02471590909090909 0.032904148783977114
7 0.4846590909090909 0.3383404864091559 0.017045454545454544 0.020028612303290415
7 0.4242897727272727 0.3775035765379113 0.019602272727272725 0.025393419170243205
7 0.4768465909090909 0.4447424892703863 0.016761363636363637 0.021816881258941344
7 0.5178977272727272 0.3823319027181688 0.02784090909090909 0.034334763948497854
7 0.5134943181818181 0.4919527896995708 0.012784090909090908 0.016809728183118742
10 0.14985795454545453 0.5996065808297568 0.009943181818181818 0.01323319027181688
7 0.5731534090909091 0.45886981402002863 0.020170454545454543 0.023605150214592273
7 0.5880681818181818 0.48694563662374823 0.013636363636363636 0.016809728183118742
7 0.5343749999999999 0.5261087267525035 0.01818181818181818 0.023605150214592273
7 0.5582386363636364 0.5532904148783977 0.024999999999999998 0.032188841201716736
7 0.5821022727272727 0.5853004291845494 0.02215909090909091 0.02682403433476395
7 0.6242897727272727 0.5318311874105865 0.022443181818181817 0.027181688125894134
7 0.6477272727272727 0.569206008583691 0.014204545454545454 0.01967095851216023
7 0.7017045454545454 0.6491416309012875 0.013068181818181817 0.01859799713876967
7 0.6579545454545455 0.6963519313304721 0.017045454545454544 0.022889842632331903
7 0.6775568181818181 0.7135193133047211 0.017613636363636363 0.024320457796852647
7 0.7191761363636363 0.6673819742489271 0.015056818181818182 0.012875536480686695
10 0.11803977272727272 0.5740343347639485 0.011647727272727271 0.015021459227467811
7 0.05553977272727272 0.36820457796852646 0.020738636363636362 0.02467811158798283
