7 0.020375457875457876 0.962015503875969 0.03983516483516483 0.023875968992248062
7 0.04922161172161172 0.9272868217054264 0.07005494505494506 0.040620155038759695
7 0.9107142857142857 0.08992248062015504 0.0815018315018315 0.04279069767441861
7 0.8807234432234432 0.12031007751937985 0.08195970695970696 0.04279069767441861
7 0.8498168498168498 0.1462015503875969 0.08516483516483517 0.043720930232558144
7 0.7660256410256411 0.22806201550387598 0.07967032967032966 0.040620155038759695
7 0.7321428571428571 0.26775193798449615 0.08424908424908426 0.043720930232558144
7 0.6815476190476191 0.31550387596899226 0.08379120879120878 0.04186046511627907
7 0.6627747252747253 0.33813953488372095 0.09478021978021978 0.04868217054263566
7 0.63507326007326 0.3626356589147287 0.09432234432234432 0.04558139534883721
7 0.6046245421245421 0.39271317829457364 0.09478021978021978 0.04806201550387597
7 0.5684523809523809 0.4248062015503876 0.08836996336996338 0.043410852713178294
7 0.5576923076923077 0.46217054263565893 0.06227106227106227 0.030697674418604652
7 0.5210622710622711 0.47891472868217055 0.08516483516483517 0.04124031007751938
7 0.46886446886446886 0.5545736434108527 0.056776556776556776 0.031317829457364346
7 0.4230769230769231 0.568217054263566 0.10256410256410256 0.05302325581395349
7 0.3958333333333333 0.5928682170542636 0.09844322344322344 0.05271317829457365
7 0.36881868131868134 0.6224806201550388 0.09478021978021978 0.05054263565891473
7 0.3434065934065934 0.6472868217054264 0.0989010989010989 0.05302325581395349
7 0.3131868131868132 0.6775193798449612 0.09523809523809523 0.04837209302325582
7 0.29212454212454214 0.7052713178294574 0.08699633699633699 0.0462015503875969
7 0.25961538461538464 0.732093023255814 0.08699633699633699 0.044651162790697675
7 0.23511904761904762 0.7651162790697675 0.06822344322344322 0.037519379844961245
7 0.20604395604395603 0.7967441860465116 0.0695970695970696 0.03565891472868217
7 0.17765567765567766 0.8178294573643411 0.08516483516483517 0.04744186046511628
7 0.149496336996337 0.8418604651162791 0.08836996336996338 0.050852713178294574
7 0.13003663003663005 0.8710077519379845 0.055860805860805864 0.03286821705426357
7 0.10347985347985347 0.8903875968992249 0.05952380952380952 0.03193798449612403
7 0.08081501831501832 0.908062015503876 0.06639194139194139 0.04248062015503876
7 0.9320054945054945 0.06930232558139535 0.08195970695970696 0.04186046511627907
