10 0.9798068481123793 0.4219759926131117 0.033362598770851626 0.027700831024930747
10 0.9363476733977173 0.4533702677746999 0.041264266900790166 0.027700831024930747
4 0.5965759438103599 0.2853185595567867 0.1202809482001756 0.1809787626962142
4 0.7089552238805971 0.24607571560480146 0.1202809482001756 0.18005540166204986
4 0.8086040386303776 0.16297322253000923 0.1141352063213345 0.18005540166204986
4 0.533801580333626 0.6274238227146814 0.11589113257243196 0.18005540166204986
4 0.4183494293239684 0.6648199445983379 0.11501316944688324 0.17913204062788549
4 0.3042142230026339 0.6994459833795014 0.11676909569798069 0.18190212373037856
10 0.16374012291483758 0.46952908587257614 0.0324846356453029 0.017543859649122806
10 0.8388937664618086 0.8337950138504154 0.0324846356453029 0.03693444136657433
10 0.9609306409130817 0.933056325023084 0.02897278314310799 0.03601108033240997
10 0.9754170324846356 0.40489381348107106 0.038630377524143986 0.026777469990766387
10 0.9508340649692713 0.48984302862419205 0.033362598770851626 0.02493074792243767
10 0.9424934152765584 0.2871652816251154 0.025460930640913083 0.0443213296398892
10 0.9381035996488147 0.9210526315789473 0.02897278314310799 0.03601108033240997
10 0.8432835820895522 0.9542936288088643 0.030728709394205442 0.03785780240073869
10 0.9688323090430202 0.38550323176361956 0.03775241439859526 0.02493074792243767
10 0.9626865671641791 0.36611265004616805 0.03775241439859526 0.023084025854108955
10 0.9218612818261633 0.38088642659279776 0.033362598770851626 0.023084025854108955
14 0.2594381035996488 0.3005540166204986 0.11676909569798069 0.10987996306555863
