7 0.984579542933215 0.40333586050037906 0.03128466829376526 0.1607278241091736
7 0.2421788329265587 0.5481425322213799 0.007765697803416907 0.03639120545868082
7 0.40958508986021747 0.7247915087187263 0.0119813623252718 0.04094010614101592
7 0.3825160860883071 0.686125852918878 0.013756378966052807 0.04700530705079606
7 0.3575549145773242 0.6660348749052313 0.00865320612380741 0.04473085670962851
7 0.3318171732859996 0.6141015921152388 0.007765697803416907 0.04397270659590599
7 0.3024184601730641 0.6072782410917361 0.013756378966052807 0.045489006823351025
7 0.26492123363656533 0.5788476118271417 0.016418903927224317 0.07202426080363912
7 0.20678943865098737 0.5155420773313116 0.02440647881073885 0.08491281273692192
7 0.462059019303306 0.759666413949962 0.01309074772575993 0.050037907505686124
7 0.18770800976259153 0.4655041698256255 0.013312624805857555 0.04397270659590599
7 0.16707344131351232 0.434040940106141 0.01908142888839583 0.06141015921152388
7 0.13767472820057688 0.3931008339651251 0.016640781007321945 0.07657316148597422
7 0.11116041712891059 0.3400303260045489 0.015531395606833814 0.05989385898407885
7 0.09729309962280897 0.29681576952236544 0.019303305968493455 0.06595905989385899
7 0.07055691147104505 0.2304776345716452 0.02573774129132461 0.09855951478392722
7 0.43587752385178613 0.7361637604245641 0.007765697803416907 0.03639120545868082
7 0.48735300643443535 0.7676269901440486 0.011759485245174174 0.0401819560272934
7 0.9351009540714444 0.48104624715693706 0.03172842245396051 0.12964366944655042
7 0.7659196804970047 0.7824109173616376 0.027069003771910363 0.12736921910538287
7 0.915242955402707 0.5189537528430629 0.0359440869758154 0.1417740712661107
7 0.8966052806745064 0.5746777862016679 0.03727534945640115 0.15011372251705837
7 0.8729753716441092 0.6182714177407127 0.042822276458841804 0.16755117513267626
7 0.8477923230530287 0.6535253980288097 0.03949412025737741 0.15921152388172857
7 0.8274905702240959 0.690674753601213 0.037940980696694035 0.15011372251705837
7 0.7915464832482805 0.733131159969674 0.035278455735522525 0.13646702047005307
7 0.72243177279787 0.8180439727065959 0.007543820723319282 0.0803639120545868
7 0.49622808963834036 0.7638362395754359 0.003771910361659641 0.02350265352539803
7 0.6980252939871312 0.8449583017437452 0.0119813623252718 0.08112206216830932
7 0.6505435988462392 0.8517816527672479 0.010650099844686045 0.09173616376042457
7 0.595518082982028 0.8502653525398028 0.010206345684490793 0.07808946171341925
7 0.5817617040159752 0.8260045489006823 0.006212558242733526 0.026535253980288095
7 0.5562458398047482 0.8290371493555724 0.02174395384956734 0.05989385898407885
7 0.5231861548702019 0.7676269901440486 0.005325049922343022 0.03866565579984837
7 0.04825826492123364 0.17816527672479152 0.021078322609274464 0.06823351023502654
