14 0.8013698630136986 0.8759716120310915 0.017053396701146212 0.010814464346062858
14 0.8413474979032709 0.8918553565393713 0.012021246854906346 0.009462656302805001
7 0.5622029633771317 0.46350118283203784 0.0212468549063461 0.04562352145995268
7 0.589879787531451 0.4907063197026022 0.010064299692479732 0.018925312605610003
7 0.6176963936259435 0.4989861439675566 0.015935141179759575 0.02737411287597161
7 0.638663684651943 0.5062521122000676 0.0136986301369863 0.02433254477864143
7 0.6603298853788091 0.5135180804325785 0.012859938495946324 0.018587360594795536
7 0.6794800111825552 0.5202771206488678 0.015376013419066257 0.018587360594795536
7 0.7045009784735812 0.5305846569787089 0.015655577299412915 0.019601216627238932
7 0.7528655297735533 0.5370057451841838 0.012300810735253005 0.020953024670496787
7 0.773972602739726 0.5483271375464683 0.015376013419066257 0.02805001689760054
7 0.7946603298853788 0.5708009462656303 0.014816885658372938 0.01486988847583643
7 0.8511322337154039 0.6007096992227103 0.027117696393625945 0.030753632984116253
7 0.8793681856304165 0.6372085163906724 0.03718199608610567 0.02737411287597161
14 0.8462398658093374 0.6584994930719837 0.01062342745317305 0.016559648529908752
7 0.9027117696393626 0.8296721865495099 0.02180598266703942 0.022980736735383575
7 0.8674867207156836 0.9087529570800945 0.03242941012021247 0.04460966542750929
7 0.7794240984064859 0.9057113889827644 0.02180598266703942 0.03379520108144643
7 0.7475538160469667 0.8977695167286245 0.01453732177802628 0.02196688070294018
7 0.7257478333799273 0.8876309564041905 0.01453732177802628 0.01791145657316661
7 0.7000279563880346 0.8756336600202771 0.01453732177802628 0.012842176410949644
7 0.6826949958065418 0.8624535315985129 0.020128599384959464 0.0236566407570125
7 0.6571149007548225 0.8447110510307536 0.008107352530053118 0.01182832037850625
14 0.4542913055633212 0.45843190266982087 0.015096449538719598 0.01182832037850625
14 0.47707576181157396 0.4562352145995268 0.012580374615599665 0.010814464346062858
14 0.5317305004193458 0.4929030077728962 0.007827788649706457 0.01250422440013518
7 0.31464914733016497 0.307874281851977 0.011462119094213028 0.018249408583981074
7 0.17444786133631535 0.10544102737411287 0.018451216102879506 0.01622169651909429
7 0.19625384400335477 0.15140250084488002 0.023483365949119372 0.0236566407570125
7 0.20841487279843443 0.17624197363974314 0.029354207436399216 0.025346400811084822
7 0.22043611965334078 0.20530584656978706 0.0287950796757059 0.021290976681311254
7 0.2307799832261672 0.2281176072997634 0.0349454850433324 0.027712064886786073
7 0.24615599664523344 0.26225076039202433 0.03550461280402572 0.03041568097330179
7 0.2720156555772994 0.2864143291652585 0.024042493709812693 0.030753632984116253
7 0.27746715124405924 0.3066914498141264 0.019289907743919487 0.03278134504900304
7 0.29927313391109867 0.2977357215275431 0.009784735812133072 0.013518080432578572
7 0.3347777467151244 0.36059479553903345 0.011462119094213028 0.020277120648867858
14 0.5568912496505452 0.4994930719837783 0.01062342745317305 0.009462656302805001
7 0.35490634610008387 0.3700574518418384 0.016494268940452892 0.026360256843528218
7 0.38034665921162986 0.38543426833389655 0.019289907743919487 0.02264278472456911
7 0.3983785294939894 0.3955728286583305 0.012859938495946324 0.023318688746198038
7 0.4131954151523623 0.40892193308550184 0.01397819401733296 0.018249408583981074
7 0.44227005870841485 0.4219330855018587 0.016773832820799552 0.024670496789455897
7 0.46966731898238745 0.42598850963163226 0.010064299692479732 0.021290976681311254
7 0.4878389712049203 0.4291990537343697 0.016773832820799552 0.02973977695167286
7 0.5092256080514398 0.43680297397769513 0.013139502376292984 0.02196688070294018
7 0.540257198769919 0.4501520784048665 0.021526418786692758 0.03582291314633322
7 0.6432764886776628 0.8398107468739439 0.017332960581492873 0.021628928692125717
7 0.6218898518311434 0.8394727948631294 0.014816885658372938 0.012166272389320715
7 0.5963097567794241 0.8276444744846231 0.018451216102879506 0.022304832713754646
14 0.48154878389712047 0.6297735721527543 0.012021246854906346 0.010476512335248394
14 0.21973720995247414 0.7467049678945589 0.01118255521386637 0.009800608313619466
14 0.29480011182555216 0.6694829334234538 0.01090299133351971 0.01486988847583643
14 0.31381045568912497 0.5251774248056775 0.007548224769359799 0.012166272389320715
14 0.27117696393625945 0.4984792159513349 0.01062342745317305 0.009462656302805001
14 0.39208834218618954 0.4166948293342345 0.012580374615599665 0.014193984454207501
14 0.4315068493150685 0.4413653261236904 0.0136986301369863 0.016897600540723215
14 0.41529214425496225 0.5983440351470091 0.012580374615599665 0.01182832037850625
14 0.5121610287950796 0.5996958431902669 0.010064299692479732 0.01723555255153768
14 0.5307520268381325 0.6039202433254477 0.008666480290746436 0.01486988847583643
14 0.5043332401453732 0.6328151402500845 0.009505171931786413 0.01250422440013518
14 0.23008107352530052 0.4844542075025346 0.013419066256639642 0.01723555255153768
14 0.5427732736930388 0.6610341331530922 0.012021246854906346 0.009462656302805001
14 0.6150405367626502 0.6853666779317337 0.007827788649706457 0.012842176410949644
14 0.711629857422421 0.6868874619803987 0.01090299133351971 0.010476512335248394
14 0.7429410120212468 0.7061507265968232 0.012021246854906346 0.015207840486650895
14 0.6600503214984624 0.7014193984454207 0.007827788649706457 0.013856032443393037
14 0.8547665641599106 0.722034471105103 0.013139502376292984 0.007772896248732679
14 0.7386077718758737 0.7441703278134504 0.012300810735253005 0.010814464346062858
14 0.8669275929549902 0.7793173369381547 0.007827788649706457 0.013518080432578572
14 0.7310595471065139 0.8475836431226765 0.009505171931786413 0.01486988847583643
14 0.06583729382163825 0.665258533288273 0.01425775789767962 0.01723555255153768
14 0.08708414872798434 0.5256843528218993 0.008666480290746436 0.013180128421764109
7 0.5774391948560246 0.8068604258195335 0.0136986301369863 0.015207840486650895
7 0.3166060944925916 0.7010814464346062 0.01761252446183953 0.02264278472456911
7 0.5557729941291585 0.7918215613382898 0.00726866088901314 0.009462656302805001
7 0.5338272295219457 0.786752281176073 0.02096729102599944 0.019601216627238932
7 0.5222253284875594 0.773741128759716 0.006709533128319821 0.009800608313619466
7 0.46631255241822755 0.7568435282189928 0.01397819401733296 0.01723555255153768
7 0.44967850153760136 0.752619128083812 0.01090299133351971 0.012166272389320715
7 0.4405926754263349 0.745353159851301 0.008386916410399776 0.007772896248732679
7 0.4197651663405088 0.735890503548496 0.012021246854906346 0.020615072659682324
7 0.40089460441710933 0.7323420074349442 0.016214705060106235 0.01622169651909429
7 0.37922840369024324 0.7225413991213248 0.0136986301369863 0.012842176410949644
7 0.3022085546547386 0.7423115917539709 0.018451216102879506 0.020615072659682324
14 0.06569751188146492 0.4923960797566745 0.015655577299412915 0.026360256843528218
7 0.2805423539278725 0.7593781683001013 0.015935141179759575 0.017573504562352144
7 0.2927033827229522 0.7500844880027036 0.011741682974559686 0.018587360594795536
7 0.27732736930388596 0.7786414329165258 0.01453732177802628 0.012842176410949644
7 0.2626502655856863 0.8114227779655289 0.08023483365949119 0.03717472118959107
14 0.19583449818283477 0.21476850287259208 0.0136986301369863 0.013180128421764109
14 0.08946044171093095 0.25295708009462653 0.010064299692479732 0.015883744508279823
14 0.20743639921722112 0.28877999324095976 0.010064299692479732 0.015207840486650895
14 0.09700866648029075 0.3443730990199391 0.012300810735253005 0.013518080432578572
14 0.11923399496785016 0.39067252450152073 0.008666480290746436 0.012842176410949644
7 0.16689963656695556 0.08651571476850287 0.017332960581492873 0.016897600540723215
