0 0.9302954640033292 0.12361576100952873 0.07116104868913858 0.04635591037857327
0 0.8901373283395756 0.14499098635075974 0.0749063670411985 0.048416173062065415
0 0.8541406575114441 0.169971671388102 0.06699958385351644 0.04275045068246202
0 0.7438618393674574 0.2067988668555241 0.15605493133583023 0.1076487252124646
0 0.6146483562213899 0.29242853463816637 0.10986267166042447 0.09966520731393254
0 0.5343320848938827 0.3269379345866598 0.12484394506866418 0.0991501416430595
0 0.3803578859758635 0.40123615761009535 0.21889305035372453 0.12619108936389392
0 0.16521015397419891 0.5162245686325007 0.1972534332084894 0.11511717744012363
0 0.30378693300041615 0.7387329384496524 0.22804827299209324 0.14190059232552152
0 0.4388264669163546 0.8521761524594387 0.2659176029962547 0.16585114602111772
