0 0.5570238437230681 0.4525997899159664 0.028727377190462512 0.025997899159663863
0 0.6503878195920713 0.37815126050420167 0.04079287561045677 0.037815126050420166
0 0.7423154266015514 0.8742121848739496 0.031600114909508766 0.026785714285714284
0 0.7629991381786844 0.8894432773109243 0.030451019821890263 0.02783613445378151
0 0.5126400459638035 0.6587447478991596 0.03303648376903189 0.029149159663865543
0 0.490807239299052 0.6348476890756303 0.042803792013789144 0.04070378151260504
0 0.46567078425739733 0.6147584033613445 0.03332375754093651 0.03098739495798319
0 0.4436943407066935 0.5907300420168067 0.0456765297328354 0.041754201680672266
0 0.41697787991956337 0.5647321428571428 0.04452743464521689 0.04332983193277311
0 0.5221200804366561 0.4343487394957983 0.03878195920712439 0.031512605042016806
0 0.4961218040792876 0.4507615546218487 0.02700373455903476 0.021796218487394957
0 0.7819592071243896 0.48660714285714285 0.030451019821890263 0.026785714285714284
0 0.7176098822177536 0.4520745798319328 0.06664751508187303 0.061186974789915964
0 0.7181844297615628 0.431328781512605 0.030451019821890263 0.02652310924369748
0 0.6772479172651538 0.41964285714285715 0.07038207411663315 0.06512605042016806
0 0.6090203964378053 0.3374474789915966 0.031600114909508766 0.028886554621848737
0 0.5393565067509337 0.4724264705882353 0.04050560183855214 0.037289915966386554
0 0.5519965527147371 0.28847163865546216 0.0824475725366274 0.07589285714285714
0 0.5139327779373744 0.250656512605042 0.07124389543234703 0.06696428571428571
0 0.48290721057167485 0.22229516806722688 0.027578282102844014 0.024947478991596637
0 0.463228957196208 0.36147584033613445 0.030738293593794888 0.027573529411764705
0 0.4408216029876473 0.3433560924369748 0.029014650962367137 0.025997899159663863
0 0.4238724504452744 0.32339810924369744 0.03131284113760414 0.027573529411764705
0 0.3899741453605286 0.3064600840336134 0.047974719908072394 0.043592436974789914
0 0.3886814133869578 0.3493960084033613 0.031600114909508766 0.030199579831932773
0 0.3182993392703246 0.3482142857142857 0.04021832806664752 0.03834033613445378
0 0.35076127549554725 0.27888655462184875 0.04079287561045677 0.03676470588235294
0 0.3236139040505602 0.25275735294117646 0.041654696926170645 0.03807773109243697
0 0.2914392415972422 0.22045693277310924 0.037058316575696644 0.034401260504201676
0 0.2663027865555875 0.19104516806722688 0.056305659293306526 0.04963235294117647
0 0.7247917265153692 0.8587184873949579 0.028152829646653263 0.02468487394957983
0 0.8310830221200805 0.8201155462184874 0.028152829646653263 0.026260504201680673
0 0.8519103705831658 0.8220850840336134 0.04395288710140764 0.04070378151260504
0 0.8438667049698363 0.7887342436974789 0.029014650962367137 0.028098739495798317
0 0.5070382074116634 0.4968487394957983 0.029876472278081014 0.02783613445378151
0 0.48865268600976736 0.5170693277310924 0.032749209997127264 0.028886554621848737
0 0.4689744326343005 0.5357142857142857 0.03016374604998564 0.026260504201680673
0 0.4399597816719334 0.531906512605042 0.027291008330939386 0.019695378151260504
0 0.6072967538063775 0.6021533613445378 0.04021832806664752 0.03466386554621849
0 0.5858948577994829 0.6242121848739496 0.03590922148807814 0.03308823529411765
0 0.6513932777937375 0.5053834033613445 0.057167480609020396 0.05278361344537815
0 0.619936799770181 0.5333508403361344 0.06032749209997128 0.05619747899159663
0 0.652111462223499 0.5571165966386554 0.04136742315426602 0.03807773109243697
0 0.6726515369146797 0.5361081932773109 0.04510198218902615 0.04070378151260504
0 0.6950588911232405 0.5150997899159664 0.0456765297328354 0.041228991596638655
0 0.7187589773053721 0.4940913865546218 0.037345590347601265 0.03597689075630252
0 0.7920137891410515 0.5207457983193277 0.027578282102844014 0.026260504201680673
0 0.7746337259408217 0.5378151260504201 0.02786555587474864 0.025735294117647058
0 0.7558172938810687 0.5551470588235294 0.028152829646653263 0.026260504201680673
0 0.7378626831370296 0.5710346638655462 0.029589198506176386 0.02862394957983193
0 0.7213444412525137 0.5863970588235294 0.02700373455903476 0.025735294117647058
0 0.7043952887101408 0.6013655462184874 0.029876472278081014 0.02783613445378151
0 0.6864406779661018 0.6184348739495799 0.023269175524274634 0.022058823529411763
0 0.6686297041080149 0.6330094537815126 0.03016374604998564 0.028098739495798317
0 0.6501005458201666 0.6482405462184874 0.02528009192760701 0.0233718487394958
0 0.6331513932777938 0.6651785714285714 0.02528009192760701 0.023634453781512604
0 0.5991094513070957 0.6940651260504201 0.024992818155702385 0.023634453781512604
0 0.5825912094225798 0.7096901260504201 0.028727377190462512 0.02652310924369748
0 0.8984487216317151 0.8227415966386554 0.025567365699511638 0.02310924369747899
0 0.9051996552714737 0.8445378151260504 0.02413099683998851 0.02310924369747899
0 0.8892559609307671 0.8581932773109243 0.027291008330939386 0.026260504201680673
11 0.15239873599540363 0.06748949579831932 0.04510198218902615 0.04096638655462185
