9 0.3116385911179173 0.8493975903614459 0.022970903522205207 0.055421686746987955
9 0.5168453292496171 0.5367469879518073 0.016845329249617153 0.03493975903614458
9 0.47166921898928027 0.5355421686746988 0.018376722817764167 0.03975903614457832
9 0.44946401225114857 0.5355421686746988 0.01990811638591118 0.03975903614457832
9 0.42649310872894336 0.5379518072289157 0.016845329249617153 0.03493975903614458
9 0.22664624808575806 0.29036144578313255 0.05206738131699847 0.014457831325301207
9 0.2228177641653905 0.3060240963855422 0.056661562021439515 0.012048192771084338
9 0.22588055130168455 0.32228915662650603 0.05053598774885146 0.013253012048192772
9 0.22358346094946402 0.34036144578313254 0.04900459418070444 0.013253012048192772
9 0.222052067381317 0.3560240963855422 0.04900459418070444 0.013253012048192772
9 0.2427258805513017 0.45361445783132537 0.06891271056661562 0.013253012048192772
9 0.24349157733537521 0.46987951807228917 0.06738131699846861 0.014457831325301207
9 0.38131699846860645 0.2102409638554217 0.015313935681470138 0.04698795180722892
9 0.4104134762633997 0.21265060240963857 0.018376722817764167 0.04698795180722892
9 0.2856049004594181 0.21144578313253015 0.01990811638591118 0.054216867469879526
9 0.2120980091883614 0.22650602409638557 0.022970903522205207 0.050602409638554224
9 0.24349157733537521 0.21927710843373496 0.021439509954058193 0.04819277108433735
9 0.3070444104134763 0.21445783132530122 0.022970903522205207 0.04819277108433735
9 0.35987748851454826 0.21144578313253015 0.021439509954058193 0.04939759036144579
9 0.4287901990811639 0.2132530120481928 0.015313935681470138 0.050602409638554224
9 0.44793261868300155 0.20843373493975906 0.01990811638591118 0.05301204819277109
9 0.4862174578866769 0.2060240963855422 0.02909647779479326 0.050602409638554224
9 0.46937212863705974 0.21204819277108436 0.026033690658499236 0.050602409638554224
9 0.5076569678407351 0.2060240963855422 0.026033690658499236 0.050602409638554224
9 0.5306278713629403 0.2036144578313253 0.026033690658499236 0.050602409638554224
9 0.6179173047473201 0.20120481927710845 0.01990811638591118 0.04819277108433735
9 0.6385911179173047 0.1993975903614458 0.021439509954058193 0.051807228915662654
9 0.49310872894333846 0.5367469879518073 0.018376722817764167 0.03493975903614458
9 0.5398162327718223 0.5367469879518073 0.01990811638591118 0.03493975903614458
9 0.5758039816232772 0.4024096385542169 0.021439509954058193 0.04819277108433735
9 0.5612557427258805 0.5325301204819277 0.01990811638591118 0.04096385542168675
9 0.5497702909647779 0.20120481927710845 0.018376722817764167 0.05301204819277109
9 0.5696784073506892 0.19759036144578315 0.015313935681470138 0.050602409638554224
9 0.5895865237366004 0.20060240963855425 0.018376722817764167 0.051807228915662654
9 0.6761102603369066 0.20060240963855425 0.013782542113323125 0.042168674698795185
9 0.6937212863705973 0.19457831325301206 0.015313935681470138 0.051807228915662654
9 0.7174578866768759 0.20180722891566266 0.01990811638591118 0.042168674698795185
9 0.7450229709035222 0.1993975903614458 0.02909647779479326 0.042168674698795185
9 0.7649310872894334 0.19759036144578315 0.03828483920367535 0.05301204819277109
9 0.7924961715160797 0.23614457831325303 0.06891271056661562 0.014457831325301207
9 0.7932618683001532 0.263855421686747 0.07044410413476264 0.012048192771084338
9 0.7978560490045942 0.3240963855421687 0.07044410413476264 0.012048192771084338
9 0.7986217457886677 0.3409638554216868 0.06891271056661562 0.012048192771084338
9 0.47013782542113325 0.31506024096385543 0.018376722817764167 0.051807228915662654
9 0.552833078101072 0.3204819277108434 0.018376722817764167 0.04819277108433735
9 0.5918836140888208 0.3198795180722892 0.016845329249617153 0.051807228915662654
9 0.611791730474732 0.31807228915662655 0.016845329249617153 0.05301204819277109
9 0.6362940275650842 0.3198795180722892 0.016845329249617153 0.051807228915662654
9 0.663093415007657 0.3132530120481928 0.018376722817764167 0.05301204819277109
9 0.7947932618683002 0.37409638554216873 0.06738131699846861 0.01566265060240964
9 0.7970903522205207 0.391566265060241 0.06891271056661562 0.014457831325301207
9 0.6447166921898928 0.3987951807228916 0.015313935681470138 0.05301204819277109
9 0.6163859111791731 0.3975903614457832 0.016845329249617153 0.04819277108433735
9 0.5949464012251149 0.3987951807228916 0.016845329249617153 0.05301204819277109
9 0.6508422664624809 0.5337349397590362 0.015313935681470138 0.04337349397590362
9 0.607197549770291 0.5301204819277109 0.016845329249617153 0.04337349397590362
9 0.656967840735069 0.19819277108433736 0.021439509954058193 0.04939759036144579
9 0.5490045941807045 0.4024096385542169 0.022970903522205207 0.04819277108433735
9 0.33537519142419603 0.8542168674698796 0.021439509954058193 0.055421686746987955
9 0.8016845329249618 0.7102409638554218 0.06891271056661562 0.01566265060240964
9 0.8001531393568148 0.7439759036144579 0.06891271056661562 0.01807228915662651
9 0.8047473200612558 0.7632530120481928 0.06584992343032159 0.01566265060240964
9 0.8032159264931088 0.783132530120482 0.06584992343032159 0.014457831325301207
9 0.6202143950995406 0.7228915662650603 0.021439509954058193 0.05301204819277109
9 0.6408882082695253 0.7228915662650603 0.022970903522205207 0.05301204819277109
9 0.6883614088820827 0.7186746987951808 0.022970903522205207 0.051807228915662654
9 0.7534456355283308 0.8397590361445784 0.02450229709035222 0.055421686746987955
9 0.7327718223583461 0.8361445783132531 0.01990811638591118 0.055421686746987955
9 0.714395099540582 0.8421686746987953 0.01990811638591118 0.055421686746987955
9 0.6952526799387443 0.8337349397590362 0.02450229709035222 0.055421686746987955
9 0.6745788667687596 0.8391566265060242 0.01990811638591118 0.05662650602409639
9 0.656967840735069 0.8325301204819278 0.021439509954058193 0.05783132530120483
9 0.6324655436447167 0.8289156626506025 0.02450229709035222 0.055421686746987955
9 0.610260336906585 0.8301204819277109 0.026033690658499236 0.05301204819277109
9 0.5857580398162328 0.8373493975903615 0.02909647779479326 0.055421686746987955
9 0.5643185298621746 0.8445783132530121 0.026033690658499236 0.055421686746987955
9 0.5344563552833078 0.83855421686747 0.02450229709035222 0.055421686746987955
9 0.5130168453292496 0.833132530120482 0.021439509954058193 0.054216867469879526
9 0.4908116385911179 0.8349397590361447 0.01990811638591118 0.055421686746987955
9 0.47013782542113325 0.8343373493975904 0.018376722817764167 0.054216867469879526
9 0.4502297090352221 0.8355421686746989 0.018376722817764167 0.054216867469879526
9 0.4280245022970904 0.8355421686746989 0.026033690658499236 0.054216867469879526
9 0.4065849923430322 0.8379518072289157 0.022970903522205207 0.054216867469879526
9 0.3859111791730475 0.8397590361445784 0.02450229709035222 0.055421686746987955
9 0.35911179173047475 0.8475903614457833 0.022970903522205207 0.054216867469879526
9 0.8024502297090352 0.727710843373494 0.07044410413476264 0.014457831325301207
9 0.8024502297090352 0.6921686746987953 0.06738131699846861 0.013253012048192772
9 0.5267993874425727 0.4012048192771085 0.021439509954058193 0.04819277108433735
9 0.7963246554364471 0.6753012048192771 0.06738131699846861 0.01566265060240964
9 0.5038284839203676 0.40060240963855426 0.021439509954058193 0.04698795180722892
9 0.48238897396630936 0.4024096385542169 0.021439509954058193 0.04819277108433735
9 0.45941807044410415 0.40421686746987956 0.021439509954058193 0.04939759036144579
9 0.43721286370597245 0.40301204819277114 0.01990811638591118 0.04698795180722892
9 0.4127105666156202 0.40421686746987956 0.022970903522205207 0.04698795180722892
9 0.389739663093415 0.405421686746988 0.022970903522205207 0.04939759036144579
9 0.3667687595712098 0.4096385542168675 0.022970903522205207 0.04819277108433735
9 0.3430321592649311 0.4108433734939759 0.021439509954058193 0.04819277108433735
9 0.6294027565084227 0.5349397590361447 0.02450229709035222 0.050602409638554224
9 0.7978560490045942 0.42590361445783137 0.07044410413476264 0.01566265060240964
9 0.8009188361408882 0.4439759036144579 0.06738131699846861 0.01566265060240964
9 0.7924961715160797 0.8259036144578314 0.05972434915773354 0.04457831325301205
9 0.6822358346094947 0.6451807228915664 0.022970903522205207 0.04939759036144579
9 0.6577335375191424 0.6427710843373494 0.01990811638591118 0.04698795180722892
9 0.7947932618683002 0.4632530120481928 0.06738131699846861 0.01807228915662651
9 0.8009188361408882 0.47951807228915666 0.06738131699846861 0.014457831325301207
9 0.7970903522205207 0.4987951807228916 0.06891271056661562 0.01927710843373494
9 0.8001531393568148 0.5168674698795181 0.06891271056661562 0.016867469879518072
9 0.8009188361408882 0.5475903614457832 0.06431852986217458 0.01566265060240964
9 0.8016845329249618 0.5674698795180724 0.06278713629402757 0.014457831325301207
9 0.7993874425727412 0.5867469879518072 0.06738131699846861 0.014457831325301207
9 0.8039816232771823 0.6036144578313254 0.06738131699846861 0.014457831325301207
9 0.8039816232771823 0.6234939759036146 0.06738131699846861 0.01566265060240964
9 0.8078101071975498 0.6427710843373494 0.06891271056661562 0.013253012048192772
9 0.7970903522205207 0.6596385542168676 0.06891271056661562 0.01566265060240964
9 0.333843797856049 0.20542168674698796 0.018376722817764167 0.051807228915662654
