10 0.17432646592709986 0.7112018669778296 0.03803486529318542 0.029171528588098013
9 0.5039619651347068 0.3599766627771295 0.05071315372424723 0.03617269544924154
9 0.20285261489698891 0.37222870478413067 0.060221870047543584 0.04434072345390898
9 0.2076069730586371 0.4229871645274212 0.05388272583201268 0.04317386231038506
9 0.20285261489698891 0.3955659276546091 0.060221870047543584 0.04434072345390898
9 0.20364500792393028 0.4422403733955659 0.058637083993660855 0.04434072345390898
9 0.20126782884310618 0.4655775962660443 0.05705229793977813 0.04434072345390898
9 0.20047543581616484 0.48949824970828465 0.058637083993660855 0.04317386231038506
9 0.19809825673534073 0.5110851808634772 0.05705229793977813 0.04434072345390898
9 0.19730586370839936 0.5344224037339557 0.058637083993660855 0.04434072345390898
9 0.1949286846275753 0.5560093348891482 0.05705229793977813 0.04317386231038506
9 0.1901743264659271 0.5746791131855309 0.05705229793977813 0.0455075845974329
9 0.19334389857369255 0.6009334889148191 0.05705229793977813 0.04434072345390898
9 0.18700475435816166 0.6213535589264877 0.060221870047543584 0.04317386231038506
9 0.19255150554675118 0.6505250875145857 0.058637083993660855 0.04317386231038506
9 0.18700475435816166 0.6703617269544924 0.05705229793977813 0.04317386231038506
9 0.18779714738510303 0.6954492415402567 0.058637083993660855 0.04200700116686114
9 0.3898573692551506 0.3803967327887981 0.05071315372424723 0.03733955659276546
9 0.38827258320126784 0.40023337222870475 0.05071315372424723 0.03733955659276546
9 0.3866877971473851 0.4247374562427071 0.05705229793977813 0.04434072345390898
9 0.3874801901743265 0.4714119019836639 0.058637083993660855 0.04200700116686114
9 0.3827258320126783 0.4906651108518086 0.05229793977812995 0.03850641773628938
9 0.38589540412044376 0.5180863477246207 0.05229793977812995 0.0396732788798133
9 0.3827258320126783 0.5373395565927654 0.05546751188589541 0.04317386231038506
9 0.3803486529318542 0.5600933488914819 0.05705229793977813 0.04200700116686114
9 0.37559429477020606 0.5787631271878646 0.05705229793977813 0.04200700116686114
9 0.3835182250396197 0.6073512252042006 0.05705229793977813 0.04317386231038506
9 0.3740095087163233 0.6260210035005834 0.05071315372424723 0.03850641773628938
9 0.37717908082408874 0.6546091015169194 0.05071315372424723 0.03733955659276546
9 0.10301109350237718 0.7246207701283547 0.060221870047543584 0.04200700116686114
9 0.11093502377179082 0.7071178529754959 0.05705229793977813 0.04200700116686114
9 0.11410459587955626 0.6831971995332555 0.05705229793977813 0.04317386231038506
9 0.2995245641838352 0.6534422403733955 0.05705229793977813 0.04200700116686114
9 0.31695721077654515 0.3745624270711785 0.05071315372424723 0.03500583430571762
9 0.3145800316957211 0.3990665110851808 0.058637083993660855 0.0396732788798133
9 0.30744849445324884 0.4270711785297549 0.060221870047543584 0.04200700116686114
9 0.312202852614897 0.4457409568261376 0.060221870047543584 0.04200700116686114
9 0.3098256735340729 0.4708284714119019 0.058637083993660855 0.04084014002333722
9 0.31299524564183834 0.48949824970828465 0.05229793977812995 0.03617269544924154
9 0.3082408874801902 0.5122520420070011 0.049128367670364506 0.03733955659276546
9 0.31378763866877973 0.529171528588098 0.05071315372424723 0.03617269544924154
9 0.30348652931854203 0.5612602100350058 0.05546751188589541 0.04200700116686114
9 0.2995245641838352 0.5845974329054842 0.060221870047543584 0.0396732788798133
9 0.2987321711568938 0.6091015169194866 0.058637083993660855 0.04200700116686114
9 0.2987321711568938 0.6301050175029171 0.058637083993660855 0.04200700116686114
9 0.13629160063391443 0.36639439906651106 0.05705229793977813 0.04434072345390898
9 0.11885895404120445 0.6621936989498249 0.05705229793977813 0.04317386231038506
9 0.13153724247226625 0.3862310385064177 0.05705229793977813 0.04200700116686114
9 0.13232963549920762 0.41073512252042005 0.05546751188589541 0.04434072345390898
9 0.12916006339144215 0.4317386231038506 0.058637083993660855 0.04434072345390898
9 0.1259904912836767 0.4539089848308051 0.058637083993660855 0.04200700116686114
9 0.12678288431061807 0.4778296382730455 0.05705229793977813 0.04317386231038506
9 0.12678288431061807 0.5011668611435238 0.05705229793977813 0.04317386231038506
9 0.12519809825673534 0.5227537922987164 0.05705229793977813 0.04434072345390898
9 0.12202852614896989 0.5472578763127187 0.05705229793977813 0.04200700116686114
9 0.11727416798732171 0.5688448074679112 0.05705229793977813 0.04317386231038506
9 0.1196513470681458 0.5933488914819136 0.058637083993660855 0.04317386231038506
9 0.12044374009508717 0.61610268378063 0.05705229793977813 0.04434072345390898
9 0.12044374009508717 0.6411901983663943 0.05705229793977813 0.04317386231038506
9 0.3700475435816165 0.676779463243874 0.05546751188589541 0.04200700116686114
9 0.5047543581616482 0.38098016336056006 0.05229793977812995 0.03617269544924154
10 0.30269413629160064 0.67561260210035 0.05388272583201268 0.0396732788798133
9 0.5055467511885896 0.4014002333722287 0.05388272583201268 0.03500583430571762
9 0.6727416798732171 0.4200700116686114 0.058637083993660855 0.0396732788798133
9 0.6735340729001585 0.4416569428238039 0.05071315372424723 0.03617269544924154
9 0.6735340729001585 0.4626604434072345 0.05071315372424723 0.03617269544924154
9 0.6751188589540412 0.4836639439906651 0.05071315372424723 0.03617269544924154
9 0.6830427892234548 0.5005834305717619 0.05071315372424723 0.03500583430571762
9 0.6735340729001585 0.5303383897316218 0.05071315372424723 0.03617269544924154
9 0.6695721077654517 0.5530921820303384 0.049128367670364506 0.03500583430571762
9 0.6656101426307449 0.5793465577596265 0.05071315372424723 0.0338389731621937
9 0.6711568938193344 0.5980163360560092 0.05229793977812995 0.0338389731621937
9 0.6664025356576863 0.6225204200700116 0.05229793977812995 0.03617269544924154
9 0.6695721077654517 0.6417736289381563 0.05229793977812995 0.03733955659276546
9 0.6656101426307449 0.6674445740956826 0.05388272583201268 0.03733955659276546
9 0.6640253565768621 0.689614935822637 0.05071315372424723 0.03500583430571762
9 0.6656101426307449 0.7117852975495915 0.044374009508716325 0.030338389731621934
9 0.6545166402535658 0.7409568261376895 0.05071315372424723 0.03733955659276546
10 0.008716323296354992 0.8249708284714118 0.017432646592709985 0.028004667444574093
10 0.02377179080824089 0.8249708284714118 0.01584786053882726 0.025670945157526253
10 0.04041204437400951 0.823803967327888 0.017432646592709985 0.025670945157526253
10 0.05784469096671949 0.8249708284714118 0.017432646592709985 0.025670945157526253
10 0.07369255150554675 0.8273045507584597 0.017432646592709985 0.02333722287047841
10 0.09033280507131537 0.8278879813302217 0.01901743264659271 0.024504084014002333
10 0.11172741679873217 0.8267211201866977 0.020602218700475437 0.026837806301050173
10 0.1561014263074485 0.8273045507584597 0.017432646592709985 0.028004667444574093
10 0.6561014263074485 0.7887981330221703 0.03486529318541997 0.011668611435239205
10 0.6679873217115689 0.7747957992998833 0.0427892234548336 0.011668611435239205
10 0.6695721077654517 0.7596266044340723 0.039619651347068144 0.01866977829638273
10 0.5103011093502378 0.747957992998833 0.03803486529318542 0.01633605600933489
9 0.6719492868462758 0.39848308051341885 0.05705229793977813 0.04084014002333722
9 0.6767036450079239 0.37339556592765455 0.060221870047543584 0.04200700116686114
9 0.5475435816164818 0.720536756126021 0.049128367670364506 0.03617269544924154
9 0.48098256735340733 0.7269544924154026 0.06180665610142631 0.04200700116686114
9 0.5015847860538828 0.4270711785297549 0.05229793977812995 0.03733955659276546
9 0.4976228209191759 0.45040840140023336 0.05705229793977813 0.04200700116686114
9 0.4960380348652932 0.47374562427071176 0.05705229793977813 0.04200700116686114
9 0.5007923930269413 0.49299883313885645 0.05071315372424723 0.03617269544924154
9 0.4976228209191759 0.5169194865810968 0.05071315372424723 0.03500583430571762
9 0.49128367670364503 0.5425904317386231 0.060221870047543584 0.04200700116686114
9 0.49049128367670364 0.5670945157526254 0.058637083993660855 0.0396732788798133
9 0.49049128367670364 0.5886814469078179 0.058637083993660855 0.04084014002333722
9 0.4865293185419968 0.6114352392065344 0.060221870047543584 0.0396732788798133
9 0.4865293185419968 0.6330221703617269 0.060221870047543584 0.04084014002333722
9 0.4896988906497623 0.6534422403733955 0.05071315372424723 0.03500583430571762
9 0.48811410459587956 0.6791131855309218 0.060221870047543584 0.0396732788798133
9 0.5998415213946118 0.38156359393232203 0.049128367670364506 0.04667444574095682
9 0.55229793977813 0.676779463243874 0.049128367670364506 0.03733955659276546
9 0.5721077654516641 0.40898483080513415 0.05705229793977813 0.04317386231038506
9 0.5689381933438986 0.42823803967327884 0.05705229793977813 0.04200700116686114
9 0.5649762282091918 0.45040840140023336 0.05546751188589541 0.04200700116686114
9 0.5705229793977813 0.4772462077012835 0.05705229793977813 0.04434072345390898
9 0.5665610142630745 0.4982497082847141 0.05546751188589541 0.04200700116686114
9 0.5641838351822505 0.5210035005834305 0.05388272583201268 0.04317386231038506
9 0.5618066561014263 0.5425904317386231 0.05546751188589541 0.04200700116686114
9 0.5625990491283677 0.5665110851808635 0.05388272583201268 0.04084014002333722
9 0.5594294770206022 0.5898483080513418 0.05705229793977813 0.04317386231038506
9 0.5602218700475436 0.6137689614935822 0.05546751188589541 0.04200700116686114
9 0.5578446909667195 0.6336056009334888 0.05705229793977813 0.04200700116686114
9 0.5554675118858954 0.6575262543757292 0.05546751188589541 0.04317386231038506
9 0.3185419968304279 0.35005834305717615 0.060221870047543584 0.03733955659276546
