8 0.560375 0.07137500000000001 0.03475 0.017750000000000002
8 0.685875 0.45425 0.00475 0.0045000000000000005
2 0.65475 0.247625 0.005 0.00625
2 0.64775 0.247125 0.0055 0.00625
2 0.641875 0.24575 0.00525 0.006
2 0.636125 0.24525 0.00475 0.0055
2 0.630125 0.243875 0.00525 0.00575
2 0.6235 0.243 0.0055 0.006
8 0.45775 0.833875 0.005 0.00475
2 0.69425 0.239375 0.006 0.00675
8 0.45387500000000003 0.8326250000000001 0.00525 0.00525
1 0.559625 0.18575 0.01625 0.009000000000000001
1 0.52025 0.17175 0.017 0.008
1 0.625125 0.0285 0.00475 0.002
1 0.6245 0.026875 0.0055 0.0022500000000000003
1 0.6228750000000001 0.022375 0.00675 0.00275
2 0.6607500000000001 0.248875 0.005 0.00675
2 0.7005 0.240125 0.0055 0.00725
8 0.8815000000000001 0.82275 0.005 0.005
8 0.25975 0.8396250000000001 0.0035 0.00375
8 0.672125 0.259875 0.00575 0.00425
8 0.67425 0.2475 0.006500000000000001 0.0025
8 0.669 0.36425 0.0045000000000000005 0.004
8 0.47675 0.531625 0.004 0.00375
8 0.659125 0.798 0.00625 0.002
8 0.661125 0.754875 0.00425 0.00275
8 0.355625 0.412375 0.00825 0.00375
8 0.847125 0.947375 0.00875 0.00925
8 0.357125 0.262375 0.00575 0.00275
6 0.22012500000000002 0.85975 0.01825 0.027
1 0.142375 0.24925 0.02425 0.005
1 0.36225 0.19112500000000002 0.019 0.00575
1 0.227625 0.20225 0.017750000000000002 0.006500000000000001
8 0.84475 0.9546250000000001 0.008 0.00825
1 0.236875 0.030125 0.00875 0.00525
