8 0.608 0.0645 0.007 0.0115
8 0.60375 0.036625 0.006 0.010750000000000001
2 0.095375 0.169375 0.00275 0.00275
2 0.097375 0.16675 0.0032500000000000003 0.003
2 0.450375 0.11 0.00675 0.006500000000000001
2 0.486 0.124 0.008 0.008
2 0.483625 0.137125 0.00775 0.00775
2 0.48125 0.15025 0.008 0.008
2 0.481125 0.098 0.00275 0.003
2 0.468 0.124875 0.0035 0.00375
2 0.47200000000000003 0.12512500000000001 0.0025 0.00275
2 0.802 0.019375 0.01 0.00975
2 0.805125 0.007625 0.00975 0.00975
2 0.816375 0.01 0.01025 0.01
2 0.8140000000000001 0.021750000000000002 0.01 0.01
2 0.828125 0.012375 0.00975 0.01025
2 0.8255 0.02425 0.01 0.01
2 0.8395 0.014750000000000001 0.0095 0.01
2 0.837 0.026375 0.01 0.01025
2 0.851125 0.01725 0.00975 0.01
2 0.848875 0.028875 0.00975 0.00975
2 0.862625 0.01975 0.00975 0.0095
2 0.860125 0.031375 0.00975 0.00975
2 0.961125 0.008875000000000001 0.01625 0.01525
2 0.92825 0.035 0.0075 0.0075
2 0.938625 0.0375 0.01025 0.01
2 0.950375 0.039625 0.01025 0.010750000000000001
2 0.925625 0.046625 0.00775 0.00825
2 0.93625 0.049 0.01 0.01
2 0.9480000000000001 0.051500000000000004 0.01 0.01
2 0.88625 0.028125 0.0165 0.01675
2 0.09375 0.171875 0.003 0.00275
2 0.095125 0.193125 0.00375 0.00375
2 0.098625 0.19525 0.00375 0.004
2 0.242625 0.015625 0.0022500000000000003 0.0022500000000000003
2 0.180375 0.059000000000000004 0.00825 0.0085
2 0.169875 0.052875 0.00575 0.00575
2 0.164125 0.048875 0.00575 0.00575
2 0.15962500000000002 0.0455 0.00425 0.0045000000000000005
2 0.1555 0.042625 0.0045000000000000005 0.00475
2 0.152375 0.047125 0.00475 0.00475
2 0.1565 0.050375 0.0055 0.00575
2 0.16125 0.05425 0.0045000000000000005 0.0045000000000000005
2 0.1655 0.057375 0.0045000000000000005 0.00475
2 0.226375 0.04125 0.00275 0.003
2 0.233625 0.032375 0.0022500000000000003 0.0022500000000000003
2 0.234875 0.030625 0.0022500000000000003 0.0022500000000000003
2 0.236375 0.028875 0.0022500000000000003 0.0022500000000000003
2 0.244 0.01375 0.002 0.002
2 0.08700000000000001 0.192125 0.0035 0.0032500000000000003
2 0.242125 0.0125 0.0022500000000000003 0.0025
2 0.240875 0.01425 0.0022500000000000003 0.0025
2 0.285375 0.01975 0.0022500000000000003 0.0025
2 0.28650000000000003 0.017625000000000002 0.002 0.0022500000000000003
2 0.280875 0.017625000000000002 0.0022500000000000003 0.0022500000000000003
2 0.284375 0.01675 0.0022500000000000003 0.0025
2 0.279875 0.014375 0.00275 0.00275
2 0.090875 0.19675 0.00425 0.0045000000000000005
2 0.095375 0.1995 0.00425 0.0045000000000000005
2 0.099125 0.204375 0.00275 0.00275
2 0.100625 0.201875 0.00275 0.00275
2 0.10212500000000001 0.199125 0.00275 0.00275
2 0.085125 0.195375 0.0032500000000000003 0.0032500000000000003
2 0.904875 0.03175 0.01625 0.017
2 0.8825000000000001 0.045125 0.017 0.01625
2 0.90125 0.04875 0.0165 0.0165
2 0.6405 0.13175 0.003 0.0035
8 0.4185 0.860625 0.0125 0.00675
8 0.41775 0.86675 0.0125 0.006500000000000001
8 0.56325 0.876 0.0195 0.0075
8 0.562125 0.882 0.01725 0.007
8 0.614375 0.756875 0.00725 0.017750000000000002
8 0.62175 0.755875 0.0055 0.01575
8 0.5896250000000001 0.48462500000000003 0.05825 0.01525
8 0.58425 0.488875 0.048 0.012750000000000001
8 0.11025 0.07625 0.053 0.066
8 0.57825 0.378 0.0245 0.0135
8 0.58075 0.37175 0.023 0.013000000000000001
2 0.092 0.19137500000000002 0.004 0.00375
2 0.6365000000000001 0.131375 0.003 0.0032500000000000003
2 0.635875 0.13525 0.00275 0.004
2 0.95425 0.339625 0.0145 0.01425
2 0.63975 0.13575 0.0035 0.0035
2 0.64375 0.13575 0.0025 0.0035
2 0.647875 0.132375 0.0032500000000000003 0.0032500000000000003
5 0.446 0.305375 0.0105 0.00925
5 0.45437500000000003 0.3105 0.010750000000000001 0.01
8 0.725625 0.582125 0.00825 0.00825
8 0.733625 0.5795 0.00775 0.0085
8 0.459125 0.46775 0.06625 0.016
8 0.4805 0.464125 0.0615 0.010750000000000001
8 0.607625 0.90275 0.01675 0.0075
8 0.67425 0.9147500000000001 0.025 0.0135
8 0.700875 0.754375 0.02425 0.00725
7 0.689125 0.27175 0.01425 0.0045000000000000005
2 0.97 0.34025 0.0145 0.0145
2 0.971 0.32475 0.015 0.015
2 0.878625 0.062 0.01725 0.0165
2 0.63325 0.01675 0.0055 0.005
2 0.89725 0.065625 0.0165 0.01675
2 0.921875 0.067125 0.00775 0.00775
2 0.9305 0.068875 0.0075 0.00775
2 0.939125 0.07075000000000001 0.00775 0.008
2 0.947625 0.072875 0.00775 0.00775
2 0.919625 0.07775 0.00775 0.0075
2 0.92825 0.079375 0.0075 0.00775
2 0.936875 0.081 0.00775 0.008
2 0.945375 0.083 0.00775 0.0075
2 0.632125 0.02275 0.00525 0.005
2 0.638 0.02375 0.005 0.005
2 0.6441250000000001 0.025 0.00525 0.005
2 0.6501250000000001 0.026125 0.00525 0.00525
2 0.63925 0.017750000000000002 0.005 0.0055
2 0.9550000000000001 0.32425 0.0145 0.0145
2 0.64525 0.018875 0.0055 0.00525
2 0.651375 0.02 0.00525 0.005
2 0.635 0.004125 0.004 0.00375
2 0.639875 0.00475 0.00375 0.004
2 0.64475 0.00575 0.004 0.004
2 0.649875 0.00675 0.00425 0.004
2 0.654625 0.00775 0.00425 0.0045000000000000005
2 0.6555 0.002625 0.004 0.00375
2 0.65075 0.001875 0.0045000000000000005 0.00375
2 0.9835 0.08637500000000001 0.0125 0.012750000000000001
2 0.987 0.07087500000000001 0.0125 0.01225
2 0.990125 0.055125 0.012750000000000001 0.012750000000000001
2 0.99575 0.03825 0.0075 0.0075
2 0.18912500000000002 0.06425 0.00825 0.008
