8 0.915 0.062875 0.008461538461538461 0.0032500000000000003
8 0.7499038461538462 0.52525 0.010576923076923078 0.02
8 0.8840384615384616 0.2745 0.008846153846153846 0.018000000000000002
8 0.8345192307692307 0.2555 0.008653846153846154 0.0055
8 0.9170192307692308 0.8296250000000001 0.014038461538461538 0.01425
2 0.8901923076923077 0.750125 0.0015384615384615385 0.0022500000000000003
2 0.8916346153846154 0.7498750000000001 0.001346153846153846 0.00175
2 0.8928846153846154 0.74925 0.0011538461538461537 0.002
2 0.8941346153846154 0.748625 0.001346153846153846 0.00175
2 0.895576923076923 0.747625 0.0011538461538461537 0.0022500000000000003
2 0.8970192307692307 0.747375 0.001346153846153846 0.00175
2 0.9002884615384615 0.7455 0.001346153846153846 0.002
2 0.9017307692307692 0.74525 0.0011538461538461537 0.002
2 0.9031730769230769 0.744125 0.001346153846153846 0.00175
2 0.9045192307692308 0.743375 0.001346153846153846 0.00175
2 0.9059615384615385 0.74325 0.0011538461538461537 0.002
2 0.8907692307692308 0.75225 0.0015384615384615385 0.002
2 0.8923076923076924 0.752 0.0015384615384615385 0.002
2 0.8935576923076923 0.751 0.001346153846153846 0.002
8 0.7854807692307693 0.12525 0.009807692307692307 0.008
8 0.7381730769230769 0.631 0.017115384615384616 0.012
8 0.9425 0.442875 0.006923076923076923 0.00925
8 0.6008653846153846 0.802125 0.005961538461538462 0.01025
8 0.03923076923076923 0.18025 0.002692307692307692 0.0055
8 0.11269230769230769 0.23225 0.006153846153846154 0.007
8 0.30653846153846154 0.38125000000000003 0.008076923076923077 0.0195
8 0.25096153846153846 0.209375 0.006153846153846154 0.01025
8 0.20711538461538462 0.104625 0.0034615384615384616 0.00675
8 0.3114423076923077 0.242875 0.01173076923076923 0.010750000000000001
8 0.3503846153846154 0.753375 0.014615384615384615 0.00775
8 0.3393269230769231 0.8225 0.010192307692307691 0.009000000000000001
8 0.35086538461538463 0.890625 0.009423076923076923 0.00875
8 0.3618269230769231 0.950625 0.009807692307692307 0.00875
8 0.4385576923076923 0.9536250000000001 0.01326923076923077 0.01025
8 0.4785576923076923 0.626625 0.007115384615384615 0.01625
8 0.45365384615384613 0.04725 0.007307692307692308 0.0165
8 0.5075961538461539 0.040375 0.007115384615384615 0.02725
8 0.5618269230769231 0.072875 0.011346153846153846 0.00725
8 0.6053846153846154 0.080375 0.004230769230769231 0.00775
8 0.5870192307692308 0.216625 0.005192307692307692 0.00975
2 0.8948076923076923 0.750375 0.0015384615384615385 0.00175
2 0.8963461538461538 0.74975 0.0011538461538461537 0.002
2 0.8975961538461539 0.7495 0.001346153846153846 0.002
2 0.89125 0.754625 0.001346153846153846 0.00175
2 0.8479807692307693 0.731875 0.0009615384615384616 0.00075
2 0.8488461538461538 0.731625 0.0011538461538461537 0.00125
2 0.8499038461538462 0.730875 0.0009615384615384616 0.00125
2 0.8507692307692307 0.730125 0.0007692307692307692 0.00125
2 0.8517307692307692 0.729875 0.0007692307692307692 0.00125
2 0.8484615384615385 0.7332500000000001 0.0011538461538461537 0.001
2 0.849326923076923 0.733 0.0009615384615384616 0.001
2 0.8501923076923077 0.732125 0.0011538461538461537 0.00125
2 0.8511538461538461 0.73175 0.0011538461538461537 0.001
2 0.8522115384615384 0.7312500000000001 0.0009615384615384616 0.001
2 0.8489423076923077 0.734625 0.0009615384615384616 0.00125
2 0.85 0.734 0.0007692307692307692 0.0015
2 0.8508653846153846 0.733625 0.0009615384615384616 0.00125
2 0.8517307692307692 0.7332500000000001 0.0011538461538461537 0.0015
2 0.8527884615384616 0.7325 0.001346153846153846 0.0015
8 0.9195192307692308 0.6285000000000001 0.003269230769230769 0.008
8 0.9828846153846154 0.52875 0.02346153846153846 0.0145
2 0.8511538461538461 0.7285 0.0011538461538461537 0.0015
2 0.8502884615384615 0.7292500000000001 0.0009615384615384616 0.001
2 0.849423076923077 0.729625 0.0011538461538461537 0.00125
2 0.9034615384615384 0.74625 0.0015384615384615385 0.002
2 0.8925961538461539 0.753875 0.001346153846153846 0.00175
2 0.8940384615384616 0.75325 0.0011538461538461537 0.002
2 0.8953846153846153 0.752375 0.0011538461538461537 0.00175
2 0.896826923076923 0.7518750000000001 0.001346153846153846 0.0022500000000000003
2 0.8980769230769231 0.7515000000000001 0.0011538461538461537 0.002
2 0.9007692307692308 0.7478750000000001 0.0011538461538461537 0.00275
2 0.9024038461538462 0.747125 0.001346153846153846 0.00175
2 0.905 0.7458750000000001 0.0015384615384615385 0.00175
2 0.8485576923076923 0.730375 0.0009615384615384616 0.00125
2 0.9065384615384615 0.745375 0.0011538461538461537 0.00175
2 0.9015384615384615 0.74975 0.0015384615384615385 0.0015
2 0.9029807692307692 0.7488750000000001 0.001346153846153846 0.00175
2 0.9043269230769231 0.7485 0.001346153846153846 0.0015
2 0.9055769230769231 0.748125 0.0011538461538461537 0.00175
2 0.9070192307692307 0.747625 0.0009615384615384616 0.00175
2 0.8475961538461538 0.730625 0.0009615384615384616 0.00175
8 0.005384615384615384 0.05575 0.01 0.0075
