8 0.962375 0.577875 0.01425 0.01875
8 0.935 0.694125 0.021 0.01375
8 0.149375 0.239375 0.021750000000000002 0.00775
8 0.19975 0.810875 0.0115 0.01675
8 0.23 0.79025 0.017 0.026000000000000002
8 0.137875 0.95525 0.02325 0.016
8 0.34850000000000003 0.960375 0.006 0.00625
8 0.424375 0.475625 0.02325 0.01525
8 0.3785 0.077375 0.007 0.00525
8 0.5710000000000001 0.235125 0.021500000000000002 0.01225
8 0.56925 0.584 0.017 0.0075
6 0.46725 0.6158750000000001 0.0455 0.04275
13 0.466625 0.614625 0.02825 0.025750000000000002
5 0.434625 0.599125 0.00725 0.01125
5 0.44075000000000003 0.599375 0.0075 0.010750000000000001
5 0.44675000000000004 0.598 0.008 0.011
8 0.430875 0.84325 0.01875 0.012
8 0.40700000000000003 0.8210000000000001 0.008 0.008
8 0.72875 0.9635 0.009000000000000001 0.0095
8 0.6178750000000001 0.784125 0.01675 0.01325
1 0.610625 0.743625 0.00275 0.01025
1 0.6085 0.7312500000000001 0.006500000000000001 0.01
1 0.606875 0.732875 0.00425 0.00625
8 0.695875 0.6627500000000001 0.00875 0.0115
8 0.742125 0.398625 0.00525 0.00775
8 0.65025 0.369125 0.008 0.00875
8 0.6005 0.36762500000000004 0.0035 0.00425
8 0.738125 0.17725 0.01225 0.0175
8 0.598 0.120875 0.0085 0.01575
8 0.87625 0.215375 0.012 0.01825
8 0.87275 0.82625 0.0075 0.0085
8 0.07062500000000001 0.05 0.01125 0.0165
