8 0.8631730769230769 0.854625 0.017884615384615384 0.01725
8 0.9502884615384616 0.234375 0.006346153846153846 0.00775
8 0.16028846153846155 0.42575 0.014423076923076924 0.0175
8 0.07932692307692307 0.7385 0.0055769230769230765 0.007
8 0.08605769230769231 0.7075 0.00826923076923077 0.035
8 0.06807692307692308 0.8235 0.006153846153846154 0.005
8 0.14596153846153845 0.973375 0.011153846153846153 0.00725
8 0.16576923076923078 0.407125 0.005 0.00575
8 0.1810576923076923 0.068375 0.003653846153846154 0.00925
8 0.2644230769230769 0.037 0.005384615384615384 0.0105
8 0.24807692307692308 0.558 0.005384615384615384 0.0075
8 0.25076923076923074 0.61 0.006153846153846154 0.006
8 0.26125 0.67375 0.006730769230769231 0.0055
8 0.2746153846153846 0.755 0.007692307692307693 0.014
8 0.29788461538461536 0.860625 0.005 0.00675
8 0.3227884615384615 0.98475 0.0075 0.015
8 0.39605769230769233 0.509875 0.009038461538461539 0.01025
8 0.5875 0.40800000000000003 0.006538461538461538 0.01
8 0.66 0.407625 0.006153846153846154 0.01025
8 0.7631730769230769 0.9285 0.017884615384615384 0.021
8 0.7546153846153846 0.844125 0.01846153846153846 0.03375
8 0.7460576923076923 0.439625 0.015192307692307692 0.04075
8 0.76125 0.26275 0.018653846153846153 0.0185
8 0.8926923076923077 0.510875 0.012307692307692308 0.01225
8 0.9783653846153846 0.3145 0.00826923076923077 0.0135
8 0.18884615384615386 0.209875 0.006923076923076923 0.00625
