8 0.948375 0.18275 0.00625 0.012
8 0.5595 0.6052500000000001 0.0195 0.0055
8 0.843125 0.682625 0.00275 0.00425
8 0.9115 0.950625 0.005 0.00275
8 0.90325 0.9 0.0055 0.0025
8 0.567375 0.9908750000000001 0.01175 0.01825
1 0.277 0.433875 0.0145 0.01025
1 0.6178750000000001 0.4445 0.01375 0.005
8 0.4655 0.41375 0.0585 0.0535
8 0.5735 0.432 0.021 0.044
1 0.7202500000000001 0.450375 0.0155 0.00375
8 0.664375 0.447875 0.02025 0.03875
8 0.320875 0.535625 0.00725 0.00775
1 0.07525 0.5415 0.014 0.0115
8 0.069375 0.456625 0.00425 0.00475
8 0.214375 0.7265 0.00625 0.0035
8 0.1955 0.680875 0.0055 0.00425
8 0.233125 0.640125 0.00275 0.00475
8 0.174625 0.631625 0.00525 0.00375
8 0.099875 0.462 0.00825 0.006500000000000001
8 0.149875 0.358 0.0032500000000000003 0.0035
8 0.162875 0.212625 0.00275 0.00525
8 0.0695 0.338375 0.01 0.00475
8 0.234875 0.20025 0.00275 0.0045000000000000005
8 0.237625 0.19675 0.00525 0.003
8 0.75675 0.60375 0.005 0.0035
8 0.776 0.67675 0.005 0.0025
8 0.779375 0.6855 0.00425 0.002
8 0.7126250000000001 0.41675 0.00525 0.0035
8 0.621 0.30112500000000003 0.004 0.01325
8 0.590375 0.104125 0.00575 0.01175
8 0.32975 0.556625 0.0095 0.01675
8 0.20175 0.6980000000000001 0.007 0.0145
8 0.3435 0.1815 0.0025 0.004
8 0.793125 0.735375 0.00425 0.00275
8 0.9755 0.30925 0.0045000000000000005 0.0025
8 0.969375 0.655625 0.00525 0.0032500000000000003
8 0.35075 0.5992500000000001 0.0025 0.0045000000000000005
8 0.7368750000000001 0.347625 0.00425 0.00275
8 0.472625 0.382875 0.00825 0.0032500000000000003
8 0.6815 0.961125 0.0045000000000000005 0.00275
8 0.52925 0.52425 0.0025 0.0035
8 0.49 0.916 0.0055 0.004
8 0.284375 0.890875 0.00575 0.00575
8 0.723125 0.48725 0.00525 0.0035
8 0.686125 0.67975 0.00275 0.0035
8 0.57975 0.5806250000000001 0.0045000000000000005 0.00275
8 0.6125 0.401625 0.0125 0.00775
8 0.588375 0.122625 0.00275 0.00375
8 0.58425 0.06775 0.0055 0.004
8 0.7085 0.104375 0.003 0.00425
8 0.2285 0.148125 0.0055 0.0032500000000000003
