8 0.450375 0.576875 0.010750000000000001 0.01125
8 0.336625 0.9938750000000001 0.00875 0.00725
8 0.446875 0.756875 0.00675 0.010750000000000001
8 0.46087500000000003 0.751375 0.01175 0.01025
8 0.47200000000000003 0.747375 0.0055 0.00725
8 0.480625 0.7445 0.00875 0.0085
8 0.39575 0.773375 0.0105 0.00625
8 0.39587500000000003 0.7741250000000001 0.00625 0.01125
8 0.2575 0.9762500000000001 0.005 0.0025
8 0.5221250000000001 0.523375 0.00575 0.00675
8 0.5015000000000001 0.849 0.0045000000000000005 0.008
8 0.559125 0.853625 0.00575 0.00475
8 0.533875 0.885375 0.00425 0.00525
8 0.51225 0.90375 0.0045000000000000005 0.0045000000000000005
8 0.582 0.709 0.0055 0.007
8 0.57225 0.48925 0.006 0.007
8 0.43325 0.5875 0.007 0.0075
8 0.3735 0.618125 0.0045000000000000005 0.00525
8 0.264625 0.310375 0.00525 0.00625
8 0.258875 0.25725 0.00525 0.006500000000000001
8 0.19925 0.984375 0.004 0.0022500000000000003
8 0.28350000000000003 0.813125 0.004 0.00675
8 0.276625 0.814875 0.00875 0.00775
8 0.2315 0.83075 0.003 0.007
8 0.219 0.926125 0.005 0.00375
8 0.194875 0.93275 0.00475 0.004
8 0.107375 0.872625 0.00825 0.00825
8 0.172875 0.6325000000000001 0.00425 0.007
8 0.06025 0.622125 0.0085 0.00775
8 0.094625 0.631 0.00825 0.0035
8 0.08475 0.37025 0.003 0.006
8 0.130375 0.36975 0.0032500000000000003 0.004
8 0.161625 0.27375 0.0032500000000000003 0.006
8 0.58125 0.49062500000000003 0.0095 0.00725
8 0.483 0.554 0.0035 0.004
8 0.48075 0.15962500000000002 0.0115 0.00625
8 0.932125 0.24925 0.00625 0.005
8 0.9745 0.8436250000000001 0.004 0.00525
8 0.902375 0.5215 0.010750000000000001 0.015
8 0.956375 0.47000000000000003 0.00425 0.007
8 0.903 0.374625 0.0055 0.00575
8 0.869125 0.39887500000000004 0.00625 0.00425
8 0.971125 0.367 0.00825 0.006
8 0.845 0.16725 0.0045000000000000005 0.006500000000000001
8 0.554 0.95125 0.005 0.0055
8 0.7398750000000001 0.209375 0.00575 0.00625
8 0.446875 0.1635 0.00525 0.005
8 0.449625 0.307625 0.00475 0.00375
8 0.365375 0.18937500000000002 0.00675 0.00925
8 0.32475 0.266125 0.006500000000000001 0.00725
8 0.141625 0.32275 0.00725 0.006500000000000001
8 0.622 0.465875 0.006 0.00775
8 0.64575 0.475625 0.005 0.00725
8 0.675625 0.573375 0.01125 0.01575
8 0.6795 0.654875 0.0055 0.00625
8 0.7235 0.623625 0.003 0.00825
8 0.783 0.758375 0.005 0.00375
8 0.833125 0.690125 0.00775 0.00625
8 0.8605 0.6597500000000001 0.007 0.007
8 0.796875 0.640875 0.00775 0.00725
8 0.8230000000000001 0.9905 0.006500000000000001 0.004
8 0.802625 0.89225 0.00625 0.005
8 0.71575 0.8335 0.004 0.004
8 0.69825 0.845125 0.0035 0.00525
8 0.661625 0.899625 0.00525 0.00525
8 0.619 0.923625 0.0045000000000000005 0.00525
8 0.590875 0.93775 0.00475 0.006
8 0.531 0.961875 0.0035 0.00425
8 0.18912500000000002 0.182875 0.00575 0.00575
