10 0.5716403162055336 0.9036697247706421 0.006587615283267458 0.002752293577981651
0 0.3616600790513834 0.32866972477064216 0.016139657444005272 0.02125382262996942
11 0.4394762845849803 0.4938837920489296 0.004776021080368907 0.012232415902140671
11 0.43568840579710144 0.49418960244648313 0.003787878787878788 0.011620795107033639
11 0.4230895915678525 0.4932721712538226 0.004940711462450593 0.011620795107033639
11 0.44861660079051385 0.4626911314984709 0.004281949934123847 0.012232415902140671
0 0.22397891963109356 0.3227064220183486 0.016139657444005272 0.0209480122324159
0 0.244235836627141 0.32339449541284404 0.015480895915678526 0.020489296636085626
0 0.2829380764163373 0.32522935779816514 0.017457180500658764 0.021406727828746176
0 0.30270092226613965 0.32584097859327216 0.016469038208168644 0.021100917431192658
0 0.3419795783926219 0.32737003058103975 0.01795125164690382 0.021712538226299694
0 0.38101119894598157 0.3293577981651376 0.016963109354413704 0.021406727828746176
0 0.391304347826087 0.282262996941896 0.016469038208168644 0.021406727828746176
0 0.40019762845849804 0.3297400611620795 0.015810276679841896 0.02033639143730887
0 0.42037220026350464 0.33065749235474007 0.015316205533596838 0.020642201834862383
0 0.44005270092226617 0.3315749235474006 0.01844532279314888 0.02217125382262997
0 0.4587450592885376 0.3318807339449541 0.017292490118577076 0.021559633027522934
0 0.49851778656126483 0.33348623853211007 0.015810276679841896 0.020795107033639144
0 0.4993412384716733 0.28103975535168196 0.015810276679841896 0.021100917431192658
0 0.4692852437417655 0.2848623853211009 0.015974967061923584 0.020183486238532108
0 0.46039196310935443 0.279434250764526 0.012351778656126482 0.0209480122324159
0 0.4408761528326746 0.2785168195718654 0.015810276679841896 0.02125382262996942
11 0.44326416337285907 0.4947247706422018 0.004446640316205534 0.012079510703363914
11 0.4477931488801054 0.49464831804281345 0.004940711462450593 0.013149847094801222
11 0.45092226613965747 0.49503058103975534 0.005928853754940712 0.012996941896024464
11 0.47010869565217395 0.5110091743119266 0.008069828722002636 0.021406727828746176
0 0.6903820816864296 0.10244648318042812 0.01152832674571805 0.01620795107033639
0 0.6829710144927537 0.1084097859327217 0.012187088274044796 0.016819571865443424
0 0.6758069828722003 0.10206422018348624 0.01202239789196311 0.016666666666666666
0 0.668642951251647 0.10886850152905198 0.011857707509881424 0.01529051987767584
0 0.6613965744400527 0.10175840978593272 0.01251646903820817 0.016666666666666666
0 0.6469038208168644 0.1010703363914373 0.01152832674571805 0.01529051987767584
0 0.6321640316205533 0.10152905198776757 0.011034255599472992 0.015902140672782873
0 0.8080533596837945 0.06811926605504587 0.01202239789196311 0.015749235474006116
0 0.7932312252964427 0.06773700305810397 0.01202239789196311 0.01620795107033639
0 0.7785737812911726 0.06781345565749235 0.013010540184453228 0.016666666666666666
0 0.7639986824769434 0.06773700305810397 0.011857707509881424 0.01620795107033639
0 0.7498353096179183 0.06796636085626911 0.012187088274044796 0.016666666666666666
0 0.7349308300395258 0.06712538226299694 0.012351778656126482 0.016513761467889906
0 0.7201910408432148 0.06750764525993884 0.011198945981554678 0.01636085626911315
0 0.7057806324110673 0.06743119266055045 0.012351778656126482 0.01712538226299694
0 0.6910408432147563 0.06697247706422017 0.011198945981554678 0.01712538226299694
0 0.6765480895915679 0.06643730886850152 0.01152832674571805 0.017584097859327217
0 0.6615612648221344 0.06659021406727829 0.011857707509881424 0.018501529051987767
0 0.6466567852437418 0.06559633027522935 0.011693017127799738 0.017431192660550456
0 0.41049077733860345 0.28272171253822626 0.016963109354413704 0.022324159021406727
0 0.38191699604743085 0.27652905198776756 0.015480895915678526 0.0209480122324159
10 0.5624176548089592 0.93348623853211 0.002964426877470356 0.005810397553516819
11 0.17654808959156787 0.20183486238532108 0.006587615283267458 0.016513761467889906
11 0.22010869565217392 0.18990825688073393 0.006422924901185771 0.01712538226299694
11 0.2149209486166008 0.20344036697247705 0.00691699604743083 0.015443425076452598
11 0.21088603425559949 0.18952599388379204 0.006752305665349144 0.01636085626911315
11 0.2056159420289855 0.20313455657492355 0.007081686429512517 0.01605504587155963
11 0.20125164690382083 0.1893730886850153 0.00691699604743083 0.01605504587155963
11 0.19573451910408432 0.2029051987767584 0.006752305665349144 0.01529051987767584
11 0.1918642951251647 0.18883792048929662 0.00691699604743083 0.01620795107033639
11 0.1865118577075099 0.20229357798165137 0.007081686429512517 0.01620795107033639
11 0.18239459815546774 0.18853211009174312 0.00741106719367589 0.016513761467889906
11 0.15102108036890646 0.13218654434250765 0.004281949934123847 0.013914373088685015
0 0.36207180500658764 0.2757645259938838 0.016963109354413704 0.021559633027522934
11 0.15489130434782608 0.13256880733944953 0.004117259552042161 0.013761467889908256
11 0.15925559947299078 0.1326452599388379 0.004281949934123847 0.01330275229357798
11 0.1632905138339921 0.1326452599388379 0.004117259552042161 0.01330275229357798
11 0.16716073781291174 0.1330275229357798 0.003952569169960474 0.013149847094801222
11 0.1712779973649539 0.13325688073394495 0.003952569169960474 0.01330275229357798
11 0.17539525691699606 0.13333333333333333 0.004281949934123847 0.013149847094801222
11 0.17934782608695654 0.13409785932721713 0.004940711462450593 0.01253822629969419
11 0.183300395256917 0.13386850152905197 0.004281949934123847 0.012079510703363914
11 0.1875 0.1341743119266055 0.004776021080368907 0.012079510703363914
11 0.2246376811594203 0.20374617737003056 0.00691699604743083 0.015749235474006116
11 0.22957839262187088 0.19021406727828746 0.007246376811594203 0.01712538226299694
11 0.23386034255599475 0.20412844036697247 0.006587615283267458 0.015596330275229357
11 0.23921277997364954 0.19082568807339448 0.008069828722002636 0.016819571865443424
0 0.35276679841897235 0.280045871559633 0.016139657444005272 0.02217125382262997
0 0.2737977602108037 0.27737003058103976 0.016963109354413704 0.02201834862385321
0 0.254199604743083 0.27652905198776756 0.015974967061923584 0.02186544342507645
0 0.20652173913043478 0.27003058103975536 0.015480895915678526 0.020795107033639144
11 0.5204216073781291 0.21016819571865442 0.010540184453227932 0.025229357798165136
11 0.505764163372859 0.21016819571865442 0.009552042160737814 0.025840978593272168
11 0.4765316205533597 0.20902140672782873 0.010046113306982872 0.02477064220183486
11 0.4620388669301713 0.20818042813455656 0.008399209486166008 0.025840978593272168
11 0.43297101449275366 0.2080275229357798 0.011198945981554678 0.024617737003058103
11 0.4183135704874835 0.2076452599388379 0.010869565217391304 0.02568807339449541
11 0.4031620553359684 0.20756880733944952 0.010540184453227932 0.025535168195718654
11 0.371870882740448 0.20573394495412842 0.00922266139657444 0.024923547400611618
11 0.2840909090909091 0.20642201834862384 0.00691699604743083 0.01620795107033639
11 0.2740447957839262 0.20603975535168195 0.005928853754940712 0.01636085626911315
11 0.26342226613965747 0.2055045871559633 0.006093544137022398 0.015902140672782873
11 0.25889328063241107 0.19128440366972477 0.006258234519104085 0.015596330275229357
11 0.25370553359683795 0.20519877675840978 0.006752305665349144 0.015902140672782873
11 0.24909420289855075 0.19082568807339448 0.006422924901185771 0.015902140672782873
11 0.24341238471673254 0.2047400611620795 0.005599472990777339 0.015596330275229357
0 0.6978754940711462 0.10833333333333332 0.01202239789196311 0.01605504587155963
0 0.7050395256916996 0.10229357798165137 0.011857707509881424 0.01620795107033639
0 0.7123682476943347 0.10848623853211009 0.01202239789196311 0.01605504587155963
11 0.5506422924901186 0.3262996941896024 0.004776021080368907 0.01529051987767584
11 0.5632411067193677 0.2896788990825688 0.005928853754940712 0.015749235474006116
11 0.5575592885375494 0.29311926605504585 0.007081686429512517 0.01620795107033639
11 0.553606719367589 0.289525993883792 0.007081686429512517 0.01605504587155963
11 0.54784255599473 0.2929663608562691 0.005764163372859025 0.015596330275229357
11 0.5437252964426877 0.28906727828746176 0.006752305665349144 0.015443425076452598
11 0.5389492753623188 0.29189602446483176 0.006752305665349144 0.015902140672782873
11 0.5364789196310936 0.3281345565749235 0.006752305665349144 0.01529051987767584
11 0.5417490118577075 0.325611620795107 0.006093544137022398 0.016666666666666666
11 0.5459486166007905 0.32928134556574923 0.004940711462450593 0.015749235474006116
11 0.5554183135704875 0.32958715596330274 0.006093544137022398 0.015443425076452598
0 0.7196146245059288 0.10229357798165137 0.011693017127799738 0.015596330275229357
11 0.565135046113307 0.3296636085626911 0.00741106719367589 0.016819571865443424
11 0.5792160737812913 0.32775229357798163 0.004940711462450593 0.01605504587155963
11 0.5839920948616601 0.33134556574923546 0.005928853754940712 0.01529051987767584
11 0.5899209486166008 0.3282874617737003 0.005599472990777339 0.015902140672782873
11 0.5872859025032938 0.36483180428134554 0.00691699604743083 0.015902140672782873
11 0.5779808959156786 0.36444954128440366 0.005434782608695652 0.015749235474006116
11 0.5685935441370225 0.3637614678899082 0.005434782608695652 0.014984709480122323
11 0.5493247694334651 0.3620795107033639 0.00510540184453228 0.01529051987767584
11 0.5307971014492754 0.36185015290519873 0.005599472990777339 0.015749235474006116
11 0.5671113306982872 0.2936544342507645 0.006093544137022398 0.01605504587155963
11 0.572463768115942 0.2904434250764526 0.006587615283267458 0.01636085626911315
11 0.5769927536231885 0.29380733944954124 0.006422924901185771 0.015443425076452598
11 0.5820981554677207 0.29090214067278286 0.005764163372859025 0.015749235474006116
0 0.8910573122529645 0.18409785932721712 0.011034255599472992 0.01529051987767584
0 0.9137845849802372 0.14870030581039753 0.011693017127799738 0.01636085626911315
0 0.8992918313570488 0.14839449541284402 0.01202239789196311 0.016666666666666666
0 0.8856225296442688 0.14824159021406727 0.01202239789196311 0.01697247706422018
0 0.8563076416337286 0.14801223241590214 0.011693017127799738 0.017431192660550456
0 0.8274044795783927 0.14793577981651376 0.01152832674571805 0.016666666666666666
0 0.78417325428195 0.14808868501529052 0.011693017127799738 0.0172782874617737
0 0.7706686429512517 0.14808868501529052 0.01202239789196311 0.01697247706422018
0 0.7565052700922267 0.14724770642201834 0.01202239789196311 0.015902140672782873
0 0.7423418972332017 0.14778287461773698 0.013339920948616602 0.0172782874617737
0 0.7277667984189724 0.14785932721712539 0.01251646903820817 0.01620795107033639
0 0.6986989459815547 0.1477064220183486 0.01202239789196311 0.015902140672782873
0 0.6845355731225297 0.1470183486238532 0.011693017127799738 0.01636085626911315
0 0.6697957839262187 0.14686544342507643 0.012187088274044796 0.015749235474006116
0 0.6548913043478262 0.1470948012232416 0.011034255599472992 0.016513761467889906
0 0.6399044795783927 0.14678899082568805 0.011034255599472992 0.015902140672782873
0 0.6256587615283268 0.14686544342507643 0.011198945981554678 0.01636085626911315
11 0.5916501976284585 0.29159021406727825 0.007081686429512517 0.01620795107033639
11 0.5857213438735178 0.2948012232415902 0.006093544137022398 0.015902140672782873
11 0.5213274044795784 0.3605504587155963 0.005764163372859025 0.015902140672782873
11 0.5142457180500659 0.41223241590214066 0.006093544137022398 0.01529051987767584
11 0.5188570487483531 0.40963302752293573 0.005434782608695652 0.01620795107033639
11 0.5717226613965745 0.5188837920489296 0.007740447957839263 0.0209480122324159
11 0.5670289855072465 0.5696483180428135 0.007905138339920948 0.021559633027522934
11 0.5606884057971014 0.5633792048929663 0.0097167325428195 0.021559633027522934
11 0.5531949934123848 0.5630733944954128 0.01021080368906456 0.021559633027522934
11 0.539937417654809 0.5616972477064219 0.012351778656126482 0.02186544342507645
11 0.530467720685112 0.5610091743119265 0.00922266139657444 0.021100917431192658
0 0.8728590250329381 0.113914373088685 0.011857707509881424 0.015902140672782873
0 0.858201581027668 0.1136085626911315 0.013175230566534916 0.016819571865443424
0 0.8432971014492754 0.11353211009174312 0.011693017127799738 0.01605504587155963
0 0.8295454545454546 0.11337920489296635 0.011857707509881424 0.01636085626911315
0 0.8148056653491437 0.11016819571865442 0.011363636363636364 0.01605504587155963
0 0.8075592885375494 0.10305810397553516 0.011693017127799738 0.016513761467889906
0 0.7929841897233202 0.1029051987767584 0.011198945981554678 0.01620795107033639
0 0.7781620553359684 0.10305810397553516 0.011198945981554678 0.015902140672782873
0 0.7635869565217391 0.10259938837920489 0.011693017127799738 0.014984709480122323
0 0.7565052700922267 0.10909785932721712 0.011363636363636364 0.01636085626911315
0 0.7493412384716733 0.1029051987767584 0.01251646903820817 0.016819571865443424
0 0.7417654808959158 0.10871559633027522 0.011857707509881424 0.017431192660550456
0 0.7343544137022399 0.10282874617737002 0.011857707509881424 0.017584097859327217
0 0.7268610013175231 0.10825688073394495 0.01202239789196311 0.01712538226299694
11 0.5755105401844532 0.5646788990825687 0.0097167325428195 0.02201834862385321
11 0.5664525691699605 0.5127675840978593 0.006752305665349144 0.0209480122324159
11 0.524127140974967 0.4129969418960244 0.006093544137022398 0.01437308868501529
11 0.5577239789196311 0.5178899082568807 0.007740447957839263 0.020489296636085626
11 0.5287384716732543 0.4100152905198777 0.006422924901185771 0.015443425076452598
11 0.5335144927536232 0.4133792048929663 0.006752305665349144 0.015443425076452598
11 0.5382081686429513 0.4106269113149847 0.006587615283267458 0.015749235474006116
11 0.5476778656126482 0.41108562691131495 0.005434782608695652 0.015137614678899082
11 0.5615942028985508 0.41414373088685014 0.007575757575757576 0.0172782874617737
11 0.5717226613965745 0.41513761467889904 0.006752305665349144 0.016819571865443424
11 0.5809453227931489 0.41590214067278286 0.006752305665349144 0.01529051987767584
11 0.5857213438735178 0.41376146788990825 0.006093544137022398 0.015902140672782873
11 0.5896739130434783 0.4216360856269113 0.004776021080368907 0.01238532110091743
11 0.5713109354413702 0.45711009174311923 0.008563899868247694 0.020642201834862383
11 0.5629117259552042 0.4620030581039755 0.007575757575757576 0.02125382262996942
11 0.5430665349143611 0.45558103975535164 0.008728590250329382 0.02186544342507645
11 0.5337615283267457 0.46039755351681955 0.007575757575757576 0.021712538226299694
11 0.519433465085639 0.45970948012232415 0.006587615283267458 0.020642201834862383
11 0.4901185770750988 0.4581039755351682 0.007246376811594203 0.020183486238532108
11 0.5137516469038208 0.5142201834862385 0.006752305665349144 0.020489296636085626
11 0.5285737812911726 0.5154434250764526 0.00741106719367589 0.020183486238532108
11 0.5424901185770751 0.5164373088685015 0.007575757575757576 0.020642201834862383
11 0.5511363636363636 0.5111620795107034 0.009057971014492754 0.022324159021406727
11 0.19120553359683795 0.13440366972477064 0.004940711462450593 0.012232415902140671
11 0.19532279314888013 0.13409785932721713 0.00461133069828722 0.012844036697247705
11 0.19927536231884058 0.13409785932721713 0.00461133069828722 0.013149847094801222
11 0.5734519104084321 0.14541284403669724 0.005270092226613966 0.011620795107033639
11 0.5372200263504612 0.1444954128440367 0.00461133069828722 0.011926605504587155
11 0.5412549407114625 0.14441896024464831 0.004117259552042161 0.011773700305810398
11 0.545207509881423 0.14472477064220182 0.004117259552042161 0.012079510703363914
11 0.5493247694334651 0.14503058103975533 0.004117259552042161 0.012079510703363914
11 0.5532773386034255 0.14503058103975533 0.004446640316205534 0.01238532110091743
11 0.5571475625823452 0.14510703363914373 0.004940711462450593 0.01253822629969419
11 0.5613471673254282 0.1451834862385321 0.004446640316205534 0.01238532110091743
11 0.5650527009222661 0.14503058103975533 0.004940711462450593 0.01238532110091743
11 0.5694993412384717 0.1451834862385321 0.00461133069828722 0.011773700305810398
11 0.523633069828722 0.1293577981651376 0.004117259552042161 0.012232415902140671
11 0.480566534914361 0.14288990825688072 0.00461133069828722 0.01238532110091743
11 0.5275032938076416 0.12951070336391438 0.004281949934123847 0.01253822629969419
11 0.5316205533596838 0.12981651376146788 0.00461133069828722 0.01253822629969419
11 0.5354084321475626 0.1297400611620795 0.004281949934123847 0.01238532110091743
11 0.539443346508564 0.12981651376146788 0.004117259552042161 0.012232415902140671
11 0.5434782608695652 0.13019877675840977 0.00461133069828722 0.01238532110091743
11 0.5477602108036891 0.13035168195718655 0.004281949934123847 0.012079510703363914
11 0.5519598155467721 0.13027522935779814 0.004446640316205534 0.012232415902140671
11 0.5557476943346509 0.1305045871559633 0.004446640316205534 0.012079510703363914
11 0.5597826086956522 0.13035168195718655 0.004940711462450593 0.012079510703363914
11 0.5332674571805007 0.14434250764525994 0.00461133069828722 0.012232415902140671
11 0.5289855072463768 0.14411314984709478 0.00461133069828722 0.01238532110091743
11 0.5249505928853755 0.14388379204892965 0.004446640316205534 0.01253822629969419
11 0.5195158102766798 0.12920489296636084 0.004117259552042161 0.01253822629969419
11 0.47513175230566534 0.12805810397553516 0.00461133069828722 0.012996941896024464
11 0.4795783926218709 0.12836391437308867 0.00461133069828722 0.01238532110091743
11 0.4834486166007905 0.12836391437308867 0.004446640316205534 0.011773700305810398
11 0.48748353096179187 0.12859327217125383 0.004281949934123847 0.01253822629969419
11 0.48896574440052704 0.14319571865443423 0.00461133069828722 0.012079510703363914
11 0.4929183135704875 0.14319571865443423 0.004281949934123847 0.011773700305810398
11 0.4971179183135705 0.14327217125382263 0.004117259552042161 0.011926605504587155
11 0.5011528326745718 0.14327217125382263 0.003952569169960474 0.01253822629969419
11 0.5050230566534915 0.14327217125382263 0.003787878787878788 0.01253822629969419
11 0.5088932806324111 0.14350152905198776 0.004281949934123847 0.012079510703363914
11 0.5129281949934124 0.14357798165137614 0.004117259552042161 0.012232415902140671
11 0.516798418972332 0.14380733944954127 0.004281949934123847 0.012079510703363914
11 0.5209156785243741 0.14396024464831803 0.004281949934123847 0.012079510703363914
11 0.49514163372859027 0.1290519877675841 0.004776021080368907 0.012232415902140671
11 0.4993412384716733 0.1290519877675841 0.00461133069828722 0.012232415902140671
11 0.5033761528326746 0.12889908256880733 0.004117259552042161 0.012232415902140671
11 0.5074110671936759 0.1290519877675841 0.004940711462450593 0.01253822629969419
11 0.5113636363636364 0.129434250764526 0.004940711462450593 0.01238532110091743
11 0.515727931488801 0.1293577981651376 0.003787878787878788 0.01253822629969419
11 0.563570487483531 0.1305045871559633 0.005270092226613966 0.01238532110091743
11 0.5674407114624506 0.13073394495412843 0.004776021080368907 0.01253822629969419
11 0.5717226613965745 0.1308868501529052 0.004446640316205534 0.012232415902140671
0 0.41888998682476947 0.0856269113149847 0.013669301712779974 0.015902140672782873
0 0.40382081686429516 0.08577981651376146 0.01251646903820817 0.015902140672782873
0 0.3974802371541502 0.07033639143730887 0.01202239789196311 0.01620795107033639
0 0.3896574440052701 0.08516819571865443 0.012187088274044796 0.01620795107033639
0 0.3830698287220026 0.06934250764525994 0.011857707509881424 0.01605504587155963
0 0.3751646903820817 0.08470948012232415 0.01251646903820817 0.01620795107033639
0 0.3680830039525692 0.06980122324159022 0.01152832674571805 0.01636085626911315
0 0.36001317523056653 0.08425076452599388 0.011857707509881424 0.015596330275229357
0 0.35408432147562585 0.06926605504587155 0.012187088274044796 0.017431192660550456
0 0.33868577075098816 0.06850152905198777 0.012351778656126482 0.01620795107033639
0 0.3241106719367589 0.068348623853211 0.013175230566534916 0.017431192660550456
0 0.3309453227931489 0.0841743119266055 0.011693017127799738 0.01636085626911315
0 0.3162878787878788 0.08333333333333333 0.01202239789196311 0.016513761467889906
0 0.30978260869565216 0.06743119266055045 0.011857707509881424 0.016819571865443424
0 0.3013833992094862 0.0834097859327217 0.01152832674571805 0.016666666666666666
0 0.29479578392621875 0.06720183486238532 0.01251646903820817 0.0172782874617737
0 0.2868906455862978 0.08249235474006116 0.011857707509881424 0.016666666666666666
0 0.28030303030303033 0.06704892966360856 0.012187088274044796 0.016666666666666666
0 0.27231554677206854 0.08249235474006116 0.012351778656126482 0.0172782874617737
0 0.2577404479578393 0.0823394495412844 0.011198945981554678 0.016666666666666666
0 0.41205533596837945 0.07071865443425077 0.011857707509881424 0.01605504587155963
0 0.4267951251646904 0.07148318042813455 0.011363636363636364 0.01636085626911315
11 0.5778162055335969 0.145565749235474 0.00510540184453228 0.011620795107033639
0 0.4330533596837945 0.08677370030581039 0.011363636363636364 0.015443425076452598
11 0.5756752305665349 0.1312691131498471 0.004446640316205534 0.012079510703363914
0 0.5730401844532279 0.07438837920489297 0.011693017127799738 0.015443425076452598
0 0.5797924901185771 0.09036697247706421 0.01202239789196311 0.016513761467889906
0 0.5650527009222661 0.09013761467889908 0.01152832674571805 0.01605504587155963
0 0.558300395256917 0.075 0.011857707509881424 0.01697247706422018
0 0.5504776021080369 0.08990825688073394 0.011363636363636364 0.015902140672782873
0 0.5439723320158103 0.07438837920489297 0.011857707509881424 0.01697247706422018
0 0.5362318840579711 0.08983180428134556 0.013175230566534916 0.01697247706422018
0 0.5214097496706193 0.08860856269113149 0.013175230566534916 0.016666666666666666
0 0.5053524374176548 0.08891437308868501 0.012351778656126482 0.016666666666666666
0 0.5 0.07362385321100917 0.01251646903820817 0.017584097859327217
0 0.491600790513834 0.08814984709480121 0.01152832674571805 0.01636085626911315
0 0.48517786561264825 0.07293577981651375 0.012845849802371542 0.01712538226299694
0 0.4773550724637681 0.0882262996941896 0.01202239789196311 0.016819571865443424
0 0.47068511198945984 0.07232415902140672 0.012845849802371542 0.01712538226299694
0 0.4622859025032938 0.08738532110091743 0.01152832674571805 0.015443425076452598
0 0.4557806324110672 0.0720183486238532 0.012351778656126482 0.016513761467889906
0 0.44795783926218713 0.08715596330275228 0.01152832674571805 0.015902140672782873
0 0.4413702239789197 0.0717125382262997 0.01251646903820817 0.01712538226299694
11 0.48484848484848486 0.14288990825688072 0.004281949934123847 0.01238532110091743
11 0.4712615283267457 0.12813455657492354 0.004117259552042161 0.01253822629969419
11 0.20322793148880106 0.13501529051987768 0.00461133069828722 0.011926605504587155
11 0.34823781291172595 0.13906727828746177 0.005434782608695652 0.012691131498470946
11 0.3119235836627141 0.13792048929663608 0.004281949934123847 0.012844036697247705
11 0.3161231884057971 0.13799694189602446 0.004776021080368907 0.012691131498470946
11 0.3202404479578393 0.1378440366972477 0.004446640316205534 0.012691131498470946
11 0.3241106719367589 0.13799694189602446 0.004281949934123847 0.01238532110091743
11 0.3279808959156785 0.13799694189602446 0.004446640316205534 0.01238532110091743
11 0.33226284584980237 0.13837920489296635 0.004776021080368907 0.01253822629969419
11 0.33638010540184454 0.1385321100917431 0.004776021080368907 0.012232415902140671
11 0.3401679841897233 0.138914373088685 0.005764163372859025 0.012691131498470946
11 0.3442852437417655 0.13883792048929663 0.004117259552042161 0.012232415902140671
11 0.35243741765480896 0.1389908256880734 0.00461133069828722 0.01253822629969419
11 0.4673913043478261 0.12813455657492354 0.00461133069828722 0.011926605504587155
11 0.35638998682476947 0.1392966360856269 0.004940711462450593 0.01253822629969419
11 0.3605072463768116 0.13960244648318043 0.005599472990777339 0.012232415902140671
11 0.3647891963109355 0.13914373088685014 0.005928853754940712 0.012844036697247705
11 0.36915349143610016 0.13952599388379203 0.006093544137022398 0.01238532110091743
11 0.37294137022397894 0.13975535168195719 0.005434782608695652 0.012844036697247705
11 0.37656455862977606 0.1396788990825688 0.00510540184453228 0.01238532110091743
11 0.38035243741765484 0.13990825688073394 0.004446640316205534 0.012232415902140671
11 0.3846343873517787 0.13990825688073394 0.004446640316205534 0.01253822629969419
11 0.3888339920948617 0.1400611620795107 0.00461133069828722 0.012232415902140671
11 0.30788866930171277 0.13792048929663608 0.004446640316205534 0.013149847094801222
11 0.30401844532279315 0.13761467889908255 0.003952569169960474 0.012232415902140671
11 0.29998353096179187 0.13723241590214066 0.004446640316205534 0.012079510703363914
11 0.29578392621870886 0.13723241590214066 0.004281949934123847 0.01238532110091743
11 0.20742753623188406 0.1345565749235474 0.004446640316205534 0.01253822629969419
11 0.21162714097496707 0.1348623853211009 0.00461133069828722 0.012232415902140671
11 0.21557971014492755 0.13509174311926606 0.004940711462450593 0.01238532110091743
11 0.21961462450592886 0.13516819571865443 0.004117259552042161 0.012232415902140671
11 0.22364953886693018 0.13516819571865443 0.004281949934123847 0.012232415902140671
11 0.2276844532279315 0.1352446483180428 0.004776021080368907 0.01238532110091743
11 0.23180171277997366 0.13570336391437307 0.004446640316205534 0.012079510703363914
11 0.23575428194993414 0.13547400611620794 0.004446640316205534 0.012232415902140671
11 0.24020092226613968 0.13555045871559632 0.004117259552042161 0.012079510703363914
11 0.24398880105401846 0.13570336391437307 0.005764163372859025 0.01238532110091743
11 0.2476943346508564 0.13577981651376145 0.00461133069828722 0.012844036697247705
11 0.2598814229249012 0.13623853211009174 0.00461133069828722 0.011926605504587155
11 0.2637516469038208 0.1363914373088685 0.004776021080368907 0.011620795107033639
11 0.2679512516469038 0.136697247706422 0.00461133069828722 0.011620795107033639
11 0.2718214756258235 0.13685015290519878 0.00510540184453228 0.01253822629969419
11 0.2760210803689065 0.13646788990825687 0.00461133069828722 0.011773700305810398
11 0.2800559947299078 0.136697247706422 0.004446640316205534 0.011926605504587155
11 0.2840085638998683 0.13700305810397553 0.003787878787878788 0.011620795107033639
11 0.2919137022397892 0.13730886850152904 0.003787878787878788 0.01253822629969419
11 0.39278656126482214 0.14029051987767582 0.004281949934123847 0.012079510703363914
11 0.39673913043478265 0.14059633027522936 0.004281949934123847 0.01238532110091743
11 0.4006916996047431 0.14059633027522936 0.004940711462450593 0.01238532110091743
11 0.4272891963109355 0.12698776758409785 0.004117259552042161 0.011773700305810398
11 0.43544137022397894 0.1271406727828746 0.003952569169960474 0.01146788990825688
11 0.43906455862977606 0.1271406727828746 0.004281949934123847 0.012996941896024464
11 0.4431818181818182 0.12737003058103974 0.004940711462450593 0.012232415902140671
11 0.44729907773386035 0.12744648318042812 0.004281949934123847 0.012079510703363914
11 0.4513339920948617 0.1275229357798165 0.004446640316205534 0.012232415902140671
11 0.45545125164690387 0.1275993883792049 0.004446640316205534 0.01238532110091743
11 0.459568511198946 0.12767584097859327 0.004776021080368907 0.012232415902140671
11 0.4288537549407115 0.14143730886850153 0.00461133069828722 0.01253822629969419
11 0.43280632411067194 0.14174311926605504 0.004940711462450593 0.011926605504587155
11 0.4368412384716733 0.14181957186544342 0.004776021080368907 0.012079510703363914
11 0.44079380764163373 0.14174311926605504 0.004446640316205534 0.011926605504587155
11 0.4445816864295125 0.14197247706422017 0.004446640316205534 0.011773700305810398
11 0.44861660079051385 0.14204892966360855 0.003952569169960474 0.011620795107033639
11 0.452733860342556 0.1422018348623853 0.004281949934123847 0.011314984709480122
11 0.4567687747035573 0.14227828746177368 0.004117259552042161 0.011773700305810398
11 0.460638998682477 0.1422018348623853 0.003952569169960474 0.012232415902140671
11 0.4649209486166008 0.14227828746177368 0.00461133069828722 0.01238532110091743
11 0.4689558629776021 0.14235474006116208 0.004446640316205534 0.012232415902140671
11 0.4729084321475626 0.1426605504587156 0.00510540184453228 0.012232415902140671
11 0.43132411067193677 0.12721712538226299 0.004281949934123847 0.012232415902140671
11 0.4231719367588933 0.1268348623853211 0.004446640316205534 0.012079510703363914
11 0.40472661396574444 0.14051987767584098 0.004446640316205534 0.01253822629969419
11 0.4189723320158103 0.1264525993883792 0.005270092226613966 0.012232415902140671
11 0.4086791831357049 0.14067278287461774 0.004776021080368907 0.012844036697247705
11 0.41271409749670623 0.1408256880733945 0.00461133069828722 0.012844036697247705
11 0.41691370223978924 0.14105504587155962 0.004117259552042161 0.01238532110091743
11 0.420701581027668 0.14120795107033637 0.004117259552042161 0.012079510703363914
11 0.3544960474308301 0.1246177370030581 0.005764163372859025 0.01253822629969419
11 0.3590250329380764 0.12492354740061161 0.00461133069828722 0.012844036697247705
11 0.36305994729907776 0.12469418960244648 0.004117259552042161 0.012691131498470946
11 0.3670125164690382 0.12553516819571864 0.004446640316205534 0.01253822629969419
11 0.37508234519104083 0.1256880733944954 0.004446640316205534 0.011926605504587155
11 0.37928194993412384 0.12553516819571864 0.00461133069828722 0.01253822629969419
11 0.3830698287220026 0.1256880733944954 0.00461133069828722 0.012232415902140671
11 0.3867753623188406 0.12599388379204893 0.004776021080368907 0.01253822629969419
11 0.3911396574440053 0.1260703363914373 0.004281949934123847 0.012079510703363914
11 0.3953392621870883 0.1260703363914373 0.004446640316205534 0.012079510703363914
11 0.3993741765480896 0.1260703363914373 0.004281949934123847 0.01146788990825688
11 0.4032444005270092 0.1263761467889908 0.004776021080368907 0.01146788990825688
11 0.40760869565217395 0.12629969418960243 0.004281949934123847 0.012232415902140671
11 0.41164361001317523 0.12652905198776757 0.004117259552042161 0.011773700305810398
11 0.4151021080368907 0.1263761467889908 0.004117259552042161 0.012079510703363914
0 0.8691534914361002 0.183868501529052 0.012681159420289856 0.015749235474006116
0 0.8614130434782609 0.19762996941896024 0.011693017127799738 0.016666666666666666
0 0.8471673254281951 0.19648318042813454 0.011857707509881424 0.016819571865443424
10 0.7350955204216074 0.9025229357798165 0.0027997364953886695 0.005657492354740061
10 0.7098978919631094 0.8652140672782874 0.0027997364953886695 0.005045871559633027
10 0.713768115942029 0.8649847094801223 0.003293807641633729 0.007033639143730886
10 0.7222496706192358 0.8650611620795107 0.0031291172595520425 0.006574923547400611
10 0.7062747035573123 0.9001529051987767 0.0027997364953886695 0.004892966360856269
10 0.709568511198946 0.9005351681957185 0.0024703557312252965 0.004740061162079511
10 0.7196146245059288 0.9019877675840978 0.0024703557312252965 0.005504587155963302
10 0.7257081686429513 0.9018348623853211 0.0024703557312252965 0.005810397553516819
10 0.7286725955204216 0.9023700305810397 0.0021409749670619235 0.005657492354740061
10 0.7319664031620554 0.9024464831804281 0.0027997364953886695 0.005198776758409786
10 0.7385540184453229 0.9024464831804281 0.0027997364953886695 0.004587155963302752
10 0.6645256916996047 0.8977064220183486 0.00230566534914361 0.005504587155963302
10 0.7419301712779974 0.9029051987767583 0.002635046113306983 0.005810397553516819
10 0.7449769433465085 0.9029816513761467 0.0024703557312252965 0.004740061162079511
10 0.7485177865612649 0.9035168195718654 0.00230566534914361 0.005504587155963302
10 0.752140974967062 0.9037461773700305 0.002635046113306983 0.005351681957186544
10 0.7341073781291173 0.8808103975535168 0.0024703557312252965 0.005351681957186544
10 0.7336956521739131 0.8881498470948012 0.002964426877470356 0.006574923547400611
10 0.7434947299077734 0.8876146788990825 0.0027997364953886695 0.006116207951070336
10 0.7398715415019763 0.8870795107033639 0.0027997364953886695 0.005045871559633027
10 0.7404479578392622 0.8817278287461773 0.002964426877470356 0.005045871559633027
10 0.7066040843214757 0.865137614678899 0.0031291172595520425 0.006422018348623853
10 0.7029808959156786 0.8642201834862385 0.0027997364953886695 0.004892966360856269
10 0.6989459815546772 0.8636085626911314 0.002635046113306983 0.006422018348623853
10 0.7177206851119895 0.885703363914373 0.002635046113306983 0.005657492354740061
10 0.671772068511199 0.8993119266055045 0.00230566534914361 0.005045871559633027
10 0.6754776021080369 0.8989296636085626 0.003458498023715415 0.006116207951070336
10 0.6732542819499342 0.8760703363914373 0.002964426877470356 0.0059633027522935774
10 0.6727602108036891 0.8833333333333333 0.00230566534914361 0.005504587155963302
10 0.6632081686429513 0.8621559633027522 0.002964426877470356 0.007186544342507645
10 0.6667490118577075 0.8624617737003057 0.0021409749670619235 0.005657492354740061
10 0.670701581027668 0.8629969418960244 0.0027997364953886695 0.007339449541284403
10 0.6741600790513834 0.861697247706422 0.0024703557312252965 0.006574923547400611
10 0.6778656126482214 0.8626911314984709 0.002635046113306983 0.005504587155963302
10 0.6788537549407115 0.8564220183486237 0.002964426877470356 0.005810397553516819
10 0.6768774703557312 0.8834097859327217 0.002635046113306983 0.005657492354740061
10 0.6891469038208169 0.8955657492354739 0.00510540184453228 0.005504587155963302
10 0.6998517786561265 0.8998470948012232 0.0024703557312252965 0.004892966360856269
10 0.7028985507246377 0.8999999999999999 0.00230566534914361 0.005198776758409786
10 0.6972167325428196 0.8845565749235473 0.0031291172595520425 0.005810397553516819
10 0.7010869565217391 0.8846330275229357 0.002635046113306983 0.005351681957186544
10 0.7049571805006588 0.8851681957186543 0.0027997364953886695 0.005198776758409786
10 0.7180500658761528 0.8577217125382263 0.002964426877470356 0.0059633027522935774
10 0.7112977602108037 0.8854740061162079 0.002964426877470356 0.004892966360856269
10 0.7467061923583663 0.8876911314984709 0.002635046113306983 0.005657492354740061
10 0.729001976284585 0.8591743119266054 0.0024703557312252965 0.005198776758409786
10 0.7325428194993413 0.8589449541284403 0.002964426877470356 0.006574923547400611
10 0.7961956521739131 0.8912079510703363 0.0031291172595520425 0.005657492354740061
10 0.79784255599473 0.8834097859327217 0.0031291172595520425 0.0059633027522935774
10 0.7993247694334651 0.8902140672782874 0.004117259552042161 0.00672782874617737
10 0.802042160737813 0.8827981651376147 0.003952569169960474 0.005657492354740061
10 0.8065711462450593 0.8874617737003058 0.004117259552042161 0.005810397553516819
10 0.7581521739130435 0.9036697247706421 0.0027997364953886695 0.005198776758409786
10 0.7617753623188406 0.9042048929663608 0.0024703557312252965 0.004740061162079511
10 0.7684453227931489 0.9041284403669724 0.00230566534914361 0.005198776758409786
10 0.7714097496706193 0.9045107033639144 0.002635046113306983 0.005045871559633027
10 0.777832674571805 0.9052752293577981 0.002635046113306983 0.0044342507645259936
10 0.8190052700922267 0.8987003058103975 0.004940711462450593 0.0059633027522935774
10 0.8885869565217391 0.9472477064220183 0.006093544137022398 0.005504587155963302
10 0.8858695652173914 0.9448012232415901 0.005270092226613966 0.004587155963302752
10 0.8834815546772069 0.9419724770642202 0.005434782608695652 0.004740061162079511
10 0.8809288537549408 0.9390672782874617 0.006258234519104085 0.005045871559633027
10 0.8791172595520422 0.9366207951070336 0.00461133069828722 0.00382262996941896
10 0.8768939393939394 0.9342507645259939 0.007081686429512517 0.005810397553516819
10 0.8736001317523057 0.9311162079510703 0.005434782608695652 0.005045871559633027
10 0.8694005270092227 0.9266819571865443 0.00691699604743083 0.006880733944954128
10 0.866600790513834 0.9240825688073394 0.006258234519104085 0.005657492354740061
10 0.7938076416337286 0.8847859327217125 0.003293807641633729 0.005351681957186544
10 0.783679183135705 0.8613149847094801 0.0021409749670619235 0.005198776758409786
10 0.7362483530961792 0.8589449541284403 0.003458498023715415 0.005657492354740061
10 0.7884552042160738 0.8912844036697247 0.0024703557312252965 0.005810397553516819
10 0.7497529644268776 0.8874617737003058 0.0024703557312252965 0.005810397553516819
10 0.7534584980237155 0.8876911314984709 0.002635046113306983 0.005045871559633027
10 0.7541172595520422 0.881269113149847 0.002964426877470356 0.006269113149847095
10 0.7590579710144928 0.8887614678899082 0.002964426877470356 0.005045871559633027
10 0.762598814229249 0.8886850152905198 0.0027997364953886695 0.004587155963302752
10 0.7691864295125165 0.8895259938837919 0.0027997364953886695 0.005657492354740061
10 0.772562582345191 0.8892966360856268 0.002964426877470356 0.005198776758409786
10 0.7729743083003953 0.8831039755351682 0.0027997364953886695 0.005045871559633027
10 0.7757740447957839 0.8899082568807339 0.0024703557312252965 0.005198776758409786
10 0.7546113306982872 0.8669724770642201 0.002635046113306983 0.005810397553516819
10 0.7511528326745719 0.8602446483180428 0.003293807641633729 0.004892966360856269
10 0.7607048748353097 0.8669724770642201 0.002964426877470356 0.005504587155963302
10 0.7650691699604744 0.8609327217125382 0.0024703557312252965 0.005351681957186544
10 0.7690217391304348 0.8675076452599387 0.0031291172595520425 0.006574923547400611
10 0.776268115942029 0.868960244648318 0.0027997364953886695 0.005504587155963302
10 0.7731389986824769 0.8616207951070336 0.0027997364953886695 0.005810397553516819
10 0.782608695652174 0.8899082568807339 0.002635046113306983 0.005198776758409786
10 0.7831027667984191 0.8838685015290519 0.002635046113306983 0.005351681957186544
10 0.7891963109354414 0.8840978593272171 0.002635046113306983 0.005198776758409786
10 0.6679841897233202 0.8984709480122324 0.002635046113306983 0.004892966360856269
10 0.6613142292490118 0.8985474006116208 0.0027997364953886695 0.005351681957186544
10 0.8597661396574441 0.9170489296636085 0.005764163372859025 0.005351681957186544
10 0.4545454545454546 0.9327217125382262 0.00461133069828722 0.005504587155963302
10 0.48616600790513836 0.9201070336391437 0.003952569169960474 0.0059633027522935774
10 0.48229578392621875 0.9208715596330275 0.003458498023715415 0.005045871559633027
10 0.4799077733860343 0.9371559633027522 0.00461133069828722 0.005810397553516819
10 0.47661396574440057 0.9385321100917431 0.004281949934123847 0.005810397553516819
10 0.4730731225296443 0.940137614678899 0.004117259552042161 0.0059633027522935774
10 0.47010869565217395 0.9256880733944953 0.004776021080368907 0.006116207951070336
10 0.462203557312253 0.9285932721712538 0.004776021080368907 0.005504587155963302
10 0.4667325428194994 0.9436544342507645 0.004940711462450593 0.005351681957186544
10 0.45792160737812915 0.93065749235474 0.005434782608695652 0.006269113149847095
10 0.46039196310935443 0.9477064220183485 0.004776021080368907 0.005810397553516819
10 0.657608695652174 0.8977064220183486 0.002635046113306983 0.005810397553516819
10 0.4535573122529645 0.9514525993883791 0.004940711462450593 0.005351681957186544
10 0.451663372859025 0.9349388379204893 0.004446640316205534 0.004740061162079511
10 0.4487812911725955 0.9548165137614678 0.004940711462450593 0.005351681957186544
10 0.4439229249011858 0.9396788990825687 0.006752305665349144 0.006574923547400611
10 0.4379117259552042 0.9642966360856269 0.004940711462450593 0.004740061162079511
10 0.4346179183135705 0.9662844036697247 0.005599472990777339 0.005657492354740061
10 0.4288537549407115 0.9710244648318043 0.005270092226613966 0.005657492354740061
10 0.4263010540184453 0.9730122324159021 0.00510540184453228 0.005351681957186544
10 0.4246541501976285 0.9555045871559632 0.00510540184453228 0.004892966360856269
10 0.4872364953886693 0.9345565749235474 0.003787878787878788 0.005810397553516819
10 0.4894598155467721 0.9188073394495412 0.0036231884057971015 0.005198776758409786
10 0.49448287220026355 0.9327217125382262 0.003787878787878788 0.005810397553516819
10 0.4972826086956522 0.9176605504587155 0.003458498023715415 0.005045871559633027
10 0.5555830039525692 0.9333333333333332 0.0024703557312252965 0.005504587155963302
10 0.5601119894598156 0.9182721712538225 0.00230566534914361 0.0044342507645259936
10 0.5566534914361001 0.9182721712538225 0.002635046113306983 0.005045871559633027
10 0.5517951251646904 0.9338685015290519 0.0027997364953886695 0.005351681957186544
10 0.5523715415019763 0.9184250764525993 0.002635046113306983 0.005351681957186544
10 0.5413372859025033 0.9174311926605504 0.003293807641633729 0.005504587155963302
10 0.5377964426877471 0.9172782874617736 0.0027997364953886695 0.005198776758409786
10 0.53417325428195 0.9169724770642201 0.0027997364953886695 0.005198776758409786
10 0.519433465085639 0.9165137614678899 0.002635046113306983 0.005198776758409786
10 0.5158102766798419 0.9160550458715596 0.002635046113306983 0.005504587155963302
10 0.512104743083004 0.9163608562691131 0.003458498023715415 0.007033639143730886
10 0.5135046113306984 0.9309633027522936 0.002635046113306983 0.005657492354740061
10 0.5095520421607378 0.9311926605504587 0.002964426877470356 0.005810397553516819
10 0.5060111989459816 0.9319571865443425 0.0024703557312252965 0.005504587155963302
10 0.5083168642951252 0.9165902140672783 0.0021409749670619235 0.005045871559633027
10 0.5047760210803689 0.9166666666666666 0.002635046113306983 0.005504587155963302
10 0.5020586297760211 0.9319571865443425 0.0031291172595520425 0.006422018348623853
10 0.5009057971014493 0.9172018348623853 0.0031291172595520425 0.006574923547400611
10 0.49868247694334655 0.9326452599388378 0.003952569169960474 0.006574923547400611
10 0.3741765480895916 0.966360856269113 0.005599472990777339 0.006422018348623853
10 0.36305994729907776 0.9714831804281345 0.005764163372859025 0.0059633027522935774
10 0.36017786561264825 0.974006116207951 0.006258234519104085 0.006116207951070336
10 0.6086956521739131 0.8509174311926605 0.0036231884057971015 0.005810397553516819
10 0.630764163372859 0.8520642201834862 0.003952569169960474 0.0059633027522935774
10 0.6371870882740448 0.8600152905198776 0.003293807641633729 0.005657492354740061
10 0.641304347826087 0.8605504587155963 0.002635046113306983 0.005504587155963302
10 0.6518445322793149 0.861697247706422 0.002964426877470356 0.005657492354740061
10 0.6329874835309618 0.8737767584097859 0.0027997364953886695 0.004740061162079511
10 0.6368577075098815 0.8740825688073394 0.00230566534914361 0.004740061162079511
10 0.6509387351778656 0.8752293577981651 0.0024703557312252965 0.005504587155963302
10 0.6552206851119895 0.8760703363914373 0.0027997364953886695 0.005351681957186544
10 0.6541501976284585 0.8821865443425075 0.002964426877470356 0.005045871559633027
10 0.6503623188405797 0.8824159021406728 0.002635046113306983 0.005198776758409786
10 0.6618906455862978 0.8834862385321101 0.002635046113306983 0.006116207951070336
10 0.6441864295125165 0.8813455657492354 0.003458498023715415 0.00672782874617737
10 0.6361166007905139 0.8814984709480121 0.0027997364953886695 0.006116207951070336
10 0.6287878787878788 0.8807339449541284 0.0036231884057971015 0.006422018348623853
10 0.6346343873517787 0.8961009174311926 0.0027997364953886695 0.006880733944954128
10 0.6384222661396575 0.8969418960244647 0.0031291172595520425 0.005810397553516819
10 0.6425395256916996 0.8964831804281345 0.0027997364953886695 0.006422018348623853
10 0.649127140974967 0.8967125382262996 0.0027997364953886695 0.0059633027522935774
10 0.6534090909090909 0.89717125382263 0.0031291172595520425 0.0059633027522935774
10 0.6226943346508564 0.8590214067278287 0.002964426877470356 0.005504587155963302
10 0.6013669301712781 0.8508409785932721 0.0021409749670619235 0.004740061162079511
9 0.44005270092226617 0.916131498470948 0.012187088274044796 0.009327217125382262
10 0.6128129117259552 0.8583333333333333 0.002635046113306983 0.005657492354740061
10 0.3936100131752306 0.9232415902140673 0.007246376811594203 0.007033639143730886
10 0.6040843214756259 0.9361620795107033 0.002635046113306983 0.005045871559633027
10 0.5895092226613966 0.9350152905198776 0.0027997364953886695 0.005198776758409786
10 0.5858036890645587 0.9351681957186544 0.002635046113306983 0.004892966360856269
10 0.5816040843214757 0.9346330275229358 0.0027997364953886695 0.005657492354740061
10 0.587697628458498 0.9203363914373088 0.0024703557312252965 0.005504587155963302
10 0.5917325428194994 0.9210244648318042 0.003293807641633729 0.0059633027522935774
10 0.5996376811594203 0.921177370030581 0.002635046113306983 0.005657492354740061
10 0.6068840579710145 0.9218654434250764 0.002635046113306983 0.005198776758409786
10 0.6104249011857708 0.9223241590214066 0.0027997364953886695 0.005198776758409786
10 0.587697628458498 0.8931192660550458 0.0027997364953886695 0.005504587155963302
10 0.5913208168642952 0.8941896024464832 0.0024703557312252965 0.005810397553516819
10 0.5846508563899868 0.8781345565749235 0.002964426877470356 0.005504587155963302
10 0.5922266139657444 0.8711773700305809 0.002635046113306983 0.005657492354740061
10 0.5965085638998683 0.8714067278287462 0.00230566534914361 0.005504587155963302
10 0.610836627140975 0.8798929663608562 0.002964426877470356 0.006574923547400611
10 0.6034255599472991 0.8796636085626911 0.003293807641633729 0.007339449541284403
10 0.586627140974967 0.849006116207951 0.0036231884057971015 0.0059633027522935774
10 0.5946146245059288 0.8500764525993884 0.0031291172595520425 0.006880733944954128
10 0.8619894598155468 0.9190366972477063 0.005599472990777339 0.005351681957186544
10 0.8552371541501976 0.9347859327217125 0.005928853754940712 0.005045871559633027
0 0.8395092226613966 0.18256880733944952 0.012351778656126482 0.015902140672782873
10 0.1385046113306983 0.7304281345565748 0.007575757575757576 0.003363914373088685
10 0.12104743083003953 0.2466360856269113 0.004281949934123847 0.007339449541284403
10 0.13644598155467721 0.2684250764525994 0.004117259552042161 0.005045871559633027
10 0.14113965744400528 0.6698776758409786 0.007575757575757576 0.00672782874617737
10 0.1537384716732543 0.6975535168195718 0.006093544137022398 0.005198776758409786
10 0.1506916996047431 0.6941896024464831 0.006258234519104085 0.005198776758409786
10 0.14673913043478262 0.6910550458715596 0.005599472990777339 0.005045871559633027
10 0.15167984189723321 0.6851681957186544 0.00691699604743083 0.005810397553516819
10 0.14624505928853757 0.7390672782874618 0.005599472990777339 0.0032110091743119264
10 0.14163372859025034 0.7329510703363914 0.006587615283267458 0.0032110091743119264
10 0.11273056653491437 0.738914373088685 0.005764163372859025 0.005657492354740061
10 0.24415349143610013 0.668960244648318 0.004776021080368907 0.005198776758409786
10 0.10704874835309619 0.7435779816513761 0.006587615283267458 0.006422018348623853
10 0.05418313570487484 0.7527522935779816 0.00461133069828722 0.005810397553516819
10 0.057806324110671936 0.7509938837920489 0.00691699604743083 0.006269113149847095
10 0.05961791831357049 0.7481651376146788 0.005599472990777339 0.005504587155963302
10 0.06472332015810277 0.7436544342507645 0.005599472990777339 0.005351681957186544
10 0.06686429512516469 0.7415137614678898 0.005928853754940712 0.0059633027522935774
10 0.06406455862977603 0.7337155963302752 0.005599472990777339 0.0059633027522935774
10 0.06744071146245059 0.7227828746177369 0.005764163372859025 0.006116207951070336
10 0.06982872200263505 0.7199541284403669 0.005928853754940712 0.006269113149847095
9 0.1506916996047431 0.22714067278287461 0.006587615283267458 0.009021406727828746
10 0.13076416337285904 0.20741590214067276 0.004940711462450593 0.006880733944954128
10 0.2570816864295125 0.4301223241590214 0.00691699604743083 0.006116207951070336
10 0.2699275362318841 0.6094036697247706 0.00691699604743083 0.0059633027522935774
10 0.24934123847167328 0.6651376146788991 0.005270092226613966 0.005504587155963302
10 0.2519762845849802 0.6629969418960244 0.005270092226613966 0.005810397553516819
10 0.2543642951251647 0.6608562691131498 0.005434782608695652 0.005504587155963302
10 0.2602108036890646 0.6559633027522935 0.004940711462450593 0.005504587155963302
10 0.26333992094861663 0.654434250764526 0.004940711462450593 0.004892966360856269
10 0.26531620553359686 0.652217125382263 0.005599472990777339 0.005351681957186544
10 0.26778656126482214 0.6497706422018348 0.005928853754940712 0.0059633027522935774
10 0.27256258234519104 0.6455657492354739 0.004940711462450593 0.005810397553516819
10 0.2753623188405797 0.6438073394495413 0.005599472990777339 0.005657492354740061
10 0.27832674571805005 0.642354740061162 0.005599472990777339 0.005810397553516819
10 0.23847167325428195 0.6442660550458715 0.005599472990777339 0.005351681957186544
10 0.24645915678524374 0.6464831804281345 0.007081686429512517 0.007033639143730886
10 0.2516469038208169 0.6419724770642201 0.005599472990777339 0.005657492354740061
10 0.2471179183135705 0.636697247706422 0.005434782608695652 0.005810397553516819
10 0.2504117259552042 0.634480122324159 0.005434782608695652 0.0059633027522935774
10 0.2551054018445323 0.6402140672782874 0.005599472990777339 0.005810397553516819
10 0.26037549407114624 0.6348623853211008 0.005599472990777339 0.005810397553516819
10 0.2692687747035573 0.6282874617737003 0.005599472990777339 0.005504587155963302
10 0.2817852437417655 0.6202599388379204 0.006587615283267458 0.005351681957186544
10 0.05838274044795784 0.6638379204892966 0.006422924901185771 0.004128440366972476
10 0.06060606060606061 0.6617737003058104 0.006258234519104085 0.004281345565749235
10 0.0630764163372859 0.659480122324159 0.005928853754940712 0.0036697247706422016
0 0.6643610013175231 0.18241590214067277 0.012187088274044796 0.016819571865443424
0 0.6785243741765481 0.18256880733944952 0.01251646903820817 0.01712538226299694
0 0.6861824769433466 0.19587155963302752 0.013010540184453228 0.017431192660550456
0 0.6935111989459816 0.18218654434250764 0.012845849802371542 0.015749235474006116
0 0.6993577075098815 0.19541284403669723 0.011693017127799738 0.018654434250764525
0 0.7140151515151515 0.1965596330275229 0.011693017127799738 0.01697247706422018
0 0.7293313570487484 0.1965596330275229 0.01202239789196311 0.01697247706422018
0 0.7436594202898551 0.19602446483180427 0.011034255599472992 0.018042813455657492
0 0.737401185770751 0.18180428134556573 0.01202239789196311 0.016819571865443424
0 0.752140974967062 0.1819571865443425 0.012845849802371542 0.016513761467889906
0 0.7586462450592886 0.1967125382262997 0.01202239789196311 0.01697247706422018
0 0.7669631093544137 0.18226299694189602 0.01152832674571805 0.015902140672782873
0 0.773633069828722 0.1966360856269113 0.012681159420289856 0.017431192660550456
0 0.7812911725955205 0.18256880733944952 0.011198945981554678 0.01620795107033639
0 0.7877964426877471 0.19747706422018346 0.012681159420289856 0.01605504587155963
0 0.795701581027668 0.1826452599388379 0.01202239789196311 0.0172782874617737
0 0.810441370223979 0.1830275229357798 0.01152832674571805 0.016819571865443424
0 0.8169466403162056 0.1973241590214067 0.011693017127799738 0.01605504587155963
0 0.8250164690382082 0.18287461773700306 0.01202239789196311 0.015902140672782873
0 0.8322628458498024 0.19640672782874616 0.011363636363636364 0.0172782874617737
0 0.6712779973649539 0.19587155963302752 0.013175230566534916 0.017737003058103974
0 0.6495388669301713 0.18180428134556573 0.01251646903820817 0.015596330275229357
10 0.06628787878787878 0.6575688073394494 0.005434782608695652 0.0032110091743119264
0 0.6417160737812913 0.19564220183486236 0.012681159420289856 0.0172782874617737
10 0.05105401844532279 0.6619266055045872 0.005928853754940712 0.003363914373088685
10 0.053689064558629776 0.659480122324159 0.00691699604743083 0.003975535168195718
10 0.05640645586297761 0.6571100917431192 0.005434782608695652 0.003516819571865443
10 0.060029644268774704 0.6554281345565749 0.004776021080368907 0.00382262996941896
10 0.06299407114624506 0.6530581039755351 0.006752305665349144 0.0036697247706422016
10 0.06562911725955205 0.6499235474006115 0.006422924901185771 0.004128440366972476
10 0.06793478260869565 0.6737003058103975 0.004776021080368907 0.006422018348623853
10 0.07913372859025034 0.6649082568807339 0.003458498023715415 0.005657492354740061
10 0.08456851119894598 0.6497706422018348 0.004776021080368907 0.006269113149847095
10 0.07921607378129118 0.6441896024464832 0.005928853754940712 0.005810397553516819
10 0.07394598155467721 0.6404434250764526 0.006258234519104085 0.005045871559633027
10 0.06110013175230567 0.6376146788990825 0.002964426877470356 0.005504587155963302
10 0.060853096179183136 0.6031345565749235 0.003458498023715415 0.005657492354740061
10 0.09510869565217392 0.5882262996941896 0.006093544137022398 0.003058103975535168
10 0.09444993412384717 0.5815749235474006 0.006093544137022398 0.0029051987767584097
10 0.06398221343873518 0.4176605504587156 0.006093544137022398 0.005351681957186544
0 0.6206357048748353 0.18134556574923547 0.013010540184453228 0.017431192660550456
0 0.6266469038208169 0.19564220183486236 0.012187088274044796 0.0172782874617737
0 0.6348814229249012 0.18203363914373089 0.013504611330698288 0.017584097859327217
10 0.24678853754940713 0.6672782874617736 0.00510540184453228 0.005198776758409786
10 0.24127140974967062 0.6711009174311926 0.005599472990777339 0.005810397553516819
10 0.8612483530961792 0.9415137614678899 0.006422924901185771 0.005045871559633027
10 0.41584321475625824 0.7360091743119266 0.00691699604743083 0.005657492354740061
10 0.43544137022397894 0.7475535168195718 0.006258234519104085 0.005198776758409786
10 0.43297101449275366 0.7448012232415901 0.005270092226613966 0.004892966360856269
10 0.4311594202898551 0.7418195718654433 0.005928853754940712 0.005045871559633027
10 0.42588932806324115 0.7454128440366972 0.004940711462450593 0.004587155963302752
10 0.423336627140975 0.7434250764525994 0.005434782608695652 0.004587155963302752
10 0.4202898550724638 0.7412844036697247 0.006258234519104085 0.005504587155963302
10 0.42580698287220026 0.7370795107033639 0.006093544137022398 0.005657492354740061
10 0.42383069828722003 0.7341743119266054 0.006422924901185771 0.005657492354740061
10 0.41773715415019763 0.738532110091743 0.006093544137022398 0.005504587155963302
10 0.4382411067193676 0.725611620795107 0.00691699604743083 0.005657492354740061
10 0.2252140974967062 0.6626911314984709 0.005434782608695652 0.005504587155963302
10 0.43544137022397894 0.7235474006116207 0.006587615283267458 0.005198776758409786
10 0.43107707509881427 0.7178134556574923 0.005434782608695652 0.0044342507645259936
10 0.4331357048748353 0.7204128440366973 0.005928853754940712 0.005045871559633027
10 0.41814888010540185 0.7293577981651376 0.004940711462450593 0.004587155963302752
10 0.4132905138339921 0.7334097859327217 0.005764163372859025 0.006269113149847095
10 0.41106719367588934 0.7309633027522935 0.005599472990777339 0.005657492354740061
10 0.4159255599472991 0.7271406727828745 0.005764163372859025 0.005045871559633027
10 0.41436100131752307 0.7237767584097858 0.005928853754940712 0.005045871559633027
10 0.40884387351778656 0.7279816513761468 0.006093544137022398 0.005198776758409786
10 0.4381587615283268 0.7496941896024464 0.005764163372859025 0.005198776758409786
10 0.4477108036890646 0.7357033639143731 0.006093544137022398 0.005657492354740061
10 0.4505928853754941 0.7382262996941895 0.00691699604743083 0.005504587155963302
10 0.40176218708827405 0.7454892966360855 0.005764163372859025 0.004740061162079511
10 0.8670125164690382 0.9466360856269113 0.006093544137022398 0.004892966360856269
10 0.8691534914361002 0.9488532110091743 0.006422924901185771 0.005351681957186544
10 0.8719532279314889 0.9515290519877675 0.006422924901185771 0.005198776758409786
10 0.8741765480895916 0.9543577981651375 0.006258234519104085 0.005045871559633027
10 0.8768115942028986 0.9568042813455657 0.006587615283267458 0.005657492354740061
10 0.4614624505928854 0.7517584097859327 0.007905138339920948 0.006269113149847095
10 0.4599802371541502 0.7487003058103975 0.006587615283267458 0.006269113149847095
10 0.45495718050065875 0.7431957186544342 0.006422924901185771 0.006880733944954128
10 0.4320652173913044 0.7543577981651376 0.007081686429512517 0.0059633027522935774
10 0.42992424242424243 0.7517584097859327 0.006752305665349144 0.005351681957186544
10 0.4237483530961792 0.7757645259938838 0.00691699604743083 0.006269113149847095
10 0.411231884057971 0.7855504587155963 0.005599472990777339 0.005045871559633027
10 0.42037220026350464 0.7666666666666666 0.006093544137022398 0.005504587155963302
10 0.418066534914361 0.7636085626911314 0.006093544137022398 0.004892966360856269
10 0.41625494071146246 0.7605504587155962 0.006093544137022398 0.005198776758409786
10 0.41172595520421607 0.7558103975535168 0.006587615283267458 0.005810397553516819
10 0.4093379446640316 0.7529816513761467 0.006422924901185771 0.005657492354740061
10 0.40694993412384717 0.7503822629969419 0.005928853754940712 0.004740061162079511
10 0.4042325428194994 0.7479357798165137 0.006422924901185771 0.005351681957186544
10 0.40629117259552044 0.7262996941896024 0.005928853754940712 0.004892966360856269
10 0.4119729907773386 0.7214067278287462 0.007081686429512517 0.005810397553516819
10 0.4087615283267457 0.7187308868501529 0.004940711462450593 0.004128440366972476
10 0.39188076416337286 0.710091743119266 0.006422924901185771 0.005810397553516819
10 0.3871870882740448 0.7054281345565748 0.005599472990777339 0.005351681957186544
10 0.3850461133069829 0.7029816513761468 0.005928853754940712 0.005045871559633027
10 0.3828227931488801 0.7001529051987767 0.006422924901185771 0.004892966360856269
10 0.3801877470355731 0.6977828746177369 0.006422924901185771 0.005351681957186544
10 0.37714097496706195 0.6951070336391437 0.005928853754940712 0.004892966360856269
10 0.37425889328063244 0.6932721712538226 0.006093544137022398 0.005198776758409786
10 0.363471673254282 0.7045107033639143 0.004940711462450593 0.004740061162079511
10 0.3699769433465086 0.683868501529052 0.005434782608695652 0.0044342507645259936
10 0.4022562582345191 0.6872324159021407 0.005764163372859025 0.0044342507645259936
10 0.41073781291172595 0.6814220183486238 0.005270092226613966 0.004740061162079511
10 0.39476284584980237 0.6793577981651375 0.005599472990777339 0.004587155963302752
10 0.392868906455863 0.6767584097859327 0.00510540184453228 0.004281345565749235
10 0.38842226613965747 0.671177370030581 0.005764163372859025 0.004740061162079511
10 0.38512845849802374 0.6690366972477064 0.005764163372859025 0.004740061162079511
10 0.3616600790513834 0.6659785932721712 0.005928853754940712 0.005045871559633027
10 0.37829380764163373 0.6397553516819572 0.0036231884057971015 0.005504587155963302
10 0.24053030303030304 0.6501529051987767 0.005434782608695652 0.005504587155963302
10 0.23871870882740448 0.6540519877675841 0.005434782608695652 0.005351681957186544
10 0.2330368906455863 0.6577217125382263 0.005599472990777339 0.006574923547400611
10 0.3900691699604743 0.707874617737003 0.00741106719367589 0.005351681957186544
10 0.37969367588932806 0.6888379204892966 0.004776021080368907 0.004587155963302752
10 0.401268115942029 0.7209480122324159 0.006422924901185771 0.005810397553516819
10 0.3821640316205534 0.6908256880733945 0.005764163372859025 0.005198776758409786
10 0.4067852437417655 0.7159785932721712 0.005928853754940712 0.005351681957186544
10 0.4288537549407115 0.7150611620795106 0.00461133069828722 0.004128440366972476
10 0.4257246376811594 0.7129204892966361 0.005599472990777339 0.005351681957186544
10 0.4240777338603426 0.710091743119266 0.006587615283267458 0.005504587155963302
10 0.42168972332015814 0.7071100917431192 0.005764163372859025 0.005351681957186544
10 0.41946640316205536 0.7043577981651375 0.006258234519104085 0.005351681957186544
10 0.41749011857707513 0.7017584097859326 0.005599472990777339 0.005351681957186544
10 0.4146080368906456 0.6996941896024464 0.005434782608695652 0.004587155963302752
10 0.41263175230566534 0.6967125382262996 0.00510540184453228 0.005351681957186544
10 0.4095849802371542 0.6944189602446482 0.005928853754940712 0.005351681957186544
10 0.4071969696969697 0.6918195718654434 0.006422924901185771 0.005351681957186544
10 0.3894104084321476 0.7311926605504586 0.005434782608695652 0.005504587155963302
10 0.4020092226613966 0.7114678899082568 0.005599472990777339 0.004892966360856269
10 0.39986824769433466 0.7084097859327216 0.005599472990777339 0.005810397553516819
10 0.3971508563899868 0.7059633027522936 0.00510540184453228 0.005198776758409786
10 0.39451581027667987 0.7038990825688073 0.005434782608695652 0.005045871559633027
10 0.38998682476943347 0.6984709480122324 0.005599472990777339 0.004892966360856269
10 0.3877635046113307 0.6959480122324159 0.005434782608695652 0.005045871559633027
10 0.3858695652173913 0.6931192660550458 0.006587615283267458 0.006116207951070336
0 0.26589262187088275 0.06720183486238532 0.012681159420289856 0.01697247706422018
