0 0.38150398784656286 0.9062144482366324 0.031522977592100265 0.011803185437997724
0 0.6000759589821496 0.39178043230944254 0.028864413216862894 0.012514220705346985
0 0.3093429548044056 0.8082337883959044 0.028484618306114696 0.011803185437997724
0 0.40695024686669196 0.6130546075085324 0.028484618306114696 0.011660978384527872
0 0.3330801367261679 0.601891353811149 0.025826053930877325 0.00952787258248009
0 0.3522597797189518 0.5166382252559727 0.027725028484618306 0.00881683731513083
0 0.35567793391568553 0.5060437997724687 0.028484618306114696 0.008105802047781569
0 0.366312191416635 0.48492605233219566 0.028484618306114696 0.009670079635949942
0 0.3439042916824914 0.43600682593856654 0.026965438663121913 0.011092150170648464
0 0.2730725408279529 0.43159840728100113 0.025826053930877325 0.010523321956769055
0 0.37030003797949107 0.3998151308304892 0.03190277250284846 0.011803185437997724
0 0.3575769084694265 0.3270051194539249 0.027725028484618306 0.010665529010238907
0 0.3661222939612609 0.27915244596131966 0.029624003038359284 0.011660978384527872
0 0.3773262438283327 0.2517064846416382 0.027725028484618306 0.010807736063708759
0 0.4039118875807064 0.2532707622298066 0.026205848841625523 0.009385665529010238
0 0.4417014812001519 0.20911547212741752 0.0281048233953665 0.01151877133105802
0 0.33573870110140525 0.20129408418657566 0.021268515001898976 0.009243458475540386
0 0.5319027725028485 0.18280716723549487 0.030003797949107482 0.008674630261660978
0 0.5108241549563236 0.2912400455062571 0.05165210786175465 0.018771331058020476
0 0.21724268894796808 0.9498009101251421 0.02278769464489176 0.009385665529010238
