5 0.8132606490872211 0.32407407407407407 0.04994929006085193 0.05868544600938967
4 0.14629817444219068 0.39593114241001565 0.04107505070993915 0.048513302034428794
5 0.2702839756592292 0.2364371413667188 0.05628803245436105 0.05086071987480438
5 0.20474137931034483 0.22522170057381324 0.054513184584178496 0.050339071465832025
5 0.2557048681541582 0.25952008346374544 0.05400608519269777 0.04903495044340114
5 0.19168356997971603 0.2497391757955138 0.0537525354969574 0.04929577464788732
5 0.24023833671399594 0.2856025039123631 0.05552738336713996 0.05112154407929056
5 0.17710446247464504 0.273735002608242 0.05400608519269777 0.04929577464788732
5 0.22426470588235295 0.30972874282733437 0.05654158215010142 0.053468961919666144
5 0.16024340770791073 0.2985133020344288 0.05425963488843813 0.050339071465832025
5 0.20613590263691683 0.3345070422535211 0.0552738336713996 0.05138236828377673
5 0.14198782961460446 0.32329160146061553 0.05730223123732252 0.05294731351069379
5 0.18927484787018256 0.36006781429316637 0.05755578093306288 0.05086071987480438
4 0.12360547667342799 0.38041210224308813 0.04132860040567951 0.04773082942097026
4 0.17025862068965517 0.41340636411058945 0.03828600405679513 0.04799165362545644
5 0.7857505070993914 0.3084246218049035 0.04969574036511156 0.05712050078247261
13 0.6418610547667343 0.7475221700573813 0.19599391480730222 0.2290036515388628
6 0.6462981744421906 0.7526082420448618 0.3372210953346856 0.4123630672926447
5 0.7629310344827586 0.22404799165362543 0.051217038539553755 0.05894627021387584
5 0.7905679513184584 0.24126238914971307 0.0486815415821501 0.058424621804903494
5 0.7915821501014199 0.17344809598330724 0.04817444219066937 0.058424621804903494
5 0.8195993914807302 0.1881846635367762 0.04741379310344827 0.05555555555555555
5 0.845841784989858 0.20435576421491913 0.04817444219066937 0.05712050078247261
5 0.8737322515212982 0.21870109546165883 0.04817444219066937 0.05555555555555555
5 0.8171906693711968 0.2553468961919666 0.0486815415821501 0.05633802816901408
5 0.8450811359026369 0.2709963484611372 0.05070993914807302 0.05738132498695879
5 0.7325050709939148 0.27790818988002086 0.04969574036511156 0.05764214919144496
5 0.7600152129817445 0.292905581637976 0.04792089249492901 0.058424621804903494
5 0.21881338742393508 0.2004434011476265 0.05730223123732252 0.050339071465832025
