10 0.9658622719246616 0.7056682267290693 0.017657445556209534 0.020800832033281334
10 0.5968216597998822 0.14378575143005723 0.022366097704532076 0.0171606864274571
10 0.9505591524426132 0.2680707228289132 0.022366097704532076 0.025481019240769634
10 0.9858740435550323 0.2527301092043682 0.020011771630370805 0.022880915236609466
10 0.9284873454973513 0.15626625065002603 0.026486168334314303 0.019240769630785234
10 0.6562683931724543 0.11050442017680709 0.022366097704532076 0.018200728029121167
10 0.6383166568569747 0.12116484659386377 0.02177751618599176 0.016640665626625067
10 0.6159505591524426 0.1326053042121685 0.026486168334314303 0.019760790431617267
10 0.5753384343731607 0.1547061882475299 0.025309005297233664 0.0202808112324493
10 0.5753384343731607 0.4513780551222049 0.01942319011183049 0.020800832033281334
10 0.6845203060623896 0.16484659386375455 0.02118893466745144 0.0218408736349454
10 0.6097704532077692 0.2514300572022881 0.020011771630370805 0.0234009360374415
10 0.6980576809888169 0.23816952678107126 0.017657445556209534 0.0218408736349454
10 0.6789287816362566 0.24986999479979202 0.02060035314891112 0.0234009360374415
10 0.5138316656856975 0.296411856474259 0.025897586815773983 0.019760790431617267
10 0.5300176574455562 0.3244929797191888 0.026486168334314303 0.017680707228289134
10 0.6692171865803413 0.33307332293291736 0.020011771630370805 0.021320852834113366
10 0.5541494997057093 0.46151846073842956 0.01824602707474985 0.021320852834113366
10 0.4746909947027663 0.33645345813832556 0.025309005297233664 0.0187207488299532
10 0.49882283696291935 0.530161206448258 0.025309005297233664 0.0171606864274571
10 0.41082989994114183 0.5798231929277172 0.024720423778693348 0.017680707228289134
10 0.41494997057092403 0.5907436297451899 0.025897586815773983 0.017680707228289134
10 0.4373160682754561 0.5811232449297973 0.024720423778693348 0.0171606864274571
10 0.43996468510888753 0.5124804992199689 0.01942319011183049 0.019240769630785234
10 0.48822836962919364 0.5592823712948518 0.02413184226015303 0.018200728029121167
10 0.4802825191288993 0.5496619864794592 0.024720423778693348 0.016640665626625067
10 0.5338434373160682 0.4711388455538222 0.02118893466745144 0.023920956838273534
10 0.616833431430253 0.47945917836713475 0.024720423778693348 0.019760790431617267
10 0.5459093584461447 0.5091003640145606 0.026486168334314303 0.0187207488299532
10 0.5535609181871689 0.5187207488299532 0.02413184226015303 0.0171606864274571
10 0.5573866980576809 0.5293811752470099 0.023543260741612712 0.017680707228289134
10 0.5791642142436727 0.5192407696307852 0.022366097704532076 0.016120644825793035
10 0.5738669805768098 0.5106604264170568 0.02118893466745144 0.015600624024961
10 0.6224249558563861 0.4893395735829434 0.022954679223072393 0.016640665626625067
10 0.5338434373160682 0.3343733749349974 0.025897586815773983 0.0187207488299532
10 0.48587404355503233 0.35647425897035884 0.025309005297233664 0.018200728029121167
10 0.3658034137728075 0.6123244929797192 0.02413184226015303 0.016120644825793035
10 0.251912889935256 0.3554342173686948 0.022366097704532076 0.0171606864274571
10 0.3107710417892878 0.4097763910556423 0.023543260741612712 0.017680707228289134
10 0.3366686286050618 0.3980759230369215 0.023543260741612712 0.016120644825793035
10 0.3301942319011183 0.3884555382215289 0.022366097704532076 0.015600624024961
10 0.3193054738081224 0.37077483099323977 0.026486168334314303 0.0187207488299532
10 0.23101824602707474 0.36531461258450343 0.025309005297233664 0.018200728029121167
10 0.3016480282519129 0.389495579823193 0.026486168334314303 0.016640665626625067
10 0.2698646262507357 0.34581383255330217 0.02177751618599176 0.017680707228289134
10 0.3452030606238964 0.4186167446697868 0.027663331371394935 0.019760790431617267
10 0.3087110064743967 0.32475299011960485 0.02177751618599176 0.018200728029121167
10 0.04178928781636256 0.07228289131565263 0.024720423778693348 0.017680707228289134
10 0.07622130665097115 0.05538221528861155 0.025309005297233664 0.018200728029121167
10 0.10182460270747498 0.04264170566822673 0.024720423778693348 0.017680707228289134
10 0.08858151854031783 0.020020800832033284 0.02413184226015303 0.018200728029121167
10 0.12566215420835786 0.03042121684867395 0.02177751618599176 0.016120644825793035
10 0.31783402001177163 0.4178367134685388 0.024720423778693348 0.018200728029121167
10 0.24896998234255444 0.4019760790431618 0.02707474985285462 0.017680707228289134
10 0.46674514420247204 0.3647945917836714 0.022366097704532076 0.0171606864274571
10 0.41642142436727486 0.38637545501820075 0.027663331371394935 0.019760790431617267
10 0.4549735138316657 0.3473738949557983 0.02707474985285462 0.019760790431617267
10 0.44908769864626247 0.33749349973998966 0.025897586815773983 0.0187207488299532
10 0.4396703943496174 0.3179927197087884 0.025897586815773983 0.019240769630785234
10 0.4022954679223072 0.35699427977119086 0.02177751618599176 0.016120644825793035
10 0.4052383755150088 0.36739469578783157 0.026486168334314303 0.019240769630785234
10 0.41053560918187165 0.3770150806032242 0.025309005297233664 0.0187207488299532
10 0.3902295467922307 0.3853354134165367 0.022366097704532076 0.015600624024961
10 0.23219540906415537 0.4196567862714509 0.02413184226015303 0.016640665626625067
10 0.3837551500882872 0.3775351014040562 0.022366097704532076 0.016640665626625067
10 0.37492642731018244 0.35829433177327097 0.024720423778693348 0.017680707228289134
10 0.36786344908769864 0.34841393655746233 0.024720423778693348 0.0187207488299532
10 0.27398469688051796 0.44877795111804475 0.022954679223072393 0.015600624024961
10 0.2433784579164214 0.4399375975039002 0.01942319011183049 0.014560582423296933
10 0.25809299587992934 0.421216848673947 0.025309005297233664 0.0187207488299532
10 0.403766921718658 0.5725429017160687 0.024720423778693348 0.017680707228289134
10 0.3452030606238964 0.6211648465938638 0.025309005297233664 0.018200728029121167
10 0.9526191877575043 0.7077483099323973 0.01942319011183049 0.022880915236609466
10 0.35314891112419067 0.811752470098804 0.02118893466745144 0.022880915236609466
10 0.4293702177751618 0.8941757670306814 0.02413184226015303 0.019240769630785234
10 0.4081812831077104 0.8790951638065524 0.025309005297233664 0.0202808112324493
10 0.3557975279576221 0.8473738949557983 0.02413184226015303 0.018200728029121167
10 0.32901706886403764 0.8291731669266772 0.024720423778693348 0.0202808112324493
10 0.4022954679223072 0.842173686947478 0.02177751618599176 0.021320852834113366
10 0.372277810476751 0.8231929277171087 0.02413184226015303 0.022880915236609466
10 0.3322542672160094 0.7979719188767551 0.022954679223072393 0.021320852834113366
10 0.42495585638610944 0.920176807072283 0.025897586815773983 0.021320852834113366
10 0.32165979988228366 0.7927717108684348 0.01942319011183049 0.0202808112324493
10 0.3122424955856386 0.7857514300572024 0.02177751618599176 0.020800832033281334
10 0.4799882283696292 0.8559542381695269 0.02413184226015303 0.016640665626625067
10 0.4746909947027663 0.8458138325533022 0.022954679223072393 0.0171606864274571
10 0.4690994702766333 0.8361934477379096 0.024720423778693348 0.016640665626625067
10 0.46350794585050026 0.826833073322933 0.02413184226015303 0.016640665626625067
10 0.43201883460859325 0.9089963598543943 0.025897586815773983 0.020800832033281334
10 0.39611536197763386 0.9006760270410817 0.02707474985285462 0.022880915236609466
10 0.4470276633313714 0.7992719708788353 0.025309005297233664 0.0187207488299532
10 0.8045909358446144 0.8094123764950599 0.024720423778693348 0.0171606864274571
9 0.9434961742201294 0.718148725949038 0.024720423778693348 0.029121164846593866
9 0.4652736904061212 0.9843993759750391 0.026486168334314303 0.0249609984399376
9 0.17510300176574456 0.8494539781591265 0.031194820482636845 0.0327613104524181
10 0.883460859329017 0.7727509100364015 0.025897586815773983 0.019760790431617267
10 0.8587404355503236 0.7831513260530422 0.02707474985285462 0.019760790431617267
10 0.8254855797527957 0.8018720748829954 0.022954679223072393 0.017680707228289134
10 0.7504414361389052 0.8302132085283412 0.024720423778693348 0.019240769630785234
10 0.3513831665685697 0.8715548621944879 0.022366097704532076 0.016640665626625067
10 0.7274867569158328 0.8408736349453979 0.02707474985285462 0.0187207488299532
10 0.6745144202472042 0.8645345813832555 0.028251912889935255 0.019240769630785234
10 0.6512654502648616 0.8749349973998961 0.025309005297233664 0.018200728029121167
10 0.7274867569158328 0.8946957878315134 0.02118893466745144 0.013000520020800833
10 0.6339022954679223 0.936817472698908 0.02942907592701589 0.019240769630785234
10 0.29988228369629194 0.9849193967758711 0.02177751618599176 0.022880915236609466
10 0.45261918775750437 0.8075923036921477 0.022366097704532076 0.015600624024961
10 0.44143613890523836 0.7886115444617785 0.024720423778693348 0.019240769630785234
10 0.3107710417892878 0.5644825793031721 0.023543260741612712 0.018200728029121167
10 0.17333725721012358 0.4277171086843474 0.025309005297233664 0.0171606864274571
10 0.02118893466745144 0.6417056682267291 0.025897586815773983 0.0280811232449298
10 0.16627427898763977 0.5670826833073324 0.02413184226015303 0.018200728029121167
10 0.17451442024720423 0.5878835153406137 0.027663331371394935 0.021320852834113366
10 0.17510300176574456 0.6333853354134166 0.025309005297233664 0.017680707228289134
10 0.29017068864037665 0.6318252730109205 0.025897586815773983 0.0187207488299532
10 0.2268981753972925 0.5195007800312013 0.026486168334314303 0.0187207488299532
10 0.18569746909947027 0.4508580343213729 0.02413184226015303 0.017680707228289134
10 0.06474396703943495 0.6989079563182528 0.02118893466745144 0.023920956838273534
10 0.19364331959976455 0.4589183567342694 0.02118893466745144 0.0171606864274571
10 0.07916421424367275 0.4511180447217889 0.02413184226015303 0.019240769630785234
10 0.14655679811653913 0.41289651586063447 0.024720423778693348 0.0187207488299532
10 0.27957622130665094 0.4981799271970879 0.024720423778693348 0.0187207488299532
10 0.29311359623307826 0.5249609984399376 0.02707474985285462 0.019240769630785234
10 0.30459093584461444 0.5535621424856995 0.022954679223072393 0.0171606864274571
10 0.05150088287227781 0.6799271970878836 0.022954679223072393 0.022360894435777434
10 0.09211300765155973 0.7366094643785752 0.02060035314891112 0.021320852834113366
10 0.4367274867569158 0.7779511180447218 0.025897586815773983 0.0187207488299532
10 0.327839905826957 0.7215288611544463 0.01883460859329017 0.0202808112324493
10 0.43172454384932313 0.7678107124284972 0.02177751618599176 0.0171606864274571
10 0.42083578575632724 0.7483099323972959 0.024720423778693348 0.016640665626625067
10 0.4155385520894644 0.7389495579823193 0.023543260741612712 0.017680707228289134
10 0.39964685108887577 0.7090483619344774 0.024720423778693348 0.016120644825793035
10 0.40258975868157737 0.7194487779511182 0.0329605650382578 0.0234009360374415
9 0.372277810476751 0.7041081643265731 0.027663331371394935 0.03224128965158607
10 0.31400824014125955 0.7280291211648466 0.02177751618599176 0.023920956838273534
10 0.11565626839317245 0.7639105564222569 0.01942319011183049 0.019760790431617267
10 0.29281930547380813 0.7386895475819033 0.02060035314891112 0.0234009360374415
10 0.28163625662154207 0.7420696827873116 0.01942319011183049 0.020800832033281334
10 0.2583872866391995 0.9292771710868436 0.02118893466745144 0.0218408736349454
10 0.15361977633902293 0.7938117524700989 0.020011771630370805 0.021320852834113366
10 0.13949381989405532 0.7724908996359855 0.02118893466745144 0.021320852834113366
10 0.1288993525603296 0.7821112844513781 0.022366097704532076 0.022880915236609466
10 0.14861683343143026 0.0234009360374415 0.02413184226015303 0.016640665626625067
