5 0.4327639469380338 0.8848939929328622 0.02162456841722697 0.03939929328621908
4 0.682900236234781 0.11943462897526501 0.015264401235689624 0.030035335689045935
13 0.6809921860803199 0.2676678445229682 0.07323278211884426 0.045229681978798585
4 0.7041613665273487 0.16537102473498233 0.01671815373432673 0.03215547703180212
4 0.6861711793567146 0.16634275618374558 0.01671815373432673 0.03197879858657244
4 0.6667272396874432 0.1666077738515901 0.017445029983645284 0.03215547703180212
4 0.6478284572051608 0.16837455830388692 0.017081591858986007 0.03250883392226148
4 0.7017081591858986 0.11837455830388692 0.016536434671997093 0.0303886925795053
4 0.6637288751590043 0.12031802120141342 0.015446120298019263 0.031095406360424026
13 0.8869707432309649 0.6217314487632508 0.05342540432491368 0.05441696113074205
4 0.6446483736143922 0.11969964664310953 0.016536434671997093 0.030918727915194344
13 0.21851717245139016 0.9347173144876325 0.09685626022169726 0.11784452296819788
5 0.4492095220788661 0.4285335689045936 0.021806287479556607 0.04045936395759717
5 0.42540432491368346 0.4278268551236749 0.02144284935489733 0.03904593639575971
5 0.4025985825913138 0.42729681978798584 0.01944393966927131 0.03939929328621908
13 0.5506087588588043 0.22367491166077738 0.09812829365800473 0.1431095406360424
13 0.6806287479556605 0.3182862190812721 0.07359622024350354 0.04752650176678445
13 0.6793567145193531 0.21581272084805653 0.0743230964928221 0.04469964664310954
5 0.7273305469743776 0.14416961130742048 0.021261130292567692 0.035689045936395755
5 0.749772851172088 0.14346289752650176 0.02144284935489733 0.03674911660777385
5 0.7727603125567872 0.14293286219081272 0.021988006541886245 0.038162544169611304
5 0.7293294566600037 0.18719081272084806 0.021261130292567692 0.03763250883392226
5 0.7516809013265492 0.1868374558303887 0.021988006541886245 0.03763250883392226
5 0.7744866436489188 0.18674911660777385 0.02144284935489733 0.0392226148409894
5 0.7308740686898055 0.2302120141342756 0.021806287479556607 0.03780918727915194
5 0.753316372887516 0.22985865724381624 0.02235144466654552 0.03851590106007067
5 0.7760312556787208 0.22950530035335687 0.02235144466654552 0.038869257950530034
5 0.7320552425949483 0.2713780918727915 0.02162456841722697 0.03851590106007067
5 0.7547701253861531 0.2713780918727915 0.02344175904052335 0.0392226148409894
5 0.7775758677085226 0.2712897526501767 0.022169725604215883 0.03904593639575971
5 0.7327821188442668 0.3137809187279152 0.02235144466654552 0.03780918727915194
5 0.7555878611666365 0.3137809187279152 0.02253316372887516 0.03780918727915194
5 0.7783027439578412 0.3134275618374558 0.021806287479556607 0.03780918727915194
6 0.5494275849536616 0.22234982332155476 0.14410321642740323 0.24929328621908126
