0 0.679391047489207 0.5287840219306833 0.05544194501249716 0.04366555707851968
0 0.7172233583276528 0.5718621499902095 0.07975460122699386 0.0679459565302526
0 0.7641445126107703 0.6629136479342079 0.047716428084526245 0.03857450558057568
0 0.5538513974096796 0.8907382024672018 0.08020904339922745 0.0650088114352849
0 0.4906839354692116 0.7958684158997454 0.07930015905476029 0.06637947914626982
0 0.6234946603044763 0.6430389661249265 0.06589411497386957 0.058351282553358134
0 0.3673028857077937 0.2153906402976307 0.04794364917064304 0.0450362247895046
0 0.440013633265167 0.2549441942431956 0.05294251306521246 0.0399451732915606
0 0.46909793228811636 0.31241433326806345 0.08293569643262895 0.07577834345016643
0 0.5890706657577823 0.38437438809477187 0.08475346512156329 0.07127472097121597
0 0.28186775732788005 0.4911885647150969 0.08111792774369461 0.06951243391423537
0 0.14269484208134514 0.27883297434893284 0.06771188366280391 0.05678480516937536
0 0.12724380822540332 0.24485999608380654 0.049534196773460576 0.03896612492657137
0 0.08327652806180413 0.19776776972782456 0.04521699613724154 0.04151165067554337
0 0.20449897750511248 0.051693753671431364 0.03999091115655533 0.039161934599569216
0 0.125426039536469 0.12541609555512043 0.04544421722335833 0.04601527315449383
