0 0.6584763696214437 0.06229810798338717 0.09099459205266872 0.08121827411167512
0 0.8521043968963086 0.8999769266266728 0.07712203150717141 0.07729580064605446
0 0.8196567129085351 0.8447161975080757 0.0790030566658829 0.07521919704660822
0 0.7566423700917 0.7414628518689432 0.06912767458264754 0.06760498384863867
0 0.7010345638372913 0.634402399630826 0.051493063719727256 0.049146285186894324
0 0.5648953679755467 0.43274111675126903 0.05572537032682812 0.05053068758652515
0 0.5096402539383964 0.30768343331795106 0.07218434046555373 0.06622058144900785
0 0.48048436397836825 0.2542685740655284 0.07923818481072185 0.07798800184586986
0 0.09757818010815895 0.3759806183664052 0.08652715730072891 0.08283341024457776
0 0.33129555607806255 0.14593908629441624 0.07006818716200329 0.06575911398246423
