0 0.7985 0.767375 0.006 0.00625
0 0.79625 0.757375 0.006 0.00675
0 0.7817500000000001 0.76025 0.0055 0.006500000000000001
0 0.7126250000000001 0.867375 0.00675 0.00725
0 0.7186250000000001 0.865125 0.00625 0.00775
0 0.709875 0.855 0.00675 0.006500000000000001
0 0.70925 0.84025 0.006500000000000001 0.006
0 0.69375 0.87825 0.006 0.005
0 0.98875 0.51825 0.014 0.014
0 0.68925 0.87925 0.005 0.0045000000000000005
0 0.673625 0.88325 0.00525 0.0045000000000000005
0 0.676875 0.884875 0.00575 0.00425
0 0.69925 0.823875 0.005 0.00425
0 0.702375 0.82575 0.00475 0.004
0 0.69725 0.826625 0.004 0.0032500000000000003
0 0.694125 0.8250000000000001 0.00375 0.0035
0 0.6920000000000001 0.82775 0.0035 0.003
0 0.799875 0.77275 0.00625 0.006500000000000001
0 0.7975 0.762 0.006 0.006
0 0.782375 0.744375 0.00725 0.00825
