7 0.4262753319357093 0.62075 0.03214535290006988 0.037
1 0.41020265548567436 0.825375 0.009783368273934312 0.00725
1 0.09864896342883765 0.760125 0.011879804332634521 0.014750000000000001
1 0.40030281854181227 0.549625 0.015606801770323784 0.01625
1 0.40146750524109015 0.5265 0.021663172606568835 0.02
1 0.37829023992546007 0.384625 0.008851618914511996 0.00975
1 0.4550430934078733 0.196875 0.015140927090612625 0.014750000000000001
1 0.13964593524341953 0.83025 0.008618681574656418 0.0085
1 0.09631959003028186 0.806625 0.010482180293501049 0.01225
1 0.16014442115071045 0.702875 0.010482180293501049 0.012750000000000001
1 0.04320987654320988 0.34700000000000003 0.007221057535522945 0.01
1 0.08572094106685302 0.7615000000000001 0.02702073142324715 0.051500000000000004
12 0.004891684136967156 0.04525 0.006522245515956208 0.008
13 0.025273701374330305 0.114875 0.03237829023992546 0.03625
7 0.4550430934078733 0.440875 0.04449103191241556 0.04675
12 0.9301187980433264 0.752125 0.0121127416724901 0.014750000000000001
12 0.795946890286513 0.5337500000000001 0.008851618914511996 0.0095
2 0.5358723503377592 0.439875 0.00815280689494526 0.00875
2 0.5288842301420917 0.441875 0.006755182855811787 0.00825
2 0.5216631726065688 0.444 0.00815280689494526 0.009000000000000001
2 0.5358723503377592 0.42625 0.007221057535522945 0.0075
2 0.5334265082692756 0.41825 0.007453994875378523 0.0075
2 0.5041928721174004 0.45387500000000003 0.007221057535522945 0.00725
7 0.38283251805264384 0.344625 0.030980666200791988 0.02825
12 0.5023293733985558 0.58325 0.01420917773119031 0.0195
6 0.5517120894479385 0.88875 0.04402515723270441 0.0395
8 0.40018634987188445 0.924125 0.014907989750757047 0.00875
8 0.06533892382948987 0.786125 0.007221057535522945 0.00675
12 0.047519217330538085 0.616125 0.02469135802469136 0.02775
1 0.4062427207081295 0.849 0.008851618914511996 0.007
1 0.35092010249242955 0.70525 0.011413929652923364 0.0105
7 0.43897041695783834 0.63275 0.024924295364546937 0.0325
1 0.3492895411134405 0.7015 0.011413929652923364 0.0095
7 0.449685534591195 0.643625 0.024924295364546937 0.03075
7 0.46226415094339623 0.650625 0.018867924528301886 0.02475
7 0.3469601677148847 0.726125 0.04216165851385977 0.03725
7 0.3588399720475192 0.74825 0.03657116235732588 0.032
7 0.36978802702073144 0.762125 0.030980666200791988 0.02825
7 0.37759142790589334 0.7765 0.02888423014209178 0.026000000000000002
7 0.3842301420917773 0.788375 0.02632191940368041 0.02275
7 0.3923829489867226 0.798625 0.02212904728627999 0.01925
7 0.39739110179361753 0.807 0.019100861868157466 0.016
7 0.4028651292802236 0.8180000000000001 0.019799673887724203 0.018000000000000002
1 0.10866526904262754 0.6715 0.0058234334963894714 0.023
1 0.4088050314465409 0.83825 0.00791986955508968 0.0045000000000000005
1 0.40670859538784065 0.840875 0.008851618914511996 0.00475
1 0.4063591893780573 0.85575 0.007686932215234102 0.004
1 0.4075238760773352 0.8346250000000001 0.009550430934078733 0.00525
1 0.3271604938271605 0.907875 0.013743303051479153 0.02475
1 0.286512928022362 0.925625 0.023293733985557886 0.02875
1 0.11716748194735617 0.89325 0.029350104821802937 0.0285
1 0.15187514558583742 0.8605 0.04379221989284882 0.043500000000000004
1 0.286512928022362 0.65075 0.01630561378989052 0.027
1 0.3066620079198696 0.65825 0.012811553692056837 0.018000000000000002
1 0.31644537619380386 0.662625 0.011413929652923364 0.01725
1 0.3342650826927557 0.675875 0.01583973911017936 0.01175
1 0.3361285814116003 0.681 0.015373864430468204 0.012
1 0.33904029815979503 0.685125 0.015140927090612625 0.01175
1 0.34102026554856746 0.6900000000000001 0.014907989750757047 0.012
1 0.34742604239459585 0.697625 0.011879804332634521 0.01025
12 0.037968786396459356 0.544625 0.0121127416724901 0.01325
