0 0.8466250000000001 0.938125 0.017750000000000002 0.017750000000000002
0 0.84575 0.894 0.0155 0.014
0 0.589375 0.826125 0.01925 0.01875
0 0.5201250000000001 0.816875 0.021750000000000002 0.02325
0 0.40075 0.95675 0.009000000000000001 0.0095
0 0.37975000000000003 0.9845 0.017 0.017
2 0.019125 0.35475 0.00725 0.006
2 0.016875 0.34850000000000003 0.00675 0.0055
2 0.95325 0.926 0.006500000000000001 0.006
0 0.754625 0.994375 0.017750000000000002 0.010750000000000001
0 0.783375 0.9752500000000001 0.01675 0.017
0 0.848125 0.867375 0.01875 0.017750000000000002
0 0.954125 0.05275 0.01825 0.0155
2 0.27325 0.9665 0.0075 0.0075
12 0.01525 0.72675 0.01 0.0105
12 0.026125 0.691875 0.01025 0.01125
2 0.015 0.44475000000000003 0.0225 0.021
2 0.034 0.414875 0.0075 0.00725
2 0.005875 0.32925 0.010750000000000001 0.0135
0 0.629375 0.7831250000000001 0.01875 0.01875
0 0.604375 0.745625 0.00775 0.00825
0 0.639125 0.7721250000000001 0.012750000000000001 0.012750000000000001
0 0.74175 0.7825 0.008 0.0105
0 0.900875 0.857125 0.01825 0.017750000000000002
0 0.897375 0.745625 0.01675 0.01725
0 0.861375 0.718375 0.01375 0.01575
0 0.8270000000000001 0.751125 0.018000000000000002 0.01725
0 0.8155 0.76375 0.019 0.0195
0 0.783625 0.774625 0.00925 0.012750000000000001
0 0.769375 0.7781250000000001 0.01025 0.01325
0 0.79325 0.65425 0.0195 0.019
0 0.621125 0.7245 0.010750000000000001 0.011
0 0.818125 0.606 0.017750000000000002 0.018000000000000002
0 0.7665000000000001 0.573375 0.0235 0.02375
0 0.75275 0.667 0.012 0.0145
0 0.72875 0.65225 0.025500000000000002 0.025500000000000002
0 0.717125 0.698625 0.014750000000000001 0.01675
0 0.67325 0.7455 0.0175 0.0175
0 0.637125 0.71075 0.01425 0.015
12 0.0115 0.231625 0.021500000000000002 0.03875
