2 0.2115742897065673 0.16425 0.0034932463903120633 0.0035
2 0.29948765719608755 0.1255 0.007918025151374011 0.008
2 0.31707033069399165 0.2265 0.010945505356311133 0.0125
2 0.2714252445272473 0.19112500000000002 0.008150908244061481 0.00825
2 0.31613879832324177 0.192625 0.010013972985561248 0.01125
2 0.3338379133674895 0.2 0.010945505356311133 0.0115
2 0.3501397298556125 0.21 0.006753609687936656 0.0075
2 0.36609222170470423 0.199875 0.010246856078248719 0.01125
2 0.35142058686539357 0.1885 0.011178388448998603 0.0115
2 0.28924080111783884 0.1875 0.010246856078248719 0.0105
2 0.2626921285514672 0.154375 0.011178388448998603 0.01225
2 0.2723567768979972 0.172125 0.00768514205868654 0.00775
2 0.2812063344201211 0.150375 0.010945505356311133 0.01125
2 0.3338379133674895 0.17675 0.011411271541686073 0.0125
2 0.3656264555193293 0.163625 0.008849557522123894 0.00775
2 0.3681881695388915 0.180125 0.007918025151374011 0.00825
2 0.3504890544946437 0.152 0.011644154634373545 0.012
2 0.30635770843036797 0.18075 0.005822077317186773 0.006500000000000001
2 0.30496040987424317 0.17425000000000002 0.00535631113181183 0.0055
2 0.3077550069864928 0.1635 0.007219375873311598 0.006500000000000001
2 0.3021658127619935 0.14525 0.01047973917093619 0.01
2 0.2806241266884024 0.21 0.007918025151374011 0.009000000000000001
2 0.2915696320447136 0.226625 0.01304145319049837 0.01375
2 0.23334885887284584 0.187 0.0069864927806241265 0.008
2 0.150093153237075 0.0755 0.00535631113181183 0.006
2 0.18234746157428972 0.163875 0.010246856078248719 0.01025
2 0.18653935724266418 0.177375 0.010246856078248719 0.010750000000000001
2 0.08768048439683279 0.12562500000000001 0.006753609687936656 0.00675
2 0.11248253376804844 0.10825 0.004191895668374477 0.004
2 0.11341406613879833 0.11275 0.0037261294829995344 0.004
2 0.11492780624126689 0.11825000000000001 0.004424778761061947 0.005
2 0.14077782952957615 0.061375 0.00535631113181183 0.00575
2 0.14834653004191897 0.045625 0.0055891942244993015 0.00625
2 0.14823008849557523 0.058875000000000004 0.00535631113181183 0.00575
2 0.25500698649278064 0.17275000000000001 0.01071262226362366 0.0105
2 0.1665114112715417 0.07275 0.006054960409874244 0.006
2 0.1573125291103866 0.090125 0.0034932463903120633 0.00425
2 0.1786213320912902 0.080875 0.004657661853749418 0.00425
2 0.19294364229156963 0.193375 0.005822077317186773 0.00725
2 0.2056357708430368 0.1905 0.0069864927806241265 0.006500000000000001
2 0.2009781089892874 0.175125 0.008383791336748953 0.00875
2 0.1953889147647881 0.16225 0.007452258965999069 0.009000000000000001
2 0.23893805309734514 0.202625 0.007452258965999069 0.00775
2 0.3242897065673032 0.139125 0.010945505356311133 0.01125
2 0.3124126688402422 0.12712500000000002 0.006753609687936656 0.00725
2 0.21006054960409876 0.160375 0.0037261294829995344 0.00375
2 0.33057755006986494 0.113125 0.010945505356311133 0.01125
2 0.3573591057289241 0.021875000000000002 0.00535631113181183 0.00575
2 0.34129017233348863 0.012625 0.004890544946436889 0.00475
2 0.3566604564508617 0.051375000000000004 0.0039590125756870055 0.00475
2 0.3602701443875175 0.052000000000000005 0.004191895668374477 0.004
2 0.36516068933395435 0.0425 0.0037261294829995344 0.0035
2 0.36574289706567303 0.03675 0.0039590125756870055 0.004
2 0.36574289706567303 0.033375 0.0039590125756870055 0.00375
2 0.36003726129483 0.033875 0.0037261294829995344 0.0032500000000000003
2 0.3557289240801118 0.034875 0.0034932463903120633 0.00375
2 0.26455519329296695 0.135 0.008849557522123894 0.009000000000000001
2 0.24755472752678157 0.151375 0.006520726595249185 0.00725
2 0.2449930135072194 0.143375 0.0069864927806241265 0.00725
2 0.19026548672566373 0.12775 0.004657661853749418 0.004
2 0.19061481136469494 0.13325 0.0034932463903120633 0.0035
2 0.19212855146716348 0.1385 0.004657661853749418 0.0045000000000000005
2 0.1964368886818817 0.1375 0.0039590125756870055 0.004
2 0.19899860270144387 0.144625 0.004424778761061947 0.00475
2 0.20086166744294365 0.151125 0.0039590125756870055 0.00525
2 0.20796460176991152 0.165 0.004191895668374477 0.0045000000000000005
2 0.35211923614345597 0.02375 0.0055891942244993015 0.006
2 0.34373544480670704 0.027375 0.0055891942244993015 0.00675
2 0.34233814625058223 0.01975 0.005123428039124359 0.005
2 0.35491383325570564 0.043250000000000004 0.008383791336748953 0.0095
2 0.31904983698183514 0.10400000000000001 0.01071262226362366 0.0105
2 0.3345365626455519 0.09875 0.008150908244061481 0.008
2 0.2996040987424313 0.08737500000000001 0.014205868653935725 0.01425
2 0.31776897997205406 0.090875 0.009548206800186306 0.00925
2 0.334070796460177 0.082375 0.008150908244061481 0.00825
2 0.31788542151839777 0.0805 0.0055891942244993015 0.0055
2 0.29913833255705635 0.062625 0.016534699580810434 0.01625
2 0.3267349790405217 0.060125 0.01071262226362366 0.01225
2 0.32999534233814626 0.03025 0.006520726595249185 0.006500000000000001
2 0.2706101537028412 0.033625 0.0037261294829995344 0.00425
2 0.25465766185374944 0.02525 0.004890544946436889 0.0055
2 0.25966464834653 0.023875 0.004657661853749418 0.00525
2 0.26432231020027946 0.024 0.004191895668374477 0.0045000000000000005
2 0.26886353050768513 0.023125 0.0039590125756870055 0.00425
2 0.25547275267815556 0.034125 0.0037261294829995344 0.00375
2 0.2600139729855613 0.032875 0.004424778761061947 0.00525
2 0.26490451793199815 0.029875000000000002 0.0034932463903120633 0.00425
2 0.26571960875640427 0.034125 0.0037261294829995344 0.00425
12 0.932231020027946 0.950625 0.015836050302748022 0.017750000000000002
