0 0.450125 0.3235294117647059 0.010750000000000001 0.006223649869504116
0 0.43425 0.3331660309174865 0.016 0.011845011041959445
0 0.45125 0.4188917887974302 0.017 0.015458743224252159
0 0.4195 0.39058422003613735 0.012 0.010238907849829351
0 0.414625 0.4008231278859667 0.01125 0.010238907849829351
0 0.389625 0.6238707086930335 0.01375 0.013451114234089541
2 0.179625 0.4432844810279061 0.00675 0.0056213611724553305
2 0.172125 0.44398715117446297 0.00675 0.005420598273439069
0 0.008375 0.43555510941577996 0.00725 0.006223649869504116
0 0.033875 0.4336478618751255 0.00725 0.006022886970487854
0 0.032875 0.42049789198956034 0.00725 0.005822124071471592
0 0.00775 0.42280666532824734 0.007 0.007227464364585425
0 0.01325 0.48283477213410964 0.0125 0.012447299739008232
12 0.10325000000000001 0.3792411162417185 0.0095 0.007628990162617948
3 0.0775 0.355049186910259 0.0195 0.016261794820317206
