10 0.4899749373433584 0.20614035087719296 0.020885547201336674 0.02756892230576441
9 0.7263993316624895 0.6651002506265664 0.03759398496240601 0.05325814536340852
9 0.5421888053467001 0.7271303258145363 0.03842940685045948 0.05200501253132832
9 0.5651629072681704 0.7177318295739348 0.03926482873851295 0.05576441102756892
9 0.5893901420217209 0.7111528822055138 0.03926482873851295 0.05263157894736842
9 0.6098579782790309 0.7039473684210525 0.040100250626566414 0.05576441102756892
9 0.6303258145363408 0.6892230576441103 0.030910609857978277 0.041353383458646614
9 0.7034252297410192 0.6735588972431077 0.04177109440267335 0.05513784461152882
9 0.38387635756056804 0.7089598997493733 0.04427736006683375 0.05701754385964912
9 0.6144527986633249 0.6231203007518796 0.042606516290726815 0.05576441102756892
9 0.40392648287385124 0.6939223057644109 0.042606516290726815 0.05576441102756892
9 0.4269005847953216 0.6892230576441103 0.04344193817878028 0.06015037593984962
9 0.449874686716792 0.6838972431077693 0.04594820384294068 0.05701754385964912
9 0.4991645781119465 0.6651002506265664 0.04093567251461988 0.05325814536340852
9 0.5225563909774436 0.6560150375939849 0.042606516290726815 0.05764411027568922
9 0.5472013366750208 0.6494360902255639 0.04845446950710108 0.05701754385964912
9 0.518796992481203 0.7359022556390977 0.03842940685045948 0.05325814536340852
9 0.46867167919799496 0.7518796992481203 0.03842940685045948 0.05137844611528822
9 0.4469507101086048 0.7587719298245613 0.03842940685045948 0.05388471177944862
9 0.6779448621553884 0.6779448621553884 0.042606516290726815 0.05764411027568922
9 0.7994987468671679 0.6105889724310777 0.07351712614870509 0.019423558897243107
9 0.7957393483709273 0.5924185463659147 0.07268170426065163 0.019423558897243107
9 0.7819548872180451 0.5739348370927317 0.08020050125313283 0.021303258145363407
9 0.7593984962406015 0.5426065162907268 0.07184628237259816 0.017543859649122806
9 0.7489557226399332 0.5234962406015037 0.07268170426065163 0.021929824561403508
9 0.7364243943191311 0.5072055137844611 0.07602339181286549 0.018170426065162906
9 0.7000835421888053 0.45551378446115287 0.0835421888053467 0.015037593984962405
9 0.6967418546365914 0.4364035087719298 0.07184628237259816 0.018170426065162906
10 0.5743525480367585 0.11278195488721804 0.034252297410192145 0.022556390977443608
10 0.617376775271512 0.11215538847117794 0.04845446950710108 0.03007518796992481
10 0.32748538011695905 0.2713032581453634 0.023391812865497075 0.03007518796992481
10 0.264828738512949 0.2973057644110276 0.02506265664160401 0.02694235588972431
10 0.24436090225563908 0.30545112781954886 0.025898078529657476 0.02694235588972431
9 0.5902255639097744 0.6337719298245613 0.04093567251461988 0.05451127819548872
9 0.6370091896407686 0.6137218045112781 0.04093567251461988 0.05325814536340852
10 0.7389306599832915 0.03477443609022556 0.03592314118629908 0.03446115288220551
9 0.45238095238095233 0.32675438596491224 0.030910609857978277 0.03320802005012531
9 0.4051796157059315 0.45739348370927313 0.05513784461152882 0.05513784461152882
9 0.5906432748538011 0.33865914786967416 0.04344193817878028 0.04949874686716792
9 0.5935672514619883 0.406641604010025 0.047619047619047616 0.05513784461152882
9 0.5655806182121972 0.3508771929824561 0.04177109440267335 0.05137844611528822
9 0.329156223893066 0.36936090225563906 0.05012531328320802 0.03195488721804511
9 0.4093567251461988 0.3430451127819549 0.03508771929824561 0.03822055137844611
9 0.10025062656641603 0.36779448621553884 0.026733500417710943 0.03508771929824561
9 0.6641604010025062 0.6077694235588972 0.04344193817878028 0.05513784461152882
9 0.46741854636591473 0.21459899749373432 0.03592314118629908 0.040726817042606514
9 0.06307435254803676 0.2988721804511278 0.047619047619047616 0.02631578947368421
9 0.05054302422723475 0.28540100250626566 0.055973266499582286 0.03320802005012531
9 0.08020050125313283 0.21083959899749372 0.03842940685045948 0.03822055137844611
9 0.5969089390142022 0.1519423558897243 0.11779448621553884 0.06829573934837092
9 0.6984126984126984 0.10119047619047619 0.0785296574770259 0.044486215538847115
9 0.379281537176274 0.45927318295739344 0.04177109440267335 0.041353383458646614
9 0.3007518796992481 0.45050125313283207 0.05513784461152882 0.043859649122807015
9 0.23725981620718462 0.48182957393483705 0.06850459482038429 0.05137844611528822
9 0.19883040935672514 0.5034461152882205 0.06349206349206349 0.05576441102756892
9 0.27652464494569756 0.575187969924812 0.036758563074352546 0.06015037593984962
9 0.5033416875522139 0.5184837092731829 0.055973266499582286 0.06077694235588972
9 0.41395154553049285 0.43796992481203006 0.04093567251461988 0.03884711779448621
9 0.42898913951545525 0.4307644110275689 0.04093567251461988 0.03696741854636591
9 0.3107769423558897 0.6356516290726817 0.05012531328320802 0.05325814536340852
9 0.28696741854636587 0.6431704260651628 0.042606516290726815 0.044486215538847115
9 0.26524644945697573 0.6550751879699248 0.055973266499582286 0.06077694235588972
9 0.24018379281537175 0.6622807017543859 0.04928989139515455 0.05639097744360902
9 0.2172096908939014 0.6701127819548872 0.04845446950710108 0.05451127819548872
9 0.341687552213868 0.7725563909774436 0.04845446950710108 0.040100250626566414
9 0.47326649958228906 0.8267543859649122 0.12280701754385964 0.05827067669172932
9 0.28696741854636587 0.8621553884711779 0.12781954887218044 0.05764411027568922
9 0.6875522138680032 0.6008771929824561 0.040100250626566414 0.05388471177944862
10 0.1871345029239766 0.3298872180451128 0.028404344193817876 0.03070175438596491
10 0.16499582289055972 0.33771929824561403 0.025898078529657476 0.02882205513784461
10 0.14327485380116958 0.34774436090225563 0.029239766081871343 0.03007518796992481
10 0.42815371762740184 0.4630325814536341 0.025898078529657476 0.023809523809523808
10 0.29615705931495406 0.6848370927318296 0.04427736006683375 0.02631578947368421
10 0.5480367585630743 0.5491854636591479 0.03341687552213868 0.03070175438596491
10 0.5651629072681704 0.5410401002506265 0.02756892230576441 0.02443609022556391
10 0.5818713450292398 0.5385338345864661 0.02756892230576441 0.02694235588972431
10 0.6027568922305764 0.5350877192982456 0.029239766081871343 0.02882205513784461
10 0.5747702589807853 0.5166040100250626 0.03842940685045948 0.021929824561403508
10 0.4427736006683375 0.4583333333333333 0.031746031746031744 0.02819548872180451
10 0.40893901420217205 0.2324561403508772 0.025898078529657476 0.02506265664160401
10 0.2982456140350877 0.5739348370927317 0.02172096908939014 0.02882205513784461
10 0.31746031746031744 0.5488721804511278 0.023391812865497075 0.03007518796992481
10 0.3913951545530493 0.5272556390977443 0.02422723475355054 0.03070175438596491
10 0.42314118629908104 0.5275689223057644 0.02756892230576441 0.02882205513784461
10 0.4365079365079365 0.5206766917293233 0.02756892230576441 0.02756892230576441
10 0.44862155388471175 0.5137844611528821 0.026733500417710943 0.02882205513784461
10 0.6528822055137844 0.6889097744360901 0.02422723475355054 0.02694235588972431
10 0.49122807017543857 0.7465538847117794 0.02506265664160401 0.02944862155388471
10 0.032999164578111945 0.7258771929824561 0.029239766081871343 0.02819548872180451
10 0.07602339181286549 0.7835213032581453 0.031746031746031744 0.03070175438596491
10 0.09523809523809523 0.8073308270676691 0.026733500417710943 0.02568922305764411
10 0.12322472848788638 0.8414786967418546 0.03258145363408521 0.03258145363408521
10 0.07351712614870509 0.8486842105263157 0.03007518796992481 0.02819548872180451
10 0.05847953216374269 0.8558897243107769 0.028404344193817876 0.02756892230576441
10 0.04302422723475355 0.8609022556390977 0.029239766081871343 0.02631578947368421
10 0.01670843776106934 0.8765664160401002 0.026733500417710943 0.02506265664160401
10 0.14786967418546365 0.8796992481203008 0.03341687552213868 0.03007518796992481
10 0.13408521303258145 0.8862781954887218 0.034252297410192145 0.03070175438596491
10 0.11904761904761904 0.8928571428571428 0.034252297410192145 0.03258145363408521
10 0.02422723475355054 0.931704260651629 0.031746031746031744 0.02882205513784461
10 0.7101086048454469 0.47274436090225563 0.03508771929824561 0.011904761904761904
10 0.7197159565580618 0.4896616541353383 0.03926482873851295 0.013157894736842105
10 0.8312447786131996 0.7020676691729323 0.036758563074352546 0.021929824561403508
10 0.4653299916457811 0.506578947368421 0.026733500417710943 0.02819548872180451
10 0.5238095238095237 0.5090852130325815 0.028404344193817876 0.02568922305764411
10 0.5096073517126148 0.48778195488721804 0.028404344193817876 0.02694235588972431
10 0.38763575605680867 0.3471177944862155 0.02506265664160401 0.02882205513784461
10 0.48746867167919794 0.3164160401002506 0.022556390977443608 0.022556390977443608
10 0.36257309941520466 0.30795739348370926 0.026733500417710943 0.02568922305764411
10 0.2698412698412698 0.3489974937343358 0.028404344193817876 0.02882205513784461
10 0.23893065998329155 0.3615288220551378 0.026733500417710943 0.02756892230576441
10 0.20676691729323307 0.375 0.02756892230576441 0.02694235588972431
10 0.1908939014202172 0.38283208020050125 0.025898078529657476 0.02506265664160401
10 0.16123642439431912 0.4006892230576441 0.03007518796992481 0.02819548872180451
10 0.14327485380116958 0.4038220551378446 0.030910609857978277 0.03070175438596491
10 0.12823725981620718 0.41040100250626566 0.030910609857978277 0.02882205513784461
10 0.22765246449456975 0.42167919799498743 0.02422723475355054 0.02631578947368421
10 0.24937343358395989 0.4122807017543859 0.025898078529657476 0.02882205513784461
10 0.27151211361737676 0.4031954887218045 0.02506265664160401 0.02819548872180451
10 0.29406850459482037 0.39348370927318294 0.023391812865497075 0.02631578947368421
10 0.3659147869674185 0.3599624060150376 0.023391812865497075 0.02694235588972431
10 0.4928989139515455 0.362468671679198 0.031746031746031744 0.03070175438596491
10 0.5488721804511278 0.4934210526315789 0.028404344193817876 0.02819548872180451
10 0.467000835421888 0.369047619047619 0.031746031746031744 0.02756892230576441
10 0.44862155388471175 0.3731203007518797 0.03007518796992481 0.02694235588972431
10 0.4344193817878028 0.3787593984962406 0.03007518796992481 0.02819548872180451
10 0.41604010025062654 0.38345864661654133 0.028404344193817876 0.02882205513784461
10 0.38972431077694236 0.39536340852130325 0.025898078529657476 0.023809523809523808
10 0.37259816207184626 0.40350877192982454 0.02506265664160401 0.02631578947368421
10 0.347953216374269 0.4113408521303258 0.029239766081871343 0.02443609022556391
10 0.3333333333333333 0.41854636591478694 0.028404344193817876 0.02506265664160401
10 0.26691729323308266 0.449874686716792 0.034252297410192145 0.02631578947368421
10 0.15371762740183792 0.45238095238095233 0.023391812865497075 0.023809523809523808
10 0.48663324979114453 0.4332706766917293 0.03258145363408521 0.03195488721804511
10 0.5041771094402673 0.43045112781954886 0.029239766081871343 0.02756892230576441
10 0.4878863826232247 0.40789473684210525 0.03007518796992481 0.02882205513784461
10 0.5100250626566416 0.4013157894736842 0.029239766081871343 0.02694235588972431
9 0.763157894736842 0.06766917293233082 0.07769423558897243 0.045112781954887216
