9 0.9467279610600325 0.38879456706281834 0.020010816657652787 0.06451612903225806
9 0.6855056787452678 0.3331918505942275 0.03082747431043808 0.08404074702886248
9 0.8553272038939969 0.4363327674023769 0.03299080584099513 0.0831918505942275
9 0.8723634396971337 0.4342105263157895 0.03569497025419146 0.08404074702886248
9 0.9015684153596539 0.4197792869269949 0.03569497025419146 0.08404074702886248
9 0.7858301784748514 0.40195246179966043 0.058409951325040566 0.04838709677419355
9 0.672796106003245 0.4524617996604414 0.057328285559762035 0.03904923599320883
9 0.5689561925365063 0.48514431239388794 0.06057328285559763 0.046689303904923596
9 0.5113574905354246 0.5067911714770797 0.0502974580854516 0.03395585738539898
9 0.5332612222823148 0.45458404074702885 0.057328285559762035 0.04499151103565365
9 0.6095186587344511 0.4189303904923599 0.06165494862087616 0.038200339558573854
9 0.6725256895619254 0.39728353140916806 0.055705786911844246 0.040747028862478774
9 0.7428339643050298 0.30008488964346347 0.03299080584099513 0.08234295415959253
9 0.7303948080043268 0.3119694397283531 0.03082747431043808 0.07724957555178268
9 0.7163331530557059 0.31918505942275044 0.029745808545159548 0.08149405772495755
9 0.7011898323418064 0.3264006791171477 0.029745808545159548 0.08234295415959253
9 0.6571119524067064 0.34889643463497455 0.030286641427798813 0.07979626485568761
9 0.3964305029745809 0.4465195246179966 0.027041644131963225 0.0865874363327674
9 0.6414277988101678 0.3522920203735144 0.027041644131963225 0.07979626485568761
9 0.627906976744186 0.3531409168081494 0.028123309897241756 0.08149405772495755
9 0.6138453217955652 0.3569609507640068 0.028123309897241756 0.08573853989813243
9 0.5959978366684695 0.3595076400679117 0.02271498107084911 0.08064516129032258
9 0.5803136830719308 0.36460101867572153 0.023796646836127637 0.08404074702886248
9 0.5635478637101137 0.3730899830220713 0.027041644131963225 0.08573853989813243
9 0.5462412114656572 0.3875212224108659 0.025959978366684698 0.08743633276740237
9 0.5164954029204976 0.4028013582342954 0.024878312601406168 0.08404074702886248
9 0.5005408328826393 0.4053480475382003 0.024337479718766902 0.08404074702886248
9 0.45240670632774477 0.4859932088285229 0.05678745267712278 0.046689303904923596
9 0.4707950243374798 0.4095925297113752 0.021092482422931314 0.08573853989813243
9 0.4561925365062196 0.41468590831918506 0.024337479718766902 0.08573853989813243
9 0.4415900486749595 0.4244482173174873 0.02650081124932396 0.0831918505942275
9 0.4267171444023797 0.43548387096774194 0.023796646836127637 0.08149405772495755
9 0.8372093023255814 0.4265704584040747 0.031368307193077344 0.08234295415959253
9 0.8244997295835588 0.44524617996604415 0.03082747431043808 0.08404074702886248
9 0.8107084910762575 0.45161290322580644 0.031368307193077344 0.08488964346349745
9 0.7966468361276366 0.4617996604414261 0.030286641427798813 0.08488964346349745
9 0.5435370470524609 0.6460101867572157 0.028123309897241756 0.08488964346349745
9 0.5300162249864793 0.652376910016978 0.025959978366684698 0.08404074702886248
9 0.5183883180097351 0.6634125636672326 0.028664142779881017 0.08404074702886248
9 0.5054083288263926 0.6727504244482173 0.028664142779881017 0.08404074702886248
9 0.48945375878853437 0.6778438030560272 0.030286641427798813 0.08573853989813243
9 0.44483504597079504 0.6044142614601019 0.03190914007571661 0.08828522920203735
9 0.4588967009194159 0.5984719864176571 0.02758247701460249 0.08488964346349745
9 0.4724175229853975 0.5925297113752123 0.02758247701460249 0.0865874363327674
9 0.48674959437533805 0.5882852292020373 0.028123309897241756 0.08488964346349745
9 0.4989183342347215 0.5721561969439728 0.028664142779881017 0.08488964346349745
9 0.5127095727420228 0.5674872665534805 0.029204975662520283 0.08573853989813243
9 0.5256895619253651 0.5640916808149405 0.028123309897241756 0.08573853989813243
9 0.5392103839913467 0.5568760611205433 0.029204975662520283 0.08488964346349745
9 0.5565170362358032 0.5573005093378608 0.031368307193077344 0.08573853989813243
9 0.5700378583017848 0.5500848896434635 0.027041644131963225 0.0831918505942275
9 0.5830178474851272 0.5420203735144312 0.028123309897241756 0.08234295415959253
9 0.5978907517577069 0.5318336162988115 0.02758247701460249 0.08404074702886248
9 0.6135749053542456 0.5237691001697793 0.02758247701460249 0.08488964346349745
9 0.6292590589507843 0.516553480475382 0.028664142779881017 0.08404074702886248
9 0.6462952947539211 0.5212224108658744 0.028123309897241756 0.0831918505942275
9 0.6627906976744187 0.5203735144312394 0.029745808545159548 0.0865874363327674
9 0.6784748512709573 0.5169779286926994 0.02758247701460249 0.08488964346349745
9 0.6938885884261764 0.5123089983022071 0.029204975662520283 0.08404074702886248
9 0.7082206598161169 0.5055178268251274 0.02758247701460249 0.08234295415959253
9 0.7225527312060573 0.4940577249575552 0.030286641427798813 0.0831918505942275
9 0.7385073012439157 0.49108658743633277 0.029745808545159548 0.08064516129032258
9 0.7536506219578151 0.483446519524618 0.03082747431043808 0.08404074702886248
9 0.7679826933477556 0.47538200339558573 0.03244997295835587 0.08149405772495755
9 0.7823147647376961 0.4685908319185059 0.03190914007571661 0.0831918505942275
9 0.4107625743645214 0.44100169779286924 0.025419145484045433 0.08404074702886248
9 0.3804759329367226 0.4473684210526316 0.028664142779881017 0.08488964346349745
10 0.8320713899405084 0.37266553480475384 0.02758247701460249 0.028862478777589132
9 0.2809626825310979 0.13794567062818336 0.028664142779881017 0.08404074702886248
9 0.5267712276906437 0.0831918505942275 0.023796646836127637 0.0831918505942275
9 0.5129799891833424 0.08701188455008489 0.024337479718766902 0.08234295415959253
9 0.48053001622498653 0.09252971137521222 0.021092482422931314 0.08488964346349745
9 0.49621416982152516 0.08955857385398981 0.025419145484045433 0.08743633276740237
9 0.46538669551108713 0.09507640067911714 0.022174148188209845 0.0865874363327674
9 0.4499729583558681 0.09762308998302208 0.02163331530557058 0.0831918505942275
9 0.41968631692806924 0.10908319185059423 0.020551649540292052 0.08234295415959253
9 0.40292049756625203 0.10611205432937182 0.02271498107084911 0.08149405772495755
9 0.3856138453217956 0.10865874363327674 0.028123309897241756 0.0865874363327674
9 0.35586803677663603 0.1065365025466893 0.029204975662520283 0.08913412563667232
9 0.340454299621417 0.11629881154499151 0.02650081124932396 0.0865874363327674
9 0.32666306111411575 0.12521222410865873 0.027041644131963225 0.08573853989813243
9 0.31043807463493783 0.12011884550084889 0.023796646836127637 0.08404074702886248
9 0.29529475392103843 0.12818336162988114 0.029204975662520283 0.0865874363327674
9 0.2658193618171985 0.14176570458404075 0.029745808545159548 0.0865874363327674
9 0.5870740941049216 0.13497453310696095 0.05895078420767983 0.030560271646859084
9 0.25202812330989727 0.15237691001697792 0.03244997295835587 0.08743633276740237
9 0.4702541914548405 0.3174872665534805 0.028664142779881017 0.08488964346349745
9 0.45700378583017853 0.32173174872665533 0.028123309897241756 0.0831918505942275
9 0.4437533802055165 0.3272495755517827 0.029745808545159548 0.08573853989813243
9 0.42806922660897784 0.3348896434634974 0.029745808545159548 0.08573853989813243
9 0.4118442401297999 0.33743633276740237 0.02758247701460249 0.08404074702886248
9 0.39886425094645755 0.3522920203735144 0.02758247701460249 0.08149405772495755
9 0.3545159545700379 0.36587436332767403 0.02758247701460249 0.0831918505942275
9 0.3834505137912385 0.3569609507640068 0.027041644131963225 0.08064516129032258
9 0.36857760951865876 0.3599320882852292 0.02758247701460249 0.08149405772495755
9 0.2888047593293672 0.3904923599320883 0.049756625202812335 0.04584040747028863
9 0.28015143320713903 0.36969439728353143 0.048674959437533805 0.04499151103565365
9 0.2674418604651163 0.3259762308998302 0.04921579232017307 0.04753820033955857
9 0.25770686857760955 0.29796264855687604 0.04921579232017307 0.04923599320882852
9 0.5405624661979449 0.0734295415959253 0.02758247701460249 0.08913412563667232
9 0.5611141157382369 0.08361629881154499 0.03082747431043808 0.08404074702886248
9 0.5914007571660357 0.07809847198641766 0.028664142779881017 0.0831918505942275
9 0.6060032449972959 0.06451612903225806 0.03082747431043808 0.09168081494057725
9 0.45592212006489996 0.2606112054329372 0.048674959437533805 0.03565365025466893
9 0.3561384532179557 0.18548387096774194 0.052460789616008655 0.031409168081494056
9 0.4050838290968091 0.20246179966044142 0.051919956733369396 0.038200339558573854
9 0.4645754461871282 0.18505942275042445 0.051919956733369396 0.03395585738539898
9 0.5224445646295295 0.14770797962648557 0.05516495402920498 0.03225806451612903
9 0.4091400757166036 0.1697792869269949 0.0502974580854516 0.027164685908319185
9 0.4678204434829638 0.16044142614601017 0.05300162249864792 0.03395585738539898
9 0.5113574905354246 0.24066213921901528 0.054624121146565716 0.038200339558573854
9 0.5751757706868578 0.22071307300509338 0.05678745267712278 0.03225806451612903
9 0.5283937263385614 0.29414261460101865 0.027041644131963225 0.08573853989813243
9 0.550027041644132 0.2835314091680815 0.027041644131963225 0.08488964346349745
9 0.5670632774472688 0.282258064516129 0.02758247701460249 0.08573853989813243
9 0.583829096809086 0.2775891341256367 0.02650081124932396 0.08488964346349745
9 0.6130340724716064 0.26867572156196945 0.02650081124932396 0.08404074702886248
9 0.6276365603028664 0.2623089983022071 0.025419145484045433 0.0831918505942275
9 0.6416982152514873 0.2597623089983022 0.025419145484045433 0.08488964346349745
9 0.6544077879935101 0.2546689303904924 0.023796646836127637 0.0831918505942275
9 0.6687398593834506 0.24830220713073003 0.025419145484045433 0.08573853989813243
9 0.6836127636560303 0.2427843803056027 0.024878312601406168 0.0831918505942275
9 0.6995673336938887 0.23684210526315788 0.028664142779881017 0.0865874363327674
9 0.7138994050838291 0.22792869269949065 0.02271498107084911 0.08234295415959253
9 0.7285018929150893 0.21901528013582341 0.02271498107084911 0.0831918505942275
9 0.7828555976203354 0.0632427843803056 0.020010816657652787 0.08743633276740237
9 0.7355327203893998 0.06027164685908319 0.024878312601406168 0.0730050933786078
9 0.707409410492158 0.0598471986417657 0.025959978366684698 0.08573853989813243
9 0.6909140075716604 0.06494057724957555 0.02758247701460249 0.08404074702886248
9 0.6595457003785831 0.06621392190152801 0.02650081124932396 0.09168081494057725
9 0.6414277988101678 0.06833616298811544 0.028123309897241756 0.08913412563667232
9 0.621416982152515 0.060696095076400676 0.028123309897241756 0.08573853989813243
9 0.5740941049215793 0.6379456706281833 0.03082747431043808 0.08234295415959253
9 0.5581395348837209 0.6392190152801358 0.029204975662520283 0.08488964346349745
9 0.5897782585181179 0.6320033955857385 0.02758247701460249 0.08234295415959253
10 0.3447809626825311 0.5135823429541596 0.028664142779881017 0.03904923599320883
10 0.6024878312601407 0.865025466893039 0.023796646836127637 0.04584040747028863
10 0.5884261763115198 0.8773344651952462 0.023796646836127637 0.0500848896434635
10 0.5730124391563007 0.8887945670628183 0.015684153596538672 0.030560271646859084
10 0.5608436992969172 0.898981324278438 0.023796646836127637 0.04753820033955857
10 0.5484045429962142 0.9117147707979626 0.023796646836127637 0.04584040747028863
10 0.5148729042725798 0.9291171477079796 0.02163331530557058 0.0432937181663837
10 0.4991887506760411 0.934634974533107 0.02271498107084911 0.04923599320882852
10 0.4821525148729043 0.9426994906621392 0.021092482422931314 0.04499151103565365
10 0.44970254191454845 0.9274193548387096 0.02650081124932396 0.0365025466893039
10 0.4394267171444024 0.9078947368421052 0.023255813953488375 0.038200339558573854
10 0.3071930773391022 0.4151103565365025 0.027041644131963225 0.028862478777589132
10 0.3085451595457004 0.44100169779286924 0.029745808545159548 0.031409168081494056
10 0.3263926446727961 0.4579796264855688 0.02650081124932396 0.03480475382003396
10 0.33315305570578696 0.48217317487266553 0.03244997295835587 0.044142614601018676
10 0.3177393185505679 0.5152801358234296 0.02758247701460249 0.050933786078098474
9 0.6038399134667388 0.6260611205432937 0.02758247701460249 0.08404074702886248
10 0.35911303407247164 0.5602716468590832 0.025959978366684698 0.042444821731748725
10 0.3788534342888048 0.6065365025466893 0.024337479718766902 0.0432937181663837
10 0.4002163331530557 0.6519524617996604 0.02271498107084911 0.03904923599320883
10 0.4215792320173067 0.6977928692699491 0.022174148188209845 0.03904923599320883
10 0.4602487831260141 0.7521222410865874 0.028123309897241756 0.03904923599320883
10 0.466197944835046 0.7763157894736842 0.027041644131963225 0.0365025466893039
10 0.47485127095727425 0.7954159592529711 0.028123309897241756 0.03225806451612903
10 0.4824229313142239 0.8123938879456706 0.028123309897241756 0.03565365025466893
10 0.4886425094645755 0.8323429541595925 0.028664142779881017 0.038200339558573854
10 0.41941590048674965 0.8578098471986417 0.02758247701460249 0.03480475382003396
10 0.4142779881016766 0.833616298811545 0.028123309897241756 0.03735144312393888
10 0.4067063277447269 0.815365025466893 0.025959978366684698 0.03480475382003396
10 0.3931855056787453 0.7733446519524618 0.031368307193077344 0.044142614601018676
10 0.3834505137912385 0.7529711375212224 0.023796646836127637 0.03904923599320883
10 0.6149269875608437 0.8552631578947368 0.02271498107084911 0.04838709677419355
10 0.628718226068145 0.847623089983022 0.023255813953488375 0.046689303904923596
10 0.9610600324499731 0.46477079796264853 0.011898323418063819 0.03480475382003396
10 0.9707950243374798 0.3862478777589134 0.020551649540292052 0.01697792869269949
10 0.5210924824229314 0.7457555178268251 0.022174148188209845 0.016129032258064516
10 0.251487290427258 0.3616298811544991 0.024878312601406168 0.027164685908319185
10 0.2787993510005409 0.3471986417657046 0.02650081124932396 0.03225806451612903
10 0.7222823147647377 0.4295415959252971 0.036235803136830724 0.030560271646859084
10 0.5797728501892916 0.0967741935483871 0.018388318009734995 0.044142614601018676
10 0.7679826933477556 0.09125636672325976 0.01081665765278529 0.04159592529711375
10 0.7547322877230936 0.0865874363327674 0.013520822065981613 0.040747028862478774
10 0.6784748512709573 0.08701188455008489 0.015684153596538672 0.04499151103565365
10 0.7236343969713359 0.07258064516129033 0.015143320713899407 0.039898132427843805
10 0.6922660897782585 0.12606112054329371 0.03785830178474851 0.021222410865874362
10 0.799351000540833 0.14049235993208828 0.020551649540292052 0.016129032258064516
10 0.7742022714981072 0.1600169779286927 0.013520822065981613 0.04499151103565365
10 0.8061114115738237 0.16044142614601017 0.028664142779881017 0.015280135823429542
10 0.8050297458085452 0.18166383701188454 0.035154137371552194 0.01697792869269949
9 0.8980530016224987 0.28395585738539897 0.0167658193618172 0.08064516129032258
9 0.8839913466738778 0.29414261460101865 0.014602487831260141 0.08404074702886248
10 0.8082747431043809 0.22410865874363328 0.013520822065981613 0.03735144312393888
10 0.8250405624661981 0.25042444821731746 0.010275824770146026 0.03735144312393888
10 0.8380205516495404 0.26103565365025466 0.010275824770146026 0.0365025466893039
10 0.850730124391563 0.26485568760611206 0.009734991887506761 0.03904923599320883
10 0.9559221200649001 0.26952461799660443 0.012439156300703084 0.04159592529711375
10 0.9361817198485669 0.2661290322580645 0.014061654948620878 0.039898132427843805
10 0.9069767441860466 0.26485568760611206 0.009734991887506761 0.03735144312393888
10 0.979448350459708 0.2546689303904924 0.02271498107084911 0.01867572156196944
10 0.9797187669010277 0.27843803056027167 0.023255813953488375 0.01867572156196944
10 0.9453758788534343 0.3102716468590832 0.019469983775013522 0.0365025466893039
10 0.9870200108166577 0.3416808149405772 0.024878312601406168 0.014431239388794566
10 0.9759329367225528 0.3607809847198642 0.020010816657652787 0.015280135823429542
10 0.974310438074635 0.40704584040747027 0.021092482422931314 0.019524617996604415
10 0.3715521903731747 0.7368421052631579 0.024878312601406168 0.03565365025466893
10 0.3547863710113575 0.7062818336162988 0.025959978366684698 0.040747028862478774
10 0.3442401297998919 0.6871816638370118 0.02650081124932396 0.039898132427843805
9 0.7623039480800433 0.7287775891341256 0.029745808545159548 0.08573853989813243
9 0.7777176852352624 0.7228353140916808 0.03244997295835587 0.08743633276740237
9 0.7925905895078421 0.7134974533106961 0.03082747431043808 0.08404074702886248
9 0.8109789075175772 0.7037351443123939 0.03299080584099513 0.0831918505942275
9 0.8253109789075176 0.6965195246179966 0.03244997295835587 0.08234295415959253
9 0.8393726338561385 0.6901528013582343 0.031368307193077344 0.0831918505942275
9 0.8523526230394809 0.6744482173174873 0.031368307193077344 0.08573853989813243
9 0.8810167658193618 0.6642614601018676 0.031368307193077344 0.08404074702886248
9 0.8975121687398594 0.6566213921901528 0.03407247160627366 0.08573853989813243
9 0.9167117360735534 0.6358234295415959 0.029204975662520283 0.0831918505942275
9 0.9332071389940509 0.631578947368421 0.03190914007571661 0.08488964346349745
9 0.974310438074635 0.5360780984719864 0.03190914007571661 0.08234295415959253
9 0.8907517577068687 0.5127334465195246 0.031368307193077344 0.08149405772495755
9 0.8761492698756085 0.5186757215619694 0.030286641427798813 0.0831918505942275
9 0.8564088696592753 0.5110356536502546 0.028664142779881017 0.08488964346349745
9 0.8396430502974581 0.5258913412563667 0.02650081124932396 0.08064516129032258
9 0.8261222282314765 0.5369269949066214 0.028664142779881017 0.08234295415959253
9 0.8112493239588967 0.547962648556876 0.028123309897241756 0.08064516129032258
9 0.7955651703623581 0.5530560271646859 0.025959978366684698 0.08234295415959253
9 0.7804218496484587 0.5577249575551783 0.027041644131963225 0.0831918505942275
9 0.7658193618171986 0.567062818336163 0.024878312601406168 0.07809847198641766
9 0.7504056246619795 0.5734295415959253 0.024337479718766902 0.08064516129032258
9 0.7347214710654408 0.5806451612903226 0.028664142779881017 0.0831918505942275
9 0.7106544077879936 0.5921052631578947 0.029204975662520283 0.08064516129032258
9 0.6949702541914549 0.5963497453310695 0.028123309897241756 0.07724957555178268
9 0.6806381828015143 0.6001697792869269 0.02650081124932396 0.07640067911714771
9 0.6641427798810168 0.6022920203735144 0.028123309897241756 0.08064516129032258
9 0.6468361276365604 0.5980475382003395 0.030286641427798813 0.08064516129032258
9 0.6319632233639806 0.6078098471986417 0.02758247701460249 0.08149405772495755
9 0.6181719848566793 0.6171477079796265 0.028123309897241756 0.0831918505942275
9 0.747160627366144 0.7359932088285229 0.03190914007571661 0.08488964346349745
9 0.7339102217414819 0.7444821731748726 0.03244997295835587 0.0865874363327674
10 0.3253109789075176 0.6481324278438031 0.02758247701460249 0.038200339558573854
9 0.7190373174689022 0.7504244482173175 0.028664142779881017 0.0831918505942275
10 0.3128718226068145 0.6273344651952462 0.029745808545159548 0.040747028862478774
10 0.3071930773391022 0.6052631578947368 0.028123309897241756 0.03565365025466893
10 0.29745808545159547 0.5861629881154499 0.027041644131963225 0.0365025466893039
10 0.2850189291508924 0.5725806451612904 0.027041644131963225 0.039898132427843805
10 0.27609518658734455 0.5543293718166383 0.02650081124932396 0.03904923599320883
10 0.25365062195781507 0.5046689303904923 0.024878312601406168 0.03480475382003396
10 0.23607355327203897 0.47156196943972833 0.025419145484045433 0.038200339558573854
10 0.22687939426717146 0.4499151103565365 0.024337479718766902 0.03565365025466893
10 0.21092482422931316 0.4371816638370119 0.025959978366684698 0.03225806451612903
10 0.1995673336938886 0.4151103565365025 0.027041644131963225 0.03565365025466893
10 0.18929150892374258 0.39261460101867574 0.027041644131963225 0.03310696095076401
10 0.17658193618171986 0.37563667232597625 0.02650081124932396 0.03310696095076401
10 0.16819902650081126 0.35186757215619696 0.028123309897241756 0.03310696095076401
10 0.1611681990265008 0.3272495755517827 0.028123309897241756 0.031409168081494056
10 0.15521903731746892 0.3073005093378608 0.029204975662520283 0.03395585738539898
10 0.1333153055705787 0.20161290322580644 0.02758247701460249 0.031409168081494056
9 0.21957815035154138 0.133276740237691 0.031368307193077344 0.0831918505942275
9 0.2011898323418064 0.13624787775891342 0.024878312601406168 0.08234295415959253
9 0.144131963223364 0.2593378607809847 0.05137912385073013 0.03310696095076401
9 0.1425094645754462 0.2304753820033956 0.052460789616008655 0.02801358234295416
9 0.8025959978366686 0.11205432937181664 0.05624661979448351 0.04923599320882852
9 0.5005408328826393 0.3060271646859083 0.02758247701460249 0.08234295415959253
9 0.48566792861005953 0.31239388794567063 0.027041644131963225 0.0831918505942275
9 0.5892374256354787 0.8157894736842105 0.05137912385073013 0.04584040747028863
9 0.6449432125473229 0.8073005093378608 0.02758247701460249 0.08488964346349745
9 0.663331530557058 0.7954159592529711 0.028664142779881017 0.08149405772495755
9 0.6795565170362359 0.783955857385399 0.028664142779881017 0.08404074702886248
9 0.6925365062195782 0.7758913412563667 0.03190914007571661 0.08488964346349745
9 0.7057869118442401 0.765704584040747 0.031368307193077344 0.0831918505942275
9 0.2522985397512169 0.27546689303904925 0.05137912385073013 0.04838709677419355
