0 0.9534578826614225 0.14502529510961215 0.018354637823664373 0.0418212478920742
0 0.568420190101606 0.9231028667790894 0.023762700753851198 0.050590219224283306
0 0.4762372992461488 0.8376053962900506 0.01245493280891511 0.02596964586846543
0 0.4823828253031793 0.8403035413153457 0.009996722386102917 0.021247892074198988
0 0.48983939691904294 0.8355817875210793 0.008521796132415601 0.0178752107925801
0 0.49557522123893805 0.8338954468802698 0.0075385119632907244 0.013827993254637436
0 0.5008194034742708 0.8335581787521079 0.007210750573582432 0.01585160202360877
0 0.4973779088823337 0.83929173693086 0.00950508030154048 0.021247892074198988
0 0.5115535889872173 0.9384485666104553 0.026057030481809244 0.04418212478920742
0 0.5122091117666339 0.8355817875210793 0.0067191084890199934 0.01585160202360877
0 0.5181088167813832 0.8387858347386172 0.00901343821697804 0.022259696458684655
0 0.5257292690921009 0.8369308600337269 0.006227466404457555 0.011804384485666104
0 0.5304818092428711 0.8376053962900506 0.007210750573582432 0.021922428330522766
0 0.5378564405113078 0.8389544688026982 0.0058997050147492625 0.011129848229342328
0 0.5093411996066863 0.8703204047217538 0.019993444772205833 0.03946037099494098
0 0.5293346443788922 0.8704890387858347 0.02064896755162242 0.04451939291736931
0 0.5478531628974107 0.8672849915682969 0.020321206161914126 0.045531197301854974
0 0.46820714519829565 0.8389544688026982 0.007210750573582432 0.01585160202360877
0 0.5435922648312029 0.8059021922428331 0.0042608980662078005 0.011804384485666104
0 0.461897738446411 0.8387858347386172 0.006391347099311701 0.01551433389544688
0 0.34578826614224845 0.6249578414839798 0.015077023926581449 0.02900505902192243
0 0.2448377581120944 0.5462057335581788 0.011471648639790232 0.02664418212478921
0 0.2866273352999017 0.627318718381113 0.013438216978039987 0.026981450252951095
0 0.40093411996066863 0.47959527824620574 0.017535234349393643 0.03777403035413154
0 0.42625368731563423 0.5295109612141653 0.017043592264831202 0.035075885328836424
0 0.402490986561783 0.5681281618887015 0.01638806948541462 0.03541315345699832
0 0.35980006555227795 0.551264755480607 0.015568666011143888 0.03338954468802698
0 0.39265814487053424 0.824283305227656 0.00688298918387414 0.014839797639123103
0 0.45435922648312027 0.842495784148398 0.008357915437561455 0.019561551433389546
0 0.37381186496230745 0.8448566610455313 0.00688298918387414 0.01618887015177066
0 0.3858570960340872 0.8416526138279933 0.007374631268436578 0.014502529510961214
0 0.3861029170763684 0.8495784148397977 0.008849557522123894 0.017537942664418212
0 0.3944608325139299 0.8443507588532884 0.006227466404457555 0.01585160202360877
0 0.424860701409374 0.8428330522765599 0.01327433628318584 0.02833052276559865
0 0.43289085545722716 0.8451939291736931 0.008030154047853164 0.01618887015177066
0 0.5176991150442478 0.9119730185497471 0.02359882005899705 0.04047217537942664
0 0.6017699115044248 0.8900505902192243 0.025565388397246803 0.04384485666104553
0 0.9093739757456571 0.016526138279932545 0.015404785316289742 0.030354131534569985
0 0.573992133726647 0.7239460370994941 0.01589642740085218 0.023271500843170322
0 0.7165683382497542 0.30741989881956155 0.018190757128810225 0.03811129848229342
0 0.76679777122255 0.37099494097807756 0.026876433956079974 0.0566610455311973
0 0.806129137987545 0.2989881956155143 0.026876433956079974 0.05902192242833052
0 0.8813503769255981 0.602866779089376 0.014749262536873156 0.02664418212478921
0 0.9813995411340544 0.5993254637436762 0.01327433628318584 0.029679595278246207
0 0.9963126843657817 0.6499156829679595 0.006391347099311701 0.026981450252951095
0 0.9591117666338905 0.3096121416526138 0.010652245165519502 0.022259696458684655
0 0.8885611274991806 0.3554806070826307 0.013438216978039987 0.02900505902192243
0 0.8987217305801377 0.32344013490725126 0.01638806948541462 0.03642495784148398
0 0.9076532284496887 0.2893760539629005 0.01458538184201901 0.030354131534569985
0 0.891265158964274 0.24839797639123104 0.01589642740085218 0.03338954468802698
0 0.8729105211406096 0.22175379426644182 0.016879711569977057 0.036762225969645866
0 0.8589806620780072 0.16930860033726813 0.013929859062602426 0.024283305227655986
0 0.8720091773189118 0.1239460370994941 0.01671583087512291 0.03473861720067454
0 0.8859390363815143 0.1 0.014421501147164863 0.032715008431703205
0 0.7477056702720419 0.2403035413153457 0.018190757128810225 0.03946037099494098
0 0.7509832841691249 0.21264755480607084 0.016879711569977057 0.036762225969645866
0 0.7280399868895444 0.19561551433389546 0.016879711569977057 0.038448566610455315
0 0.6878892166502786 0.4197301854974705 0.030317928548017042 0.06239460370994941
0 0.6814978695509669 0.6128161888701518 0.013929859062602426 0.026981450252951095
0 0.7844149459193707 0.6087689713322091 0.01589642740085218 0.029679595278246207
0 0.7252540150770239 0.7984822934232715 0.009996722386102917 0.021247892074198988
0 0.645689937725336 0.4821247892074199 0.02261553588987217 0.05025295109612142
0 0.616601114388725 0.4261382799325464 0.0319567354965585 0.0657672849915683
0 0.6735496558505408 0.38768971332209107 0.014421501147164863 0.03136593591905565
0 0.7044411668305474 0.43372681281618886 0.02736807604064241 0.05801011804384486
0 0.871025893149787 0.37268128161888703 0.02622091117666339 0.06138279932546374
0 0.7245165519501803 0.4330522765598651 0.01966568338249754 0.045868465430016866
0 0.7445099967223862 0.433389544688027 0.015732546705998034 0.03372681281618887
0 0.7636840380203213 0.49325463743676223 0.01901016060308096 0.040134907251264756
0 0.8133398885611275 0.4686340640809444 0.01376597836774828 0.023946037099494097
0 0.8392330383480826 0.4679595278246206 0.030809570632579483 0.0657672849915683
0 0.8179285480170436 0.4355817875210793 0.02654867256637168 0.056998313659359194
0 0.22140281874795148 0.5470489038785835 0.011143887250081941 0.024957841483979764
