3 0.1566326530612245 0.11834862385321102 0.20918367346938777 0.23302752293577983
4 0.741326530612245 0.536697247706422 0.07857142857142858 0.1853211009174312
4 0.689795918367347 0.573394495412844 0.07755102040816328 0.1889908256880734
4 0.65 0.3311926605504587 0.07755102040816328 0.1889908256880734
4 0.5943877551020409 0.5394495412844037 0.07857142857142858 0.1871559633027523
4 0.5428571428571429 0.5761467889908257 0.07959183673469389 0.1908256880733945
4 0.4459183673469388 0.5412844036697249 0.07755102040816328 0.1908256880733945
4 0.3938775510204082 0.5798165137614679 0.07959183673469389 0.1871559633027523
4 0.5642857142857144 0.28623853211009176 0.07959183673469389 0.1908256880733945
4 0.2612244897959184 0.5385321100917432 0.07755102040816328 0.1889908256880734
4 0.20969387755102042 0.5752293577981652 0.07653061224489796 0.1889908256880734
4 0.11224489795918369 0.536697247706422 0.07755102040816328 0.1889908256880734
4 0.06020408163265307 0.5743119266055046 0.07755102040816328 0.1871559633027523
