10 0.5242463958060288 0.9907749077490775 0.047182175622542594 0.012300123001230012
9 0.4659239842726081 0.4710947109471095 0.10353866317169069 0.031980319803198036
9 0.2018348623853211 0.42004920049200495 0.07863695937090433 0.05166051660516605
9 0.20969855832241152 0.3994464944649447 0.07601572739187418 0.051045510455104554
9 0.21887287024901703 0.37853628536285366 0.08125819134993446 0.04981549815498155
9 0.22346002621231978 0.3533210332103321 0.08256880733944955 0.05350553505535056
9 0.3656618610747051 0.45018450184501846 0.10222804718217562 0.029520295202952032
9 0.3722149410222805 0.4320418204182042 0.09960681520314547 0.03013530135301353
9 0.6363040629095675 0.479089790897909 0.0799475753604194 0.046740467404674045
9 0.18086500655307994 0.46094710947109474 0.07863695937090433 0.04981549815498155
9 0.6435124508519005 0.45725707257072573 0.07601572739187418 0.04489544895448955
9 0.6533420707732635 0.43849938499384994 0.07470511140235911 0.04428044280442805
9 0.4737876802096986 0.4526445264452645 0.10353866317169069 0.033210332103321034
9 0.48034076015727395 0.4345018450184502 0.10353866317169069 0.033825338253382534
9 0.4908256880733945 0.41697416974169743 0.10353866317169069 0.033210332103321034
9 0.38073394495412843 0.41420664206642066 0.10091743119266056 0.02890528905289053
9 0.19003931847968544 0.4400369003690037 0.08125819134993446 0.05227552275522755
9 0.3564875491480996 0.46740467404674046 0.10222804718217562 0.029520295202952032
9 0.40039318479685454 0.37669126691266913 0.10353866317169069 0.03136531365313653
9 0.34338138925294887 0.5043050430504306 0.10222804718217562 0.03075030750307503
9 0.145478374836173 0.5455104551045511 0.08387942332896461 0.05166051660516605
9 0.15137614678899083 0.5227552275522755 0.08256880733944955 0.05289052890528905
9 0.16382699868938402 0.501230012300123 0.07863695937090433 0.050430504305043054
9 0.1690694626474443 0.47878228782287824 0.08387942332896461 0.05227552275522755
9 0.3302752293577982 0.5393603936039361 0.10484927916120576 0.031980319803198036
9 0.3328964613368283 0.5230627306273062 0.10222804718217562 0.03013530135301353
9 0.4344692005242464 0.5415129151291513 0.10353866317169069 0.033825338253382534
9 0.34993446920052423 0.4858548585485855 0.10222804718217562 0.029520295202952032
9 0.44233289646133683 0.5239852398523985 0.10353866317169069 0.031980319803198036
9 0.4488859764089122 0.507380073800738 0.10091743119266056 0.033210332103321034
9 0.6048492791612058 0.5408979089790898 0.07732634338138926 0.04489544895448955
9 0.6159895150720839 0.5190651906519065 0.08125819134993446 0.04428044280442805
9 0.6238532110091743 0.4978474784747848 0.07339449541284404 0.04489544895448955
9 0.4567496723460026 0.4883148831488315 0.10091743119266056 0.031980319803198036
9 0.38990825688073394 0.3960639606396064 0.10615989515072084 0.029520295202952032
9 0.4030144167758847 0.35977859778597787 0.10091743119266056 0.03075030750307503
10 0.5235910878112713 0.9769372693726938 0.04325032765399738 0.011685116851168511
9 0.7195281782437746 0.230319803198032 0.11009174311926606 0.041205412054120545
9 0.42988204456094364 0.3047355473554736 0.10222804718217562 0.03013530135301353
9 0.43905635648754915 0.28413284132841327 0.10222804718217562 0.02829028290282903
9 0.3564875491480996 0.29551045510455104 0.06028833551769332 0.04735547355473555
9 0.264089121887287 0.2761377613776138 0.07732634338138926 0.04920049200492005
9 0.2706422018348624 0.25461254612546125 0.0799475753604194 0.050430504305043054
9 0.29685452162516385 0.21309963099630996 0.07470511140235911 0.04981549815498155
9 0.6644823066841415 0.22816728167281675 0.0891218872870249 0.03690036900369004
9 0.4213630406290957 0.3231857318573186 0.10353866317169069 0.03013530135301353
9 0.6225425950196593 0.22201722017220174 0.09436435124508519 0.03813038130381304
9 0.5740498034076016 0.21894218942189422 0.09698558322411534 0.03690036900369004
9 0.536697247706422 0.21371463714637148 0.10353866317169069 0.042435424354243544
9 0.4842726081258191 0.21033210332103322 0.10615989515072084 0.04059040590405904
9 0.4056356487549148 0.1986469864698647 0.045871559633027525 0.05412054120541206
9 0.3794233289646134 0.19095940959409594 0.04325032765399738 0.05227552275522755
9 0.5373525557011796 0.3075030750307503 0.10222804718217562 0.031980319803198036
9 0.2509829619921363 0.2939729397293973 0.09043250327653997 0.05166051660516605
9 0.4980340760157274 0.3994464944649447 0.10222804718217562 0.032595325953259535
9 0.6998689384010485 0.33517835178351785 0.08650065530799476 0.04059040590405904
9 0.5039318479685452 0.3822263222632226 0.10091743119266056 0.032595325953259535
9 0.5124508519003932 0.36254612546125464 0.10222804718217562 0.033825338253382534
9 0.6605504587155964 0.4166666666666667 0.07601572739187418 0.046125461254612546
9 0.6690694626474443 0.3960639606396064 0.0799475753604194 0.04551045510455105
9 0.6736566186107471 0.3726937269372694 0.07339449541284404 0.04551045510455105
9 0.6854521625163827 0.3551660516605166 0.07601572739187418 0.04489544895448955
9 0.7116644823066841 0.31365313653136534 0.09698558322411534 0.03690036900369004
9 0.24311926605504589 0.3133456334563346 0.08781127129750983 0.05227552275522755
9 0.7149410222804718 0.29920049200492005 0.0982961992136304 0.03874538745387454
9 0.7260812581913499 0.28136531365313655 0.09174311926605505 0.03628536285362854
9 0.5235910878112713 0.3440959409594096 0.10353866317169069 0.032595325953259535
9 0.5275229357798166 0.32595325953259535 0.10091743119266056 0.031980319803198036
9 0.4161205766710354 0.3404059040590406 0.10091743119266056 0.02890528905289053
9 0.23722149410222804 0.3354858548585486 0.07863695937090433 0.04981549815498155
9 0.32044560943643513 0.5584255842558425 0.10353866317169069 0.02829028290282903
9 0.4252948885976409 0.5599630996309963 0.10353866317169069 0.033825338253382534
9 0.5858453473132372 0.5821033210332104 0.07863695937090433 0.046125461254612546
10 0.6585845347313237 0.6832718327183273 0.045871559633027525 0.014760147601476016
10 0.6297509829619922 0.7604551045510455 0.0563564875491481 0.015375153751537515
10 0.6402359108781127 0.7472324723247232 0.04062909567496723 0.013530135301353014
10 0.6435124508519005 0.7343173431734318 0.04456094364351245 0.012300123001230012
10 0.6395806028833552 0.7195571955719557 0.047182175622542594 0.013530135301353014
10 0.6494102228047183 0.708179581795818 0.04849279161205767 0.011685116851168511
10 0.6579292267365662 0.6952644526445265 0.05504587155963303 0.014145141451414515
10 0.6677588466579293 0.6718942189421895 0.053735255570117955 0.014145141451414515
10 0.6114023591087812 0.7896678966789669 0.06946264744429882 0.020910209102091022
10 0.6736566186107471 0.6595940959409594 0.05242463958060288 0.012915129151291513
10 0.6828309305373526 0.6451414514145142 0.04980340760157274 0.013530135301353014
10 0.709043250327654 0.5765682656826568 0.047182175622542594 0.00922509225092251
9 0.3964613368283093 0.8582410824108241 0.04849279161205767 0.04981549815498155
9 0.35910878112712974 0.8551660516605166 0.04980340760157274 0.04981549815498155
9 0.33420707732634336 0.8474784747847479 0.057667103538663174 0.05658056580565806
10 0.6166448230668414 0.7742927429274293 0.05111402359108781 0.013530135301353014
10 0.6068152031454784 0.8022755227552276 0.04980340760157274 0.014145141451414515
9 0.5753604193971167 0.6027060270602707 0.07339449541284404 0.04797047970479705
10 0.47116644823066844 0.922509225092251 0.06684141546526867 0.01968019680196802
10 0.5294888597640891 0.9606396063960639 0.04980340760157274 0.013530135301353014
10 0.46199213630406294 0.9627921279212792 0.05897771952817824 0.012915129151291513
10 0.5353866317169069 0.9492619926199263 0.053735255570117955 0.01783517835178352
10 0.46657929226736566 0.93849938499385 0.0655307994757536 0.01845018450184502
10 0.5380078636959371 0.9369618696186962 0.05111402359108781 0.016605166051660517
10 0.5471821756225426 0.9252767527675277 0.05111402359108781 0.014145141451414515
10 0.39908256880733944 0.9135916359163592 0.0327653997378768 0.027675276752767528
10 0.5996068152031455 0.8130381303813038 0.0563564875491481 0.01845018450184502
10 0.4836173001310616 0.9086715867158672 0.05504587155963303 0.016605166051660517
10 0.5524246395806028 0.9145141451414515 0.053735255570117955 0.014760147601476016
10 0.5543905635648755 0.9019065190651907 0.04980340760157274 0.015375153751537515
10 0.49017038007863695 0.896678966789668 0.057667103538663174 0.014760147601476016
10 0.4947575360419397 0.8849938499384994 0.0563564875491481 0.013530135301353014
10 0.536697247706422 0.783210332103321 0.035386631716906945 0.023985239852398525
9 0.20117955439056356 0.8376383763837638 0.04849279161205767 0.05658056580565806
9 0.06880733944954129 0.8022755227552276 0.10091743119266056 0.026445264452644526
9 0.14285714285714285 0.8022755227552276 0.06028833551769332 0.051045510455104554
9 0.3086500655307995 0.5765682656826568 0.10353866317169069 0.02890528905289053
9 0.11336828309305373 0.6165436654366544 0.08519003931847968 0.02152521525215252
9 0.12319790301441677 0.5821033210332104 0.07601572739187418 0.046125461254612546
9 0.1349934469200524 0.566420664206642 0.0891218872870249 0.05166051660516605
9 0.18414154652686762 0.6067035670356704 0.045871559633027525 0.04858548585485855
9 0.29357798165137616 0.6134686346863469 0.10222804718217562 0.03013530135301353
9 0.30275229357798167 0.5947109471094711 0.10484927916120576 0.02829028290282903
9 0.4108781127129751 0.5953259532595326 0.10091743119266056 0.033210332103321034
9 0.07601572739187418 0.7865928659286593 0.10222804718217562 0.02706027060270603
9 0.42070773263433814 0.5771832718327183 0.10222804718217562 0.033825338253382534
9 0.5360419397116645 0.7410824108241083 0.057667103538663174 0.05412054120541206
9 0.5530799475753604 0.6912669126691268 0.05504587155963303 0.05166051660516605
9 0.5668414154652687 0.6623616236162362 0.053735255570117955 0.04797047970479705
9 0.5137614678899083 0.6476014760147601 0.047182175622542594 0.055350553505535055
9 0.5701179554390564 0.6263837638376384 0.07601572739187418 0.046125461254612546
9 0.28768020969855834 0.6349938499384994 0.10091743119266056 0.02890528905289053
9 0.3951507208387942 0.6319188191881919 0.10878112712975098 0.03136531365313653
9 0.40039318479685454 0.6125461254612546 0.10615989515072084 0.031980319803198036
9 0.3859764089121887 0.6485239852398524 0.10615989515072084 0.032595325953259535
9 0.37549148099606816 0.6672816728167282 0.10615989515072084 0.03075030750307503
9 0.36828309305373524 0.6851168511685117 0.10484927916120576 0.033210332103321034
9 0.38663171690694625 0.6961869618696187 0.11533420707732635 0.03567035670356704
9 0.14416775884665792 0.6592865928659287 0.06028833551769332 0.05289052890528905
9 0.2699868938401048 0.6937269372693727 0.039318479685452164 0.050430504305043054
9 0.30799475753604194 0.7226322263222632 0.03669724770642202 0.04797047970479705
9 0.3440366972477064 0.7447724477244773 0.03014416775884666 0.055350553505535055
9 0.3735255570117956 0.7564575645756457 0.028833551769331587 0.046740467404674045
9 0.4056356487549148 0.730319803198032 0.07732634338138926 0.04489544895448955
9 0.11664482306684142 0.71309963099631 0.10484927916120576 0.023985239852398525
9 0.10812581913499344 0.727859778597786 0.10353866317169069 0.025215252152521527
9 0.09501965923984272 0.7579950799507995 0.10353866317169069 0.023985239852398525
9 0.0799475753604194 0.7718327183271833 0.11795543905635648 0.02829028290282903
9 0.30799475753604194 0.19403444034440345 0.07863695937090433 0.04735547355473555
