10 0.85575 0.7488109393579072 0.0225 0.029131985731272292
9 0.582 0.8130202140309155 0.048 0.05053507728894173
9 0.5690000000000001 0.8017241379310344 0.047 0.04696789536266349
9 0.5595 0.7865636147443519 0.047 0.049940546967895356
9 0.54825 0.7728894173602853 0.0455 0.04875148632580261
9 0.5205 0.7282996432818073 0.05 0.052318668252080855
9 0.62975 0.6296076099881094 0.0415 0.05588585017835909
9 0.61775 0.6423900118906064 0.0455 0.06361474435196195
9 0.60875 0.6575505350772889 0.0475 0.06420927467300831
9 0.65125 0.7178953626634957 0.0495 0.06480380499405469
9 0.594 0.6685493460166468 0.048 0.06718192627824018
9 0.6595 0.3368014268727705 0.05 0.0624256837098692
9 0.70975 0.24762187871581448 0.051500000000000004 0.05291319857312723
9 0.6975 0.23454221165279426 0.046 0.051724137931034475
9 0.68925 0.21997621878715812 0.0475 0.052318668252080855
9 0.68775 0.19946492271105826 0.0485 0.051724137931034475
9 0.73975 0.16795481569560047 0.0465 0.05053507728894173
9 0.6785 0.18638525564803804 0.048 0.051724137931034475
9 0.7252500000000001 0.13763376932223542 0.0485 0.051724137931034475
9 0.63625 0.7910225921521997 0.059500000000000004 0.08263971462544589
9 0.51225 0.8347205707491081 0.0495 0.052318668252080855
9 0.7010000000000001 0.09096313912009511 0.05 0.05588585017835909
9 0.52325 0.8475029726516051 0.0475 0.051724137931034475
9 0.7265 0.7954815695600475 0.043000000000000003 0.058263971462544584
9 0.71775 0.8109393579072532 0.0465 0.06183115338882282
9 0.73975 0.7012485136741973 0.0425 0.05766944114149821
9 0.726 0.7125445897740784 0.042 0.05885850178359096
9 0.71425 0.721462544589774 0.0425 0.056480380499405465
9 0.7030000000000001 0.6474435196195005 0.042 0.05588585017835909
9 0.71025 0.629013079667063 0.0445 0.06183115338882282
9 0.7222500000000001 0.6192033293697978 0.043500000000000004 0.0600475624256837
9 0.73775 0.5294292508917955 0.0445 0.05885850178359096
9 0.73725 0.5541022592152199 0.0425 0.05707491082045184
9 0.714 0.5490487514863257 0.045 0.0624256837098692
9 0.669 0.5716409036860879 0.044 0.05885850178359096
9 0.6637500000000001 0.5930439952437574 0.0455 0.06123662306777645
9 0.60175 0.845719381688466 0.0485 0.05291319857312723
9 0.597 0.8219381688466111 0.037 0.03983353151010701
9 0.5640000000000001 0.8549346016646848 0.032 0.034482758620689655
9 0.5327500000000001 0.8617717003567181 0.0495 0.051724137931034475
9 0.7215 0.11920332936979786 0.041 0.044589774078478
9 0.6705 0.09661117717003566 0.047 0.051724137931034475
9 0.7635000000000001 0.1896551724137931 0.047 0.0511296076099881
9 0.28575 0.42449464922711055 0.0505 0.0535077288941736
9 0.25975 0.4988109393579072 0.051500000000000004 0.05588585017835909
9 0.2505 0.48483947681331746 0.05 0.05529131985731272
9 0.27175 0.4146848989298454 0.0495 0.05053507728894173
9 0.26575 0.39387633769322233 0.0475 0.051724137931034475
9 0.22 0.44143876337693216 0.052000000000000005 0.05529131985731272
9 0.20775000000000002 0.4301426872770511 0.0485 0.05053507728894173
9 0.19875 0.414090368608799 0.0505 0.054102259215219974
9 0.25525000000000003 0.3799048751486325 0.0495 0.054696789536266346
9 0.2715 0.3260998810939358 0.043000000000000003 0.05885850178359096
9 0.224 0.33977407847800234 0.047 0.051724137931034475
9 0.211 0.3266944114149821 0.049 0.051724137931034475
9 0.1775 0.3873365041617122 0.048 0.051724137931034475
9 0.158 0.3558263971462544 0.052000000000000005 0.056480380499405465
9 0.14575 0.3448275862068965 0.0475 0.0511296076099881
9 0.1275 0.3136147443519619 0.049 0.05291319857312723
9 0.19525 0.29756242568370983 0.0475 0.05053507728894173
9 0.23 0.2624851367419738 0.045 0.0624256837098692
9 0.3155 0.3852556480380499 0.047 0.060642092746730075
9 0.2975 0.43608799048751484 0.05 0.054102259215219974
9 0.64925 0.08680142687277051 0.0485 0.0535077288941736
9 0.31175 0.4479785969084423 0.0495 0.054102259215219974
9 0.491 0.09988109393579071 0.051000000000000004 0.049940546967895356
9 0.484 0.07936979785969084 0.054 0.05053507728894173
9 0.50175 0.8204518430439952 0.0485 0.052318668252080855
9 0.49125 0.8067776456599286 0.0505 0.052318668252080855
9 0.4825 0.7925089179548156 0.049 0.052318668252080855
9 0.47100000000000003 0.778834720570749 0.049 0.0511296076099881
9 0.461 0.7654577883472057 0.049 0.051724137931034475
9 0.45075 0.7517835909631391 0.0485 0.051724137931034475
9 0.49025 0.6884661117717003 0.0495 0.0511296076099881
9 0.47850000000000004 0.676872770511296 0.049 0.05053507728894173
9 0.46875 0.6608204518430439 0.0345 0.038644470868014265
9 0.458 0.6459571938168847 0.034 0.03507728894173603
9 0.43975000000000003 0.7378121284185493 0.0485 0.0511296076099881
9 0.43 0.7244351961950058 0.049 0.051724137931034475
9 0.419 0.7104637336504162 0.05 0.052318668252080855
9 0.41125 0.6926278240190249 0.0495 0.052318668252080855
9 0.447 0.6337693222354339 0.051000000000000004 0.0535077288941736
9 0.74 0.785077288941736 0.043000000000000003 0.05766944114149821
9 0.76625 0.21254458977407845 0.0495 0.054102259215219974
10 0.873 0.7285969084423305 0.025 0.0267538644470868
10 0.8805000000000001 0.41111771700356714 0.024 0.021997621878715814
10 0.87125 0.3897146254458977 0.0235 0.01961950059453032
10 0.86675 0.37693222354340067 0.0265 0.023781212841854932
10 0.861 0.3629607609988109 0.021 0.020808561236623065
10 0.8522500000000001 0.35344827586206895 0.0225 0.021997621878715814
10 0.8485 0.15219976218787157 0.017 0.024970273483947678
10 0.6647500000000001 0.1293103448275862 0.0345 0.03626634958382877
10 0.669 0.1712247324613555 0.035 0.036860879904875146
10 0.73825 0.14684898929845422 0.0325 0.036860879904875146
10 0.7945 0.2339476813317479 0.031 0.03507728894173603
10 0.76925 0.25921521997621877 0.0315 0.03329369797859691
10 0.7425 0.28715814506539833 0.034 0.03804994054696789
10 0.7935 0.25802615933412604 0.031 0.032104637336504156
10 0.7635000000000001 0.28804994054696786 0.035 0.03745541022592152
10 0.7375 0.3142092746730083 0.031 0.03388822829964328
10 0.82525 0.29904875148632576 0.0325 0.036860879904875146
10 0.8345 0.33590963139120095 0.031 0.0356718192627824
10 0.83675 0.3683115338882283 0.021500000000000002 0.024375743162901305
10 0.875 0.39922711058263965 0.026000000000000002 0.021997621878715814
10 0.85 0.3388822829964328 0.024 0.026159334126040427
10 0.804 0.36890606420927463 0.033 0.03745541022592152
10 0.9067500000000001 0.4738406658739595 0.0265 0.021403091557669437
10 0.9575 0.6111771700356717 0.022 0.021403091557669437
10 0.9265 0.5954221165279429 0.03 0.03983353151010701
10 0.95225 0.5900713436385255 0.0265 0.02318668252080856
10 0.94575 0.5808561236623068 0.0245 0.021403091557669437
10 0.94225 0.5680737217598097 0.0225 0.021997621878715814
10 0.9375 0.5564803804994054 0.023 0.020214030915576692
10 0.90275 0.5642092746730083 0.0305 0.03923900118906064
10 0.92975 0.5457788347205706 0.0205 0.021403091557669437
10 0.91725 0.5395362663495837 0.0345 0.027942925089179546
10 0.8795000000000001 0.5297265160523186 0.031 0.04161712247324613
10 0.9105 0.5261593341260404 0.037 0.02853745541022592
10 0.9177500000000001 0.5068370986920332 0.0225 0.020808561236623065
10 0.89875 0.5187277051129607 0.021500000000000002 0.02318668252080856
10 0.894 0.5089179548156956 0.024 0.023781212841854932
10 0.9127500000000001 0.49613555291319855 0.0235 0.020808561236623065
10 0.89 0.49554102259215216 0.026000000000000002 0.02556480380499405
10 0.90925 0.4851367419738406 0.0205 0.0178359096313912
10 0.81925 0.37098692033293695 0.0335 0.036860879904875146
10 0.7945 0.33293697978596903 0.032 0.03329369797859691
9 0.77525 0.22829964328180735 0.0505 0.0535077288941736
9 0.7575000000000001 0.673602853745541 0.042 0.05707491082045184
9 0.8825000000000001 0.6474435196195005 0.047 0.06302021403091557
9 0.89375 0.6364447086801426 0.0485 0.06361474435196195
9 0.8345 0.5538049940546967 0.048 0.06480380499405469
9 0.8155 0.5549940546967895 0.047 0.06361474435196195
9 0.7997500000000001 0.5594530321046373 0.043500000000000004 0.05707491082045184
9 0.786 0.5680737217598097 0.043000000000000003 0.05885850178359096
9 0.7545000000000001 0.6064209274673008 0.045 0.060642092746730075
9 0.83375 0.46611177170035667 0.0475 0.06302021403091557
9 0.8075 0.4563020214030915 0.043000000000000003 0.056480380499405465
9 0.79725 0.47175980975029724 0.0445 0.0600475624256837
9 0.76925 0.4872175980975029 0.0445 0.0624256837098692
9 0.7605000000000001 0.5029726516052319 0.043000000000000003 0.05707491082045184
9 0.74725 0.5133769322235433 0.043500000000000004 0.05885850178359096
9 0.7905 0.35939357907253267 0.048 0.051724137931034475
9 0.81 0.29340071343638524 0.039 0.043400713436385255
9 0.79725 0.2809155766944114 0.0465 0.05053507728894173
9 0.7515000000000001 0.32847800237812125 0.047 0.051724137931034475
9 0.749 0.6869797859690844 0.046 0.0600475624256837
9 0.752 0.7749702734839476 0.042 0.056480380499405465
10 0.76075 0.3430439952437574 0.0315 0.0356718192627824
9 0.766 0.7684304399524375 0.046 0.06123662306777645
10 0.7202500000000001 0.8804994054696789 0.0305 0.034482758620689655
10 0.72875 0.8938763376932223 0.0175 0.024375743162901305
10 0.78525 0.9354934601664684 0.0165 0.024375743162901305
10 0.4235 0.5538049940546967 0.019 0.02318668252080856
10 0.44975 0.5951248513674197 0.0195 0.021403091557669437
10 0.44525000000000003 0.5847205707491081 0.025500000000000002 0.027942925089179546
10 0.29225 0.5011890606420927 0.0395 0.04399524375743163
10 0.5655 0.05142687277051129 0.022 0.030321046373365038
10 0.22 0.5386444708680143 0.022 0.027348394768133173
10 0.1825 0.4036860879904875 0.034 0.0356718192627824
10 0.20775000000000002 0.37782401902497026 0.0325 0.03745541022592152
10 0.23600000000000002 0.3501783590963139 0.032 0.034482758620689655
10 0.20175 0.3136147443519619 0.0335 0.038644470868014265
9 0.81075 0.7167063020214031 0.0415 0.054102259215219974
9 0.7995 0.7312722948870392 0.045 0.058263971462544584
9 0.78825 0.7419738406658739 0.0445 0.058263971462544584
9 0.77875 0.7562425683709868 0.0445 0.060642092746730075
9 0.17550000000000002 0.2648632580261593 0.052000000000000005 0.05529131985731272
