4 0.38311688311688313 0.7478890229191797 0.05194805194805195 0.11097708082026538
4 0.6796536796536796 0.5398069963811821 0.049783549783549784 0.11218335343787696
4 0.3717532467532468 0.30759951749095293 0.050865800865800864 0.11097708082026538
4 0.44696969696969696 0.3112183353437877 0.05194805194805195 0.11097708082026538
4 0.5227272727272727 0.31363088057901084 0.05194805194805195 0.11338962605548854
4 0.5979437229437229 0.3172496984318456 0.050865800865800864 0.11097708082026538
4 0.24242424242424243 0.5247285886610373 0.05194805194805195 0.11097708082026538
4 0.545995670995671 0.53437876960193 0.050865800865800864 0.11097708082026538
4 0.6055194805194806 0.5379975874547648 0.050865800865800864 0.11097708082026538
4 0.7391774891774892 0.5416164053075995 0.05194805194805195 0.11097708082026538
4 0.30627705627705626 0.7436670687575392 0.05194805194805195 0.11218335343787696
4 0.5411255411255411 0.7002412545235223 0.05194805194805195 0.11218335343787696
4 0.6001082251082251 0.7032569360675512 0.05303030303030303 0.11097708082026538
4 0.6747835497835498 0.7050663449939686 0.050865800865800864 0.1097708082026538
4 0.7337662337662337 0.7068757539203859 0.049783549783549784 0.11097708082026538
4 0.0817099567099567 0.7328106151990349 0.050865800865800864 0.11218335343787696
4 0.15638528138528138 0.7364294330518697 0.05303030303030303 0.11218335343787696
4 0.23322510822510822 0.7406513872135102 0.050865800865800864 0.11338962605548854
4 0.295995670995671 0.3039806996381182 0.050865800865800864 0.11097708082026538
