10 0.3121069182389937 0.8807896735003797 0.015723270440251572 0.007593014426727411
9 0.8856132075471699 0.4627942293090357 0.03223270440251572 0.03720577069096431
9 0.8930817610062893 0.26499620349278663 0.02830188679245283 0.03644646924829158
9 0.8907232704402516 0.3071374335611238 0.02830188679245283 0.03720577069096431
9 0.8907232704402516 0.3261199696279423 0.02830188679245283 0.03720577069096431
9 0.891116352201258 0.34244495064540625 0.02908805031446541 0.03644646924829158
9 0.8883647798742139 0.36560364464692485 0.02830188679245283 0.03720577069096431
9 0.8891509433962265 0.3845861807137434 0.02830188679245283 0.03720577069096431
9 0.8887578616352202 0.40129081245254367 0.02908805031446541 0.035687167805618834
9 0.8875786163522013 0.4229309035687168 0.02830188679245283 0.037965072133637055
9 0.8879716981132076 0.4422930903568717 0.030660377358490566 0.035687167805618834
9 0.8840408805031447 0.4924069855732726 0.02908805031446541 0.035687167805618834
9 0.9430031446540881 0.4039483675018983 0.049528301886792456 0.04555808656036447
9 0.8852201257861636 0.5129081245254367 0.02830188679245283 0.03720577069096431
9 0.6863207547169812 0.6074411541381929 0.04088050314465409 0.009111617312072894
9 0.8022798742138365 0.1457858769931663 0.010220125786163523 0.04100227790432802
9 0.7900943396226415 0.14388762338648445 0.011006289308176102 0.04176157934700076
9 0.7087264150943396 0.7258921791951405 0.018081761006289308 0.03948367501898254
9 0.7362421383647799 0.717160212604404 0.013364779874213837 0.040242976461655276
9 0.7334905660377359 0.6738800303720578 0.012578616352201259 0.040242976461655276
9 0.7197327044025158 0.6780561883067578 0.013364779874213837 0.03948367501898254
9 0.6949685534591196 0.6697038724373576 0.012578616352201259 0.037965072133637055
9 0.8922955974842768 0.2460136674259681 0.026729559748427674 0.037965072133637055
9 0.9481132075471699 0.3929384965831435 0.0330188679245283 0.03416856492027335
9 0.6717767295597484 0.6810933940774487 0.018081761006289308 0.03948367501898254
9 0.949685534591195 0.1738800303720577 0.0330188679245283 0.009111617312072894
10 0.9111635220125787 0.6852695520121489 0.015723270440251572 0.008352315869400152
10 0.9040880503144655 0.6624905087319666 0.014150943396226415 0.02201974183750949
10 0.9280660377358491 0.526575550493546 0.018081761006289308 0.008352315869400152
10 0.9599056603773586 0.5189825360668185 0.01729559748427673 0.008352315869400152
10 0.9610849056603774 0.5110098709187547 0.014937106918238994 0.007593014426727411
10 0.9422169811320755 0.5113895216400911 0.018081761006289308 0.008352315869400152
9 0.891116352201258 0.28815489749430523 0.02908805031446541 0.03720577069096431
9 0.9779874213836478 0.13249810174639332 0.039308176100628936 0.011389521640091117
9 0.9504716981132076 0.16400911161731208 0.0330188679245283 0.010630220197418376
9 0.9744496855345912 0.18602885345482156 0.040094339622641514 0.009111617312072894
9 0.9449685534591196 0.35383447228549736 0.04716981132075472 0.047076689445709946
9 0.9488993710691824 0.20728929384965833 0.055031446540880505 0.03644646924829158
9 0.9606918238993711 0.22741078208048596 0.036163522012578615 0.02657555049354594
9 0.9587264150943396 0.23917995444191345 0.03537735849056604 0.025816249050873197
9 0.9583333333333334 0.25436598329536825 0.050314465408805034 0.04403948367501898
9 0.9544025157232705 0.26499620349278663 0.04874213836477988 0.04555808656036447
9 0.9481132075471699 0.2733485193621868 0.04874213836477988 0.04555808656036447
9 0.9473270440251573 0.28967350037965073 0.04874213836477988 0.04783599088838269
9 0.9477201257861636 0.30599848139711466 0.04638364779874214 0.047076689445709946
9 0.9445754716981133 0.3363705391040243 0.0479559748427673 0.047076689445709946
9 0.6831761006289309 0.6784358390280942 0.020440251572327046 0.040242976461655276
9 0.6623427672955975 0.6841305998481397 0.018081761006289308 0.03948367501898254
10 0.2806603773584906 0.9050873196659074 0.01886792452830189 0.009111617312072894
9 0.13089622641509435 0.8481397114654519 0.008647798742138365 0.037965072133637055
9 0.31603773584905664 0.7217160212604404 0.04088050314465409 0.009870918754745635
9 0.2503930817610063 0.6871678056188307 0.027515723270440252 0.010630220197418376
9 0.22562893081761007 0.8447228549734245 0.029874213836477988 0.035687167805618834
9 0.21501572327044027 0.8424449506454063 0.030660377358490566 0.03720577069096431
9 0.1985062893081761 0.8451025056947609 0.025943396226415096 0.03644646924829158
9 0.1835691823899371 0.8473804100227791 0.025943396226415096 0.03644646924829158
9 0.17059748427672958 0.8481397114654519 0.02358490566037736 0.037965072133637055
9 0.15959119496855348 0.8477600607441155 0.022012578616352203 0.03720577069096431
9 0.1474056603773585 0.8473804100227791 0.021226415094339625 0.037965072133637055
9 0.12028301886792453 0.8488990129081245 0.009433962264150945 0.037965072133637055
9 0.31525157232704404 0.7498101746393319 0.04245283018867925 0.008352315869400152
9 0.10888364779874214 0.8500379650721337 0.010220125786163523 0.0387243735763098
9 0.09669811320754718 0.8504176157934701 0.011006289308176102 0.03948367501898254
9 0.08687106918238995 0.8488990129081245 0.010220125786163523 0.037965072133637055
9 0.23977987421383648 0.7399392558845862 0.020440251572327046 0.029612756264236904
9 0.22759433962264153 0.7403189066059226 0.019654088050314468 0.030372057706909643
9 0.21501572327044027 0.7410782080485954 0.018081761006289308 0.030372057706909643
9 0.184748427672956 0.7710706150341686 0.025157232704402517 0.0387243735763098
9 0.17099056603773585 0.7744874715261959 0.019654088050314468 0.025816249050873197
9 0.15723270440251574 0.7771450265755505 0.02358490566037736 0.029612756264236904
9 0.31603773584905664 0.7331055429005315 0.039308176100628936 0.009870918754745635
9 0.3136792452830189 0.7604403948367502 0.039308176100628936 0.009870918754745635
9 0.652122641509434 0.6871678056188307 0.018081761006289308 0.03948367501898254
9 0.6513364779874214 0.5474563401670464 0.030660377358490566 0.03492786636294609
9 0.6419025157232705 0.6902050113895217 0.019654088050314468 0.04100227790432802
9 0.6312893081761006 0.6928625664388762 0.01886792452830189 0.0387243735763098
9 0.6218553459119497 0.6985573272589218 0.020440251572327046 0.03948367501898254
9 0.5204402515723271 0.5907365223993926 0.009433962264150945 0.03948367501898254
9 0.5310534591194969 0.5903568716780562 0.010220125786163523 0.040242976461655276
9 0.5424528301886793 0.5930144267274108 0.009433962264150945 0.04100227790432802
9 0.554245283018868 0.591116173120729 0.009433962264150945 0.040242976461655276
9 0.6501572327044025 0.5831435079726652 0.031446540880503145 0.033409263477600606
9 0.6505503144654088 0.5664388762338649 0.030660377358490566 0.03492786636294609
9 0.652122641509434 0.5155656795747913 0.030660377358490566 0.03492786636294609
9 0.3144654088050315 0.7710706150341686 0.04088050314465409 0.009870918754745635
9 0.6529088050314465 0.49962034927866367 0.030660377358490566 0.03492786636294609
9 0.5782232704402516 0.37433561123766135 0.010220125786163523 0.03948367501898254
9 0.7020440251572327 0.11921032649962035 0.029874213836477988 0.022779043280182234
9 0.3089622641509434 0.8367501898253608 0.04088050314465409 0.009111617312072894
9 0.30778301886792453 0.8257403189066059 0.040094339622641514 0.008352315869400152
9 0.31092767295597484 0.8147304479878512 0.040094339622641514 0.009111617312072894
9 0.31171383647798745 0.8044798785117692 0.040094339622641514 0.008352315869400152
9 0.3132861635220126 0.7934700075930144 0.04166666666666667 0.010630220197418376
9 0.31485849056603776 0.7820804859529233 0.040094339622641514 0.010630220197418376
10 0.8852201257861636 0.7069096431283219 0.012578616352201259 0.016704631738800303
10 0.9622641509433962 0.7323462414578588 0.01729559748427673 0.018982536066818528
10 0.9650157232704403 0.7205770690964313 0.013364779874213837 0.01822323462414579
10 0.6949685534591196 0.8287775246772969 0.014150943396226415 0.017463933181473046
10 0.5742924528301887 0.8572513287775247 0.018081761006289308 0.01974183750949127
10 0.5911949685534591 0.8583902809415338 0.015723270440251572 0.017463933181473046
10 0.601808176100629 0.8580106302201974 0.014937106918238994 0.016704631738800303
10 0.6104559748427674 0.8572513287775247 0.010220125786163523 0.015186028853454821
10 0.6265723270440252 0.8599088838268794 0.009433962264150945 0.017463933181473046
10 0.7272012578616353 0.8192862566438877 0.014150943396226415 0.016704631738800303
10 0.7193396226415095 0.8208048595292331 0.015723270440251572 0.016704631738800303
10 0.7110849056603774 0.8238420652999241 0.01179245283018868 0.015186028853454821
10 0.7016509433962265 0.8264996203492787 0.014937106918238994 0.015945330296127564
10 0.6709905660377359 0.840167046317388 0.01650943396226415 0.01442672741078208
10 0.5522798742138365 0.8530751708428247 0.014937106918238994 0.015945330296127564
10 0.6662735849056605 0.8587699316628702 0.018081761006289308 0.01822323462414579
10 0.675314465408805 0.8602885345482156 0.015723270440251572 0.01974183750949127
10 0.6871069182389937 0.859529233105543 0.012578616352201259 0.016704631738800303
10 0.7122641509433962 0.860668185269552 0.012578616352201259 0.017463933181473046
10 0.7087264150943396 0.8488990129081245 0.014937106918238994 0.007593014426727411
10 0.7236635220125787 0.8413059984813972 0.018081761006289308 0.01366742596810934
10 0.7240566037735849 0.853454821564161 0.014150943396226415 0.016704631738800303
10 0.7327044025157233 0.8553530751708429 0.011006289308176102 0.015945330296127564
10 0.7362421383647799 0.8428246013667426 0.013364779874213837 0.01366742596810934
10 0.5593553459119497 0.856492027334852 0.014937106918238994 0.016704631738800303
10 0.5412735849056604 0.8561123766135156 0.010220125786163523 0.017463933181473046
10 0.8537735849056605 0.7809415337889143 0.01886792452830189 0.012908124525436599
10 0.0589622641509434 0.9081245254365984 0.015723270440251572 0.007593014426727411
10 0.24449685534591195 0.9791192103264996 0.01886792452830189 0.01442672741078208
10 0.010613207547169812 0.9365983295368262 0.018081761006289308 0.015945330296127564
10 0.08215408805031447 0.9271070615034169 0.014937106918238994 0.007593014426727411
10 0.24842767295597484 0.887243735763098 0.015723270440251572 0.009870918754745635
10 0.18160377358490568 0.9160971905846621 0.01729559748427673 0.009870918754745635
10 0.1835691823899371 0.9039483675018983 0.018081761006289308 0.009870918754745635
10 0.17845911949685536 0.8952164009111617 0.01729559748427673 0.007593014426727411
10 0.14779874213836477 0.8971146545178437 0.01729559748427673 0.009870918754745635
10 0.08058176100628932 0.9058466211085802 0.01650943396226415 0.009111617312072894
10 0.039701257861635225 0.9111617312072894 0.01650943396226415 0.009111617312072894
10 0.5338050314465409 0.8542141230068337 0.011006289308176102 0.016704631738800303
10 0.49488993710691825 0.843204252088079 0.01650943396226415 0.008352315869400152
10 0.49528301886792453 0.8530751708428247 0.01729559748427673 0.008352315869400152
10 0.5102201257861636 0.8439635535307517 0.012578616352201259 0.008352315869400152
10 0.5102201257861636 0.8515565679574791 0.014150943396226415 0.008352315869400152
10 0.5239779874213837 0.8511769172361427 0.014937106918238994 0.01822323462414579
10 0.44457547169811323 0.8754745634016705 0.01650943396226415 0.009111617312072894
10 0.48702830188679247 0.9141989369779803 0.014937106918238994 0.01974183750949127
10 0.45951257861635225 0.941533788914199 0.018081761006289308 0.010630220197418376
10 0.4658018867924529 0.9741837509491269 0.018081761006289308 0.009111617312072894
10 0.5369496855345912 0.9236902050113895 0.007861635220125786 0.012908124525436599
10 0.5436320754716981 0.9248291571753987 0.007075471698113208 0.012148823082763858
10 0.550314465408805 0.9263477600607442 0.007861635220125786 0.015186028853454821
10 0.9740566037735849 0.8587699316628702 0.006289308176100629 0.01822323462414579
10 0.7704402515723271 0.8170083523158694 0.007861635220125786 0.016704631738800303
10 0.804245283018868 0.8507972665148065 0.009433962264150945 0.015945330296127564
10 0.8125 0.8675018982536067 0.014937106918238994 0.01442672741078208
10 0.8502358490566038 0.8804100227790433 0.018081761006289308 0.009870918754745635
10 0.8683176100628931 0.8819286256643888 0.01650943396226415 0.008352315869400152
10 0.8860062893081762 0.8823082763857252 0.01729559748427673 0.009111617312072894
10 0.9893867924528302 0.8849658314350798 0.018081761006289308 0.009870918754745635
10 0.904874213836478 0.8826879271070616 0.014150943396226415 0.008352315869400152
10 0.9921383647798743 0.8599088838268794 0.007861635220125786 0.018982536066818528
10 0.9642295597484277 0.8587699316628702 0.008647798742138365 0.01974183750949127
10 0.5845125786163522 0.9259681093394078 0.008647798742138365 0.015945330296127564
10 0.9088050314465409 0.8572513287775247 0.01729559748427673 0.01366742596810934
10 0.914308176100629 0.8314350797266515 0.01886792452830189 0.012148823082763858
10 0.9135220125786164 0.8219438116932423 0.015723270440251572 0.009870918754745635
10 0.9481132075471699 0.8185269552012149 0.009433962264150945 0.015186028853454821
10 0.9661949685534592 0.8219438116932423 0.009433962264150945 0.017463933181473046
10 0.9834905660377359 0.822703113135915 0.007861635220125786 0.015945330296127564
10 0.9748427672955975 0.8082763857251329 0.015723270440251572 0.011389521640091117
10 0.9783805031446542 0.8006833712984055 0.01650943396226415 0.011389521640091117
10 0.8514150943396227 0.7896735003796508 0.01729559748427673 0.012148823082763858
10 0.7617924528301887 0.8185269552012149 0.007861635220125786 0.016704631738800303
10 0.7535377358490566 0.8162490508731967 0.008647798742138365 0.016704631738800303
10 0.9162735849056605 0.9669703872437359 0.013364779874213837 0.01442672741078208
10 0.9406446540880503 0.9882308276385725 0.014937106918238994 0.00683371298405467
10 0.5943396226415094 0.9286256643887624 0.007861635220125786 0.015186028853454821
10 0.6033805031446541 0.928246013667426 0.008647798742138365 0.01442672741078208
10 0.6214622641509434 0.9297646165527715 0.008647798742138365 0.017463933181473046
10 0.6308962264150944 0.9286256643887624 0.005503144654088051 0.01366742596810934
10 0.6387578616352202 0.9297646165527715 0.008647798742138365 0.01442672741078208
10 0.6477987421383649 0.9328018223234624 0.009433962264150945 0.015945330296127564
10 0.6584119496855346 0.9305239179954442 0.008647798742138365 0.015945330296127564
10 0.5849056603773585 0.9586180713743356 0.009433962264150945 0.017463933181473046
10 0.60062893081761 0.9601366742596812 0.009433962264150945 0.018982536066818528
10 0.612814465408805 0.9608959757023539 0.008647798742138365 0.015945330296127564
10 0.6226415094339623 0.9616552771450266 0.007861635220125786 0.015945330296127564
10 0.6308962264150944 0.9612756264236902 0.008647798742138365 0.015186028853454821
10 0.6391509433962265 0.9601366742596812 0.009433962264150945 0.01442672741078208
10 0.6588050314465409 0.9924069855732727 0.01886792452830189 0.009111617312072894
10 0.681996855345912 0.9939255884586181 0.01650943396226415 0.010630220197418376
10 0.7806603773584906 0.9836750189825361 0.011006289308176102 0.017463933181473046
10 0.8643867924528302 0.9650721336370539 0.013364779874213837 0.016704631738800303
10 0.8734276729559749 0.9646924829157176 0.012578616352201259 0.015945330296127564
10 0.9068396226415095 0.9654517843583903 0.014937106918238994 0.017463933181473046
9 0.07665094339622643 0.8132118451025058 0.01179245283018868 0.037965072133637055
