10 0.04227557411273486 0.19565217391304346 0.032359081419624215 0.021414665801427642
9 0.44780793319415446 0.7650876054510058 0.039665970772442584 0.063595068137573
9 0.5318371607515657 0.5934458144062297 0.09707724425887264 0.024010382868267358
9 0.5495824634655532 0.6099935107073329 0.07411273486430062 0.020765736534717714
9 0.4389352818371607 0.6447112264763141 0.030271398747390394 0.0499675535366645
9 0.46294363256784965 0.6554185593770279 0.030271398747390394 0.05970149253731343
9 0.5297494780793319 0.6706683971447112 0.09707724425887264 0.0227125243348475
9 0.5240083507306889 0.7008436080467229 0.07933194154488517 0.02336145360155743
9 0.510438413361169 0.7676833225178455 0.09603340292275574 0.02336145360155743
9 0.5386221294363256 0.5645684620376379 0.0939457202505219 0.02336145360155743
9 0.510438413361169 0.7858533419857235 0.10438413361169101 0.025957170668397145
9 0.5062630480167014 0.8020765736534717 0.07933194154488517 0.02206359506813757
9 0.46503131524008345 0.8121349772874756 0.09916492693110646 0.025308241401687213
9 0.3496868475991649 0.8166774821544451 0.08350730688935282 0.060350421804023356
9 0.49686847599164924 0.8322517845554834 0.08350730688935282 0.0227125243348475
9 0.4926931106471816 0.8497728747566514 0.10020876826722337 0.025308241401687213
9 0.5370563674321502 0.5794938351719662 0.092901878914405 0.02206359506813757
9 0.5427974947807933 0.5486696950032446 0.09185803757828809 0.025308241401687213
9 0.4097077244258872 0.8780012978585333 0.044885177453027135 0.06099935107073329
9 0.5762004175365344 0.3942245295262816 0.09185803757828809 0.020116807268007787
9 0.5454070981210856 0.04964308890330953 0.09081419624217119 0.04218040233614536
9 0.6012526096033403 0.19110966904607396 0.03549060542797494 0.060350421804023356
9 0.5678496868475991 0.24789097988319272 0.03549060542797494 0.05840363400389357
9 0.5929018789144049 0.25405580791693705 0.037578288100208766 0.060350421804023356
9 0.48695198329853856 0.3948734587929915 0.05323590814196242 0.04866969500324465
9 0.4947807933194154 0.44354315379623616 0.033402922755741124 0.060350421804023356
9 0.5735908141962421 0.40817650876054506 0.09081419624217119 0.020765736534717714
9 0.5370563674321502 0.5317975340687865 0.1033402922755741 0.02790395846852693
9 0.5741127348643006 0.42537313432835816 0.0939457202505219 0.0227125243348475
9 0.5657620041753653 0.44029850746268656 0.09812108559498955 0.0227125243348475
9 0.5636743215031315 0.4552238805970149 0.09603340292275574 0.021414665801427642
9 0.5589770354906054 0.47112264763140815 0.092901878914405 0.020765736534717714
9 0.5579331941544885 0.5022712524334847 0.10125260960334029 0.02336145360155743
9 0.5490605427974947 0.518170019467878 0.0939457202505219 0.0227125243348475
9 0.48382045929018785 0.8637248539909149 0.09916492693110646 0.025957170668397145
9 0.4786012526096033 0.8799480856586631 0.09916492693110646 0.024659312134977285
10 0.04749478079331941 0.1800778715120052 0.03653444676409186 0.01752109020116807
10 0.1033402922755741 0.05386112913692407 0.03549060542797494 0.012978585334198572
9 0.6456158663883089 0.5236859182349124 0.06576200417536533 0.053212199870214145
9 0.6398747390396659 0.5476963011031797 0.06680584551148225 0.053212199870214145
9 0.6268267223382046 0.6460090850097339 0.030271398747390394 0.060350421804023356
9 0.6701461377870563 0.7401038286826735 0.039665970772442584 0.06164828033744321
9 0.697286012526096 0.7426995457495132 0.031315240083507306 0.060350421804023356
10 0.3262004175365344 0.04607397793640493 0.03653444676409186 0.02336145360155743
10 0.13778705636743213 0.05580791693705386 0.033402922755741124 0.012978585334198572
9 0.6539665970772441 0.47177157689811805 0.0720250521920668 0.05710577547047371
10 0.10594989561586637 0.03277092796885139 0.030271398747390394 0.012329656067488643
10 0.20302713987473903 0.14438676184295912 0.03653444676409186 0.018818948734587927
10 0.20824634655532356 0.15801427644386762 0.03653444676409186 0.018818948734587927
10 0.17275574112734862 0.1680726800778715 0.03653444676409186 0.016872160934458143
10 0.17275574112734862 0.15412070084360804 0.03653444676409186 0.018818948734587927
10 0.13622129436325678 0.16417910447761194 0.038622129436325675 0.01946787800129786
9 0.650313152400835 0.4987021414665801 0.07098121085594988 0.055158987670343926
9 0.7520876826722337 0.5048669695003244 0.03444676409185803 0.06099935107073329
9 0.48382045929018785 0.8968202465931213 0.09916492693110646 0.024659312134977285
9 0.6299582463465553 0.19110966904607396 0.03653444676409186 0.06164828033744321
9 0.47077244258872647 0.9120700843608046 0.10438413361169101 0.025308241401687213
9 0.5996868475991649 0.6469824789097988 0.032359081419624215 0.06099935107073329
9 0.5808977035490605 0.3796236210253082 0.1033402922755741 0.02336145360155743
9 0.5902922755741127 0.3656716417910448 0.1033402922755741 0.025308241401687213
9 0.8423799582463465 0.35139519792342633 0.09603340292275574 0.0227125243348475
9 0.8387265135699373 0.3692407527579494 0.09707724425887264 0.024659312134977285
9 0.6581419624217119 0.0872809863724854 0.0824634655532359 0.05645684620376379
9 0.8204592901878913 0.46658014276443865 0.0939457202505219 0.02336145360155743
9 0.6774530271398747 0.0772225827384815 0.07724425887265135 0.05580791693705386
9 0.6670146137787055 0.42212848799480857 0.07515657620041753 0.05386112913692407
9 0.6633611691022964 0.4471122647631408 0.06993736951983298 0.054510058403634
9 0.8288100208768266 0.41466580142764436 0.10438413361169101 0.024659312134977285
9 0.8267223382045928 0.4334847501622323 0.10229645093945719 0.024659312134977285
9 0.8230688935281837 0.4506813757300454 0.1033402922755741 0.024010382868267358
9 0.30949895615866385 0.07949383517196625 0.08872651356993735 0.04607397793640493
