10 0.990521327014218 0.1018590240123935 0.012186865267433988 0.024012393493415957
10 0.9678402166553824 0.08404337722695586 0.023696682464454975 0.013168086754453913
9 0.41333784698713605 0.21727343144848957 0.042654028436018954 0.058094500387296674
9 0.41841570751523355 0.1967467079783114 0.043331076506431955 0.057319907048799384
9 0.42213947190250506 0.1766072811773819 0.044008124576844956 0.057319907048799384
9 0.43161814488828704 0.16343919442292798 0.042654028436018954 0.057319907048799384
9 0.436357481381178 0.1436870642912471 0.042654028436018954 0.058094500387296674
9 0.444482058226134 0.12858249419054996 0.042654028436018954 0.058869093725793964
9 0.6360866621530128 0.15143299767621998 0.01828029790115098 0.061192873741285826
9 0.6513202437373053 0.14756003098373355 0.01895734597156398 0.058094500387296674
9 0.6668923493568043 0.14949651432997677 0.01895734597156398 0.058869093725793964
9 0.6821259309410967 0.15143299767621998 0.01828029790115098 0.059643687064291254
9 0.6973595125253893 0.15298218435321456 0.020311442112389978 0.061192873741285826
9 0.6777251184834123 0.21378776142525174 0.020311442112389978 0.061967467079783116
9 0.6932972241029113 0.21185127807900853 0.020311442112389978 0.059643687064291254
9 0.4752877454299255 0.2904725019364834 0.05687203791469194 0.02168861347792409
9 0.6506431956668923 0.3125484120836561 0.052809749492213946 0.033307513555383424
9 0.6550440081245769 0.32881487219209915 0.05348679756262695 0.033307513555383424
9 0.552809749492214 0.3981409759876065 0.03182125930941097 0.0635166537567777
9 0.5673662830060934 0.402013942680093 0.03114421123899797 0.060418280402788536
9 0.6523358158429248 0.3640588690937258 0.05348679756262695 0.03718048024786987
9 0.7081922816519972 0.3578621223857475 0.03926878808395396 0.058869093725793964
9 0.7203791469194313 0.3450813323005422 0.03791469194312796 0.061192873741285826
9 0.7071767095463778 0.39659178931061195 0.03859174001354096 0.060418280402788536
9 0.6976980365605958 0.4163439194422928 0.03317535545023696 0.061192873741285826
9 0.6909275558564658 0.4349341595662278 0.03317535545023696 0.061192873741285826
9 0.6442112389979688 0.4031758326878389 0.052132701421800945 0.039504260263361735
9 0.6459038591740013 0.42254066615027114 0.052809749492213946 0.039504260263361735
9 0.6821259309410967 0.45584817970565455 0.03182125930941097 0.061192873741285826
9 0.6706161137440758 0.4709527498063517 0.027758970886932972 0.061967467079783116
9 0.6543669600541638 0.4709527498063517 0.030467163168584967 0.061967467079783116
9 0.4058903182125931 0.23431448489542991 0.042654028436018954 0.056545313710302095
9 0.3747461069735951 0.7490317583268784 0.052132701421800945 0.03563129357087529
9 0.2004062288422478 0.7304415182029435 0.052809749492213946 0.029434546862896982
9 0.22579553148273526 0.42099147947327653 0.05077860528097495 0.034856700232378
9 0.2887610020311442 0.23276529821843533 0.05754908598510494 0.03640588690937258
9 0.2819905213270142 0.24864446165762977 0.05619498984427894 0.03563129357087529
9 0.2775897088693297 0.2652982184353215 0.055517941773865945 0.03640588690937258
9 0.2711577522004062 0.27924089852827266 0.05484089370345294 0.03795507358636716
9 0.2687880839539607 0.2966692486444617 0.055517941773865945 0.03872966692486445
9 0.2572782667569397 0.3272656855151046 0.055517941773865945 0.03640588690937258
9 0.3710223425863236 0.36250968241673126 0.03926878808395396 0.029434546862896982
9 0.3808395396073121 0.3295894655305965 0.042654028436018954 0.03175832687838885
9 0.36662153012863913 0.3772269558481797 0.04129993229519296 0.032532920216886134
9 0.3612051455653351 0.39542989930286604 0.04129993229519296 0.03175832687838885
9 0.25186188219363576 0.3474051123160341 0.055517941773865945 0.034856700232378
9 0.24712254570074474 0.3636715724244772 0.055517941773865945 0.03640588690937258
9 0.23798239675016924 0.40704879938032534 0.05077860528097495 0.03640588690937258
9 0.21936357481381177 0.4388071262587142 0.051455653351387944 0.03640588690937258
9 0.14285714285714285 0.7052672347017817 0.052809749492213946 0.033307513555383424
9 0.23967501692620174 0.49496514329976765 0.052809749492213946 0.03563129357087529
9 0.23358158429248477 0.5170410534469404 0.052809749492213946 0.03640588690937258
9 0.22985781990521326 0.5321456235476375 0.052132701421800945 0.03408210689388071
9 0.22477995937711576 0.548024786986832 0.052809749492213946 0.03640588690937258
9 0.22071767095463776 0.5627420604182805 0.05416384563303994 0.03795507358636716
9 0.26506431956668924 0.5352439969016267 0.025050778605280974 0.061967467079783116
9 0.21462423832092078 0.5782339271882262 0.052809749492213946 0.03640588690937258
9 0.21022342586323628 0.592563903950426 0.05348679756262695 0.03563129357087529
9 0.21496276235612727 0.6332300542215338 0.052132701421800945 0.03640588690937258
9 0.21123899796885579 0.6502711076684741 0.052809749492213946 0.03795507358636716
9 0.20616113744075829 0.6719597211463982 0.052132701421800945 0.03640588690937258
9 0.2014218009478673 0.6901626646010844 0.052132701421800945 0.03872966692486445
9 0.1902505077860528 0.7056545313710303 0.051455653351387944 0.03718048024786987
9 0.6442112389979688 0.48450813323005426 0.034529451591062965 0.061192873741285826
9 0.6316858496953284 0.4930286599535244 0.033852403520649964 0.061192873741285826
9 0.6184834123222749 0.5 0.03182125930941097 0.059643687064291254
10 0.8043331076506431 0.1444616576297444 0.017603249830737983 0.030209140201394268
10 0.12897765741367637 0.4360960495739737 0.025050778605280974 0.041828040278853604
10 0.11306702775897089 0.49147947327652985 0.017603249830737983 0.028659953524399692
10 0.10595802301963439 0.5154918667699459 0.015572105619498984 0.025561580170410537
9 0.08361543669600541 0.48993028659953525 0.030467163168584967 0.056545313710302095
9 0.08869329722410291 0.5658404337722696 0.03114421123899797 0.050348567002323784
9 0.06905890318212593 0.6227730441518203 0.035206499661475966 0.060418280402788536
10 0.015910629654705483 0.7033307513555384 0.01828029790115098 0.027885360185902403
10 0.03182125930941097 0.7486444616576298 0.014895057549085985 0.027110766847405113
10 0.0856465809072444 0.808288148721921 0.023696682464454975 0.020914020139426802
10 0.042315504400812456 0.8299767621998452 0.025050778605280974 0.019364833462432226
10 0.40995260663507105 0.061967467079783116 0.015572105619498984 0.026336173508907827
10 0.7816519972918077 0.13361735089078236 0.015572105619498984 0.027110766847405113
10 0.7931618144888287 0.1374903175832688 0.01828029790115098 0.030209140201394268
10 0.8144888287068381 0.1487219209914795 0.017603249830737983 0.030983733539891558
10 0.11035883547731888 0.3718048024786987 0.01895734597156398 0.030983733539891558
10 0.8412322274881516 0.13439194422927964 0.025050778605280974 0.017815646785437646
10 0.8293838862559242 0.15143299767621998 0.014895057549085985 0.027110766847405113
10 0.8398781313473256 0.15917893106119288 0.016926201760324982 0.030209140201394268
10 0.8524035206499662 0.1618900077459334 0.014895057549085985 0.026336173508907827
10 0.8622207176709547 0.16576297443841984 0.011509817197020988 0.024786986831913247
10 0.9048747461069736 0.10379550735863673 0.012863913337846986 0.026336173508907827
10 0.7826675693974272 0.1820294345468629 0.013540961408259986 0.027885360185902403
10 0.7941773865944481 0.186289697908598 0.013540961408259986 0.030209140201394268
10 0.8060257278266757 0.19171185127807902 0.010155721056194989 0.025561580170410537
10 0.8524035206499662 0.20875290472501937 0.013540961408259986 0.027110766847405113
10 0.8645903859174001 0.21727343144848957 0.010832769126607989 0.020914020139426802
10 0.8767772511848341 0.22153369481022464 0.010832769126607989 0.026336173508907827
10 0.9207853757616791 0.10573199070487994 0.020311442112389978 0.025561580170410537
10 0.11611374407582938 0.3818745158791635 0.016926201760324982 0.027885360185902403
10 0.12593094109681788 0.3536018590240124 0.01895734597156398 0.03175832687838885
9 0.6167907921462423 0.5383423702556158 0.040622884224779957 0.057319907048799384
9 0.5545023696682464 0.9450038729666925 0.033852403520649964 0.06661502711076685
9 0.4664861205145565 0.5565453137103021 0.058226134055517936 0.03795507358636716
9 0.5666892349356805 0.652594887683966 0.03114421123899797 0.059643687064291254
9 0.5964793500338523 0.6676994577846631 0.033852403520649964 0.061967467079783116
9 0.6103588354773188 0.6758326878388846 0.030467163168584967 0.059643687064291254
9 0.5768449559918754 0.7312161115414408 0.03249830737982397 0.061967467079783116
9 0.42721733243060256 0.7722695584817971 0.05416384563303994 0.040278853601859024
9 0.43568043331076506 0.8640588690937259 0.03182125930941097 0.06274206041828041
9 0.4827352742044685 0.8721920991479474 0.03114421123899797 0.060418280402788536
9 0.495937711577522 0.8810999225406662 0.030467163168584967 0.059643687064291254
9 0.5419769803656059 0.86289697908598 0.05077860528097495 0.03872966692486445
9 0.5934326337169938 0.8888458559256391 0.05077860528097495 0.03640588690937258
9 0.509478672985782 0.9132455460883037 0.03182125930941097 0.060418280402788536
9 0.5247122545700744 0.9198295894655306 0.03114421123899797 0.061192873741285826
9 0.5819228165199729 0.9585592563903951 0.030467163168584967 0.061192873741285826
10 0.13270142180094785 0.30325329202168866 0.025727826675693972 0.03640588690937258
9 0.7955314827352742 0.21262587141750583 0.052809749492213946 0.03640588690937258
9 0.8473256601218686 0.23547637490317586 0.052132701421800945 0.03563129357087529
9 0.7826675693974272 0.2470952749806352 0.05416384563303994 0.03408210689388071
9 0.8425863236289777 0.2525174283501162 0.05348679756262695 0.03563129357087529
9 0.8371699390656736 0.2664601084430674 0.05348679756262695 0.03563129357087529
9 0.7819905213270142 0.2687838884585593 0.052809749492213946 0.030983733539891558
9 0.7728503723764387 0.2858249419054996 0.052132701421800945 0.027885360185902403
9 0.8270142180094786 0.3001549186676995 0.052132701421800945 0.034856700232378
9 0.8131347325660122 0.3179705654531371 0.051455653351387944 0.03175832687838885
9 0.6232227488151658 0.680867544539117 0.03182125930941097 0.060418280402788536
9 0.6167907921462423 0.04996127033307514 0.051455653351387944 0.024012393493415957
9 0.7017603249830737 0.05848179705654532 0.052132701421800945 0.025561580170410537
9 0.8171970209884901 0.07087529047250193 0.06499661475964794 0.025561580170410537
9 0.2911306702775897 0.2114639814097599 0.052809749492213946 0.03563129357087529
