9 0.4320601127113337 0.3308248043347381 0.07013149655604257 0.08729680915111379
10 0.6189730745147151 0.6122817579771223 0.021916092673763304 0.026490066225165563
10 0.41891045710707575 0.6631547260686333 0.023794614902943018 0.02588801926550271
10 0.4098309329993738 0.674894641782059 0.021916092673763304 0.024081878386514148
10 0.6537257357545397 0.5933172787477423 0.01878522229179712 0.022275737507525588
10 0.6405760801502818 0.5999397953040337 0.022542266750156543 0.024683925346177003
10 0.6728240450845334 0.6192052980132451 0.02066374452097683 0.022275737507525588
10 0.6596743894802755 0.6240216736905478 0.02316844082654978 0.02588801926550271
10 0.63055729492799 0.6080674292594822 0.022542266750156543 0.025285972305839857
10 0.60832811521603 0.6210114388922336 0.019411396368190358 0.02107164358819988
10 0.4405134627426424 0.6541240216736905 0.019411396368190358 0.02107164358819988
10 0.5785848465873512 0.6423841059602649 0.025046963055729492 0.026490066225165563
10 0.5466499686912961 0.6625526791089705 0.020037570444583593 0.022275737507525588
10 0.5854727614276769 0.672787477423239 0.023794614902943018 0.027092113184828417
10 0.5745147150907952 0.679108970499699 0.019411396368190358 0.020469596628537028
10 0.5663744520976831 0.6878386514148104 0.024420788979336253 0.027092113184828417
10 0.5394489668127739 0.6718844069837447 0.021916092673763304 0.024081878386514148
10 0.5535378835316218 0.6917519566526189 0.017532874139010644 0.01926550270921132
10 0.43018159048215404 0.6577363034316677 0.01878522229179712 0.02107164358819988
10 0.45021916092673764 0.645996387718242 0.021289918597370068 0.024081878386514148
10 0.915466499686913 0.9367850692354004 0.025046963055729492 0.028898254063816978
10 0.34470882905447714 0.6098735701384708 0.024420788979336253 0.026490066225165563
10 0.4148403256105197 0.5999397953040337 0.024420788979336253 0.027092113184828417
10 0.39041953663118345 0.5875978326309452 0.021916092673763304 0.025285972305839857
10 0.37633061991233563 0.5924142083082481 0.026299311208515967 0.02769416014449127
10 0.39386349405134624 0.6137868753762793 0.023794614902943018 0.024683925346177003
10 0.38196618659987475 0.6204093919325707 0.023794614902943018 0.027092113184828417
10 0.3716343143393863 0.6273329319686936 0.019411396368190358 0.021673690547862733
10 0.3606762680025047 0.631848284166165 0.020037570444583593 0.02107164358819988
10 0.32498434564809014 0.6240216736905478 0.023794614902943018 0.02588801926550271
10 0.45929868503443955 0.6384708007224563 0.019411396368190358 0.02107164358819988
10 0.30776455854727613 0.6390728476821192 0.026925485284909203 0.02588801926550271
10 0.33030682529743266 0.6577363034316677 0.024420788979336253 0.028296207104154123
10 0.31997495303694423 0.6637567730282962 0.023794614902943018 0.024683925346177003
10 0.2977457733249843 0.6529199277543648 0.025673137132122728 0.028296207104154123
10 0.49279899812147776 0.6204093919325707 0.021289918597370068 0.022275737507525588
10 0.4805886036318096 0.6237206502107164 0.019411396368190358 0.020469596628537028
10 0.4702567313713212 0.6303431667670079 0.023794614902943018 0.026490066225165563
10 0.5291170945522855 0.6797110174593618 0.025046963055729492 0.02769416014449127
10 0.5447714464621164 0.7001806140878989 0.01878522229179712 0.020469596628537028
10 0.5178459611772073 0.6845273931366647 0.020037570444583593 0.02287778446718844
10 0.6634314339386349 0.7269717037928959 0.021916092673763304 0.023479831426851294
10 0.5942391984971822 0.7414208308248044 0.020037570444583593 0.02107164358819988
10 0.6033187226048842 0.7314870559903672 0.024420788979336253 0.026490066225165563
10 0.63055729492799 0.74683925346177 0.022542266750156543 0.023479831426851294
10 0.6246086412022542 0.7164358819987959 0.02066374452097683 0.024081878386514148
10 0.6405760801502818 0.7375075255869958 0.01878522229179712 0.02287778446718844
10 0.6361928616155291 0.7128236002408188 0.020037570444583593 0.02287778446718844
10 0.6509079524107702 0.7314870559903672 0.019411396368190358 0.02287778446718844
10 0.655917345021916 0.6977724262492474 0.021916092673763304 0.024081878386514148
10 0.5056355666875391 0.6896447922937989 0.021916092673763304 0.024683925346177003
10 0.6750156543519098 0.7233594220349188 0.01878522229179712 0.018663455749548464
10 0.6834690043832184 0.7131246237206502 0.02066374452097683 0.023479831426851294
10 0.6941139636819036 0.7049969897652016 0.021916092673763304 0.024081878386514148
10 0.7041327489041953 0.6977724262492474 0.021916092673763304 0.024081878386514148
10 0.6869129618033814 0.6757977122215533 0.022542266750156543 0.023479831426851294
10 0.6984971822166562 0.668573148705599 0.02316844082654978 0.027092113184828417
10 0.7141515341264871 0.6884406983744732 0.019411396368190358 0.02107164358819988
10 0.5820288040075141 0.7459361830222757 0.021916092673763304 0.024081878386514148
10 0.5720100187852223 0.7519566526189043 0.021916092673763304 0.024081878386514148
10 0.5970569818409518 0.7658037326911499 0.021916092673763304 0.02287778446718844
10 0.5629304946775203 0.7621914509331728 0.026299311208515967 0.030102347983142687
10 0.49655604257983715 0.6998795906080675 0.025046963055729492 0.028296207104154123
10 0.5031308703819661 0.7272727272727273 0.021916092673763304 0.025285972305839857
10 0.4855979962429555 0.7052980132450332 0.02316844082654978 0.028296207104154123
10 0.47620538509705695 0.7128236002408188 0.021916092673763304 0.025285972305839857
10 0.46430807764558546 0.7170379289584587 0.02066374452097683 0.024081878386514148
10 0.480275516593613 0.74262492474413 0.022542266750156543 0.02588801926550271
10 0.44458359423919847 0.7354003612281758 0.026299311208515967 0.027092113184828417
10 0.46211646837820913 0.7564720048163757 0.023794614902943018 0.02588801926550271
10 0.45898559799624294 0.8452739313666466 0.020037570444583593 0.024081878386514148
10 0.5093926111458985 0.825105358217941 0.02066374452097683 0.022275737507525588
10 0.509079524107702 0.7965081276339554 0.025046963055729492 0.02769416014449127
10 0.545084533500313 0.8016255267910897 0.021916092673763304 0.022275737507525588
10 0.5313087038196619 0.7805538832028899 0.02066374452097683 0.022275737507525588
10 0.5425798371947401 0.7781456953642384 0.02066374452097683 0.022275737507525588
10 0.5516593613024421 0.7685129440096328 0.025046963055729492 0.028296207104154123
10 0.426111458985598 0.5942203491872367 0.02066374452097683 0.02287778446718844
10 0.4351909830932999 0.5857916917519567 0.025046963055729492 0.02769416014449127
10 0.4583594239198497 0.5722456351595424 0.021289918597370068 0.022275737507525588
10 0.33907326236693797 0.3428657435279952 0.02316844082654978 0.027092113184828417
10 0.17845961177207262 0.23178807947019867 0.023794614902943018 0.021673690547862733
10 0.17376330619912334 0.26490066225165565 0.028177833437695678 0.02287778446718844
10 0.20757670632435815 0.2588801926550271 0.028177833437695678 0.024081878386514148
10 0.21509079524107702 0.27423239012642986 0.030682529743268627 0.02588801926550271
10 0.22698810269254852 0.2868753762793498 0.024420788979336253 0.02107164358819988
10 0.23043206011271133 0.29981938591210117 0.023794614902943018 0.020469596628537028
10 0.23919849718221664 0.3085490668272125 0.023794614902943018 0.019867549668874173
10 0.32811521603005633 0.34918723660445516 0.025046963055729492 0.028898254063816978
10 0.15529117094552286 0.4641782059000602 0.025046963055729492 0.02769416014449127
10 0.3174702567313713 0.35520770620108366 0.022542266750156543 0.026490066225165563
10 0.3058860363180964 0.3615291992775436 0.02066374452097683 0.024683925346177003
10 0.28490920475892295 0.37718242022877785 0.022542266750156543 0.027092113184828417
10 0.26424546023794615 0.3892233594220349 0.023794614902943018 0.02588801926550271
10 0.21258609893550406 0.42685129440096325 0.02316844082654978 0.02769416014449127
10 0.1931747025673137 0.4416014449127032 0.02066374452097683 0.02107164358819988
10 0.18221665623043204 0.4473208910295003 0.022542266750156543 0.026490066225165563
10 0.3055729492798998 0.2802528597230584 0.025046963055729492 0.022275737507525588
10 0.32811521603005633 0.26610475617098134 0.025046963055729492 0.020469596628537028
10 0.3231058234189104 0.25316074653823 0.028804007514088917 0.024683925346177003
10 0.2883531621790858 0.26068633353401566 0.026925485284909203 0.02287778446718844
9 0.265184721352536 0.08037326911499097 0.036944270507201 0.03190848886213125
10 0.30995616781465246 0.12492474413004215 0.027551659361302442 0.024683925346177003
10 0.2798998121477771 0.09181216134858519 0.023794614902943018 0.02107164358819988
10 0.31872260488415777 0.1333534015653221 0.023794614902943018 0.02107164358819988
10 0.3312460864120225 0.1535219747140277 0.025046963055729492 0.021673690547862733
10 0.3375078271759549 0.16526189042745335 0.021289918597370068 0.018663455749548464
10 0.35065748278021286 0.1806140878988561 0.022542266750156543 0.021673690547862733
10 0.35879774577332496 0.19265502709211318 0.026299311208515967 0.024081878386514148
10 0.371947401377583 0.20830824804334738 0.022542266750156543 0.01926550270921132
10 0.3813400125234815 0.21733895243829018 0.028804007514088917 0.026490066225165563
10 0.27082028804007513 0.18332329921733895 0.026925485284909203 0.023479831426851294
10 0.29023168440826547 0.21613485851896447 0.026925485284909203 0.02287778446718844
10 0.30651221039448967 0.23148705599036726 0.019411396368190358 0.017459361830222758
10 0.25954915466499684 0.2197471402769416 0.028177833437695678 0.024081878386514148
10 0.2836568566061365 0.24804334738109574 0.023794614902943018 0.021673690547862733
10 0.16875391358797745 0.4539434075857917 0.02316844082654978 0.02769416014449127
10 0.3716343143393863 0.3883202889825406 0.024420788979336253 0.02769416014449127
10 0.42705072010018785 0.5544852498494882 0.021289918597370068 0.024081878386514148
10 0.26487163431433935 0.5623118603251054 0.021289918597370068 0.024081878386514148
10 0.35879774577332496 0.5003010234798314 0.022542266750156543 0.024081878386514148
10 0.34690043832185347 0.5057194461167971 0.025046963055729492 0.028898254063816978
10 0.3638071383844709 0.5285972305839856 0.021289918597370068 0.024081878386514148
10 0.35378835316217905 0.5340156532209512 0.021289918597370068 0.024081878386514148
10 0.34157795867251095 0.5412402167369055 0.025673137132122728 0.028898254063816978
10 0.30776455854727613 0.535219747140277 0.024420788979336253 0.026490066225165563
10 0.3008766437069505 0.5707405177603853 0.02316844082654978 0.025285972305839857
10 0.24389480275516592 0.5794701986754967 0.024420788979336253 0.027092113184828417
10 0.36192861615529115 0.39524382901866345 0.020037570444583593 0.024683925346177003
10 0.271759549154665 0.5960264900662252 0.021289918597370068 0.02287778446718844
10 0.47432686286787723 0.5295003010234798 0.019411396368190358 0.02107164358819988
10 0.4636819035691922 0.5376279349789284 0.021916092673763304 0.024081878386514148
10 0.4887288666249217 0.5502709211318483 0.02066374452097683 0.024081878386514148
10 0.45241077019411396 0.5436484045755569 0.021916092673763304 0.024081878386514148
10 0.46775203506574825 0.5656231186032511 0.023794614902943018 0.02588801926550271
10 0.4405134627426424 0.5499698976520169 0.021916092673763304 0.02588801926550271
10 0.3747651847213525 0.5210716435881999 0.02316844082654978 0.027092113184828417
10 0.38541014402003754 0.5153521974714028 0.021916092673763304 0.024081878386514148
10 0.39574201628052597 0.5093317278747742 0.021289918597370068 0.02287778446718844
10 0.38165309956167814 0.4900662251655629 0.02066374452097683 0.02287778446718844
10 0.389167188478397 0.41210114388922336 0.02316844082654978 0.02588801926550271
10 0.3782091421415153 0.4202287778446719 0.022542266750156543 0.025285972305839857
10 0.36725109580463366 0.42534617700180616 0.02316844082654978 0.027092113184828417
10 0.3315591734502191 0.41782059000602045 0.024420788979336253 0.026490066225165563
10 0.3575453976205385 0.4340758579169175 0.021289918597370068 0.024081878386514148
10 0.34783969943644333 0.43979530403371464 0.024420788979336253 0.027092113184828417
10 0.3356293049467752 0.4470198675496689 0.025046963055729492 0.027092113184828417
10 0.3262366938008766 0.4563515954244431 0.023794614902943018 0.028898254063816978
10 0.2886662492172824 0.44551475015051173 0.021289918597370068 0.02287778446718844
10 0.269254852849092 0.46237206502107164 0.021289918597370068 0.02287778446718844
10 0.4214151534126487 0.45815773630343165 0.023794614902943018 0.025285972305839857
10 0.42798998121477766 0.48705599036724867 0.02316844082654978 0.025285972305839857
10 0.4035691922354414 0.47591812161348584 0.02066374452097683 0.02107164358819988
10 0.3922980588603632 0.4810355207706201 0.02066374452097683 0.02287778446718844
10 0.40732623669380086 0.5030102347983143 0.02066374452097683 0.023479831426851294
10 0.7094552285535378 0.6565322095123419 0.023794614902943018 0.02588801926550271
10 0.7629931120851596 0.7278747742323901 0.02316844082654978 0.026490066225165563
10 0.7814652473387601 0.7540638169777243 0.023794614902943018 0.027092113184828417
10 0.6725109580463369 0.21583383503913306 0.020037570444583593 0.022275737507525588
10 0.6875391358797746 0.2811559301625527 0.022542266750156543 0.026490066225165563
10 0.6975579211020664 0.27453341360626127 0.020037570444583593 0.021673690547862733
10 0.7094552285535378 0.26640577965081275 0.020037570444583593 0.022275737507525588
10 0.7247964934251722 0.28868151715833834 0.02316844082654978 0.024683925346177003
10 0.7385723231058234 0.2814569536423841 0.02316844082654978 0.023479831426851294
10 0.7661239824671259 0.2296809151113787 0.024420788979336253 0.022275737507525588
10 0.7529743268628678 0.20770620108368454 0.0319348778960551 0.025285972305839857
10 0.6581089542892924 0.19747140276941602 0.01878522229179712 0.020469596628537028
10 0.6070757670632435 0.2600842865743528 0.021916092673763304 0.024081878386514148
10 0.6249217282404508 0.21733895243829018 0.021289918597370068 0.024081878386514148
10 0.6637445209768316 0.22787477423239014 0.026299311208515967 0.029500301023479832
10 0.6415153412648716 0.23931366646598434 0.02316844082654978 0.02588801926550271
10 0.6133375078271759 0.22245635159542446 0.019411396368190358 0.02107164358819988
10 0.63055729492799 0.2456351595424443 0.022542266750156543 0.024081878386514148
10 0.6026925485284909 0.22877784467188442 0.016906700062617408 0.01806140878988561
10 0.6195992485911083 0.25255869957856714 0.021916092673763304 0.023479831426851294
10 0.6759549154664997 0.2871763997591812 0.02066374452097683 0.024081878386514148
10 0.7047589229805886 0.3049367850692354 0.02066374452097683 0.023479831426851294
10 0.6941139636819036 0.31125827814569534 0.024420788979336253 0.026490066225165563
10 0.6803381340012523 0.3163756773028296 0.02316844082654978 0.024683925346177003
10 0.5544771446462117 0.40427453341360625 0.025673137132122728 0.029500301023479832
10 0.5798371947401377 0.3913305237808549 0.022542266750156543 0.025285972305839857
10 0.5372573575453976 0.3795906080674293 0.023794614902943018 0.02588801926550271
10 0.5504070131496556 0.374473208910295 0.022542266750156543 0.025285972305839857
10 0.5610519724483406 0.3675496688741722 0.023794614902943018 0.027092113184828417
10 0.5723231058234188 0.3600240818783865 0.021289918597370068 0.024081878386514148
10 0.5842204132748904 0.35370258880192657 0.01878522229179712 0.022275737507525588
10 0.5951784596117721 0.347682119205298 0.019411396368190358 0.022275737507525588
10 0.6051972448340638 0.34105960264900664 0.02066374452097683 0.023479831426851294
10 0.6145898559799624 0.33263094521372666 0.019411396368190358 0.02107164358819988
10 0.645272385723231 0.31125827814569534 0.021916092673763304 0.024081878386514148
10 0.6606136505948653 0.3317278747742324 0.023794614902943018 0.025285972305839857
10 0.621477770820288 0.36363636363636365 0.019411396368190358 0.02287778446718844
10 0.6318096430807765 0.3555087296809151 0.01878522229179712 0.02107164358819988
10 0.671571696931747 0.3257074051776038 0.024420788979336253 0.02769416014449127
10 0.5942391984971822 0.23780854906682722 0.021289918597370068 0.024081878386514148
10 0.5995616781465247 0.26941601444912705 0.024420788979336253 0.028296207104154123
10 0.6036318096430807 0.47260686333534013 0.025046963055729492 0.02769416014449127
10 0.6365059486537257 0.14178205900060203 0.02316844082654978 0.024683925346177003
10 0.5184721352536005 0.2209512341962673 0.020037570444583593 0.02287778446718844
10 0.527864746399499 0.20921131848284166 0.017532874139010644 0.019867549668874173
10 0.5507201001878522 0.19987959060806743 0.02316844082654978 0.024081878386514148
10 0.5817157169693175 0.18091511137868754 0.021289918597370068 0.023479831426851294
10 0.6036318096430807 0.16435881998795907 0.023794614902943018 0.025285972305839857
10 0.612398246712586 0.15562913907284767 0.022542266750156543 0.023479831426851294
10 0.6236693800876644 0.1493076459963877 0.023794614902943018 0.026490066225165563
10 0.7119599248591107 0.15773630343166767 0.026299311208515967 0.02287778446718844
10 0.5832811521603005 0.2456351595424443 0.018159048215403883 0.021673690547862733
10 0.7072636192861615 0.14720048163756774 0.028177833437695678 0.023479831426851294
10 0.701941139636819 0.13756773028296207 0.028804007514088917 0.024683925346177003
10 0.6941139636819036 0.12823600240818783 0.029430181590482152 0.024081878386514148
10 0.6881653099561678 0.11378687537627935 0.023794614902943018 0.020469596628537028
10 0.6778334376956794 0.10445514750150511 0.028177833437695678 0.023479831426851294
10 0.03757044458359424 0.6815171583383504 0.010018785222291797 0.021673690547862733
10 0.05353788353162179 0.6809151113786875 0.016906700062617408 0.026490066225165563
10 0.49624295554164055 0.23299217338952438 0.021916092673763304 0.024081878386514148
10 0.4852849092047589 0.2390126429861529 0.021289918597370068 0.024081878386514148
10 0.47589229805886035 0.24714027694160146 0.021289918597370068 0.024683925346177003
10 0.4652473387601753 0.2540638169777243 0.021289918597370068 0.021673690547862733
10 0.5735754539762054 0.2543648404575557 0.022542266750156543 0.02588801926550271
10 0.5889167188478397 0.2769416014449127 0.024420788979336253 0.02769416014449127
10 0.563243581715717 0.25948223961468997 0.02066374452097683 0.024081878386514148
10 0.5785848465873512 0.28446718844069835 0.023794614902943018 0.027092113184828417
10 0.5679398872886662 0.2913907284768212 0.021289918597370068 0.024081878386514148
10 0.5566687539135879 0.29741119807344973 0.020037570444583593 0.021673690547862733
10 0.5472761427676894 0.304635761589404 0.021289918597370068 0.024081878386514148
10 0.5319348778960551 0.28326309452137266 0.02066374452097683 0.024683925346177003
10 0.5222291797119599 0.2871763997591812 0.021289918597370068 0.024081878386514148
10 0.5275516593613024 0.3184828416616496 0.021916092673763304 0.024081878386514148
10 0.5122103944896681 0.2956050571944612 0.022542266750156543 0.025285972305839857
10 0.5015654351909831 0.3040337146297411 0.022542266750156543 0.024081878386514148
10 0.48810269254852845 0.3106562311860325 0.024420788979336253 0.028898254063816978
10 0.5059486537257357 0.3353401565322095 0.023794614902943018 0.02769416014449127
10 0.4514715090795241 0.26189042745334135 0.025046963055729492 0.02769416014449127
10 0.6249217282404508 0.4563515954244431 0.021289918597370068 0.024081878386514148
10 0.5882905447714464 0.4497290788681517 0.02316844082654978 0.02769416014449127
10 0.7492172824045085 0.7375075255869958 0.025673137132122728 0.030102347983142687
10 0.7858484658735128 0.8524984948826009 0.023794614902943018 0.025285972305839857
10 0.5989355040701315 0.9455147501505118 0.02316844082654978 0.02588801926550271
10 0.6111458985597996 0.9358819987959061 0.023794614902943018 0.027092113184828417
10 0.6249217282404508 0.9277543648404576 0.025046963055729492 0.026490066225165563
10 0.6747025673137131 0.8937387116195064 0.021916092673763304 0.023479831426851294
10 0.6938008766437069 0.8762793497892836 0.026299311208515967 0.029500301023479832
10 0.7100814026299311 0.8672486453943408 0.020037570444583593 0.022275737507525588
10 0.747964934251722 0.8449729078868151 0.019411396368190358 0.02107164358819988
10 0.7780212899185973 0.8236002408187839 0.019411396368190358 0.021673690547862733
10 0.7639323731997495 0.5171583383503914 0.023794614902943018 0.025285972305839857
10 0.8049467752035065 0.8380493678506924 0.019411396368190358 0.021673690547862733
10 0.8011897307451471 0.8082480433473811 0.02316844082654978 0.027092113184828417
10 0.8296806512210394 0.8236002408187839 0.023794614902943018 0.02769416014449127
10 0.8941765810895429 0.9503311258278145 0.020037570444583593 0.02107164358819988
10 0.8453350031308703 0.9885611077664058 0.022542266750156543 0.01926550270921132
10 0.9129618033813399 0.49608669476219147 0.021289918597370068 0.024081878386514148
10 0.9718221665623042 0.4563515954244431 0.026299311208515967 0.02769416014449127
10 0.5460237946149029 0.8720650210716436 0.01878522229179712 0.02107164358819988
10 0.5660613650594865 0.8603251053582179 0.025046963055729492 0.030102347983142687
10 0.5773324984345648 0.8521974714027695 0.023794614902943018 0.027092113184828417
10 0.5995616781465247 0.8344370860927153 0.02066374452097683 0.02287778446718844
10 0.7664370695053224 0.7618904274533413 0.021289918597370068 0.027092113184828417
10 0.7376330619912336 0.7456351595424443 0.023794614902943018 0.027092113184828417
10 0.7551659361302442 0.769416014449127 0.023794614902943018 0.026490066225165563
10 0.7285535378835316 0.7549668874172185 0.025673137132122728 0.02769416014449127
10 0.7323105823418911 0.7811559301625527 0.02066374452097683 0.023479831426851294
10 0.7072636192861615 0.7655027092113185 0.024420788979336253 0.027092113184828417
10 0.6963055729492799 0.7727272727272727 0.022542266750156543 0.02588801926550271
10 0.6869129618033814 0.7814569536423841 0.022542266750156543 0.026490066225165563
10 0.7000626174076393 0.8082480433473811 0.025046963055729492 0.02588801926550271
10 0.675641828428303 0.7883804936785069 0.025046963055729492 0.027092113184828417
10 0.6537257357545397 0.8013245033112583 0.021289918597370068 0.024081878386514148
10 0.6440200375704446 0.8085490668272125 0.021916092673763304 0.026490066225165563
10 0.632122730118973 0.8142685129440096 0.021916092673763304 0.024683925346177003
10 0.6230432060112711 0.8239012642986153 0.023794614902943018 0.027092113184828417
10 0.610832811521603 0.8284166164960867 0.02066374452097683 0.024081878386514148
10 0.9840325610519725 0.44912703190848885 0.024420788979336253 0.026490066225165563
10 0.7520350657482779 0.5264900662251656 0.021289918597370068 0.024683925346177003
10 0.6202254226675016 0.4271523178807947 0.024420788979336253 0.027092113184828417
10 0.7016280525986224 0.36935580975316074 0.025673137132122728 0.02588801926550271
10 0.7573575453976205 0.3341360626128838 0.021916092673763304 0.024081878386514148
10 0.7639323731997495 0.3657435279951836 0.023794614902943018 0.027092113184828417
10 0.7366938008766437 0.35129440096327513 0.02066374452097683 0.023479831426851294
10 0.7514088916718847 0.3696568332329922 0.01878522229179712 0.021673690547862733
10 0.7247964934251722 0.3573148705599037 0.02316844082654978 0.024683925346177003
10 0.7426424546023794 0.37838651414810354 0.025046963055729492 0.027092113184828417
10 0.7310582341891045 0.3883202889825406 0.024420788979336253 0.026490066225165563
10 0.7201001878522229 0.3931366646598435 0.021289918597370068 0.02287778446718844
10 0.7407639323731997 0.5319084888621313 0.022542266750156543 0.024683925346177003
10 0.7097683155917345 0.3982540638169777 0.02066374452097683 0.022275737507525588
10 0.6991233562930494 0.4090909090909091 0.019411396368190358 0.024683925346177003
10 0.6721978710081402 0.392835641180012 0.02316844082654978 0.024683925346177003
10 0.6634314339386349 0.4018663455749548 0.02066374452097683 0.023479831426851294
10 0.6530995616781465 0.40758579169175196 0.022542266750156543 0.025285972305839857
10 0.6696931747025673 0.43136664659843466 0.02066374452097683 0.022275737507525588
10 0.6490294301815904 0.4449127031908489 0.02316844082654978 0.026490066225165563
10 0.775829680651221 0.3570138470800722 0.025046963055729492 0.026490066225165563
10 0.8422041327489042 0.3305237808549067 0.023794614902943018 0.01926550270921132
10 0.8490920475892297 0.34136062612883805 0.023794614902943018 0.01926550270921132
10 0.8550407013149656 0.3534015653220951 0.028177833437695678 0.024081878386514148
10 0.7310582341891045 0.5391330523780855 0.02316844082654978 0.023479831426851294
10 0.7179085785848466 0.5457555689343769 0.024420788979336253 0.027092113184828417
10 0.7066374452097682 0.5553883202889826 0.024420788979336253 0.028296207104154123
10 0.6706324358171571 0.5012040939193257 0.023794614902943018 0.028296207104154123
10 0.682216656230432 0.49247441300421435 0.021916092673763304 0.024081878386514148
10 0.7028804007514089 0.4777242624924744 0.024420788979336253 0.028296207104154123
10 0.725735754539762 0.46598434677904876 0.025046963055729492 0.02769416014449127
10 0.7426424546023794 0.44822396146899457 0.023794614902943018 0.02588801926550271
10 0.754539762053851 0.4394942805538832 0.023794614902943018 0.026490066225165563
10 0.7642454602379462 0.4325707405177604 0.024420788979336253 0.027092113184828417
10 0.7861615529117094 0.4205298013245033 0.02066374452097683 0.023479831426851294
10 0.7977457733249843 0.41751956652618905 0.01878522229179712 0.023479831426851294
10 0.8108954289292423 0.405478627332932 0.023794614902943018 0.028296207104154123
10 0.8206011271133374 0.39644792293798914 0.024420788979336253 0.027092113184828417
10 0.8641202254226674 0.36393738711619505 0.028804007514088917 0.024683925346177003
9 0.2485911083281152 0.07375075255869958 0.04633688165309956 0.037928958458759786
