10 0.8372681281618887 0.9338983050847458 0.03204047217537943 0.01694915254237288
10 0.06661045531197302 0.14689265536723164 0.03541315345699831 0.01807909604519774
10 0.4865092748735244 0.05254237288135594 0.025295109612141653 0.01694915254237288
10 0.5126475548060708 0.03220338983050847 0.03372681281618887 0.014689265536723164
10 0.5067453625632378 0.02090395480225989 0.03541315345699831 0.01694915254237288
10 0.046374367622259695 0.06384180790960452 0.03204047217537943 0.0192090395480226
10 0.12647554806070826 0.03615819209039548 0.04047217537942664 0.022598870056497175
9 0.3676222596964587 0.7610169491525424 0.03035413153456998 0.03502824858757062
9 0.9510961214165261 0.5977401129943503 0.047217537942664416 0.05649717514124294
9 0.9291736930860033 0.6050847457627119 0.047217537942664416 0.05536723163841808
9 0.90893760539629 0.6090395480225989 0.047217537942664416 0.05649717514124294
9 0.8887015177065767 0.6135593220338983 0.047217537942664416 0.05649717514124294
9 0.8693086003372681 0.6209039548022599 0.04890387858347386 0.05536723163841808
9 0.8482293423271501 0.6265536723163843 0.047217537942664416 0.05536723163841808
9 0.8254637436762225 0.6310734463276836 0.045531197301854974 0.05536723163841808
9 0.8052276559865092 0.6361581920903955 0.045531197301854974 0.05649717514124294
9 0.7841483979763912 0.6423728813559322 0.047217537942664416 0.05536723163841808
10 0.05733558178752107 0.1248587570621469 0.03372681281618887 0.0192090395480226
10 0.10118043844856661 0.19887005649717515 0.03372681281618887 0.01807909604519774
9 0.6340640809443507 0.5531073446327683 0.047217537942664416 0.05536723163841808
10 0.11214165261382798 0.21186440677966104 0.04890387858347386 0.023728813559322035
10 0.09274873524451939 0.3305084745762712 0.03709949409780776 0.0192090395480226
10 0.08516020236087689 0.31751412429378534 0.045531197301854974 0.02033898305084746
10 0.081787521079258 0.30677966101694915 0.03204047217537943 0.01694915254237288
10 0.07504215851602024 0.29548022598870055 0.03204047217537943 0.01694915254237288
10 0.06913996627318718 0.2847457627118644 0.03035413153456998 0.015819209039548022
10 0.1551433389544688 0.29548022598870055 0.03372681281618887 0.01694915254237288
10 0.15008431703204048 0.2847457627118644 0.03709949409780776 0.02033898305084746
10 0.06492411467116357 0.27514124293785314 0.045531197301854974 0.014689265536723164
10 0.05733558178752107 0.2497175141242938 0.04047217537942664 0.02033898305084746
10 0.0657672849915683 0.26101694915254237 0.03372681281618887 0.015819209039548022
10 0.1399662731871838 0.2649717514124294 0.03709949409780776 0.0192090395480226
10 0.1357504215851602 0.25310734463276835 0.0387858347386172 0.022598870056497175
10 0.11973018549747048 0.23389830508474577 0.050590219224283306 0.022598870056497175
10 0.03625632377740303 0.23898305084745763 0.03541315345699831 0.0192090395480226
10 0.11467116357504215 0.22429378531073446 0.050590219224283306 0.021468926553672316
9 0.7622259696458684 0.6480225988700565 0.047217537942664416 0.0576271186440678
9 0.6155143338954469 0.5587570621468927 0.047217537942664416 0.05536723163841808
10 0.10118043844856661 0.3519774011299435 0.026981450252951095 0.01694915254237288
9 0.684654300168634 0.4745762711864407 0.047217537942664416 0.05649717514124294
9 0.6441821247892073 0.48700564971751414 0.047217537942664416 0.05649717514124294
9 0.623946037099494 0.4937853107344633 0.047217537942664416 0.05197740112994351
9 0.602866779089376 0.4994350282485876 0.045531197301854974 0.054237288135593226
9 0.581787521079258 0.503954802259887 0.043844856661045525 0.05197740112994351
9 0.7588532883642496 0.32937853107344633 0.047217537942664416 0.05536723163841808
9 0.7360876897133221 0.3338983050847458 0.045531197301854974 0.05536723163841808
9 0.4865092748735244 0.39887005649717516 0.042158516020236084 0.05197740112994351
9 0.46374367622259693 0.403954802259887 0.043844856661045525 0.053107344632768366
9 0.44266441821247887 0.41016949152542376 0.045531197301854974 0.054237288135593226
9 0.42242833052276557 0.4146892655367232 0.045531197301854974 0.054237288135593226
9 0.4013490725126475 0.4209039548022599 0.043844856661045525 0.053107344632768366
9 0.33726812816188867 0.4367231638418079 0.043844856661045525 0.05536723163841808
9 0.3178752107925801 0.4440677966101695 0.042158516020236084 0.05197740112994351
9 0.2748735244519393 0.4548022598870057 0.047217537942664416 0.053107344632768366
9 0.25463743676222594 0.4593220338983051 0.043844856661045525 0.053107344632768366
9 0.6627318718381112 0.4785310734463277 0.04047217537942664 0.04858757062146893
9 0.7065767284991568 0.47231638418079097 0.043844856661045525 0.05197740112994351
9 0.7015177065767284 0.6649717514124294 0.047217537942664416 0.05536723163841808
9 0.7487352445193929 0.46045197740113 0.043844856661045525 0.053107344632768366
9 0.6804384485666104 0.6711864406779662 0.045531197301854974 0.054237288135593226
9 0.6593591905564924 0.676271186440678 0.047217537942664416 0.05536723163841808
9 0.6399662731871838 0.6819209039548023 0.04890387858347386 0.0576271186440678
9 0.618043844856661 0.6870056497175141 0.04890387858347386 0.05649717514124294
9 0.596964586846543 0.6926553672316385 0.047217537942664416 0.05649717514124294
9 0.5767284991568297 0.6983050847457627 0.047217537942664416 0.054237288135593226
9 0.5556492411467117 0.703954802259887 0.04890387858347386 0.05649717514124294
9 0.5337268128161888 0.7090395480225989 0.045531197301854974 0.05536723163841808
9 0.5109612141652613 0.7152542372881356 0.047217537942664416 0.05649717514124294
9 0.49241146711635747 0.7209039548022599 0.047217537942664416 0.054237288135593226
9 0.40893760539629004 0.7423728813559323 0.04890387858347386 0.054237288135593226
9 0.38701517706576727 0.747457627118644 0.04890387858347386 0.0576271186440678
9 0.8726812816188869 0.4706214689265537 0.03204047217537943 0.0327683615819209
9 0.8507588532883642 0.43333333333333335 0.042158516020236084 0.04406779661016949
9 0.811973018549747 0.44463276836158194 0.042158516020236084 0.04632768361581921
10 0.096964586846543 0.34067796610169493 0.03204047217537943 0.01694915254237288
10 0.11551433389544688 0.35706214689265536 0.045531197301854974 0.022598870056497175
10 0.6323777403035413 0.8197740112994351 0.023608768971332208 0.021468926553672316
10 0.6340640809443507 0.01751412429378531 0.03372681281618887 0.012429378531073447
10 0.6458684654300169 0.03954802259887006 0.03035413153456998 0.013559322033898306
10 0.5042158516020235 0.007909604519774011 0.03035413153456998 0.015819209039548022
10 0.5404721753794266 0.3220338983050848 0.03204047217537943 0.015819209039548022
10 0.3844856661045531 0.3615819209039548 0.03035413153456998 0.015819209039548022
10 0.5354131534569982 0.5418079096045197 0.021922428330522763 0.021468926553672316
10 0.524451939291737 0.5293785310734463 0.023608768971332208 0.025988700564971753
10 0.5101180438448566 0.5033898305084746 0.025295109612141653 0.023728813559322035
10 0.4974704890387858 0.9858757062146893 0.03372681281618887 0.01694915254237288
10 0.44856661045531193 0.9112994350282486 0.03372681281618887 0.01694915254237288
10 0.5193929173693086 0.9355932203389831 0.04047217537942664 0.02033898305084746
10 0.3279932546374367 0.9610169491525424 0.03541315345699831 0.0327683615819209
10 0.3136593591905565 0.936723163841808 0.03372681281618887 0.031638418079096044
10 0.37183811129848227 0.8954802259887006 0.021922428330522763 0.023728813559322035
10 0.4359190556492411 0.876271186440678 0.028667790893760536 0.025988700564971753
10 0.4553119730185497 0.8107344632768362 0.02023608768971332 0.021468926553672316
10 0.6408094435075885 0.0288135593220339 0.03372681281618887 0.014689265536723164
10 0.5463743676222597 0.08531073446327683 0.03372681281618887 0.01694915254237288
10 0.4232715008431703 0.8225988700564972 0.02023608768971332 0.022598870056497175
10 0.6020236087689713 0.17853107344632768 0.03709949409780776 0.01807909604519774
10 0.5708263069139966 0.8372881355932204 0.025295109612141653 0.024858757062146894
10 0.9814502529510961 0.6717514124293785 0.026981450252951095 0.023728813559322035
10 0.9645868465430016 0.6785310734463277 0.023608768971332208 0.023728813559322035
10 0.9468802698145025 0.6819209039548023 0.03204047217537943 0.02824858757062147
10 0.9055649241146712 0.7480225988700565 0.026981450252951095 0.024858757062146894
10 0.8389544688026981 0.7101694915254237 0.021922428330522763 0.0192090395480226
10 0.7571669477234401 0.7310734463276837 0.023608768971332208 0.02033898305084746
10 0.7006745362563237 0.747457627118644 0.025295109612141653 0.023728813559322035
10 0.684654300168634 0.752542372881356 0.026981450252951095 0.024858757062146894
10 0.6686340640809443 0.7570621468926554 0.021922428330522763 0.02033898305084746
10 0.6551433389544687 0.7610169491525424 0.021922428330522763 0.023728813559322035
10 0.6399662731871838 0.7649717514124295 0.021922428330522763 0.02033898305084746
10 0.6129848229342327 0.772316384180791 0.025295109612141653 0.025988700564971753
10 0.5505902192242833 0.7887005649717514 0.025295109612141653 0.024858757062146894
10 0.6340640809443507 0.23163841807909605 0.03035413153456998 0.015819209039548022
10 0.44097807757166946 0.8186440677966103 0.025295109612141653 0.023728813559322035
10 0.40893760539629004 0.8265536723163842 0.025295109612141653 0.023728813559322035
10 0.12478920741989881 0.36836158192090396 0.03709949409780776 0.02033898305084746
10 0.3069139966273187 0.5994350282485876 0.03035413153456998 0.014689265536723164
10 0.2959527824620573 0.5796610169491525 0.03204047217537943 0.01807909604519774
10 0.4671163575042158 0.34067796610169493 0.047217537942664416 0.0192090395480226
10 0.43001686340640805 0.35141242937853107 0.03709949409780776 0.02033898305084746
10 0.3507588532883642 0.36779661016949156 0.03372681281618887 0.01694915254237288
10 0.311973018549747 0.380225988700565 0.04047217537942664 0.01694915254237288
10 0.21247892074198987 0.392090395480226 0.04047217537942664 0.01807909604519774
10 0.2057335581787521 0.38135593220338987 0.047217537942664416 0.021468926553672316
10 0.14165261382799324 0.40282485875706214 0.050590219224283306 0.023728813559322035
10 0.1323777403035413 0.39322033898305087 0.042158516020236084 0.022598870056497175
10 0.12563237774030353 0.380225988700565 0.045531197301854974 0.0192090395480226
10 0.16526138279932545 0.380225988700565 0.03372681281618887 0.03502824858757062
10 0.24789207419898818 0.3700564971751413 0.023608768971332208 0.021468926553672316
10 0.2369308600337268 0.3497175141242938 0.025295109612141653 0.023728813559322035
10 0.193929173693086 0.36045197740112994 0.04047217537942664 0.02033898305084746
10 0.1905564924114671 0.3497175141242938 0.03709949409780776 0.01694915254237288
10 0.2984822934232715 0.5909604519774011 0.04047217537942664 0.01807909604519774
10 0.3448566610455312 0.6016949152542374 0.028667790893760536 0.014689265536723164
10 0.39376053962900504 0.8305084745762712 0.021922428330522763 0.022598870056497175
10 0.3338954468802698 0.5824858757062147 0.03035413153456998 0.014689265536723164
10 0.3794266441821248 0.8367231638418079 0.023608768971332208 0.023728813559322035
10 0.3650927487352445 0.840677966101695 0.025295109612141653 0.022598870056497175
10 0.3456998313659359 0.7615819209039548 0.03035413153456998 0.02937853107344633
10 0.32462057335581784 0.7661016949152543 0.03204047217537943 0.02937853107344633
10 0.43929173693086 0.6209039548022599 0.03541315345699831 0.0192090395480226
10 0.3676222596964587 0.6406779661016949 0.03709949409780776 0.01807909604519774
10 0.33220910623946037 0.648587570621469 0.03035413153456998 0.015819209039548022
10 0.32377740303541314 0.6299435028248588 0.03372681281618887 0.0192090395480226
10 0.3178752107925801 0.6101694915254238 0.03541315345699831 0.01807909604519774
10 0.4173693086003372 0.5915254237288136 0.03541315345699831 0.0192090395480226
10 0.4114671163575042 0.5728813559322035 0.03372681281618887 0.01807909604519774
10 0.39376053962900504 0.5491525423728814 0.03541315345699831 0.015819209039548022
10 0.3136593591905565 0.5519774011299435 0.026981450252951095 0.01694915254237288
10 0.3254637436762226 0.5615819209039549 0.03035413153456998 0.015819209039548022
10 0.3296795952782462 0.5717514124293785 0.03204047217537943 0.01807909604519774
9 0.2327150084317032 0.4655367231638418 0.043844856661045525 0.054237288135593226
