10 0.7647058823529411 0.6887583892617449 0.016415868673050615 0.03523489932885906
9 0.49726402188782487 0.41442953020134227 0.04240766073871409 0.016778523489932886
9 0.679890560875513 0.5394295302013423 0.013679890560875513 0.05536912751677852
9 0.7763337893296853 0.5369127516778524 0.015047879616963064 0.07718120805369127
9 0.7954856361149111 0.537751677852349 0.015047879616963064 0.07885906040268456
9 0.8310533515731874 0.5528523489932886 0.015047879616963064 0.0587248322147651
9 0.8898768809849521 0.5385906040268457 0.017783857729138167 0.08053691275167785
9 0.49179206566347466 0.48070469798657717 0.06155950752393981 0.02181208053691275
9 0.49179206566347466 0.4572147651006711 0.058823529411764705 0.02181208053691275
9 0.4904240766073871 0.43540268456375836 0.058823529411764705 0.025167785234899327
9 0.5 0.39177852348993286 0.04514363885088919 0.02181208053691275
9 0.3023255813953488 0.6518456375838926 0.03556771545827633 0.015100671140939596
9 0.49316005471956226 0.3473154362416107 0.058823529411764705 0.020134228187919462
9 0.4945280437756498 0.3238255033557047 0.058823529411764705 0.020134228187919462
9 0.49179206566347466 0.3011744966442953 0.058823529411764705 0.02181208053691275
9 0.5027359781121751 0.2802013422818792 0.04514363885088919 0.020134228187919462
9 0.4110807113543092 0.30956375838926176 0.0533515731874145 0.018456375838926176
9 0.4179206566347469 0.2860738255033557 0.058823529411764705 0.02181208053691275
9 0.4165526675786594 0.2575503355704698 0.047879616963064295 0.02181208053691275
9 0.246922024623803 0.6904362416107382 0.047879616963064295 0.02181208053691275
9 0.6634746922024624 0.535234899328859 0.016415868673050615 0.05704697986577181
9 0.6108071135430917 0.535234899328859 0.015047879616963064 0.05704697986577181
9 0.8700410396716827 0.25 0.016415868673050615 0.06711409395973154
9 0.8529411764705882 0.24664429530201343 0.017783857729138167 0.06711409395973154
9 0.7291381668946648 0.4085570469798658 0.016415868673050615 0.07885906040268456
9 0.746922024623803 0.4085570469798658 0.016415868673050615 0.07885906040268456
9 0.7640218878248974 0.4077181208053691 0.015047879616963064 0.06711409395973154
9 0.7818057455540356 0.4093959731543624 0.015047879616963064 0.07046979865771812
9 0.7995896032831737 0.41442953020134227 0.017783857729138167 0.07046979865771812
9 0.8180574555403557 0.41023489932885904 0.019151846785225718 0.07550335570469799
9 0.8337893296853625 0.4203020134228188 0.017783857729138167 0.0721476510067114
9 0.8529411764705882 0.4169463087248322 0.02051983584131327 0.07550335570469799
9 0.872093023255814 0.4161073825503356 0.015047879616963064 0.07046979865771812
9 0.6183310533515731 0.22818791946308725 0.016415868673050615 0.08053691275167785
9 0.6367989056087551 0.23573825503355705 0.017783857729138167 0.06879194630872483
9 0.6538987688098495 0.23825503355704697 0.013679890560875513 0.07046979865771812
9 0.6730506155950753 0.23741610738255034 0.016415868673050615 0.07550335570469799
9 0.7093023255813954 0.23909395973154363 0.017783857729138167 0.07550335570469799
9 0.7818057455540356 0.23909395973154363 0.015047879616963064 0.0721476510067114
9 0.79890560875513 0.2525167785234899 0.013679890560875513 0.05536912751677852
9 0.8180574555403557 0.23573825503355705 0.016415868673050615 0.06879194630872483
9 0.29822161422708615 0.6812080536912751 0.03556771545827633 0.016778523489932886
9 0.3057455540355677 0.6283557046979865 0.03146374829001368 0.018456375838926176
10 0.6456908344733242 0.6761744966442953 0.016415868673050615 0.0436241610738255
9 0.8666210670314637 0.5369127516778524 0.017783857729138167 0.08053691275167785
9 0.4213406292749658 0.43791946308724833 0.05471956224350205 0.020134228187919462
9 0.42270861833105333 0.4110738255033557 0.05471956224350205 0.020134228187919462
9 0.49794801641586867 0.5486577181208053 0.05198358413132695 0.016778523489932886
9 0.49863201094391246 0.5746644295302014 0.0506155950752394 0.018456375838926176
9 0.2811217510259918 0.5713087248322147 0.06429548563611491 0.018456375838926176
9 0.41381668946648426 0.3338926174496644 0.0533515731874145 0.016778523489932886
9 0.8125854993160054 0.5402684563758389 0.016415868673050615 0.07718120805369127
9 0.627906976744186 0.5360738255033557 0.016415868673050615 0.0587248322147651
10 0.30984952120383036 0.2256711409395973 0.028727770177838577 0.02181208053691275
9 0.27291381668946646 0.6048657718120806 0.06155950752393981 0.018456375838926176
10 0.4110807113543092 0.18456375838926173 0.025991792065663474 0.020134228187919462
10 0.23050615595075238 0.5436241610738255 0.017783857729138167 0.03355704697986577
10 0.25991792065663477 0.6208053691275167 0.03283173734610123 0.020134228187919462
10 0.2606019151846785 0.6375838926174496 0.03419972640218878 0.016778523489932886
10 0.3953488372093023 0.6870805369127516 0.016415868673050615 0.03523489932885906
10 0.5239398084815321 0.6644295302013423 0.013679890560875513 0.03691275167785235
10 0.5636114911080712 0.6635906040268457 0.01094391244870041 0.03523489932885906
10 0.5800273597811217 0.6669463087248322 0.013679890560875513 0.03859060402684564
9 0.41928864569083446 0.4597315436241611 0.0560875512995896 0.020134228187919462
9 0.420656634746922 0.5041946308724832 0.0533515731874145 0.018456375838926176
9 0.41928864569083446 0.5427852348993288 0.0533515731874145 0.025167785234899327
9 0.887140902872777 0.24916107382550334 0.015047879616963064 0.06879194630872483
9 0.28385772913816687 0.5478187919463087 0.0533515731874145 0.018456375838926176
9 0.2920656634746922 0.511744966442953 0.0506155950752394 0.016778523489932886
9 0.28454172366621067 0.4647651006711409 0.05471956224350205 0.02348993288590604
9 0.29069767441860467 0.3699664429530201 0.0533515731874145 0.018456375838926176
9 0.29001367989056087 0.3422818791946309 0.05198358413132695 0.016778523489932886
9 0.28727770177838574 0.32130872483221473 0.05198358413132695 0.018456375838926176
9 0.2948016415868673 0.2986577181208054 0.0506155950752394 0.020134228187919462
9 0.2961696306429549 0.27768456375838924 0.0533515731874145 0.02181208053691275
9 0.20041039671682626 0.3716442953020134 0.04240766073871409 0.02181208053691275
9 0.19904240766073872 0.3011744966442953 0.0506155950752394 0.02181208053691275
9 0.19835841313269492 0.27684563758389263 0.05198358413132695 0.020134228187919462
9 0.7435020519835841 0.24412751677852348 0.015047879616963064 0.06208053691275168
9 0.761969904240766 0.24664429530201343 0.016415868673050615 0.060402684563758385
9 0.83515731874145 0.2525167785234899 0.012311901504787962 0.05536912751677852
9 0.8488372093023255 0.5528523489932886 0.012311901504787962 0.0587248322147651
9 0.6696306429548563 0.4035234899328859 0.015047879616963064 0.07550335570469799
9 0.20041039671682626 0.39681208053691275 0.0533515731874145 0.018456375838926176
9 0.6313269493844049 0.40436241610738255 0.015047879616963064 0.08053691275167785
