10 0.684742158426369 0.48509933774834435 0.02126528442317916 0.024834437086092714
10 0.1727804359383307 0.4503311258278146 0.024455077086656035 0.028145695364238412
10 0.1626794258373206 0.40024834437086093 0.024455077086656035 0.028973509933774833
10 0.1842105263157895 0.41887417218543044 0.022860180754917598 0.028145695364238412
10 0.2644869750132908 0.44370860927152317 0.020733652312599684 0.024834437086092714
10 0.177565124933546 0.4337748344370861 0.023391812865497078 0.026490066225165563
10 0.23870281765018608 0.44412251655629137 0.019138755980861247 0.024006622516556293
10 0.2623604465709729 0.46316225165562913 0.02179691653375864 0.028973509933774833
10 0.2355130249867092 0.46233443708609273 0.02232854864433812 0.02566225165562914
10 0.18926103136629455 0.3994205298013245 0.02126528442317916 0.02566225165562914
10 0.25704412546517813 0.48013245033112584 0.019670388091440724 0.024834437086092714
10 0.16719829877724615 0.46771523178807944 0.02179691653375864 0.026490066225165563
10 0.2312599681020734 0.4793046357615894 0.020202020202020204 0.026490066225165563
10 0.2503987240829346 0.4962748344370861 0.02126528442317916 0.027317880794701987
10 0.2232854864433812 0.4917218543046358 0.02232854864433812 0.028145695364238412
10 0.24295587453482193 0.5120033112582781 0.02232854864433812 0.027317880794701987
10 0.16905901116427433 0.3824503311258278 0.02232854864433812 0.026490066225165563
10 0.27113237639553434 0.4279801324503311 0.023391812865497078 0.028145695364238412
10 0.32110579479000534 0.47102649006622516 0.024455077086656035 0.029801324503311258
10 0.2692716640085061 0.361341059602649 0.02179691653375864 0.02566225165562914
10 0.19829877724614567 0.3033940397350993 0.023391812865497078 0.028973509933774833
10 0.2206273258904838 0.3220198675496689 0.024455077086656035 0.03145695364238411
10 0.2825624667729931 0.32781456953642385 0.020733652312599684 0.024834437086092714
10 0.2769803296119086 0.34519867549668876 0.02126528442317916 0.026490066225165563
10 0.2158426368952685 0.33816225165562913 0.026581605528973953 0.03228476821192053
10 0.18686868686868688 0.3344370860927152 0.02179691653375864 0.028145695364238412
10 0.1802232854864434 0.347682119205298 0.02126528442317916 0.024834437086092714
10 0.2517278043593833 0.410182119205298 0.019670388091440724 0.02566225165562914
10 0.20015948963317387 0.3654801324503311 0.022860180754917598 0.02566225165562914
10 0.17437533227006913 0.3621688741721854 0.02126528442317916 0.024006622516556293
10 0.1977671451355662 0.38700331125827814 0.02232854864433812 0.02566225165562914
10 0.2852206273258905 0.3985927152317881 0.026049973418394472 0.03228476821192053
10 0.25651249335459864 0.39362582781456956 0.02179691653375864 0.030629139072847682
10 0.27671451355661886 0.4097682119205298 0.022860180754917598 0.028145695364238412
10 0.21477937267410954 0.5066225165562914 0.02126528442317916 0.024834437086092714
10 0.17437533227006913 0.5269039735099338 0.023391812865497078 0.015728476821192054
10 0.2368421052631579 0.5281456953642384 0.022860180754917598 0.028145695364238412
10 0.29824561403508776 0.3654801324503311 0.02126528442317916 0.027317880794701987
10 0.41068580542264754 0.2942880794701987 0.02817650186071239 0.03394039735099338
10 0.3038277511961723 0.26614238410596025 0.020733652312599684 0.027317880794701987
10 0.2953216374269006 0.27980132450331124 0.024986709197235515 0.028145695364238412
10 0.31259968102073366 0.3120860927152318 0.02126528442317916 0.026490066225165563
10 0.30701754385964913 0.32822847682119205 0.022860180754917598 0.030629139072847682
10 0.3604465709728868 0.35637417218543044 0.02126528442317916 0.024006622516556293
10 0.34954811270600744 0.38617549668874174 0.022860180754917598 0.030629139072847682
10 0.20733652312599682 0.5211092715231788 0.023391812865497078 0.028973509933774833
10 0.37081339712918665 0.4068708609271523 0.02179691653375864 0.027317880794701987
10 0.3437001594896332 0.40521523178807944 0.022860180754917598 0.030629139072847682
10 0.3670919723551303 0.4246688741721854 0.022860180754917598 0.03145695364238411
10 0.4074960127591707 0.4826158940397351 0.02179691653375864 0.026490066225165563
10 0.3593833067517278 0.4412251655629139 0.02232854864433812 0.026490066225165563
10 0.35326953748006384 0.4581953642384106 0.022860180754917598 0.028973509933774833
10 0.3088782562466773 0.2508278145695364 0.02232854864433812 0.028145695364238412
10 0.39447102604997347 0.2582781456953642 0.02232854864433812 0.028145695364238412
10 0.31578947368421056 0.23302980132450332 0.02232854864433812 0.028973509933774833
10 0.3405103668261563 0.23427152317880795 0.020733652312599684 0.026490066225165563
10 0.32562466772993093 0.19701986754966888 0.02392344497607656 0.03145695364238411
9 0.26608187134502925 0.8936258278145696 0.032429558745348225 0.07533112582781457
10 0.2913343965975545 0.6378311258278145 0.02126528442317916 0.024006622516556293
10 0.2692716640085061 0.6196192052980133 0.020733652312599684 0.02566225165562914
10 0.2748538011695907 0.6026490066225165 0.02232854864433812 0.028145695364238412
10 0.2232854864433812 0.5815397350993378 0.023391812865497078 0.028973509933774833
10 0.19564061669324828 0.5662251655629139 0.023391812865497078 0.029801324503311258
10 0.20467836257309943 0.5418046357615894 0.023391812865497078 0.028973509933774833
10 0.22780435938330676 0.5608443708609272 0.020733652312599684 0.02566225165562914
10 0.28070175438596495 0.5860927152317881 0.02126528442317916 0.028145695364238412
10 0.28495481127060074 0.5695364238410596 0.023391812865497078 0.028145695364238412
10 0.29106858054226475 0.5529801324503312 0.02179691653375864 0.026490066225165563
10 0.22913343965975547 0.5405629139072847 0.02126528442317916 0.026490066225165563
10 0.20627325890483786 0.285182119205298 0.026581605528973953 0.03228476821192053
10 0.28681552365762897 0.3091887417218543 0.02179691653375864 0.028973509933774833
10 0.2894736842105263 0.29346026490066224 0.019670388091440724 0.024006622516556293
10 0.09808612440191389 0.40769867549668876 0.022860180754917598 0.027317880794701987
9 0.04199893673577884 0.3336092715231788 0.024455077086656035 0.048013245033112585
10 0.11403508771929825 0.35554635761589404 0.020733652312599684 0.024006622516556293
10 0.0861244019138756 0.35471854304635764 0.023391812865497078 0.028973509933774833
10 0.10818713450292398 0.37293046357615894 0.02179691653375864 0.027317880794701987
10 0.08160552897395003 0.3712748344370861 0.022860180754917598 0.028973509933774833
10 0.10419989367357789 0.3894867549668874 0.023391812865497078 0.028973509933774833
10 0.088782562466773 0.42135761589403975 0.02126528442317916 0.029801324503311258
10 0.15762892078681554 0.4871688741721854 0.020733652312599684 0.027317880794701987
10 0.08426368952684743 0.4420529801324503 0.02179691653375864 0.026490066225165563
10 0.15231259968102073 0.43460264900662254 0.02179691653375864 0.028145695364238412
10 0.15683147262094632 0.4143211920529801 0.02126528442317916 0.027317880794701987
10 0.14566719829877725 0.451158940397351 0.02232854864433812 0.028145695364238412
10 0.1384901648059543 0.4681291390728477 0.022860180754917598 0.028973509933774833
10 0.13104731525784158 0.4826158940397351 0.020733652312599684 0.026490066225165563
10 0.09330143540669857 0.3369205298013245 0.022860180754917598 0.026490066225165563
10 0.11988304093567252 0.339817880794702 0.019670388091440724 0.024006622516556293
10 0.09914938862307283 0.3211920529801324 0.02179691653375864 0.026490066225165563
10 0.12546517809675706 0.32408940397350994 0.02126528442317916 0.027317880794701987
10 0.10473152578415737 0.30629139072847683 0.02232854864433812 0.028145695364238412
10 0.1305156831472621 0.30670529801324503 0.02179691653375864 0.027317880794701987
10 0.10925039872408294 0.2889072847682119 0.020733652312599684 0.028145695364238412
10 0.13530037214247742 0.290976821192053 0.022860180754917598 0.027317880794701987
10 0.1156299840510367 0.271523178807947 0.02179691653375864 0.024834437086092714
10 0.1432748538011696 0.27566225165562913 0.020733652312599684 0.026490066225165563
10 0.1512493354598618 0.26117549668874174 0.026049973418394472 0.03228476821192053
10 0.15417331206804893 0.24254966887417218 0.019138755980861247 0.024834437086092714
10 0.12360446570972888 0.2586920529801324 0.02179691653375864 0.027317880794701987
10 0.1291866028708134 0.24089403973509935 0.02232854864433812 0.028145695364238412
10 0.13503455608718767 0.2251655629139073 0.02232854864433812 0.026490066225165563
10 0.13875598086124402 0.20736754966887416 0.023391812865497078 0.027317880794701987
10 0.14566719829877725 0.18832781456953643 0.02126528442317916 0.02566225165562914
10 0.053429027113237645 0.535182119205298 0.02179691653375864 0.02566225165562914
10 0.16135034556087188 0.14155629139072848 0.022860180754917598 0.023178807947019868
10 0.23285486443381181 0.2884933774834437 0.020202020202020204 0.02566225165562914
10 0.2293992557150452 0.22102649006622516 0.02392344497607656 0.028145695364238412
10 0.15789473684210528 0.15894039735099338 0.02126528442317916 0.024834437086092714
10 0.240829346092504 0.18874172185430463 0.02232854864433812 0.024834437086092714
10 0.26209463051568316 0.20612582781456953 0.020202020202020204 0.026490066225165563
10 0.17437533227006913 0.19370860927152317 0.02232854864433812 0.026490066225165563
10 0.16666666666666669 0.20985099337748345 0.022860180754917598 0.027317880794701987
10 0.23444976076555027 0.20281456953642385 0.02126528442317916 0.026490066225165563
10 0.24933545986177566 0.2396523178807947 0.02232854864433812 0.028973509933774833
10 0.1674641148325359 0.12665562913907286 0.023391812865497078 0.024834437086092714
10 0.18607123870281767 0.236341059602649 0.012759170653907498 0.03394039735099338
10 0.22222222222222224 0.23758278145695363 0.020202020202020204 0.024834437086092714
10 0.24428495481127063 0.25620860927152317 0.02392344497607656 0.028973509933774833
10 0.2179691653375864 0.2537251655629139 0.02126528442317916 0.024006622516556293
10 0.23710792131844766 0.2719370860927152 0.02232854864433812 0.028973509933774833
10 0.21079213184476345 0.26862582781456956 0.022860180754917598 0.027317880794701987
10 0.1796916533758639 0.1763245033112583 0.02126528442317916 0.026490066225165563
10 0.1850079744816587 0.15852649006622516 0.023391812865497078 0.02566225165562914
10 0.2642211589580011 0.1875 0.02126528442317916 0.02566225165562914
10 0.24242424242424243 0.16804635761589404 0.02232854864433812 0.026490066225165563
10 0.24375332270069114 0.1498344370860927 0.02179691653375864 0.028145695364238412
10 0.18952684742158427 0.1423841059602649 0.02179691653375864 0.026490066225165563
10 0.196969696969697 0.12831125827814568 0.022860180754917598 0.028145695364238412
10 0.2777777777777778 0.1564569536423841 0.022860180754917598 0.028145695364238412
10 0.2554492291334397 0.138658940397351 0.02179691653375864 0.028973509933774833
10 0.28867623604465714 0.12375827814569536 0.02232854864433812 0.027317880794701987
10 0.2676767676767677 0.10596026490066225 0.02179691653375864 0.028145695364238412
10 0.2179691653375864 0.06415562913907284 0.02126528442317916 0.027317880794701987
10 0.2118553960659224 0.07822847682119205 0.020733652312599684 0.02566225165562914
10 0.20680489101541735 0.09644039735099338 0.023391812865497078 0.027317880794701987
10 0.18686868686868688 0.07533112582781457 0.02179691653375864 0.024834437086092714
10 0.18048910154173314 0.0935430463576159 0.02392344497607656 0.028145695364238412
10 0.17464114832535887 0.111341059602649 0.022860180754917598 0.028973509933774833
10 0.34875066454013826 0.4735099337748344 0.020202020202020204 0.024834437086092714
10 0.3423710792131845 0.48923841059602646 0.020202020202020204 0.023178807947019868
9 0.7628920786815524 0.5256622516556292 0.052099946836788945 0.056291390728476824
10 0.626528442317916 0.8874172185430463 0.02179691653375864 0.026490066225165563
10 0.5890483785220628 0.8311258278145696 0.025518341307814996 0.03145695364238411
10 0.5606060606060607 0.828228476821192 0.02179691653375864 0.02566225165562914
10 0.5571504518872941 0.847682119205298 0.02232854864433812 0.028145695364238412
10 0.5513024986709197 0.8654801324503312 0.02126528442317916 0.02566225165562914
10 0.5770866560340245 0.8687913907284768 0.022860180754917598 0.027317880794701987
10 0.6212121212121212 0.9076986754966887 0.019670388091440724 0.024006622516556293
10 0.7115895800106327 0.918046357615894 0.019670388091440724 0.026490066225165563
10 0.5925039872408294 0.8137417218543046 0.02179691653375864 0.026490066225165563
10 0.63264221158958 0.8741721854304636 0.020202020202020204 0.023178807947019868
10 0.7155768208399788 0.9031456953642384 0.02126528442317916 0.028145695364238412
10 0.7238171185539607 0.8870033112582781 0.020733652312599684 0.028973509933774833
10 0.7267410951621478 0.8696192052980133 0.020202020202020204 0.022350993377483443
10 0.6666666666666667 0.8605132450331126 0.02126528442317916 0.027317880794701987
10 0.6382243487506646 0.8547185430463576 0.022860180754917598 0.030629139072847682
10 0.5659223817118555 0.8116721854304636 0.02392344497607656 0.028973509933774833
10 0.572567783094099 0.796771523178808 0.02126528442317916 0.02566225165562914
10 0.3184476342371079 0.4900662251655629 0.019138755980861247 0.023178807947019868
10 0.5967570441254653 0.7317880794701986 0.020733652312599684 0.026490066225165563
10 0.5183413078149921 0.6866721854304636 0.023391812865497078 0.030629139072847682
10 0.5401382243487507 0.7007450331125827 0.020202020202020204 0.027317880794701987
10 0.5345560871876662 0.7185430463576159 0.020733652312599684 0.026490066225165563
10 0.5297713981924509 0.7384105960264901 0.020733652312599684 0.026490066225165563
10 0.6087187666135035 0.6978476821192053 0.019138755980861247 0.024834437086092714
10 0.6028708133971292 0.7131622516556292 0.02126528442317916 0.027317880794701987
10 0.6161616161616162 0.7487582781456954 0.02232854864433812 0.028973509933774833
10 0.5980861244019139 0.7955298013245033 0.019138755980861247 0.024834437086092714
10 0.5236576289207868 0.7545529801324503 0.02126528442317916 0.02566225165562914
10 0.5186071238702818 0.7719370860927153 0.022860180754917598 0.027317880794701987
10 0.5917065390749602 0.7458609271523179 0.020202020202020204 0.026490066225165563
10 0.5834662413609782 0.7640728476821192 0.020733652312599684 0.026490066225165563
10 0.604199893673578 0.7802152317880795 0.019670388091440724 0.02566225165562914
10 0.5752259436469963 0.7764900662251656 0.026581605528973953 0.033112582781456956
10 0.6464646464646465 0.8427152317880795 0.02126528442317916 0.026490066225165563
10 0.6714513556618821 0.8435430463576159 0.020202020202020204 0.026490066225165563
10 0.6507177033492824 0.8245033112582781 0.02126528442317916 0.026490066225165563
10 0.70414673046252 0.6804635761589404 0.02179691653375864 0.026490066225165563
10 0.7589048378522063 0.7872516556291391 0.02179691653375864 0.028145695364238412
10 0.7636895268474216 0.7711092715231788 0.02179691653375864 0.02566225165562914
10 0.7123870281765019 0.7293046357615894 0.026581605528973953 0.033112582781456956
10 0.698032961190856 0.6945364238410596 0.02126528442317916 0.026490066225165563
10 0.7200956937799043 0.7119205298013245 0.02392344497607656 0.029801324503311258
10 0.6475279106858055 0.6841887417218543 0.02232854864433812 0.03228476821192053
10 0.7293992557150453 0.6788079470198676 0.02232854864433812 0.026490066225165563
10 0.676501860712387 0.8269867549668874 0.02179691653375864 0.026490066225165563
10 0.7262094630515684 0.6961920529801324 0.02232854864433812 0.026490066225165563
10 0.7804359383306753 0.8050496688741722 0.023391812865497078 0.027317880794701987
10 0.7862838915470495 0.7893211920529801 0.02126528442317916 0.024006622516556293
10 0.8415736310473153 0.7458609271523179 0.019138755980861247 0.0347682119205298
10 0.7740563530037214 0.5724337748344371 0.02126528442317916 0.024006622516556293
10 0.8032961190855928 0.7429635761589404 0.023391812865497078 0.027317880794701987
10 0.7713981924508241 0.8220198675496688 0.02232854864433812 0.028145695364238412
10 0.7485380116959065 0.8004966887417219 0.02126528442317916 0.026490066225165563
10 0.6302498670919724 0.7152317880794702 0.02392344497607656 0.026490066225165563
10 0.70414673046252 0.7429635761589404 0.026049973418394472 0.03228476821192053
10 0.7012227538543329 0.7628311258278145 0.02126528442317916 0.027317880794701987
10 0.6818181818181819 0.7442052980132451 0.02179691653375864 0.026490066225165563
10 0.6677299308878257 0.7702814569536424 0.02232854864433812 0.030629139072847682
10 0.696969696969697 0.7793874172185431 0.02126528442317916 0.02566225165562914
10 0.6892610313662946 0.7909768211920529 0.018607123870281767 0.022350993377483443
10 0.6839447102604997 0.8062913907284768 0.024986709197235515 0.033112582781456956
10 0.6605528973950027 0.7909768211920529 0.022860180754917598 0.024006622516556293
10 0.6565656565656566 0.8062913907284768 0.023391812865497078 0.024834437086092714
10 0.7445507708665604 0.8187086092715232 0.022860180754917598 0.026490066225165563
10 0.7389686337054758 0.8352649006622517 0.023391812865497078 0.028145695364238412
10 0.760233918128655 0.8538907284768212 0.020202020202020204 0.02566225165562914
10 0.754120148856991 0.8721026490066225 0.018607123870281767 0.024006622516556293
10 0.73471557682084 0.8551324503311258 0.02126528442317916 0.026490066225165563
10 0.5263157894736843 0.6692880794701986 0.02232854864433812 0.02566225165562914
10 0.532695374800638 0.6531456953642384 0.020202020202020204 0.024834437086092714
10 0.6193514088250931 0.6618377483443708 0.02232854864433812 0.028973509933774833
10 0.3894205209994684 0.617135761589404 0.024986709197235515 0.030629139072847682
10 0.40536948431685277 0.5649834437086093 0.020733652312599684 0.024006622516556293
10 0.37373737373737376 0.581953642384106 0.02126528442317916 0.026490066225165563
10 0.4013822434875067 0.5848509933774835 0.02232854864433812 0.02566225165562914
10 0.39447102604997347 0.5993377483443708 0.02126528442317916 0.026490066225165563
10 0.30622009569377995 0.5873344370860927 0.023391812865497078 0.027317880794701987
10 0.36735778841042 0.5985099337748344 0.024455077086656035 0.028145695364238412
10 0.3615098351940457 0.6150662251655629 0.020202020202020204 0.026490066225165563
10 0.3644338118022329 0.6833609271523179 0.02179691653375864 0.028973509933774833
10 0.3003721424774057 0.6026490066225165 0.02126528442317916 0.026490066225165563
10 0.35486443381180227 0.6316225165562914 0.02392344497607656 0.028145695364238412
10 0.3758639021796917 0.6494205298013245 0.02126528442317916 0.027317880794701987
10 0.2958532695374801 0.6221026490066225 0.02392344497607656 0.027317880794701987
10 0.3503455608718767 0.6485927152317881 0.019138755980861247 0.02566225165562914
10 0.3700159489633174 0.6639072847682119 0.019138755980861247 0.023178807947019868
10 0.38038277511961727 0.5653973509933775 0.020733652312599684 0.026490066225165563
10 0.3139287612971824 0.5720198675496688 0.020733652312599684 0.024834437086092714
10 0.2998405103668262 0.5389072847682119 0.02232854864433812 0.028145695364238412
10 0.31924508240297716 0.5562913907284768 0.02179691653375864 0.026490066225165563
10 0.3854332801701223 0.5509105960264901 0.02126528442317916 0.02566225165562914
10 0.32801701222753854 0.5422185430463576 0.02232854864433812 0.028145695364238412
10 0.4109516214779373 0.5496688741721855 0.02232854864433812 0.028145695364238412
10 0.3899521531100479 0.5331125827814569 0.02179691653375864 0.026490066225165563
10 0.4189261031366295 0.5360099337748344 0.020202020202020204 0.024006622516556293
10 0.43141945773524726 0.5024834437086093 0.022860180754917598 0.026490066225165563
10 0.4404572036150984 0.4693708609271523 0.022860180754917598 0.026490066225165563
10 0.424508240297714 0.519453642384106 0.019670388091440724 0.02566225165562914
10 0.3926103136629453 0.5128311258278145 0.020733652312599684 0.02566225165562914
10 0.30515683147262096 0.5215231788079471 0.020202020202020204 0.024834437086092714
10 0.3322700691121744 0.5252483443708609 0.023391812865497078 0.027317880794701987
10 0.3370547581073897 0.5057947019867549 0.020202020202020204 0.024834437086092714
10 0.31047315257841573 0.5049668874172185 0.02232854864433812 0.028145695364238412
10 0.34529505582137165 0.6634933774834437 0.020733652312599684 0.022350993377483443
10 0.33918128654970764 0.6808774834437086 0.020202020202020204 0.027317880794701987
10 0.5590111642743222 0.6539735099337748 0.02179691653375864 0.029801324503311258
10 0.46943115364168 0.38617549668874174 0.02126528442317916 0.02566225165562914
10 0.47793726741095166 0.6278973509933775 0.02232854864433812 0.028973509933774833
10 0.4556087187666135 0.6084437086092715 0.02232854864433812 0.028145695364238412
10 0.4829877724614567 0.6129966887417219 0.020733652312599684 0.027317880794701987
10 0.49601275917065396 0.578228476821192 0.023391812865497078 0.027317880794701987
10 0.48032961190855933 0.5434602649006622 0.02179691653375864 0.027317880794701987
10 0.48272195640616694 0.5260761589403974 0.023391812865497078 0.027317880794701987
10 0.4922913343965976 0.3224337748344371 0.023391812865497078 0.028973509933774833
10 0.3580542264752791 0.6982615894039735 0.020733652312599684 0.02566225165562914
10 0.5430622009569378 0.3675496688741722 0.02179691653375864 0.024834437086092714
9 0.5786815523657629 0.3617549668874172 0.029239766081871347 0.03642384105960265
10 0.5832004253056885 0.5869205298013245 0.02126528442317916 0.026490066225165563
10 0.5773524720893143 0.6059602649006622 0.02126528442317916 0.026490066225165563
10 0.5419989367357789 0.6179635761589404 0.02392344497607656 0.027317880794701987
10 0.5374800637958533 0.6382450331125827 0.02232854864433812 0.026490066225165563
10 0.512227538543328 0.7015728476821192 0.02179691653375864 0.02566225165562914
10 0.46730462519936206 0.6622516556291391 0.02232854864433812 0.026490066225165563
10 0.46331738437001596 0.6779801324503312 0.02179691653375864 0.026490066225165563
10 0.4356725146198831 0.6746688741721855 0.02179691653375864 0.028145695364238412
10 0.5063795853269538 0.7185430463576159 0.02392344497607656 0.028145695364238412
10 0.5002658160552897 0.7313741721854304 0.019138755980861247 0.024006622516556293
10 0.4976076555023924 0.7533112582781457 0.02232854864433812 0.026490066225165563
10 0.5106326422115897 0.7855960264900662 0.020733652312599684 0.026490066225165563
10 0.4912280701754386 0.7669701986754967 0.020202020202020204 0.027317880794701987
10 0.48378522062732593 0.7826986754966887 0.02126528442317916 0.027317880794701987
10 0.4782030834662414 0.8009105960264901 0.02179691653375864 0.027317880794701987
10 0.4965443912812334 0.828228476821192 0.023391812865497078 0.027317880794701987
10 0.4444444444444445 0.7077814569536424 0.02232854864433812 0.026490066225165563
10 0.44152046783625737 0.7276490066225165 0.02179691653375864 0.028145695364238412
10 0.41174906964380653 0.7222682119205298 0.020733652312599684 0.02566225165562914
10 0.4090909090909091 0.7396523178807947 0.02179691653375864 0.027317880794701987
10 0.43088782562466776 0.757864238410596 0.02392344497607656 0.027317880794701987
10 0.15231259968102073 0.1742549668874172 0.020733652312599684 0.02566225165562914
