10 0.9602888086642599 0.6014957264957266 0.024067388688327317 0.03418803418803419
9 0.7888086642599278 0.5299145299145299 0.056558363417569195 0.042735042735042736
10 0.3279181708784597 0.7457264957264959 0.02045728038507822 0.01495726495726496
10 0.29422382671480146 0.7574786324786326 0.025270758122743684 0.01495726495726496
10 0.26233453670276774 0.7681623931623932 0.021660649819494587 0.01495726495726496
10 0.04512635379061372 0.6944444444444445 0.027677496991576414 0.02777777777777778
10 0.3706377858002407 0.36111111111111116 0.019253910950661854 0.021367521367521368
10 0.358604091456077 0.3637820512820513 0.019253910950661854 0.02243589743589744
10 0.34717208182912157 0.36912393162393164 0.018050541516245487 0.02243589743589744
10 0.3910950661853189 0.18536324786324787 0.012033694344163659 0.02243589743589744
10 0.38387484957882073 0.2136752136752137 0.01444043321299639 0.023504273504273508
10 0.37184115523465705 0.21100427350427353 0.012033694344163659 0.0202991452991453
10 0.37906137184115524 0.19123931623931625 0.01684717208182912 0.023504273504273508
10 0.3640192539109507 0.18910256410256412 0.013237063778580024 0.025641025641025644
10 0.3561973525872443 0.2136752136752137 0.009626955475330927 0.019230769230769232
10 0.35078219013237066 0.19284188034188035 0.010830324909747294 0.018162393162393164
10 0.3435619735258725 0.21688034188034191 0.00842358604091456 0.021367521367521368
10 0.3742478941034898 0.1030982905982906 0.024067388688327317 0.011752136752136754
10 0.351985559566787 0.10630341880341881 0.02045728038507822 0.01388888888888889
10 0.3212996389891697 0.11004273504273505 0.024067388688327317 0.012820512820512822
10 0.2924187725631769 0.11111111111111112 0.024067388688327317 0.01495726495726496
10 0.2611311672683514 0.11324786324786326 0.026474127557160047 0.012820512820512822
10 0.17509025270758125 0.06944444444444445 0.02045728038507822 0.010683760683760684
10 0.07581227436823106 0.07318376068376069 0.021660649819494587 0.011752136752136754
10 0.38267148014440433 0.04914529914529915 0.026474127557160047 0.010683760683760684
10 0.3489771359807461 0.05181623931623932 0.024067388688327317 0.011752136752136754
10 0.3249097472924188 0.057692307692307696 0.01684717208182912 0.010683760683760684
9 0.904332129963899 0.24732905982905987 0.044524669073405534 0.01388888888888889
9 0.7160048134777377 0.27029914529914534 0.060168471720818295 0.032051282051282055
9 0.7430806257521059 0.32799145299145305 0.06137184115523466 0.032051282051282055
9 0.8285198555956679 0.5176282051282052 0.056558363417569195 0.04166666666666667
10 0.3640192539109507 0.779380341880342 0.027677496991576414 0.018162393162393164
10 0.11793020457280386 0.8600427350427351 0.026474127557160047 0.019230769230769232
10 0.06257521058965103 0.8402777777777779 0.026474127557160047 0.018162393162393164
10 0.4416365824308063 0.810363247863248 0.036101083032490974 0.0202991452991453
10 0.44885679903730447 0.5256410256410257 0.019253910950661854 0.032051282051282055
10 0.4434416365824308 0.5560897435897436 0.018050541516245487 0.028846153846153848
10 0.6064981949458484 0.6426282051282052 0.026474127557160047 0.018162393162393164
10 0.648014440433213 0.7115384615384616 0.02286401925391095 0.017094017094017096
10 0.634777376654633 0.6837606837606838 0.02286401925391095 0.01495726495726496
10 0.6083032490974729 0.6917735042735044 0.027677496991576414 0.018162393162393164
10 0.6028880866425993 0.7398504273504274 0.024067388688327317 0.03311965811965812
10 0.5234657039711191 0.7537393162393163 0.021660649819494587 0.02670940170940171
10 0.5523465703971119 0.7510683760683762 0.026474127557160047 0.03418803418803419
10 0.5812274368231047 0.7735042735042735 0.02888086642599278 0.03418803418803419
10 0.5685920577617328 0.7815170940170941 0.027677496991576414 0.03311965811965812
10 0.5535499398315283 0.7868589743589745 0.02888086642599278 0.03311965811965812
10 0.5258724428399519 0.7991452991452992 0.031287605294825514 0.03418803418803419
10 0.43020457280385077 0.8333333333333334 0.03730445246690734 0.023504273504273508
10 0.05896510228640193 0.8808760683760685 0.024067388688327317 0.016025641025641028
10 0.5078219013237064 0.8840811965811967 0.03369434416365824 0.03525641025641026
10 0.5481347773766546 0.8611111111111112 0.03249097472924188 0.03418803418803419
10 0.5421179302045728 0.890491452991453 0.03249097472924188 0.02670940170940171
10 0.27075812274368233 0.9054487179487181 0.009626955475330927 0.0202991452991453
10 0.2557160048134777 0.8963675213675214 0.013237063778580024 0.021367521367521368
10 0.2364620938628159 0.8936965811965812 0.027677496991576414 0.024572649572649576
10 0.22864019253910953 0.90491452991453 0.03369434416365824 0.025641025641025644
10 0.22382671480144406 0.9220085470085471 0.03369434416365824 0.017094017094017096
10 0.2250300842358604 0.9380341880341881 0.031287605294825514 0.019230769230769232
10 0.2882069795427196 0.9225427350427351 0.018050541516245487 0.030982905982905987
10 0.24127557160048135 0.951923076923077 0.027677496991576414 0.02777777777777778
10 0.25150421179302046 0.9636752136752138 0.02888086642599278 0.032051282051282055
10 0.2743682310469314 0.983974358974359 0.026474127557160047 0.02777777777777778
9 0.8044524669073406 0.5219017094017094 0.05415162454873646 0.039529914529914535
9 0.8345367027677497 0.5667735042735044 0.08062575210589651 0.039529914529914535
10 0.9446450060168472 0.6063034188034189 0.019253910950661854 0.030982905982905987
9 0.7749699157641396 0.5411324786324787 0.05776173285198556 0.04166666666666667
9 0.3002406738868833 0.5881410256410257 0.08543922984356198 0.04166666666666667
9 0.29422382671480146 0.6025641025641026 0.07340553549939832 0.03632478632478633
9 0.1768953068592058 0.6869658119658121 0.060168471720818295 0.0405982905982906
9 0.1732851985559567 0.654380341880342 0.060168471720818295 0.039529914529914535
9 0.17208182912154033 0.6356837606837608 0.060168471720818295 0.0405982905982906
9 0.17208182912154033 0.6185897435897436 0.060168471720818295 0.0405982905982906
9 0.16967509025270758 0.6009615384615385 0.060168471720818295 0.0373931623931624
9 0.16787003610108303 0.5657051282051283 0.05896510228640193 0.0373931623931624
9 0.16666666666666669 0.5475427350427351 0.056558363417569195 0.03525641025641026
9 0.16666666666666669 0.5293803418803419 0.06377858002406739 0.0373931623931624
9 0.16606498194945848 0.5101495726495727 0.06257521058965103 0.0373931623931624
9 0.1648616125150421 0.4930555555555556 0.060168471720818295 0.0373931623931624
9 0.16425992779783394 0.4759615384615385 0.06137184115523466 0.039529914529914535
9 0.16185318892900122 0.45779914529914534 0.06137184115523466 0.039529914529914535
9 0.16004813477737667 0.4412393162393163 0.060168471720818295 0.038461538461538464
9 0.15824308062575212 0.405448717948718 0.05896510228640193 0.0373931623931624
9 0.15764139590854392 0.3856837606837607 0.06257521058965103 0.038461538461538464
9 0.26895306859205775 0.35790598290598297 0.06618531889290012 0.02777777777777778
9 0.15643802647412755 0.3514957264957265 0.060168471720818295 0.038461538461538464
9 0.26654632972322506 0.33814102564102566 0.06618531889290012 0.028846153846153848
9 0.15583634175691938 0.3338675213675214 0.06137184115523466 0.039529914529914535
9 0.26714801444043323 0.32104700854700857 0.06257521058965103 0.028846153846153848
9 0.15403128760529483 0.3151709401709402 0.060168471720818295 0.038461538461538464
9 0.154632972322503 0.2783119658119658 0.06137184115523466 0.039529914529914535
9 0.26293622141997597 0.2681623931623932 0.06618531889290012 0.02777777777777778
9 0.2641395908543923 0.25053418803418803 0.06377858002406739 0.03311965811965812
9 0.1510228640192539 0.24412393162393164 0.06137184115523466 0.0373931623931624
9 0.14560770156438027 0.21100427350427353 0.05776173285198556 0.0373931623931624
9 0.14380264741275572 0.19337606837606838 0.044524669073405534 0.02991452991452992
9 0.2972322503008424 0.5683760683760685 0.08664259927797835 0.0405982905982906
9 0.29482551143200963 0.5325854700854702 0.08664259927797835 0.0373931623931624
9 0.29422382671480146 0.515491452991453 0.08543922984356198 0.039529914529914535
9 0.3423586040914561 0.6875000000000001 0.05896510228640193 0.04166666666666667
9 0.7346570397111913 0.5507478632478633 0.05896510228640193 0.04380341880341881
9 0.6967509025270758 0.5641025641025642 0.05776173285198556 0.042735042735042736
9 0.677496991576414 0.5694444444444445 0.060168471720818295 0.04487179487179488
9 0.6588447653429603 0.576388888888889 0.056558363417569195 0.04166666666666667
9 0.598676293622142 0.5929487179487181 0.05896510228640193 0.047008547008547015
9 0.5583634175691937 0.6041666666666667 0.05535499398315283 0.039529914529914535
9 0.5216606498194946 0.6169871794871795 0.056558363417569195 0.039529914529914535
9 0.48375451263537905 0.6303418803418804 0.05535499398315283 0.042735042735042736
9 0.46750902527075816 0.6367521367521368 0.05896510228640193 0.047008547008547015
9 0.4464500601684717 0.6431623931623932 0.05776173285198556 0.042735042735042736
9 0.4338146811070999 0.654380341880342 0.05896510228640193 0.04380341880341881
9 0.4151624548736462 0.6586538461538463 0.05054151624548737 0.039529914529914535
9 0.40072202166064985 0.6698717948717949 0.05776173285198556 0.0405982905982906
9 0.5120336943441637 0.6826923076923077 0.039711191335740074 0.023504273504273508
9 0.2936221419975933 0.4978632478632479 0.08664259927797835 0.038461538461538464
9 0.4651022864019254 0.6992521367521368 0.049338146811071 0.028846153846153848
9 0.3898916967509025 0.7259615384615385 0.08182912154031288 0.039529914529914535
9 0.3206979542719615 0.6923076923076924 0.05896510228640193 0.04487179487179488
9 0.2972322503008424 0.6960470085470086 0.060168471720818295 0.04166666666666667
9 0.26293622141997597 0.7099358974358975 0.051744885679903735 0.04166666666666667
9 0.23766546329723226 0.7286324786324787 0.051744885679903735 0.038461538461538464
9 0.4536702767749699 0.4294871794871795 0.06498194945848376 0.03418803418803419
9 0.2882069795427196 0.389957264957265 0.08543922984356198 0.038461538461538464
9 0.2888086642599278 0.4070512820512821 0.08664259927797835 0.0405982905982906
9 0.28941034897713597 0.4257478632478633 0.08543922984356198 0.039529914529914535
9 0.2918170878459687 0.44551282051282054 0.08784596871239471 0.038461538461538464
9 0.29121540312876054 0.4620726495726496 0.08664259927797835 0.04166666666666667
9 0.2924187725631769 0.4802350427350428 0.08664259927797835 0.04166666666666667
10 0.4368231046931408 0.5186965811965812 0.01684717208182912 0.02243589743589744
10 0.5090252707581228 0.530448717948718 0.019253910950661854 0.03311965811965812
10 0.5252707581227437 0.5261752136752137 0.018050541516245487 0.030982905982905987
10 0.5397111913357401 0.5235042735042735 0.015643802647412757 0.02991452991452992
10 0.5391095066185319 0.15331196581196582 0.01684717208182912 0.0202991452991453
10 0.5752105896510229 0.16666666666666669 0.01684717208182912 0.023504273504273508
10 0.5631768953068592 0.17094017094017094 0.019253910950661854 0.02777777777777778
10 0.5529482551143201 0.17414529914529916 0.018050541516245487 0.023504273504273508
10 0.542719614921781 0.17948717948717952 0.01684717208182912 0.023504273504273508
10 0.529482551143201 0.18376068376068377 0.019253910950661854 0.023504273504273508
10 0.5270758122743683 0.15811965811965814 0.019253910950661854 0.023504273504273508
10 0.5144404332129964 0.1623931623931624 0.02286401925391095 0.02777777777777778
10 0.4753309265944645 0.171474358974359 0.012033694344163659 0.0202991452991453
10 0.4657039711191336 0.1762820512820513 0.012033694344163659 0.025641025641025644
10 0.4500601684717208 0.1762820512820513 0.01444043321299639 0.021367521367521368
10 0.43862815884476536 0.17895299145299148 0.013237063778580024 0.0202991452991453
10 0.4259927797833935 0.1810897435897436 0.012033694344163659 0.0202991452991453
10 0.4428399518652226 0.1997863247863248 0.01444043321299639 0.017094017094017096
10 0.4326113116726835 0.202457264957265 0.015643802647412757 0.0202991452991453
10 0.4151624548736462 0.1842948717948718 0.01444043321299639 0.02243589743589744
10 0.4019253910950662 0.1842948717948718 0.01444043321299639 0.02243589743589744
10 0.40734055354993987 0.20886752136752137 0.015643802647412757 0.024572649572649576
10 0.39711191335740076 0.2120726495726496 0.01444043321299639 0.02243589743589744
10 0.5746089049338147 0.010683760683760684 0.018050541516245487 0.010683760683760684
10 0.5451263537906137 0.01762820512820513 0.021660649819494587 0.011752136752136754
10 0.5204572803850782 0.024572649572649576 0.02286401925391095 0.012820512820512822
10 0.4332129963898917 0.039529914529914535 0.019253910950661854 0.010683760683760684
10 0.41155234657039713 0.04487179487179488 0.021660649819494587 0.012820512820512822
10 0.52647412755716 0.04433760683760684 0.02286401925391095 0.016025641025641028
10 0.6329723225030085 0.05235042735042736 0.021660649819494587 0.012820512820512822
10 0.6046931407942239 0.05715811965811966 0.02045728038507822 0.011752136752136754
10 0.572202166064982 0.06623931623931624 0.02286401925391095 0.01495726495726496
10 0.5451263537906137 0.07104700854700856 0.021660649819494587 0.01388888888888889
10 0.5505415162454874 0.14797008547008547 0.018050541516245487 0.02243589743589744
10 0.5607701564380265 0.14262820512820515 0.01444043321299639 0.018162393162393164
10 0.5740072202166066 0.13942307692307693 0.01684717208182912 0.02243589743589744
10 0.6762936221419976 0.13354700854700857 0.01684717208182912 0.023504273504273508
10 0.9302045728038508 0.5042735042735044 0.024067388688327317 0.032051282051282055
10 0.9151624548736462 0.5058760683760685 0.025270758122743684 0.03311965811965812
10 0.9001203369434416 0.45940170940170943 0.02888086642599278 0.017094017094017096
10 0.924187725631769 0.4695512820512821 0.024067388688327317 0.018162393162393164
10 0.8965102286401926 0.4786324786324787 0.031287605294825514 0.021367521367521368
10 0.7075812274368232 0.1762820512820513 0.019253910950661854 0.023504273504273508
10 0.6967509025270758 0.1826923076923077 0.01684717208182912 0.021367521367521368
10 0.6853188929001204 0.18536324786324787 0.015643802647412757 0.02243589743589744
10 0.7105896510228641 0.1981837606837607 0.02286401925391095 0.016025641025641028
10 0.684115523465704 0.2077991452991453 0.02045728038507822 0.01388888888888889
10 0.6738868832731649 0.18910256410256412 0.01684717208182912 0.021367521367521368
10 0.6985559566787004 0.125 0.02045728038507822 0.023504273504273508
10 0.687123947051745 0.13141025641025642 0.019253910950661854 0.025641025641025644
10 0.6648616125150422 0.13835470085470086 0.018050541516245487 0.024572649572649576
10 0.5968712394705175 0.1591880341880342 0.021660649819494587 0.023504273504273508
10 0.6738868832731649 0.10470085470085472 0.01444043321299639 0.019230769230769232
10 0.6630565583634176 0.10897435897435899 0.019253910950661854 0.023504273504273508
10 0.6516245487364621 0.11164529914529915 0.018050541516245487 0.024572649572649576
10 0.6287605294825511 0.11912393162393163 0.018050541516245487 0.024572649572649576
10 0.6389891696750902 0.11645299145299147 0.01684717208182912 0.021367521367521368
10 0.6528279181708785 0.14209401709401712 0.02045728038507822 0.023504273504273508
10 0.631768953068592 0.1495726495726496 0.01444043321299639 0.021367521367521368
10 0.6197352587244285 0.15170940170940173 0.01444043321299639 0.019230769230769232
10 0.6179302045728039 0.12553418803418806 0.015643802647412757 0.0202991452991453
10 0.6077015643802648 0.12927350427350429 0.01684717208182912 0.021367521367521368
10 0.5962695547533093 0.13461538461538464 0.018050541516245487 0.025641025641025644
10 0.5848375451263538 0.1372863247863248 0.01684717208182912 0.0202991452991453
10 0.6101083032490975 0.1575854700854701 0.019253910950661854 0.02243589743589744
10 0.5204572803850782 0.07745726495726496 0.02045728038507822 0.01388888888888889
10 0.40312876052948254 0.06410256410256411 0.026474127557160047 0.012820512820512822
10 0.4975932611311673 0.08066239316239317 0.018050541516245487 0.011752136752136754
10 0.7593261131167268 0.9027777777777779 0.036101083032490974 0.02777777777777778
10 0.6678700361010831 0.7414529914529915 0.024067388688327317 0.019230769230769232
10 0.6594464500601684 0.7323717948717949 0.026474127557160047 0.0202991452991453
10 0.6462093862815884 0.7751068376068377 0.03369434416365824 0.028846153846153848
10 0.6552346570397112 0.7889957264957266 0.03489771359807461 0.030982905982905987
10 0.6648616125150422 0.795940170940171 0.030084235860409148 0.02777777777777778
10 0.6720818291215404 0.8034188034188035 0.030084235860409148 0.02777777777777778
10 0.6799037304452468 0.8146367521367522 0.02888086642599278 0.02670940170940171
10 0.6895306859205776 0.8237179487179488 0.03369434416365824 0.02991452991452992
10 0.6973525872442841 0.8365384615384617 0.03249097472924188 0.02991452991452992
10 0.7069795427196149 0.8482905982905984 0.03249097472924188 0.02777777777777778
10 0.7148014440433214 0.857905982905983 0.02888086642599278 0.025641025641025644
10 0.7388688327316486 0.8819444444444445 0.031287605294825514 0.028846153846153848
10 0.7448856799037304 0.8958333333333334 0.031287605294825514 0.024572649572649576
10 0.7677496991576415 0.9145299145299146 0.026474127557160047 0.021367521367521368
10 0.6859205776173285 0.7596153846153847 0.026474127557160047 0.019230769230769232
10 0.7731648616125151 0.9236111111111112 0.027677496991576414 0.024572649572649576
10 0.7821901323706378 0.9337606837606839 0.031287605294825514 0.025641025641025644
10 0.7990373044524669 0.9481837606837608 0.031287605294825514 0.02670940170940171
10 0.8128760529482552 0.9615384615384617 0.03730445246690734 0.03418803418803419
10 0.8297232250300842 0.9903846153846155 0.03249097472924188 0.019230769230769232
10 0.4271961492178099 0.3392094017094017 0.019253910950661854 0.02243589743589744
10 0.417569193742479 0.34401709401709407 0.019253910950661854 0.021367521367521368
10 0.39350180505415167 0.3525641025641026 0.026474127557160047 0.02991452991452992
10 0.644404332129964 0.4572649572649573 0.015643802647412757 0.02991452991452992
10 0.6293622141997594 0.45940170940170943 0.01444043321299639 0.02991452991452992
10 0.5956678700361011 0.4743589743589744 0.019253910950661854 0.032051282051282055
10 0.5463297232250302 0.4898504273504274 0.019253910950661854 0.03311965811965812
10 0.529482551143201 0.4957264957264958 0.019253910950661854 0.02991452991452992
10 0.6756919374247894 0.7516025641025642 0.025270758122743684 0.0202991452991453
10 0.6847172081829122 0.7067307692307693 0.021660649819494587 0.024572649572649576
10 0.5980746089049338 0.08867521367521368 0.024067388688327317 0.017094017094017096
10 0.3989169675090253 0.09882478632478633 0.02286401925391095 0.011752136752136754
10 0.5746089049338147 0.09668803418803419 0.02286401925391095 0.018162393162393164
10 0.5547533092659447 0.09455128205128206 0.01684717208182912 0.0202991452991453
10 0.5433212996389892 0.0998931623931624 0.015643802647412757 0.0202991452991453
10 0.5318892900120337 0.10523504273504275 0.019253910950661854 0.02243589743589744
10 0.5192539109506619 0.10737179487179488 0.018050541516245487 0.02243589743589744
10 0.4512635379061372 0.12286324786324787 0.01684717208182912 0.023504273504273508
10 0.43862815884476536 0.12393162393162395 0.013237063778580024 0.021367521367521368
10 0.4265944645006017 0.125 0.015643802647412757 0.023504273504273508
10 0.4139590854392299 0.12713675213675216 0.01444043321299639 0.021367521367521368
10 0.40252707581227437 0.13034188034188035 0.015643802647412757 0.025641025641025644
10 0.38929001203369434 0.13247863247863248 0.015643802647412757 0.023504273504273508
10 0.37845968712394706 0.13301282051282054 0.015643802647412757 0.02670940170940171
10 0.4290012033694344 0.09455128205128206 0.02286401925391095 0.01388888888888889
10 0.8465703971119134 0.13782051282051283 0.025270758122743684 0.019230769230769232
10 0.7009626955475331 0.702991452991453 0.02286401925391095 0.021367521367521368
10 0.8580024067388689 0.14583333333333334 0.026474127557160047 0.018162393162393164
10 0.9434416365824309 0.12980769230769232 0.026474127557160047 0.016025641025641028
10 0.9476534296028881 0.1388888888888889 0.027677496991576414 0.017094017094017096
10 0.9578820697954272 0.1650641025641026 0.02888086642599278 0.0202991452991453
10 0.9651022864019254 0.17895299145299148 0.026474127557160047 0.018162393162393164
10 0.6762936221419976 0.452457264957265 0.019253910950661854 0.028846153846153848
10 0.6606498194945849 0.452457264957265 0.01684717208182912 0.028846153846153848
10 0.6720818291215404 0.47916666666666674 0.015643802647412757 0.028846153846153848
10 0.7111913357400722 0.6581196581196582 0.024067388688327317 0.019230769230769232
10 0.6762936221419976 0.6682692307692308 0.02888086642599278 0.0202991452991453
10 0.7370637785800241 0.685363247863248 0.02286401925391095 0.02243589743589744
10 0.7244283995186522 0.6891025641025642 0.024067388688327317 0.023504273504273508
10 0.713598074608905 0.6949786324786326 0.024067388688327317 0.024572649572649576
9 0.14741275571600482 0.17200854700854704 0.06377858002406739 0.0405982905982906
