1 0.968833780160858 0.11274787535410764 0.022117962466487937 0.021529745042492915
10 0.9259383378016086 0.09206798866855523 0.014075067024128687 0.010764872521246457
1 0.2965817694369973 0.6694050991501416 0.035522788203753354 0.030028328611898015
1 0.2851876675603217 0.6617563739376771 0.03284182305630027 0.029461756373937675
1 0.3140080428954424 0.63342776203966 0.03418230563002681 0.03172804532577903
1 0.30294906166219837 0.6240793201133144 0.032171581769437 0.030028328611898015
1 0.48424932975871315 0.6538243626062322 0.028820375335120645 0.024929178470254956
1 0.47319034852546915 0.6447592067988668 0.028150134048257374 0.027195467422096317
1 0.4644772117962467 0.6348441926345608 0.029490616621983913 0.026628895184135977
1 0.450402144772118 0.6274787535410764 0.028150134048257374 0.025495750708215296
1 0.42727882037533516 0.6130311614730878 0.024798927613941018 0.024929178470254956
1 0.4078418230563003 0.5943342776203966 0.027479892761394103 0.027195467422096317
1 0.39812332439678283 0.5875354107648725 0.02680965147453083 0.026062322946175637
1 0.3729892761394102 0.5742209631728045 0.03150134048257373 0.031161473087818695
1 0.39745308310991956 0.5487252124645892 0.02546916890080429 0.024362606232294616
1 0.43029490616621985 0.5708215297450424 0.028150134048257374 0.027762039660056654
1 0.4524128686327078 0.5861189801699717 0.02546916890080429 0.026628895184135977
1 0.4658176943699732 0.5954674220963172 0.02680965147453083 0.027195467422096317
1 0.4879356568364611 0.6118980169971671 0.02546916890080429 0.026062322946175637
1 0.5640080428954424 0.7073654390934844 0.02345844504021448 0.024362606232294616
1 0.610254691689008 0.6991501416430594 0.030160857908847184 0.027195467422096317
1 0.3398123324396783 0.6481586402266288 0.03351206434316354 0.030594900849858355
1 0.30998659517426275 0.6790368271954674 0.035522788203753354 0.030028328611898015
1 0.33277479892761397 0.6949008498583569 0.03284182305630027 0.028895184135977334
1 0.24698391420911528 0.8147308781869688 0.03150134048257373 0.028328611898016994
1 0.2064343163538874 0.720113314447592 0.04155495978552279 0.037393767705382434
1 0.16789544235924933 0.7512747875354107 0.048927613941018765 0.038526912181303115
1 0.22687667560321717 0.7311614730878186 0.03820375335120643 0.035694050991501414
1 0.2369302949061662 0.7419263456090651 0.03150134048257373 0.030028328611898015
1 0.24932975871313673 0.7532577903682719 0.036193029490616625 0.031161473087818695
1 0.20408847184986595 0.7725212464589235 0.03820375335120643 0.03342776203966005
1 0.21447721179624665 0.7832861189801699 0.030831099195710455 0.027762039660056654
1 0.22788203753351208 0.7895184135977337 0.03351206434316354 0.030028328611898015
1 0.2965817694369973 0.7940509915014163 0.03418230563002681 0.030028328611898015
1 0.38270777479892765 0.6878186968838527 0.030831099195710455 0.027195467422096317
1 0.41856568364611263 0.768555240793201 0.03820375335120643 0.030028328611898015
1 0.4292895442359249 0.7594900849858356 0.035522788203753354 0.025495750708215296
1 0.4500670241286863 0.7444759206798867 0.044906166219839144 0.03399433427762039
1 0.4011394101876676 0.746742209631728 0.03150134048257373 0.029461756373937675
1 0.3894101876675603 0.736827195467422 0.030831099195710455 0.025495750708215296
1 0.41856568364611263 0.7101983002832861 0.035522788203753354 0.03229461756373937
1 0.38002680965147456 0.7274787535410764 0.032171581769437 0.028328611898016994
1 0.3418230563002681 0.7048158640226628 0.028150134048257374 0.027195467422096317
1 0.600201072386059 0.6903682719546742 0.03150134048257373 0.028895184135977334
1 0.589142091152815 0.6798866855524078 0.02680965147453083 0.026062322946175637
1 0.5794235924932976 0.6728045325779036 0.02613941018766756 0.025495750708215296
1 0.528485254691689 0.5127478753541076 0.024798927613941018 0.023796033994334276
1 0.6052278820375335 0.5637393767705382 0.02680965147453083 0.027195467422096317
1 0.5934986595174263 0.5552407932011331 0.027479892761394103 0.028328611898016994
1 0.5697050938337802 0.5796033994334278 0.028150134048257374 0.026062322946175637
1 0.5489276139410187 0.5657223796033994 0.02546916890080429 0.024362606232294616
1 0.5623324396782842 0.5339943342776203 0.029490616621983913 0.025495750708215296
1 0.5378686327077749 0.5577903682719546 0.028820375335120645 0.026628895184135977
1 0.5502680965147453 0.5271954674220963 0.022788203753351208 0.023229461756373936
1 0.507372654155496 0.5337110481586402 0.02412868632707775 0.021529745042492915
1 0.7513404825737265 0.5827195467422096 0.02680965147453083 0.022096317280453255
1 0.613941018766756 0.5716713881019829 0.02546916890080429 0.024929178470254956
1 0.7312332439678284 0.5688385269121813 0.022788203753351208 0.022662889518413595
1 0.7198391420911529 0.5614730878186969 0.02546916890080429 0.024929178470254956
1 0.710455764075067 0.553541076487252 0.022788203753351208 0.023796033994334276
1 0.7000670241286864 0.5470254957507081 0.02345844504021448 0.023229461756373936
1 0.6910187667560321 0.5399433427762039 0.02680965147453083 0.027195467422096317
1 0.7211796246648794 0.5240793201133144 0.02412868632707775 0.023796033994334276
1 0.7007372654155496 0.510198300283286 0.027479892761394103 0.025495750708215296
1 0.6578418230563002 0.5195467422096317 0.02345844504021448 0.022662889518413595
1 0.5814343163538874 0.5878186968838527 0.027479892761394103 0.024362606232294616
1 0.5914879356568364 0.5951841359773371 0.030160857908847184 0.026628895184135977
1 0.5690348525469169 0.6654390934844192 0.030831099195710455 0.030028328611898015
1 0.7060991957104558 0.6662889518413597 0.028820375335120645 0.026062322946175637
1 0.5408847184986595 0.6912181303116147 0.02680965147453083 0.024929178470254956
1 0.5556300268096515 0.6594900849858356 0.02680965147453083 0.026062322946175637
1 0.5187667560321716 0.6745042492917847 0.029490616621983913 0.028895184135977334
1 0.5428954423592494 0.6518413597733711 0.028150134048257374 0.024362606232294616
1 0.507372654155496 0.6688385269121813 0.03351206434316354 0.030028328611898015
1 0.532171581769437 0.6444759206798867 0.02680965147453083 0.024362606232294616
1 0.4959785522788204 0.6614730878186968 0.02680965147453083 0.026628895184135977
1 0.7181635388739946 0.6716713881019829 0.03150134048257373 0.030028328611898015
1 0.7191689008042895 0.6373937677053824 0.03485254691689008 0.026062322946175637
1 0.5998659517426274 0.6031161473087818 0.028150134048257374 0.027762039660056654
1 0.6652144772117963 0.6328611898016997 0.028820375335120645 0.028328611898016994
1 0.6427613941018767 0.63342776203966 0.03351206434316354 0.030594900849858355
1 0.667225201072386 0.6076487252124646 0.030160857908847184 0.027762039660056654
1 0.6229892761394102 0.6175637393767704 0.02345844504021448 0.023796033994334276
1 0.6558310991957105 0.6008498583569405 0.02613941018766756 0.028895184135977334
1 0.6464477211796247 0.5940509915014164 0.02613941018766756 0.024362606232294616
1 0.6105898123324397 0.6113314447592068 0.03351206434316354 0.030594900849858355
1 0.6347184986595175 0.5858356940509915 0.029490616621983913 0.026062322946175637
1 0.15784182305630026 0.7379603399433428 0.05026809651474531 0.04475920679886685
10 0.914544235924933 0.09999999999999999 0.012734584450402145 0.010764872521246457
1 0.9741957104557641 0.12209631728045325 0.02345844504021448 0.022096317280453255
10 0.9068364611260054 0.11019830028328612 0.0160857908847185 0.013031161473087818
10 0.20945040214477212 0.3473087818696884 0.012734584450402145 0.011331444759206798
10 0.2148123324396783 0.3430594900849858 0.012734584450402145 0.010764872521246457
10 0.2489946380697051 0.35269121813031157 0.014075067024128687 0.011898016997167138
10 0.2540214477211796 0.3478753541076487 0.013404825737265416 0.011331444759206798
10 0.2623994638069705 0.33796033994334274 0.01675603217158177 0.013031161473087818
10 0.2717828418230563 0.330028328611898 0.015415549597855228 0.011898016997167138
10 0.2453083109919571 0.31133144475920677 0.012064343163538875 0.010764872521246457
10 0.20241286863270777 0.3065155807365439 0.013404825737265416 0.012464589235127478
10 0.27714477211796246 0.3235127478753541 0.012734584450402145 0.010198300283286119
10 0.28183646112600536 0.3198300283286119 0.012734584450402145 0.010764872521246457
10 0.28451742627345844 0.31416430594900846 0.012734584450402145 0.010764872521246457
10 0.2593833780160858 0.2968838526912181 0.012064343163538875 0.010198300283286119
10 0.2945710455764075 0.30623229461756374 0.012734584450402145 0.010764872521246457
10 0.26273458445040215 0.2461756373937677 0.013404825737265416 0.013031161473087818
10 0.29557640750670244 0.25977337110481585 0.013404825737265416 0.010764872521246457
10 0.3210455764075067 0.2790368271954674 0.013404825737265416 0.010764872521246457
10 0.38069705093833783 0.2985835694050991 0.013404825737265416 0.012464589235127478
10 0.3719839142091153 0.29235127478753536 0.012064343163538875 0.012464589235127478
10 0.36695710455764075 0.28810198300283285 0.011394101876675604 0.011898016997167138
10 0.20442359249329758 0.35184135977337105 0.012064343163538875 0.010198300283286119
10 0.2359249329758713 0.3645892351274787 0.013404825737265416 0.010764872521246457
10 0.2007372654155496 0.3572237960339943 0.011394101876675604 0.009631728045325779
10 0.1722520107238606 0.3872521246458923 0.013404825737265416 0.013031161473087818
7 0.8468498659517426 0.31133144475920677 0.24865951742627346 0.18073654390934843
7 0.8126675603217158 0.38611898016997165 0.3022788203753351 0.2226628895184136
7 0.7607238605898123 0.4572237960339943 0.3002680965147453 0.22662889518413595
7 0.7473190348525469 0.5603399433427761 0.40214477211796246 0.2878186968838527
7 0.5857908847184987 0.5711048158640226 0.32439678284182305 0.23909348441926345
7 0.4882707774798928 0.6305949008498584 0.2781501340482574 0.20623229461756373
7 0.3709785522788204 0.6963172804532577 0.22184986595174264 0.1790368271954674
7 0.2282171581769437 0.7696883852691218 0.1910187667560322 0.15240793201133143
10 0.1769436997319035 0.3798866855524079 0.013404825737265416 0.011898016997167138
10 0.19571045576407506 0.3611898016997167 0.013404825737265416 0.010764872521246457
10 0.18197050938337803 0.3762039660056657 0.012734584450402145 0.011331444759206798
10 0.20576407506702413 0.3966005665722379 0.010723860589812333 0.009065155807365438
10 0.2101206434316354 0.39263456090651555 0.014075067024128687 0.011331444759206798
10 0.21514745308310992 0.3864022662889518 0.013404825737265416 0.010198300283286119
10 0.22117962466487937 0.3793201133144476 0.013404825737265416 0.011898016997167138
10 0.23056300268096516 0.3713881019830028 0.014745308310991957 0.011898016997167138
10 0.18766756032171583 0.37082152974504246 0.013404825737265416 0.010764872521246457
10 0.19135388739946382 0.3654390934844192 0.012734584450402145 0.010198300283286119
10 0.36226541554959785 0.28498583569405095 0.012734584450402145 0.012464589235127478
10 0.3558981233243968 0.28158640226628895 0.012064343163538875 0.011331444759206798
10 0.346514745308311 0.27280453257790366 0.012064343163538875 0.011898016997167138
10 0.8642761394101877 0.08838526912181302 0.012734584450402145 0.011331444759206798
10 0.8294235924932976 0.08073654390934844 0.014075067024128687 0.013031161473087818
10 0.824396782841823 0.08526912181303116 0.014745308310991957 0.013031161473087818
10 0.8166890080428955 0.09575070821529745 0.014075067024128687 0.011331444759206798
10 0.8485254691689008 0.10396600566572237 0.013404825737265416 0.011898016997167138
10 0.8582439678284183 0.11274787535410764 0.014075067024128687 0.012464589235127478
10 0.8719839142091153 0.10254957507082152 0.014745308310991957 0.013597733711048159
10 0.8528820375335121 0.09858356940509914 0.014075067024128687 0.012464589235127478
10 0.8595844504021448 0.09348441926345609 0.015415549597855228 0.013597733711048159
10 0.8780160857908847 0.09603399433427762 0.013404825737265416 0.011898016997167138
10 0.8455093833780161 0.06770538243626062 0.018096514745308313 0.017563739376770537
10 0.8696380697050938 0.08271954674220963 0.01675603217158177 0.014730878186968837
10 0.875 0.07620396600566572 0.018096514745308313 0.014164305949008497
10 0.8803619302949062 0.07223796033994334 0.015415549597855228 0.013031161473087818
10 0.8947721179624665 0.08016997167138809 0.01742627345844504 0.014164305949008497
10 0.8743297587131368 0.13994334277620396 0.011394101876675604 0.010198300283286119
10 0.881367292225201 0.13314447592067988 0.014745308310991957 0.013597733711048159
10 0.8863941018766757 0.12832861189801698 0.011394101876675604 0.010764872521246457
10 0.8917560321715818 0.12492917847025495 0.015415549597855228 0.011898016997167138
10 0.8388069705093834 0.0708215297450425 0.014075067024128687 0.011331444759206798
10 0.8669571045576407 0.04220963172804532 0.018096514745308313 0.014164305949008497
10 0.407171581769437 0.26770538243626063 0.012734584450402145 0.011898016997167138
10 0.4249329758713137 0.19490084985835693 0.012064343163538875 0.012464589235127478
10 0.4346514745308311 0.28356940509915013 0.012734584450402145 0.013031161473087818
10 0.4024798927613941 0.26175637393767703 0.014075067024128687 0.013597733711048159
10 0.3870643431635389 0.2515580736543909 0.014075067024128687 0.011331444759206798
10 0.3766756032171582 0.24475920679886684 0.014745308310991957 0.012464589235127478
10 0.382372654155496 0.2280453257790368 0.014075067024128687 0.011898016997167138
10 0.3930965147453083 0.21954674220963172 0.012734584450402145 0.011898016997167138
10 0.4098525469168901 0.20679886685552407 0.012734584450402145 0.011331444759206798
10 0.3793565683646113 0.1915014164305949 0.013404825737265416 0.012464589235127478
10 0.43532171581769435 0.186685552407932 0.014075067024128687 0.011898016997167138
10 0.39510723860589814 0.09235127478753541 0.014075067024128687 0.013597733711048159
10 0.4152144772117963 0.1631728045325779 0.014075067024128687 0.011331444759206798
10 0.44436997319034854 0.17507082152974504 0.014745308310991957 0.013597733711048159
10 0.4550938337801609 0.17025495750708214 0.0160857908847185 0.014164305949008497
10 0.46615281501340483 0.16175637393767706 0.012734584450402145 0.010764872521246457
10 0.4363270777479893 0.14560906515580735 0.012064343163538875 0.011331444759206798
10 0.44705093833780163 0.1365439093484419 0.013404825737265416 0.011331444759206798
10 0.5056970509383378 0.12776203966005664 0.014075067024128687 0.013031161473087818
10 0.4859249329758713 0.10509915014164305 0.013404825737265416 0.011898016997167138
1 0.6471179624664879 0.5127478753541076 0.02613941018766756 0.021529745042492915
1 0.6809651474530831 0.4940509915014164 0.02546916890080429 0.024929178470254956
1 0.6705764075067024 0.488385269121813 0.02613941018766756 0.026062322946175637
1 0.6585120643431636 0.4815864022662889 0.02613941018766756 0.024929178470254956
1 0.853887399463807 0.3005665722379603 0.020107238605898123 0.019830028328611898
1 0.8347855227882037 0.3198300283286119 0.02345844504021448 0.024362606232294616
1 0.8448391420911529 0.2951841359773371 0.01943699731903485 0.016997167138810197
1 0.8186997319034852 0.3093484419263456 0.020777479892761394 0.019263456090651557
1 0.8374664879356568 0.29008498583569403 0.01675603217158177 0.019263456090651557
1 0.9587801608579088 0.31359773371104815 0.01675603217158177 0.016430594900849856
1 0.988941018766756 0.3082152974504249 0.015415549597855228 0.015864022662889516
1 0.9815683646112601 0.3014164305949008 0.015415549597855228 0.016997167138810197
1 0.9433646112600537 0.3028328611898017 0.018096514745308313 0.017563739376770537
1 0.9584450402144772 0.2864022662889518 0.01742627345844504 0.016430594900849856
1 0.936662198391421 0.2968838526912181 0.01675603217158177 0.015864022662889516
1 0.9433646112600537 0.27592067988668556 0.01675603217158177 0.019263456090651557
1 0.9346514745308311 0.2708215297450425 0.014075067024128687 0.012464589235127478
1 0.9272788203753352 0.26713881019830027 0.014075067024128687 0.014164305949008497
1 0.9199061662198391 0.288385269121813 0.01675603217158177 0.016997167138810197
1 0.9128686327077749 0.28215297450424925 0.020107238605898123 0.018130311614730877
1 0.9028150134048257 0.2770538243626062 0.01876675603217158 0.018130311614730877
1 0.828083109919571 0.28441926345609064 0.020777479892761394 0.019263456090651557
1 0.8119973190348526 0.30254957507082153 0.01943699731903485 0.020396600566572238
1 0.8619302949061662 0.30481586402266286 0.01742627345844504 0.016997167138810197
1 0.843833780160858 0.32662889518413596 0.01876675603217158 0.018696883852691217
1 0.8703083109919572 0.31133144475920677 0.020777479892761394 0.019830028328611898
1 0.9369973190348526 0.35694050991501414 0.021447721179624665 0.020396600566572238
1 0.7945710455764076 0.3951841359773371 0.022117962466487937 0.019830028328611898
1 0.8136729222520107 0.37478753541076487 0.020107238605898123 0.019830028328611898
1 0.7808310991957105 0.39065155807365437 0.022788203753351208 0.020963172804532578
1 0.7737935656836461 0.38328611898016995 0.022117962466487937 0.022096317280453255
1 0.764745308310992 0.37478753541076487 0.02412868632707775 0.025495750708215296
1 0.774798927613941 0.3487252124645892 0.022788203753351208 0.020963172804532578
1 0.7660857908847185 0.34107648725212464 0.02412868632707775 0.022662889518413595
1 0.9607908847184987 0.37365439093484415 0.01943699731903485 0.018696883852691217
1 0.9105227882037533 0.37025495750708215 0.020777479892761394 0.020963172804532578
1 0.8773458445040214 0.31671388101983 0.01876675603217158 0.020396600566572238
1 0.9038203753351206 0.3640226628895184 0.020777479892761394 0.018696883852691217
1 0.9101876675603218 0.3385269121813031 0.020107238605898123 0.018696883852691217
1 0.8930965147453084 0.35779036827195465 0.01943699731903485 0.019830028328611898
1 0.8847184986595175 0.3524079320113314 0.022788203753351208 0.021529745042492915
1 0.903485254691689 0.33342776203966 0.01742627345844504 0.018696883852691217
1 0.8676273458445041 0.34192634560906515 0.01943699731903485 0.019830028328611898
1 0.8954423592493298 0.32662889518413596 0.020107238605898123 0.020963172804532578
1 0.8884048257372654 0.32067988668555236 0.020777479892761394 0.020396600566572238
1 0.8029490616621984 0.2977337110481586 0.020107238605898123 0.020963172804532578
1 0.7939008042895442 0.2926345609065156 0.01943699731903485 0.018696883852691217
1 0.8039544235924934 0.2679886685552408 0.018096514745308313 0.019263456090651557
1 0.9614611260053619 0.17138810198300283 0.022117962466487937 0.020963172804532578
1 0.9343163538873995 0.1830028328611898 0.022788203753351208 0.022662889518413595
1 0.9423592493297588 0.18980169971671387 0.021447721179624665 0.020396600566572238
1 0.9537533512064343 0.1943342776203966 0.02680965147453083 0.028328611898016994
1 0.9621313672922253 0.20339943342776204 0.020777479892761394 0.019263456090651557
1 0.9782171581769438 0.21954674220963172 0.028820375335120645 0.022096317280453255
1 0.9845844504021448 0.21048158640226627 0.029490616621983913 0.020963172804532578
1 0.9778820375335121 0.18555240793201133 0.02412868632707775 0.023229461756373936
1 0.9762064343163539 0.17280453257790368 0.02613941018766756 0.026062322946175637
1 0.9537533512064343 0.1660056657223796 0.022788203753351208 0.021529745042492915
1 0.9158847184986595 0.17223796033994332 0.01943699731903485 0.018130311614730877
1 0.9483914209115282 0.15694050991501415 0.02680965147453083 0.027195467422096317
1 0.9346514745308311 0.1546742209631728 0.027479892761394103 0.026062322946175637
1 0.9262734584450403 0.15042492917847025 0.021447721179624665 0.019830028328611898
1 0.9477211796246648 0.13342776203966006 0.02412868632707775 0.020963172804532578
1 0.9560991957104558 0.13824362606232293 0.01943699731903485 0.018130311614730877
1 0.9708445040214477 0.13739376770538242 0.020777479892761394 0.019830028328611898
1 0.9715147453083111 0.14985835694050992 0.022117962466487937 0.020963172804532578
1 0.9798927613941019 0.1546742209631728 0.021447721179624665 0.020396600566572238
1 0.9249329758713137 0.17677053824362604 0.02546916890080429 0.023796033994334276
1 0.9105227882037533 0.16628895184135975 0.01943699731903485 0.018696883852691217
1 0.7694369973190349 0.2753541076487252 0.021447721179624665 0.019263456090651557
1 0.7794906166219839 0.19490084985835693 0.01876675603217158 0.016997167138810197
1 0.7955764075067024 0.2611898016997167 0.021447721179624665 0.018130311614730877
1 0.7871983914209115 0.2580736543909348 0.01943699731903485 0.017563739376770537
1 0.7801608579088471 0.2515580736543909 0.020107238605898123 0.019263456090651557
1 0.7446380697050938 0.258356940509915 0.014745308310991957 0.014730878186968837
1 0.7379356568364611 0.25240793201133144 0.020107238605898123 0.018696883852691217
1 0.728887399463807 0.24900849858356938 0.01675603217158177 0.017563739376770537
1 0.7543565683646113 0.23456090651558073 0.01943699731903485 0.019263456090651557
1 0.7623994638069705 0.2405099150141643 0.018096514745308313 0.017563739376770537
1 0.8096514745308311 0.18923512747875354 0.0160857908847185 0.014730878186968837
1 0.9028150134048257 0.15864022662889518 0.029490616621983913 0.026062322946175637
1 0.7945710455764076 0.20566572237960337 0.018096514745308313 0.016997167138810197
1 0.8109919571045576 0.21529745042492918 0.01742627345844504 0.018130311614730877
1 0.8193699731903485 0.22039660056657223 0.018096514745308313 0.016997167138810197
1 0.8498659517426274 0.21416430594900848 0.01742627345844504 0.018130311614730877
1 0.8555630026809652 0.22039660056657223 0.015415549597855228 0.016997167138810197
1 0.8582439678284183 0.24504249291784702 0.018096514745308313 0.018696883852691217
1 0.8800268096514745 0.23512747875354106 0.0160857908847185 0.015864022662889516
1 0.8964477211796247 0.2458923512747875 0.018096514745308313 0.016997167138810197
1 0.8223860589812333 0.38045325779036826 0.021447721179624665 0.020963172804532578
1 0.8029490616621984 0.401699716713881 0.020107238605898123 0.019263456090651557
1 0.8220509383378016 0.41246458923512747 0.02345844504021448 0.021529745042492915
1 0.7359249329758714 0.3560906515580736 0.021447721179624665 0.022096317280453255
1 0.6695710455764076 0.38045325779036826 0.021447721179624665 0.023229461756373936
1 0.6514745308310992 0.4002832861189801 0.020107238605898123 0.019830028328611898
1 0.639745308310992 0.39490084985835694 0.02345844504021448 0.022662889518413595
1 0.6494638069705094 0.36940509915014164 0.020107238605898123 0.019263456090651557
1 0.628686327077748 0.3892351274787535 0.02680965147453083 0.026062322946175637
1 0.6199731903485255 0.3807365439093484 0.02546916890080429 0.022662889518413595
1 0.6407506702412868 0.3592067988668555 0.02680965147453083 0.024929178470254956
1 0.7459785522788204 0.36147308781869686 0.01876675603217158 0.019263456090651557
1 0.7258713136729222 0.3487252124645892 0.021447721179624665 0.022096317280453255
1 0.6692359249329759 0.4155807365439093 0.024798927613941018 0.025495750708215296
1 0.7074396782841823 0.33541076487252125 0.01943699731903485 0.020396600566572238
1 0.699396782841823 0.3291784702549575 0.02345844504021448 0.021529745042492915
1 0.688337801608579 0.32096317280453257 0.021447721179624665 0.022096317280453255
1 0.6712466487935657 0.30793201133144477 0.02345844504021448 0.022096317280453255
1 0.6920241286863271 0.28725212464589234 0.024798927613941018 0.024929178470254956
1 0.7000670241286864 0.2977337110481586 0.022117962466487937 0.019830028328611898
1 0.7084450402144772 0.30198300283286117 0.02412868632707775 0.022662889518413595
1 0.7195040214477212 0.30906515580736543 0.024798927613941018 0.022096317280453255
1 0.6585120643431636 0.40764872521246454 0.020777479892761394 0.022096317280453255
1 0.6890080428954424 0.39461756373937673 0.022788203753351208 0.022096317280453255
1 0.7466487935656837 0.3271954674220963 0.022788203753351208 0.019830028328611898
1 0.5965147453083111 0.43994334277620395 0.02412868632707775 0.023229461756373936
1 0.6373994638069705 0.5039660056657224 0.028150134048257374 0.026628895184135977
1 0.6280160857908847 0.49801699716713876 0.02680965147453083 0.024929178470254956
1 0.6156166219839142 0.49008498583569404 0.02613941018766756 0.023796033994334276
1 0.6283512064343164 0.46147308781869684 0.02613941018766756 0.024362606232294616
1 0.5968498659517426 0.4759206798866855 0.01943699731903485 0.020396600566572238
1 0.5847855227882037 0.4708215297450425 0.02613941018766756 0.024929178470254956
1 0.5542895442359249 0.4504249291784702 0.02680965147453083 0.027195467422096317
1 0.6065683646112601 0.44844192634560903 0.021447721179624665 0.020963172804532578
1 0.7577077747989276 0.4764872521246459 0.020777479892761394 0.021529745042492915
1 0.6987265415549598 0.3997167138810198 0.02345844504021448 0.023229461756373936
1 0.7489946380697051 0.469971671388102 0.020777479892761394 0.020963172804532578
1 0.7181635388739946 0.44844192634560903 0.020777479892761394 0.022096317280453255
1 0.7295576407506702 0.4232294617563739 0.022117962466487937 0.021529745042492915
1 0.7587131367292226 0.44079320113314446 0.02546916890080429 0.024929178470254956
1 0.6896782841823056 0.42974504249291784 0.022788203753351208 0.020963172804532578
1 0.6786193029490617 0.42096317280453255 0.02345844504021448 0.021529745042492915
1 0.7091152815013405 0.4082152974504249 0.022788203753351208 0.022096317280453255
1 0.7201742627345845 0.413314447592068 0.024798927613941018 0.025495750708215296
1 0.7386058981233244 0.3218130311614731 0.021447721179624665 0.018130311614730877
1 0.757372654155496 0.3362606232294617 0.021447721179624665 0.018696883852691217
1 0.8528820375335121 0.40113314447592063 0.022117962466487937 0.022662889518413595
1 0.8890750670241288 0.4280453257790368 0.018096514745308313 0.019830028328611898
1 0.8887399463806971 0.460056657223796 0.02546916890080429 0.024929178470254956
1 0.9175603217158177 0.47932011331444757 0.021447721179624665 0.020396600566572238
1 0.9085120643431636 0.4736543909348442 0.022117962466487937 0.021529745042492915
1 0.9480563002680965 0.4657223796033994 0.01943699731903485 0.022662889518413595
1 0.9369973190348526 0.45807365439093484 0.02412868632707775 0.022096317280453255
1 0.9075067024128687 0.44277620396600564 0.01876675603217158 0.018696883852691217
1 0.8803619302949062 0.4515580736543909 0.018096514745308313 0.018130311614730877
1 0.9001340482573726 0.4308781869688385 0.020107238605898123 0.019830028328611898
1 0.8723190348525469 0.44730878186968837 0.018096514745308313 0.018696883852691217
1 0.8176943699731903 0.48328611898016993 0.02546916890080429 0.023796033994334276
1 0.8585790884718498 0.441643059490085 0.021447721179624665 0.020963172804532578
1 0.767426273458445 0.48413597733711045 0.022788203753351208 0.020963172804532578
1 0.7781501340482574 0.4552407932011331 0.02546916890080429 0.023229461756373936
1 0.7680965147453084 0.44844192634560903 0.020107238605898123 0.022096317280453255
1 0.879691689008043 0.4198300283286119 0.024798927613941018 0.021529745042492915
1 0.8703083109919572 0.4147308781869688 0.02345844504021448 0.021529745042492915
1 0.8404825737265416 0.4288951841359773 0.021447721179624665 0.022662889518413595
1 0.832774798927614 0.42181303116147306 0.022117962466487937 0.022096317280453255
1 0.806970509383378 0.4759206798866855 0.02412868632707775 0.022662889518413595
1 0.9306300268096515 0.4855524079320113 0.018096514745308313 0.018130311614730877
1 0.925603217158177 0.6759206798866855 0.045576407506702415 0.04305949008498583
1 0.793230563002681 0.5745042492917847 0.02613941018766756 0.023796033994334276
1 0.860254691689008 0.6266288951841359 0.030160857908847184 0.027195467422096317
1 0.8384718498659518 0.620113314447592 0.030831099195710455 0.030028328611898015
1 0.8351206434316354 0.6011331444759206 0.02546916890080429 0.024929178470254956
1 0.824396782841823 0.5932011331444759 0.022788203753351208 0.022662889518413595
1 0.7928954423592494 0.6107648725212464 0.02412868632707775 0.023796033994334276
1 0.8133378016085792 0.5878186968838527 0.022117962466487937 0.022096317280453255
1 0.7811662198391421 0.6042492917847025 0.02613941018766756 0.025495750708215296
1 0.771112600536193 0.5963172804532577 0.02613941018766756 0.024362606232294616
1 0.7831769436997319 0.5660056657223795 0.024798927613941018 0.023796033994334276
1 0.835455764075067 0.49660056657223794 0.020777479892761394 0.018696883852691217
1 0.7607238605898123 0.588385269121813 0.02412868632707775 0.023229461756373936
1 0.8562332439678284 0.545042492917847 0.02345844504021448 0.021529745042492915
1 0.896112600536193 0.5365439093484419 0.028150134048257374 0.027195467422096317
1 0.875 0.5246458923512748 0.022117962466487937 0.021529745042492915
1 0.8468498659517426 0.5385269121813031 0.020777479892761394 0.020963172804532578
1 0.8267426273458445 0.5249291784702549 0.022117962466487937 0.022096317280453255
1 0.8471849865951743 0.5039660056657224 0.022788203753351208 0.022096317280453255
1 0.8066353887399464 0.5118980169971671 0.02345844504021448 0.023229461756373936
7 0.8857238605898123 0.2518413597733711 0.2272117962466488 0.16147308781869688
