9 0.7005948446794448 0.9746081504702195 0.003965631196298744 0.011912225705329155
1 0.32551222736285523 0.14827586206896554 0.00991407799074686 0.008150470219435737
1 0.3241903502974223 0.23072100313479627 0.013879709187045603 0.003761755485893417
1 0.3241903502974223 0.22758620689655173 0.00991407799074686 0.003761755485893417
1 0.3202247191011236 0.22288401253918497 0.013879709187045603 0.00438871473354232
1 0.3182419035029742 0.2122257053291536 0.015201586252478519 0.006896551724137932
1 0.3182419035029742 0.2031347962382445 0.017845340383344347 0.005015673981191223
1 0.3132848645076008 0.19216300940438874 0.014540647719762061 0.00438871473354232
1 0.3113020489094514 0.18432601880877744 0.014540647719762061 0.005015673981191223
1 0.3076668869795109 0.1761755485893417 0.0072703238598810305 0.003761755485893417
1 0.3066754791804362 0.1664576802507837 0.011896893588896233 0.008150470219435737
1 0.32088565763384 0.15172413793103448 0.0072703238598810305 0.007523510971786834
1 0.3955717118307997 0.22476489028213167 0.004626569729015201 0.009404388714733543
1 0.3139458030403172 0.16238244514106584 0.013218770654329148 0.010031347962382446
2 0.48578982154659617 0.0554858934169279 0.014540647719762061 0.011912225705329155
8 0.37442167878387306 0.2523510971786834 0.056179775280898875 0.04075235109717869
4 0.849636483807006 0.7526645768025079 0.01255783212161269 0.025705329153605017
9 0.7868473231989425 0.9771159874608151 0.00991407799074686 0.00438871473354232
9 0.9844679444811633 0.25768025078369905 0.00991407799074686 0.003761755485893417
3 0.5152015862524785 0.6442006269592477 0.06411103767349637 0.05705329153605016
3 0.5644415069398546 0.5849529780564263 0.048909451421017845 0.04764890282131662
3 0.5155320555188367 0.5147335423197492 0.07270323859881031 0.0652037617554859
1 0.34269662921348315 0.22789968652037618 0.013879709187045603 0.008150470219435737
1 0.394580304031725 0.20815047021943575 0.003965631196298744 0.011285266457680252
4 0.8331130204890945 0.7523510971786834 0.013879709187045603 0.02633228840125392
1 0.27825512227362853 0.43918495297805643 0.006609385327164574 0.009404388714733543
1 0.3539325842696629 0.3827586206896552 0.013879709187045603 0.008150470219435737
1 0.35095836087243887 0.39122257053291537 0.009253139458030402 0.006269592476489029
1 0.33840052875082616 0.4047021943573668 0.011896893588896233 0.010658307210031349
1 0.33245208195637804 0.41034482758620694 0.014540647719762061 0.010658307210031349
1 0.32881692002643753 0.4175548589341693 0.01255783212161269 0.006269592476489029
1 0.325181758096497 0.42507836990595615 0.011896893588896233 0.007523510971786834
1 0.3113020489094514 0.4263322884012539 0.010575016523463317 0.013793103448275864
1 0.29676140118968936 0.4335423197492163 0.010575016523463317 0.010658307210031349
1 0.28982154659616655 0.4338557993730408 0.011235955056179775 0.012539184952978058
1 0.271645736946464 0.43981191222570537 0.006609385327164574 0.010658307210031349
1 0.3939193654990086 0.1865203761755486 0.005287508261731659 0.014420062695924767
1 0.23595505617977527 0.4435736677115988 0.005287508261731659 0.01316614420062696
1 0.22174487772637144 0.4416927899686521 0.01255783212161269 0.011912225705329155
1 0.37904824851288826 0.3514106583072101 0.008592200925313945 0.008150470219435737
1 0.3886318572372769 0.33448275862068966 0.011896893588896233 0.005642633228840126
1 0.3929279576999339 0.31536050156739814 0.005948446794448116 0.012539184952978058
1 0.3949107732980833 0.29529780564263325 0.004626569729015201 0.00877742946708464
1 0.39358889623265036 0.1310344827586207 0.008592200925313945 0.012539184952978058
1 0.3942498347653668 0.14670846394984327 0.005948446794448116 0.015047021943573668
1 0.3939193654990086 0.16771159874608152 0.005287508261731659 0.010658307210031349
3 0.6797752808988764 0.8156739811912226 0.056179775280898875 0.05141065830721003
