8 0.48451178451178456 0.6535994297933001 0.008754208754208754 0.09836065573770492
8 0.2915824915824916 0.7655024946543122 0.16296296296296298 0.05274411974340699
4 0.6080808080808081 0.41126158232359233 0.014814814814814815 0.02993585174625802
4 0.5898989898989899 0.4098360655737705 0.014814814814814815 0.02993585174625802
4 0.5683501683501684 0.40805416963649327 0.01346801346801347 0.030648610121168925
4 0.5505050505050505 0.40734141126158235 0.014141414141414142 0.030648610121168925
4 0.6289562289562289 0.3656450463292944 0.01346801346801347 0.03136136849607983
4 0.6124579124579125 0.36421952957947257 0.014141414141414142 0.03136136849607983
4 0.5824915824915825 0.36243763364219533 0.01346801346801347 0.030648610121168925
4 0.5643097643097643 0.36136849607982896 0.014814814814814815 0.03136136849607983
3 0.798989898989899 0.184248039914469 0.05185185185185186 0.0548823948681397
3 0.7707070707070708 0.11475409836065574 0.04915824915824916 0.05274411974340699
