2 0.9384109491645929 0.3907299596954769 0.005865623889086385 0.014778325123152709
9 0.7271596160682545 0.7310792655620242 0.003199431212228937 0.005821764442454098
11 0.30678990401706363 0.5080609046126288 0.004621400639886242 0.01567398119122257
2 0.2244045503021685 0.6558441558441558 0.0030216850337717737 0.006717420510523959
2 0.2753288304301457 0.8139274518584864 0.004621400639886242 0.00850873264666368
9 0.6253110558123001 0.7207792207792207 0.004976892996800568 0.010300044782803403
9 0.7118734447209385 0.7187639946260636 0.0035549235691432635 0.00806090461262875
9 0.7124955563455385 0.7212270488132557 0.0030216850337717737 0.007613076578593819
9 0.7131176679701386 0.7230183609493954 0.003199431212228937 0.007613076578593819
9 0.7138286526839672 0.7250335871025526 0.003199431212228937 0.007165248544558889
9 0.7142730181301101 0.7270488132557098 0.0033771773906861 0.006717420510523959
9 0.7148951297547103 0.729064039408867 0.003199431212228937 0.007165248544558889
9 0.7163170991823675 0.7333184057321989 0.003199431212228937 0.007613076578593819
9 0.7168503377177391 0.7357814599193909 0.003199431212228937 0.007165248544558889
9 0.7175613224315677 0.7380206000895656 0.003199431212228937 0.007165248544558889
9 0.7181834340561678 0.7402597402597403 0.0033771773906861 0.007165248544558889
9 0.7236046924991113 0.7259292431706225 0.0039104159260575895 0.007165248544558889
2 0.9273906861002488 0.3779668607254814 0.005865623889086385 0.0161218092252575
9 0.721116246000711 0.7525750111957008 0.0017774617845716318 0.006717420510523959
9 0.7230714539637397 0.7543663233318405 0.0017774617845716318 0.007613076578593819
9 0.7240490579452542 0.7554858934169278 0.0019552079630287948 0.007165248544558889
9 0.628066121578386 0.7241379310344828 0.0026661926768574476 0.006269592476489028
9 0.7248489157483113 0.7566054635020152 0.0017774617845716318 0.006717420510523959
9 0.7260042659082829 0.7568293775190327 0.0015997156061144685 0.007165248544558889
9 0.7271596160682545 0.7572772055530677 0.0017774617845716318 0.007165248544558889
9 0.7279594738713118 0.75794894760412 0.0015997156061144685 0.007613076578593819
9 0.7290259509420547 0.7583967756381549 0.0015997156061144685 0.006717420510523959
9 0.730892285815855 0.7595163457232422 0.0014219694276573053 0.006269592476489028
9 0.7319587628865979 0.7601880877742947 0.0010664770707429789 0.006717420510523959
4 0.7765730536793459 0.6504702194357367 0.007109847138286527 0.026421854008060904
4 0.7813722004976893 0.6536050156739812 0.007109847138286527 0.026421854008060904
2 0.9179701386420192 0.36139722346618897 0.005865623889086385 0.015226153157187639
11 0.24342339139708496 0.4713390058217644 0.005154639175257732 0.014778325123152709
