9 0.7605114867793671 0.8650678294573644 0.007368877329865626 0.008236434108527133
9 0.8107932379713914 0.9127906976744186 0.0082358040745557 0.00872093023255814
9 0.26506285218899 0.7337693798449613 0.005635023840485479 0.009205426356589146
9 0.4241439098396185 0.5591085271317829 0.009102730819245773 0.009689922480620155
9 0.4332466406588643 0.5518410852713178 0.009969657563935847 0.01065891472868217
9 0.35955786736020806 0.4939437984496124 0.010836584308625921 0.011143410852713177
2 0.5975292587776333 0.6312984496124031 0.030775899436497615 0.03391472868217054
2 0.6285218899003034 0.6177325581395349 0.03207628955353273 0.03391472868217054
2 0.659731252709146 0.6061046511627907 0.03034243606415258 0.03391472868217054
2 0.6902904204594712 0.592781007751938 0.03164282618118769 0.035368217054263566
2 0.6725184221933247 0.6409883720930233 0.03164282618118769 0.03197674418604651
