1 0.3207810320781032 0.8684531059683313 0.044630404463040445 0.041412911084043845
1 0.603905160390516 0.5596833130328867 0.03626220362622036 0.04263093788063337
1 0.7594142259414226 0.16808769792935443 0.0599721059972106 0.01705237515225335
1 0.7559274755927475 0.1766138855054811 0.058577405857740586 0.014616321559074299
1 0.7538354253835425 0.18574908647990254 0.05439330543933054 0.018270401948842874
1 0.7468619246861924 0.19488428745432398 0.05160390516039051 0.014616321559074299
1 0.7503486750348675 0.20706455542021923 0.04741980474198047 0.012180267965895249
1 0.7517433751743375 0.2155907429963459 0.058577405857740586 0.012180267965895249
1 0.7503486750348675 0.22533495736906212 0.05578800557880056 0.007308160779537149
1 0.7133891213389121 0.20828258221680876 0.012552301255230125 0.04628501827040195
1 0.7461645746164575 0.23568818514007306 0.05578800557880056 0.008526187576126675
1 0.6659693165969316 0.4725943970767357 0.05160390516039051 0.031668696711327646
1 0.4232914923291492 0.6936662606577344 0.03207810320781032 0.04263093788063337
1 0.3117154811715481 0.8605359317904994 0.046025104602510455 0.040194884287454324
1 0.4121338912133891 0.6881851400730816 0.03486750348675035 0.04628501827040195
1 0.37517433751743373 0.6364190012180267 0.061366806136680614 0.03532277710109622
1 0.3702928870292887 0.6425091352009744 0.05718270571827057 0.03288672350791717
1 0.35355648535564854 0.6449451887941534 0.05439330543933054 0.03045066991473812
1 0.34797768479776847 0.6492082825822167 0.05160390516039051 0.02679658952496955
1 0.34309623430962344 0.6559074299634592 0.05578800557880056 0.03045066991473812
1 0.33960948396094837 0.6650426309378806 0.05718270571827057 0.031668696711327646
1 0.33612273361227335 0.6723507917174177 0.05299860529986053 0.029232643118148598
1 0.33682008368200833 0.6814859926918392 0.05718270571827057 0.03288672350791717
1 0.3312412831241283 0.6906211936662606 0.05439330543933054 0.031668696711327646
1 0.7629009762900976 0.16017052375152252 0.058577405857740586 0.015834348355663823
