0 0.9241601628775026 0.23573735199138857 0.04173736002714625 0.03444564047362755
0 0.8808958262639973 0.2502691065662002 0.026467594163556162 0.019375672766415497
0 0.015948422124194096 0.7528256189451022 0.027146250424160166 0.019106566200215284
0 0.06294536817102138 0.7625134553283099 0.022734984730234137 0.021797631862217438
0 0.2305734645402104 0.7350645855758879 0.04580929759077028 0.03579117330462863
0 0.27519511367492366 0.7216092572658772 0.04207668815744826 0.03471474703982777
0 0.20274855785544624 0.6547362755651237 0.045130641330166275 0.03229278794402583
0 0.164913471326773 0.6685952637244348 0.04139803189684425 0.033100107642626476
0 0.11096029860875467 0.7072120559741657 0.02782490668476417 0.023681377825618945
0 0.0824567356633865 0.6668460710441334 0.05157787580590431 0.038751345532830994
0 0.07499151679674246 0.6245963401506996 0.027146250424160166 0.02045209903121636
0 0.14149983033593486 0.5943218514531754 0.025788937902952155 0.020721205597416574
0 0.20139124533423822 0.570102260495156 0.02816423481506617 0.025026910656620018
0 0.28537495758398373 0.4564047362755651 0.021717000339328132 0.016146393972012917
0 0.1342042755344418 0.44025834230355215 0.027485578554462167 0.019375672766415497
0 0.20291822192059722 0.3758073196986006 0.02103834407872413 0.017491926803013993
0 0.2485578554462165 0.3756727664155005 0.022734984730234137 0.01991388589881593
0 0.28656260604004075 0.37486544671689986 0.02137767220902613 0.01991388589881593
0 0.054462164913471334 0.32144779332615714 0.026128266033254157 0.018568353067814854
0 0.2777400746521887 0.2736813778256189 0.026806922293858164 0.02314316469321851
0 0.18968442483881914 0.22093649085037673 0.030539531727180186 0.02314316469321851
0 0.2755344418052257 0.19806243272335844 0.027146250424160166 0.026372443487621095
0 0.24397692568713947 0.19254574811625402 0.026467594163556162 0.023950484391819158
0 0.20223956565999324 0.18998923573735196 0.04750593824228029 0.03928955866523143
0 0.30318968442483885 0.13293864370290634 0.022056328469630133 0.018837459634015067
0 0.23973532405836445 0.09607104413347685 0.04377332880895827 0.03444564047362755
0 0.31913810654903296 0.0370021528525296 0.026128266033254157 0.020721205597416574
0 0.18781812012215815 0.8083961248654467 0.017305734645402106 0.015069967707212055
0 0.07176789955887343 0.24206135629709363 0.027485578554462167 0.022874058127018298
0 0.02799457074991517 0.206270182992465 0.02816423481506617 0.023412271259418728
0 0.6421784865965389 0.63764800861141 0.02952154733627418 0.022874058127018298
0 0.8096369189005769 0.23708288482238965 0.025788937902952155 0.02260495156081808
0 0.7857142857142858 0.23143164693218513 0.027485578554462167 0.02260495156081808
0 0.82541567695962 0.306243272335845 0.02952154733627418 0.023681377825618945
0 0.8396674584323041 0.38643702906350913 0.027485578554462167 0.023681377825618945
0 0.8131998642687479 0.3786329386437029 0.025449609772650154 0.02152852529601722
0 0.7784187309127927 0.3755382131324004 0.028503562945368172 0.022335844994617868
0 0.7258228707159824 0.46515069967707207 0.028503562945368172 0.021797631862217438
0 0.7539871055310485 0.47524219590958017 0.029182219205972176 0.025296017222820235
0 0.835256192738378 0.5364639397201291 0.04445198506956227 0.03417653390742734
0 0.7370206990159485 0.5569160387513454 0.03121818798778419 0.025026910656620018
0 0.7056328469630133 0.545075349838536 0.031557516118086194 0.024488697524219588
0 0.6667797760434341 0.6665769644779332 0.048184594502884294 0.03606027987082885
0 0.07329487614523245 0.9273412271259418 0.029182219205972176 0.02260495156081808
0 0.6922293858160842 0.6952368137782561 0.048184594502884294 0.037405812701829924
0 0.7385476756023075 0.7880785791173304 0.05463182897862233 0.04332615715823466
0 0.6808618934509671 0.7970936490850377 0.047166610111978285 0.038751345532830994
0 0.64913471326773 0.7704520990312163 0.045469969460468274 0.035522066738428414
0 0.6236851034950798 0.7405812701829924 0.050220563284696304 0.03821313240043057
0 0.5724465558194775 0.6867599569429493 0.030539531727180186 0.024757804090419805
0 0.502375296912114 0.801399354144241 0.030878859857482188 0.023681377825618945
0 0.5427553444180523 0.8452637244348762 0.026806922293858164 0.02045209903121636
0 0.7041058703766543 0.9358180839612485 0.04682728198167629 0.0422497308934338
0 0.6204614862572108 0.9196716899892357 0.040380047505938245 0.03417653390742734
0 0.327621309806583 0.9803552206673842 0.02816423481506617 0.02099031216361679
0 0.2724804886325077 0.02946716899892357 0.028503562945368172 0.022874058127018298
