2 0.6624548736462094 0.7395388556789069 0.05270758122743682 0.05636208368915457
2 0.7108303249097473 0.735269000853971 0.0555956678700361 0.06490179333902647
4 0.9425992779783393 0.304867634500427 0.07148014440433213 0.107600341588386
4 0.8805054151624548 0.33475661827497866 0.06425992779783393 0.107600341588386
4 0.81985559566787 0.3642186165670367 0.06425992779783393 0.1067463706233988
4 0.5462093862815884 0.5213492741246798 0.06570397111913356 0.10333048676345004
4 0.16101083032490973 0.7493595217762596 0.06787003610108303 0.10333048676345004
4 0.22166064981949457 0.715200683176772 0.06931407942238267 0.10333048676345004
4 0.45884476534296026 0.5849701110162254 0.06714801444043321 0.10589239965841162
4 0.39963898916967505 0.6161400512382579 0.06859205776173284 0.10845431255337318
4 0.3404332129963899 0.6485909479077712 0.06570397111913356 0.1067463706233988
4 0.28050541516245486 0.6810418445772843 0.07003610108303249 0.11016225448334757
