13 0.8877262443438915 0.6847063978965819 0.1906108597285068 0.2037686240140228
6 0.8800904977375567 0.6794478527607362 0.2398190045248869 0.33260297984224363
4 0.13744343891402716 0.4114811568799299 0.038461538461538464 0.04645048203330412
4 0.08993212669683259 0.40644171779141103 0.037330316742081454 0.047765118317265556
4 0.14960407239819007 0.3407099035933392 0.03676470588235294 0.04688869412795793
4 0.10180995475113123 0.3352322524101665 0.03619909502262444 0.04645048203330412
4 0.15610859728506787 0.26906222611744085 0.03393665158371041 0.049079754601226995
4 0.19626696832579188 0.20661700262927257 0.03393665158371041 0.045135845749342686
4 0.15271493212669685 0.20179666958808062 0.03506787330316742 0.047765118317265556
4 0.11283936651583712 0.19807186678352323 0.03676470588235294 0.04732690622261174
13 0.49830316742081454 0.5863277826468011 0.22737556561085975 0.22085889570552147
