4 0.4185185185185185 0.4776990412671947 0.12098765432098765 0.07586494372655274
4 0.7061728395061728 0.3653605669028762 0.11604938271604938 0.07544810337640684
4 0.5703703703703703 0.36702792830345976 0.11604938271604938 0.07544810337640684
4 0.295679012345679 0.3714047519799917 0.11728395061728394 0.07586494372655274
4 0.4339506172839506 0.3689037098791163 0.11481481481481481 0.07669862442684452
4 0.687037037037037 0.24551896623593164 0.11728395061728394 0.07586494372655274
4 0.5524691358024691 0.2471863276365152 0.11481481481481481 0.07586494372655274
4 0.42037037037037034 0.24906210921217176 0.11234567901234567 0.07544810337640684
4 0.2876543209876543 0.25052105043768236 0.12345679012345678 0.07586494372655274
4 0.4703703703703704 0.15610671112963737 0.2345679012345679 0.03793247186327637
