10 0.6086124401913876 0.2383374254647492 0.005741626794258373 0.0073658365485794455
4 0.11435406698564593 0.452297439494914 0.027751196172248804 0.03612767450017537
13 0.37679425837320574 0.2513153279551035 0.20717703349282296 0.11609961417046649
4 0.2751196172248804 0.5305156085584005 0.028708133971291867 0.036829182742897225
4 0.24019138755980862 0.5334970185899685 0.027751196172248804 0.035075412136092596
4 0.19282296650717703 0.5078919677306208 0.026794258373205742 0.0364784286215363
4 0.1598086124401914 0.5108733777621887 0.026794258373205742 0.03612767450017537
4 0.12631578947368421 0.5133286566117151 0.026794258373205742 0.036829182742897225
4 0.14473684210526316 0.3688179586110137 0.028229665071770337 0.03612767450017537
4 0.1485645933014354 0.44931602946334614 0.027272727272727275 0.0364784286215363
4 0.06866028708133971 0.45562960364784283 0.028229665071770337 0.03577692037881445
10 0.6244019138755981 0.3063837250087688 0.00861244019138756 0.009470361276745002
4 0.03397129186602871 0.45843563661873027 0.028708133971291867 0.037179936864258155
4 0.08253588516746412 0.23219922834093298 0.027272727272727275 0.037179936864258155
4 0.04521531100478469 0.29551034724658015 0.026315789473684213 0.03612767450017537
4 0.09090909090909091 0.2916520519116099 0.027751196172248804 0.03612767450017537
4 0.12511961722488038 0.2893721501227639 0.028229665071770337 0.037179936864258155
1 0.6885167464114833 0.8763591722202735 0.18947368421052632 0.09294984216064538
1 0.021770334928229666 0.7109786039985969 0.03205741626794258 0.009821115398105927
1 0.20598086124401915 0.8868817958611013 0.2043062200956938 0.061381971238162046
4 0.44425837320574163 0.4028411083830235 0.04736842105263158 0.036829182742897225
4 0.47344497607655506 0.3870571729217818 0.046411483253588515 0.03753069098561908
4 0.5023923444976077 0.37162399158190107 0.045933014354066985 0.03753069098561908
4 0.5320574162679426 0.3560154331813399 0.04688995215311005 0.038582953349701854
10 0.6904306220095694 0.43160294633461943 0.00861244019138756 0.008067344791301298
10 0.7165071770334929 0.4682567520168362 0.00909090909090909 0.007716590669940371
10 0.7559808612440192 0.5061381971238161 0.009569377990430622 0.007716590669940371
10 0.7311004784688996 0.4954401964223079 0.00861244019138756 0.0073658365485794455
10 0.6337320574162679 0.3477727113293581 0.008133971291866028 0.009470361276745002
9 0.6057416267942584 0.2027358821466152 0.00861244019138756 0.011925640126271482
4 0.43373205741626797 0.15520869870220974 0.028229665071770337 0.03612767450017537
4 0.39760765550239235 0.15889161697649948 0.028708133971291867 0.0364784286215363
4 0.38636363636363635 0.10242020343739039 0.028229665071770337 0.0364784286215363
4 0.37559808612440193 0.049982462293931954 0.02966507177033493 0.036829182742897225
13 0.1562200956937799 0.08084882497369343 0.1583732057416268 0.16099614170466503
14 0.22392344497607655 0.36495966327604346 0.021052631578947368 0.02981410031567871
1 0.4334928229665072 0.7960364784286215 0.1291866028708134 0.03963521571378464
4 0.5258373205741627 0.5622588565415644 0.04688995215311005 0.0364784286215363
4 0.5004784688995215 0.4396702911259207 0.04688995215311005 0.03823219922834093
4 0.5289473684210526 0.42423710978603996 0.046411483253588515 0.036829182742897225
4 0.4703349282296651 0.4552788495264819 0.044976076555023926 0.037179936864258155
1 0.22177033492822967 0.750789196773062 0.20239234449760765 0.061381971238162046
