10 0.8027210884353742 0.3212979890310786 0.023024594453165882 0.024680073126142597
9 0.5240711669283098 0.5287934186471663 0.040293040293040296 0.07952468007312614
9 0.6991104133961277 0.3647166361974406 0.0282574568288854 0.07312614259597806
9 0.6724228152799582 0.3523765996343693 0.03035060177917321 0.09049360146252285
9 0.652014652014652 0.33957952468007313 0.032443746729461015 0.0886654478976234
9 0.6302982731554161 0.31855575868372943 0.026687598116169546 0.07586837294332724
9 0.609366823652538 0.306672760511883 0.028780743066457355 0.09049360146252285
9 0.5892203035060178 0.30484460694698357 0.020931449502878077 0.07038391224862889
9 0.5695970695970697 0.2861060329067642 0.022501308215593933 0.08775137111517367
9 0.5465724751439037 0.2687385740402194 0.026687598116169546 0.08043875685557587
9 0.5287807430664574 0.27010968921389394 0.025641025641025644 0.0996343692870201
9 0.5117739403453689 0.263254113345521 0.023024594453165882 0.08775137111517367
9 0.4939822082679226 0.2563985374771481 0.023024594453165882 0.08683729433272395
9 0.4599686028257457 0.25594149908592323 0.023024594453165882 0.08775137111517367
9 0.39324960753532184 0.32678244972577697 0.08634222919937207 0.0283363802559415
9 0.3940345368916798 0.2961608775137112 0.08791208791208792 0.029250457038391225
9 0.37441130298273156 0.6892138939670932 0.018315018315018316 0.09323583180987204
9 0.5015698587127159 0.5959780621572212 0.04657247514390372 0.08226691042047532
9 0.5201465201465202 0.5818098720292505 0.048142333856619576 0.09597806215722121
9 0.7210884353741497 0.38345521023765994 0.0272108843537415 0.06855575868372943
9 0.740711669283098 0.4049360146252285 0.02773417059131345 0.07861060329067641
9 0.7857142857142858 0.43144424131627057 0.02773417059131345 0.08957952468007313
9 0.8241758241758242 0.6864716636197441 0.046049188906331764 0.025594149908592323
9 0.2032967032967033 0.4954296160877514 0.05599162742019885 0.031078610603290677
9 0.2600732600732601 0.4913162705667276 0.05128205128205129 0.026508226691042046
9 0.2032967032967033 0.5210237659963437 0.05180533751962324 0.027422303473491772
9 0.26138147566718994 0.5178244972577697 0.057038199895342756 0.03016453382084095
9 0.2077446363160649 0.553473491773309 0.05860805860805861 0.0283363802559415
9 0.2621664050235479 0.38711151736745886 0.06070120355834642 0.031992687385740404
9 0.8322867608581894 0.7271480804387569 0.057038199895342756 0.0283363802559415
9 0.8744113029827316 0.6805301645338209 0.03872318158032444 0.022851919561243144
9 0.8100470957613816 0.4360146252285192 0.02511773940345369 0.08775137111517367
9 0.8605442176870749 0.653107861060329 0.050758765044479334 0.0283363802559415
9 0.8626373626373627 0.6247714808043876 0.05599162742019885 0.024680073126142597
9 0.8537414965986395 0.5973491773308958 0.05494505494505495 0.022851919561243144
9 0.8608058608058609 0.5722120658135283 0.05860805860805861 0.02376599634369287
9 0.8615907901622187 0.5470749542961608 0.057038199895342756 0.026508226691042046
9 0.858189429618001 0.5178244972577697 0.0554683411826269 0.026508226691042046
9 0.8634222919937207 0.4757769652650823 0.059654631083202514 0.0283363802559415
9 0.5586080586080586 0.6028336380255942 0.04866562009419152 0.0886654478976234
9 0.533751962323391 0.5041133455210237 0.041862899005756155 0.08318098720292505
10 0.9382522239665098 0.41773308957952465 0.026164311878597593 0.031078610603290677
9 0.5732600732600733 0.5891224862888482 0.04971219256933543 0.0886654478976234
9 0.25274725274725274 0.4428702010968921 0.01988487702773417 0.06307129798903108
9 0.2673992673992674 0.43784277879341865 0.01988487702773417 0.0603290676416819
9 0.2859759288330717 0.4346435100548446 0.017268445839874413 0.05393053016453382
9 0.3014128728414443 0.44012797074954296 0.01883830455259027 0.055758683729433274
9 0.5358451072736787 0.7221206581352834 0.026164311878597593 0.054844606946983544
9 0.5586080586080586 0.7225776965265083 0.03296703296703297 0.06489945155393052
9 0.5787545787545788 0.7330895795246801 0.02511773940345369 0.051188299817184646
9 0.6284667713239143 0.7253199268738574 0.024071166928309788 0.05393053016453382
9 0.6470434327577185 0.7225776965265083 0.028780743066457355 0.061243144424131625
9 0.6870748299319728 0.7294332723948812 0.032443746729461015 0.06581352833638025
9 0.7051282051282052 0.729890310786106 0.02773417059131345 0.05393053016453382
9 0.1773940345368917 0.4529250457038391 0.014652014652014652 0.050274223034734916
10 0.9709576138147568 0.043875685557586835 0.016221873364730507 0.04021937842778794
10 0.9403453689167975 0.18692870201096892 0.01988487702773417 0.037477148080438755
10 0.9222919937205653 0.23263254113345522 0.025641025641025644 0.026508226691042046
10 0.8244374672946102 0.25274223034734916 0.020408163265306124 0.0283363802559415
10 0.957352171637886 0.3523765996343693 0.026687598116169546 0.031992687385740404
9 0.23678702250130823 0.44561243144424134 0.018315018315018316 0.06307129798903108
9 0.22108843537414968 0.44744058500914075 0.01936159079016222 0.05393053016453382
9 0.20486656200941916 0.44972577696526506 0.01936159079016222 0.0603290676416819
9 0.6593406593406593 0.49497257769652653 0.048142333856619576 0.0886654478976234
9 0.5926216640502355 0.583180987202925 0.04866562009419152 0.08775137111517367
9 0.6166928309785453 0.5845521023765996 0.04761904761904762 0.0886654478976234
9 0.6420722135007849 0.5914076782449725 0.042909471480900054 0.07861060329067641
9 0.6645735217163788 0.5918647166361974 0.048142333856619576 0.09414990859232175
9 0.6805337519623235 0.5840950639853748 0.04657247514390372 0.08957952468007313
9 0.6951857666143381 0.5662705667276051 0.04552590266875981 0.0886654478976234
9 0.7022501308215594 0.5324497257769653 0.048142333856619576 0.0850091407678245
9 0.6444270015698588 0.5077696526508226 0.0423861852433281 0.07586837294332724
9 0.18969126111983256 0.4515539305301645 0.017268445839874413 0.05850091407678245
9 0.6242804814233386 0.5086837294332724 0.045002616431187865 0.08683729433272395
9 0.6015175300889587 0.5059414990859232 0.04657247514390372 0.09049360146252285
9 0.5829408686551544 0.5118829981718465 0.041862899005756155 0.08592321755027423
9 0.5622710622710623 0.5164533820840951 0.037153322867608585 0.07495429616087751
9 0.6234955520669807 0.12431444241316271 0.07273678702250132 0.06946983546617916
9 0.7522239665096808 0.7276051188299817 0.05494505494505495 0.025594149908592323
9 0.7626896912611199 0.4127056672760512 0.028780743066457355 0.0740402193784278
9 0.1391941391941392 0.18510054844606946 0.07430664573521717 0.0886654478976234
