2 0.721056721056721 0.9391143911439114 0.07614607614607614 0.03468634686346864
2 0.6274281274281275 0.9378228782287823 0.07847707847707848 0.036531365313653134
2 0.7016317016317016 0.438929889298893 0.07148407148407149 0.03505535055350553
2 0.608003108003108 0.43800738007380075 0.0707070707070707 0.03690036900369004
2 0.5155400155400155 0.43690036900369 0.07226107226107226 0.037638376383763834
2 0.42074592074592077 0.43690036900369 0.07381507381507381 0.037638376383763834
2 0.6993006993006993 0.3929889298892989 0.06993006993006994 0.037638376383763834
2 0.608003108003108 0.392619926199262 0.06915306915306915 0.035424354243542434
2 0.5135975135975136 0.3916974169741697 0.07925407925407925 0.03726937269372694
2 0.42074592074592077 0.39188191881918816 0.08003108003108003 0.03616236162361623
2 0.22183372183372183 0.13911439114391144 0.06293706293706294 0.025830258302583026
2 0.22261072261072262 0.11162361623616236 0.0644910644910645 0.024723247232472323
2 0.7202797202797203 0.08671586715867158 0.04972804972804973 0.027306273062730625
2 0.6569541569541569 0.08708487084870849 0.04895104895104895 0.026568265682656828
2 0.5979020979020979 0.08745387453874538 0.050505050505050504 0.027306273062730625
2 0.5388500388500389 0.08782287822878229 0.04895104895104895 0.028044280442804426
2 0.4728049728049728 0.08782287822878229 0.053613053613053616 0.028782287822878228
2 0.4013209013209013 0.08856088560885608 0.05982905982905983 0.03247232472324723
2 0.7226107226107226 0.0529520295202952 0.05128205128205128 0.026937269372693726
2 0.6592851592851593 0.053136531365313655 0.04895104895104895 0.028044280442804426
2 0.5959595959595959 0.05276752767527675 0.05283605283605283 0.027306273062730625
2 0.5353535353535354 0.05387453874538745 0.04972804972804973 0.02952029520295203
2 0.47125097125097126 0.05387453874538745 0.05672105672105672 0.03099630996309963
2 0.47863247863247865 0.5431734317343173 0.08702408702408702 0.03985239852398524
2 0.5843045843045843 0.5429889298892989 0.09168609168609168 0.04169741697416974
2 0.695027195027195 0.5424354243542435 0.08780108780108781 0.04132841328413284
2 0.3916083916083916 0.93690036900369 0.07148407148407149 0.03247232472324723
2 0.7195027195027195 0.8953874538745388 0.07459207459207459 0.03505535055350553
2 0.6235431235431236 0.8937269372693727 0.0707070707070707 0.03394833948339483
2 0.7163947163947164 0.8522140221402214 0.07148407148407149 0.03505535055350553
2 0.6254856254856255 0.852029520295203 0.07459207459207459 0.033210332103321034
2 0.7167832167832168 0.8114391143911439 0.07536907536907538 0.03394833948339483
2 0.6239316239316239 0.8114391143911439 0.07303807303807304 0.03247232472324723
2 0.7125097125097125 0.7678966789667896 0.0777000777000777 0.035424354243542434
2 0.6212121212121212 0.7678966789667896 0.07226107226107226 0.033210332103321034
2 0.48329448329448327 0.9378228782287823 0.07148407148407149 0.034317343173431734
2 0.4797979797979798 0.8953874538745388 0.07226107226107226 0.03357933579335793
2 0.4813519813519814 0.5935424354243543 0.08780108780108781 0.042435424354243544
2 0.39083139083139085 0.8950184501845018 0.07614607614607614 0.032103321033210334
2 0.48212898212898214 0.8536900369003689 0.07536907536907538 0.03357933579335793
2 0.3861693861693862 0.8525830258302582 0.07148407148407149 0.034317343173431734
2 0.47824397824397824 0.8103321033210332 0.07381507381507381 0.03616236162361623
2 0.3861693861693862 0.8107011070110701 0.07614607614607614 0.035424354243542434
2 0.479020979020979 0.7701107011070111 0.07226107226107226 0.03468634686346864
2 0.38655788655788653 0.7699261992619926 0.07536907536907538 0.03505535055350553
2 0.6954156954156954 0.5946494464944649 0.08702408702408702 0.042435424354243544
2 0.5893550893550894 0.5929889298892989 0.09090909090909091 0.04059040590405904
2 0.4024864024864025 0.0533210332103321 0.059052059052059055 0.03357933579335793
