6 0.6036036036036035 0.3899010931806351 0.46726726726726725 0.7131702238417491
4 0.3075075075075075 0.7433628318584071 0.07567567567567567 0.10619469026548672
4 0.2123123123123123 0.6363872982821447 0.07387387387387387 0.09630400832899531
4 0.2840840840840841 0.6087975013014055 0.06846846846846846 0.09630400832899531
5 0.33573573573573573 0.17516918271733473 0.0960960960960961 0.12233211868818324
13 0.6084084084084084 0.3875585632483082 0.34954954954954953 0.3992712129099427
5 0.42882882882882883 0.7686100989068193 0.09969969969969969 0.1264966163456533
5 0.40630630630630626 0.6460176991150443 0.09429429429429428 0.12389380530973451
5 0.3843843843843844 0.5288912024986986 0.09249249249249249 0.11764705882352941
5 0.36756756756756753 0.4120249869859448 0.08888888888888888 0.11920874544508069
5 0.35585585585585583 0.2928162415408641 0.08468468468468468 0.11712649661634565
