2 0.9901920719248059 0.04057279236276849 0.008990600735594606 0.008182748039549948
2 0.1810380057212914 0.7725877940675077 0.014711892112791173 0.012956017729287419
1 0.8218226399673069 0.28298670303443574 0.015529219452390683 0.004091374019774974
6 0.7981201471189211 0.8123082168428231 0.02043318348998774 0.014660756904193658
6 0.8434818144666939 0.7974769860211387 0.013894564773191663 0.017729287419024888
8 0.743359215365754 0.9498806682577565 0.0073559460563955865 0.006818956699624957
8 0.8436861463015938 0.9679509035117626 0.00858193706579485 0.007500852369587453
1 0.8888434818144667 0.2485509717013297 0.006538618716796077 0.008182748039549948
8 0.9113199836534532 0.9838049778383907 0.002451982018798529 0.004432321854756222
6 0.9297098487944422 0.8298670303443573 0.018798528810788723 0.012956017729287419
1 0.5265631385369841 0.19314694851687692 0.007764609726195341 0.004432321854756222
2 0.1446669391091132 0.813672008182748 0.014711892112791173 0.013296965564268666
2 0.16755210461789946 0.8211728605523354 0.016346546791990192 0.01261506989430617
2 0.17838169186759298 0.7986703034435731 0.015120555782590927 0.013296965564268666
2 0.15488353085410708 0.7915103989089669 0.016346546791990192 0.013296965564268666
2 0.2026971802206784 0.7794067507671326 0.015529219452390683 0.012956017729287419
2 0.4068246832856559 0.310944425502898 0.0036779730281977932 0.0034094783498124785
2 0.20678381691867592 0.7541766109785203 0.004086636697997548 0.004091374019774974
2 0.211687780956273 0.7560518240709171 0.004086636697997548 0.0037504261847937266
2 0.10788720882713526 0.6387657688373679 0.010625255414793625 0.008523695874531197
2 0.23375561912545975 0.6483123082168428 0.008173273395995096 0.007159904534606205
2 0.24438087454025337 0.651892260484146 0.008990600735594606 0.007500852369587453
2 0.13261136085002043 0.5910330719399931 0.007764609726195341 0.007159904534606205
2 0.1330200245198202 0.5830207978179338 0.004495300367797303 0.00477326968973747
2 0.13812832039231712 0.5726218888510057 0.006538618716796077 0.005796113194681213
2 0.14630159378831223 0.5744971019434026 0.005721291377196567 0.005455165359699966
2 0.1330200245198202 0.5976815547221275 0.0036779730281977932 0.0034094783498124785
2 0.16571311810380057 0.583873167405387 0.01103391908459338 0.009887487214456188
2 0.16469145892930118 0.5917149676099557 0.004903964037597058 0.004432321854756222
2 0.3972210870453617 0.3071939993181043 0.004086636697997548 0.004091374019774974
1 0.793216183081324 0.2857142857142857 0.02288516550878627 0.00477326968973747
1 0.6569268492031058 0.252471871803614 0.03473641193297916 0.008523695874531197
8 0.6912545974662853 0.9432321854756222 0.0036779730281977932 0.005114217524718718
1 0.6918675929709849 0.4110126150698943 0.013894564773191663 0.01738833958404364
7 0.26379239885574174 0.22315035799522673 0.0380057212913772 0.06375724514149335
7 0.4419697588884348 0.2949198772587794 0.024928483857785042 0.040913740197749744
1 0.39476910502656315 0.4425502898056597 0.01798120147118921 0.027957722468462325
1 0.37678790355537395 0.5245482441186499 0.011442582754393135 0.01738833958404364
8 0.426644871270944 0.8738493010569383 0.010625255414793625 0.010910330719399931
1 0.4724152022885166 0.5542107057620184 0.01961585615038823 0.031026252983293555
1 0.5110339190845934 0.47374701670644387 0.009399264405394361 0.015342652574156153
1 0.5008173273395995 0.19979543129901126 0.006129955046996322 0.008864643709512444
1 0.49611769513690235 0.20848960109103307 0.005721291377196567 0.0078418002045687
1 0.515120555782591 0.18854415274463007 0.01103391908459338 0.005455165359699966
1 0.5308541070698815 0.4266962154790317 0.02043318348998774 0.03443573133310603
1 0.5641601961585615 0.4072621888851006 0.03310175725378014 0.014660756904193658
8 0.5698814875357581 0.9203886805318786 0.0126685737637924 0.01261506989430617
1 0.5845933796485493 0.3305489260143198 0.018389865140988965 0.01738833958404364
1 0.531671434409481 0.23747016706443913 0.0171638741315897 0.011933174224343675
7 0.563342868818962 0.22349130583020796 0.01021659174499387 0.016706443914081145
7 0.578463424601553 0.24821002386634844 0.018389865140988965 0.00477326968973747
1 0.5478136493665713 0.2442891237640641 0.00858193706579485 0.005114217524718718
8 0.6187167960768287 0.9328332765086941 0.010625255414793625 0.010910330719399931
1 0.6248467511238252 0.6628025912035458 0.006538618716796077 0.010910330719399931
1 0.690028606456886 0.5190930787589498 0.015120555782590927 0.0242072962836686
1 0.6264814058030241 0.5219911353562905 0.008990600735594606 0.015001704739174906
1 0.6195341234164283 0.5373337879304466 0.008990600735594606 0.01431980906921241
1 0.613404168369432 0.5499488578247528 0.0073559460563955865 0.011592226389362427
1 0.706783816918676 0.437436072280941 0.018389865140988965 0.024548244118649844
1 0.6505925623212097 0.32168428230480733 0.013894564773191663 0.02079781793385612
1 0.6714344094809972 0.38220252301397883 0.018798528810788723 0.024548244118649844
2 0.4023293829178586 0.3088987384930106 0.004495300367797303 0.004091374019774974
2 0.4115243154883531 0.3126491646778043 0.004086636697997548 0.0034094783498124785
2 0.9799754801798121 0.03170814865325605 0.008990600735594606 0.008182748039549948
2 0.7531671434409482 0.20405727923627684 0.004903964037597058 0.004432321854756222
2 0.29260318757662446 0.5473917490623934 0.004086636697997548 0.0037504261847937266
2 0.29689415610952186 0.5490964882372996 0.0036779730281977932 0.0030685305148312305
2 0.286677564364528 0.5501193317422434 0.0036779730281977932 0.0030685305148312305
2 0.29076420106252554 0.5518240709171497 0.0036779730281977932 0.0037504261847937266
2 0.2956681651001226 0.5526764405046027 0.0036779730281977932 0.0034094783498124785
2 0.2993461381283204 0.5823389021479713 0.0053126277073968125 0.00477326968973747
2 0.7509194932570494 0.1880327309921582 0.0053126277073968125 0.0037504261847937266
2 0.7562321209644463 0.1873508353221957 0.004495300367797303 0.0037504261847937266
2 0.7572537801389456 0.19144220934197068 0.004903964037597058 0.0037504261847937266
2 0.7517368205966489 0.1917831571769519 0.004495300367797303 0.0037504261847937266
2 0.7523498161013485 0.19570405727923626 0.004086636697997548 0.0034094783498124785
2 0.7574581119738455 0.19553358336174564 0.0053126277073968125 0.0037504261847937266
2 0.7529628116060483 0.19996590521650187 0.004495300367797303 0.0037504261847937266
2 0.7656313853698407 0.19314694851687692 0.004495300367797303 0.0037504261847937266
2 0.3951777686963629 0.31111489942038867 0.004086636697997548 0.0037504261847937266
2 0.7731916632611361 0.19229457892942378 0.004903964037597058 0.004091374019774974
2 0.7740089906007356 0.19672690078418 0.004903964037597058 0.0034094783498124785
2 0.7662443808745403 0.1974087964541425 0.004086636697997548 0.0034094783498124785
2 0.7711483449121374 0.21905898397545176 0.005721291377196567 0.005114217524718718
2 0.7770739681242338 0.21837708830548924 0.0053126277073968125 0.005114217524718718
2 0.7829995913363302 0.21786566655301737 0.005721291377196567 0.00477326968973747
2 0.7889252145484267 0.21718377088305488 0.0053126277073968125 0.005455165359699966
2 0.9695545565999183 0.019774974428912375 0.009399264405394361 0.007500852369587453
2 0.9875357580711075 0.018581657006478007 0.00858193706579485 0.0078418002045687
2 0.9574989783408255 0.011933174224343675 0.010625255414793625 0.008864643709512444
2 0.946669391091132 0.030003409478349813 0.01103391908459338 0.00954653937947494
2 0.9626072742133225 0.03256051824070917 0.00858193706579485 0.007159904534606205
2 0.9728238659583163 0.044493692465052845 0.009399264405394361 0.0078418002045687
2 0.288312219043727 0.5458574838049778 0.0036779730281977932 0.0034094783498124785
2 0.2930118512464242 0.5368223661779747 0.006538618716796077 0.005796113194681213
2 0.2958724969350225 0.5311967269007841 0.005721291377196567 0.00477326968973747
2 0.29812014711892115 0.5250596658711217 0.006129955046996322 0.005455165359699966
2 0.40008173273395997 0.3128196385952949 0.004086636697997548 0.0037504261847937266
2 0.40437270126685737 0.3148653256051824 0.004495300367797303 0.0037504261847937266
2 0.40927666530445445 0.316399590862598 0.004495300367797303 0.004091374019774974
2 0.363302002451982 0.37930446641663823 0.0073559460563955865 0.0064780088646437094
2 0.37678790355537395 0.3854415274463007 0.009807928075194115 0.0078418002045687
2 0.3904781364936657 0.39089669280600065 0.009399264405394361 0.0078418002045687
2 0.35839803841438495 0.38833958404364133 0.0073559460563955865 0.006137061029662461
2 0.3714752758479771 0.3960109103307194 0.008990600735594606 0.0078418002045687
2 0.38455251328156925 0.40163654960790995 0.008990600735594606 0.007500852369587453
2 0.3534940743767879 0.3972042277531537 0.0073559460563955865 0.006137061029662461
2 0.36493665713118106 0.4026593931128537 0.004086636697997548 0.0034094783498124785
2 0.41275030649775235 0.36345039209001023 0.004086636697997548 0.0034094783498124785
2 0.3925214548426645 0.3242413910671667 0.0036779730281977932 0.0034094783498124785
2 0.39762975071516143 0.3262870780770542 0.004086636697997548 0.0034094783498124785
2 0.32856559051900286 0.4538015683600409 0.008173273395995096 0.006818956699624957
2 0.3236616264814058 0.4611319468121377 0.006538618716796077 0.005796113194681213
2 0.3081324070290151 0.46965564268666893 0.004086636697997548 0.0037504261847937266
2 0.3064977523498161 0.47579270371633137 0.006538618716796077 0.005796113194681213
2 0.32039231712300775 0.47050801227412203 0.008173273395995096 0.006818956699624957
2 0.3302002451982019 0.47374701670644387 0.008173273395995096 0.007159904534606205
2 0.31691867592970985 0.47869076031367197 0.00858193706579485 0.007500852369587453
2 0.32652227217000407 0.48210023866348445 0.008173273395995096 0.006818956699624957
2 0.2821822639967307 0.5187521309239687 0.0036779730281977932 0.0037504261847937266
2 0.286677564364528 0.5202863961813842 0.0036779730281977932 0.0034094783498124785
2 0.28442991418062935 0.5255710876235936 0.004086636697997548 0.0037504261847937266
2 0.2827952595014303 0.5305148312308217 0.004903964037597058 0.0034094783498124785
2 0.28075194115243157 0.5347766791680872 0.004903964037597058 0.004432321854756222
1 0.21270944013077236 0.8228775997272417 0.027380465876583573 0.04330037504261848
