1 0.9664723032069971 0.4904906808672499 0.008746355685131196 0.04830734119437048
1 0.25234855847100746 0.6506276150627616 0.024619371558147068 0.02700646633701027
1 0.27421444768383546 0.6808672499049069 0.026239067055393587 0.029669075694180296
1 0.2696793002915452 0.6861924686192469 0.024943310657596373 0.028147584632940283
1 0.26546809199870425 0.692088246481552 0.028830579850988015 0.03081019399011031
1 0.2615808228053126 0.698554583491822 0.02364755425979916 0.026245720806390264
1 0.257693553611921 0.7038798022061621 0.024943310657596373 0.024724229745150247
1 0.2653061224489796 0.6335108406238114 0.02008422416585682 0.021681247622670218
1 0.2599611273080661 0.6384556865728414 0.024943310657596373 0.02776721186763028
1 0.25672173631357303 0.6451122099657665 0.02364755425979916 0.026626093571700267
1 0.2478134110787172 0.6563332065424116 0.027210884353741496 0.030049448459490303
1 0.9586977648202138 0.49239254469379995 0.009394233884029803 0.04830734119437048
1 0.24408811143505021 0.6624191707873717 0.026239067055393587 0.028527957398250287
1 0.24036281179138322 0.6688855077976417 0.02656300615484289 0.028527957398250287
1 0.2356656948493683 0.6742107265119818 0.02559118885649498 0.02700646633701027
1 0.23177842565597667 0.6806770635222519 0.028830579850988015 0.029288702928870293
1 0.16569484936831877 0.37447698744769875 0.008746355685131196 0.020159756561430202
1 0.16196954972465177 0.3811335108406238 0.012309685779073534 0.023583111449220238
1 0.18918043407839327 0.3891213389121339 0.03757693553611921 0.021300874857360215
1 0.1789763524457402 0.47014073792316474 0.012633624878522837 0.0197793837961202
1 0.279073534175575 0.6742107265119818 0.024295432458697766 0.029288702928870293
1 0.2847424684159378 0.6685051350323317 0.020732102364755426 0.021681247622670218
1 0.29332685455134433 0.7293647774819323 0.03206997084548105 0.03157093952073032
1 0.29705215419501135 0.7200456447318372 0.03109815354713314 0.030429821224800306
7 0.2330741820537739 0.2114872575123621 0.019760285066407514 0.04260174971472043
1 0.29332685455134433 0.1901863826550019 0.01198574667962423 0.020540129326740205
1 0.2884677680596048 0.1683149486496767 0.009394233884029803 0.017116774438950173
1 0.2840945902170392 0.1696462533282617 0.009070294784580499 0.01597565614302016
1 0.28053126012309687 0.18562190947128185 0.014253320375769355 0.028147584632940283
1 0.27583414318108196 0.1890452643590719 0.009394233884029803 0.018257892734880182
1 0.264172335600907 0.19627234689996198 0.013929381276320051 0.026626093571700267
1 0.2619047619047619 0.17516165842525674 0.013929381276320051 0.010270064663370103
1 0.2384191771946874 0.18771395968048687 0.012309685779073534 0.009509319132750096
1 0.23145448655652737 0.19608216051730698 0.006802721088435374 0.00798782807151008
1 0.23615160349854228 0.20787371624191708 0.007774538386783285 0.011791555724610119
1 0.24263038548752835 0.22289844047166224 0.01101392938127632 0.019018638265500192
1 0.2578555231616456 0.20673259794598708 0.010366051182377713 0.02092050209205021
1 0.25137674117265957 0.20426017497147206 0.014253320375769355 0.02890833016356029
1 0.2494331065759637 0.18562190947128185 0.0058309037900874635 0.011411182959300114
1 0.22724327826368643 0.20825408900722708 0.008746355685131196 0.014834537847090148
1 0.23388402980239714 0.2278432864206923 0.013605442176870748 0.02510460251046025
1 0.18108195659216067 0.46405477367820464 0.011661807580174927 0.017497147204260176
1 0.18383543893747975 0.4587295549638646 0.013281503077421444 0.019018638265500192
1 0.18950437317784258 0.4579688094332446 0.011661807580174927 0.01673640167364017
1 0.14625850340136054 0.3178014454165082 0.015225137674117265 0.024724229745150247
7 0.1746031746031746 0.598706732597946 0.043407839326206676 0.03347280334728034
1 0.17735665694849367 0.5770254849752758 0.028182701652089408 0.022822365918600228
1 0.18059604794298673 0.5850133130467858 0.0275348234531908 0.02206162038798022
2 0.0413022351797862 0.39444655762647396 0.012633624878522837 0.015214910612400153
2 0.06365403304178814 0.4454165081780145 0.015873015873015872 0.018257892734880182
2 0.06219630709426628 0.47394446557626474 0.02591512795594428 0.029669075694180296
2 0.03952057013281503 0.45435526816279953 0.007774538386783285 0.009509319132750096
2 0.029154518950437316 0.4225941422594142 0.02656300615484289 0.030429821224800306
1 0.1621315192743764 0.8415747432483834 0.019760285066407514 0.02776721186763028
1 0.15678652413346292 0.8377710155952834 0.02202785876255264 0.03081019399011031
1 0.15306122448979592 0.8313046785850133 0.022999676060900552 0.032331685051350326
9 0.14447683835438938 0.7786230505895778 0.016844833171363784 0.015214910612400153
9 0.13330093942338841 0.7837580829212628 0.0184645286686103 0.014834537847090148
9 0.11273080660835763 0.7356409281095474 0.01295756397797214 0.015214910612400153
2 0.12293488824101069 0.8050589577786231 0.021703919663103338 0.026245720806390264
2 0.08325234855847101 0.8640167364016736 0.010366051182377713 0.012552301255230125
2 0.09297052154195011 0.8571700266260937 0.008422416585681892 0.010270064663370103
1 0.141399416909621 0.32217573221757323 0.013281503077421444 0.023583111449220238
1 0.15127955944282476 0.3143780905287182 0.01554907677356657 0.022441993153290225
1 0.18253968253968253 0.4311525294788893 0.024295432458697766 0.04298212248003043
1 0.15532879818594103 0.3094332445796881 0.017168772270813086 0.022441993153290225
1 0.19533527696793002 0.40642829973373906 0.03368966634272757 0.020159756561430202
1 0.2397149335924846 0.49733739064283 0.03368966634272757 0.02396348421453024
1 0.2581794622610949 0.8339672879421833 0.025267249757045675 0.025484975275770257
1 0.26141885325558795 0.8269303917839483 0.02397149335924846 0.023583111449220238
1 0.18837058632977 0.7890833016356029 0.02364755425979916 0.026245720806390264
1 0.18448331713637836 0.7831875237732978 0.019112406867508907 0.02206162038798022
1 0.17784256559766765 0.32426778242677823 0.013605442176870748 0.02396348421453024
1 0.17346938775510204 0.3290224419931533 0.012633624878522837 0.02206162038798022
1 0.16974408811143504 0.33282616964625333 0.012309685779073534 0.020540129326740205
1 0.1655328798185941 0.3381513883605934 0.016196954972465177 0.02510460251046025
1 0.1621315192743764 0.34480791175351844 0.019760285066407514 0.03309243058197033
1 0.15630061548428895 0.3482312666413085 0.015225137674117265 0.026245720806390264
1 0.1517654680919987 0.35317611259033854 0.012633624878522837 0.02396348421453024
1 0.16812439261418854 0.28661087866108786 0.024619371558147068 0.02092050209205021
1 0.16537091026886946 0.29402814758463297 0.019112406867508907 0.021300874857360215
1 0.16245545837382572 0.299923925446938 0.015873015873015872 0.020159756561430202
1 0.15873015873015872 0.3041080258653481 0.014901198574667962 0.019399011030810195
7 0.25963718820861675 0.19779383796120198 0.019112406867508907 0.04184100418410042
7 0.2852283770651118 0.18391023202738685 0.019760285066407514 0.04069988588817041
1 0.2612568837058633 0.13560289083301635 0.019760285066407514 0.014834537847090148
1 0.5873015873015873 0.9161278052491442 0.023323615160349854 0.021681247622670218
1 0.620019436345967 0.9783187523773298 0.03757693553611921 0.032712057816660325
1 0.6149983803045027 0.9838341574743249 0.037252996436669905 0.030049448459490303
1 0.6080336896663427 0.9876378851274249 0.03045027534823453 0.021681247622670218
1 0.5829284094590217 0.9408520349942945 0.026886945254292194 0.02700646633701027
1 0.5788791707159054 0.9482693039178395 0.031746031746031744 0.03347280334728034
1 0.5753158406219631 0.9560669456066946 0.029154518950437316 0.032331685051350326
1 0.5717525105280208 0.9621529098516547 0.027858762552640103 0.030049448459490303
1 0.5670553935860059 0.9680486877139597 0.026886945254292194 0.028147584632940283
1 0.564625850340136 0.9766070749334348 0.027858762552640103 0.028527957398250287
1 0.6493359248461289 0.49543552681627995 0.04308390022675737 0.09243058197033092
1 0.6345966958211856 0.5087485736021301 0.05960479429867185 0.12286040319513124
1 0.4703595724003887 0.34138455686572844 0.014253320375769355 0.010270064663370103
1 0.467930029154519 0.33016356028908334 0.019760285066407514 0.013693419551160137
1 0.4776482021379981 0.40604792696842906 0.03984450923226433 0.03157093952073032
1 0.5199222546161322 0.9273488018257893 0.03498542274052478 0.036515785469760365
1 0.514415289925494 0.9326740205401294 0.027858762552640103 0.028147584632940283
1 0.4954648526077097 0.8474705211106885 0.04114026563006155 0.031190566755420313
1 0.6234207968901846 0.9697603651578547 0.03919663103336573 0.03309243058197033
7 0.74651765468092 0.5884366679345759 0.04956268221574344 0.11030810193990111
1 0.48882410106899904 0.8642069227843286 0.03952057013281503 0.031190566755420313
1 0.7528344671201814 0.6508178014454166 0.04794298671849692 0.08748573602130087
1 0.9501133786848073 0.4903004944845949 0.009070294784580499 0.050969950551540515
1 0.94185293164885 0.4885888170406999 0.01004211208292841 0.04830734119437048
1 0.9337544541626174 0.4903004944845949 0.010689990281827016 0.04792696842906048
1 0.9263038548752834 0.4903004944845949 0.010689990281827016 0.047166222898440475
1 0.9185293164885001 0.49315329022441995 0.012633624878522837 0.049068086724990495
1 0.9104308390022676 0.49448459490300495 0.013281503077421444 0.0502092050209205
1 0.902332361516035 0.498668695321415 0.015873015873015872 0.05249144161278053
1 0.8935860058309038 0.49961962723469 0.015873015873015872 0.055154050969950554
1 0.8856494978943958 0.502472422974515 0.01749271137026239 0.05401293267402054
1 0.8770651117589893 0.5038037276531001 0.01652089407191448 0.05591479650057056
1 0.8701004211208293 0.5074172689235451 0.01554907677356657 0.0502092050209205
1 0.8624878522837707 0.5081780144541651 0.014577259475218658 0.04640547736782046
1 0.8539034661483641 0.5081780144541651 0.016196954972465177 0.05553442373526056
1 0.7994816974408812 0.5949030049448459 0.014253320375769355 0.023583111449220238
1 0.7936507936507936 0.606694560669456 0.02850664075153871 0.0395587675922404
1 0.7852283770651117 0.6171548117154811 0.02397149335924846 0.039939140357550404
1 0.7704891480401684 0.6131608976797261 0.03919663103336573 0.07303157093952073
1 0.4919015225137674 0.8552681627995435 0.04114026563006155 0.03081019399011031
1 0.4849368318756074 0.8729554963864588 0.03433754454162617 0.031190566755420313
1 0.2633624878522838 0.14168885507797643 0.01749271137026239 0.014073792316470142
1 0.3451571104632329 0.7048307341194371 0.03336572724327826 0.031190566755420313
1 0.3398121153223194 0.7232788132369723 0.038872691933916424 0.036135412704450365
1 0.33657272432782637 0.7331685051350324 0.03109815354713314 0.02776721186763028
1 0.3326854551344347 0.7415367059718524 0.032393909944930355 0.02776721186763028
1 0.3275024295432459 0.7489539748953975 0.03368966634272757 0.027386839102320273
1 0.3250728862973761 0.7592240395587676 0.034013605442176874 0.02890833016356029
1 0.3704243602202786 0.08520349942944086 0.04049238743116294 0.02206162038798022
1 0.3637836086815679 0.1308482312666413 0.01554907677356657 0.0395587675922404
1 0.3566569484936832 0.1287561810574363 0.016844833171363784 0.047546595663750475
1 0.3388402980239715 0.13255990871053633 0.014253320375769355 0.039939140357550404
1 0.33300939423388404 0.13503233168505135 0.014253320375769355 0.0395587675922404
1 0.3025591188856495 0.12799543552681628 0.03368966634272757 0.021681247622670218
1 0.2978620019436346 0.12019779383796121 0.03984450923226433 0.027386839102320273
1 0.2725947521865889 0.15443134271586154 0.011337868480725623 0.009128946367440091
1 0.22740524781341107 0.1576645112209966 0.018140589569160998 0.014073792316470142
1 0.22351797862001943 0.15367059718524154 0.016844833171363784 0.012171928489920122
1 0.2700032393909945 0.1496766831494865 0.015873015873015872 0.013313046785850133
1 0.2662779397473275 0.14625332826169646 0.01554907677356657 0.012552301255230125
1 0.34337544541626175 0.7147204260174972 0.03757693553611921 0.03347280334728034
1 0.35017816650469713 0.696652719665272 0.03304178814382896 0.03081019399011031
1 0.4812115322319404 0.8798022061620389 0.03271784904437966 0.031190566755420313
1 0.3566569484936832 0.7883225561049829 0.032393909944930355 0.030049448459490303
1 0.47619047619047616 0.8862685431723089 0.0369290573372206 0.03575503993914036
1 0.4713313896987366 0.893305439330544 0.038224813735017814 0.036135412704450365
1 0.45675413022351796 0.8235070368961582 0.036281179138321996 0.03347280334728034
1 0.452542921930677 0.8316850513503233 0.03757693553611921 0.036135412704450365
1 0.44881762228701005 0.8396728794218334 0.0366051182377713 0.03537466717383035
1 0.44379656624554586 0.8468999619627235 0.03757693553611921 0.036135412704450365
1 0.44007126660187884 0.8548877900342335 0.037252996436669905 0.03537466717383035
1 0.4358600583090379 0.8624952453404336 0.037900874635568516 0.03537466717383035
2 0.4164237123420797 0.8773297831875237 0.015225137674117265 0.018638265500190185
1 0.4094590217039197 0.7542791936097376 0.035633300939423386 0.024343856979840244
1 0.4070294784580499 0.7634081399771776 0.030774214447683836 0.02206162038798022
1 0.40168448331713635 0.7706352225180677 0.036281179138321996 0.026626093571700267
1 0.39941690962099125 0.7809052871814378 0.03498542274052478 0.02586534804108026
1 0.39844509232264336 0.7932674020540129 0.03757693553611921 0.034613921643210345
1 0.3945578231292517 0.801065043742868 0.0369290573372206 0.034233548877900345
1 0.3900226757369615 0.8084823126664131 0.0369290573372206 0.03385317611259034
1 0.3861354065435698 0.8166603271205782 0.036281179138321996 0.03347280334728034
2 0.08373825720764497 0.8497527577025485 0.008098477486232589 0.010650437428680107
