1 0.8673606447280054 0.640064397424103 0.006044325050369376 0.04461821527138914
1 0.23964629505260804 0.2920883164673413 0.012760241773002015 0.012419503219871205
1 0.24031788672487128 0.30393284268629256 0.02350570852921424 0.02276908923643054
1 0.2558764271323036 0.30013799448022077 0.010297738974703381 0.009659613615455382
1 0.25386165211551376 0.30186292548298066 0.011193194537721066 0.010809567617295308
1 0.2519588090441012 0.3045078196872125 0.015894336243563914 0.015639374425023
1 0.24300425341392434 0.2889834406623735 0.013655697336019701 0.01310947562097516
7 0.24222072979628387 0.3003679852805888 0.025968211327512872 0.02529898804047838
4 0.3094918289679875 0.17398804047838087 0.009626147302440116 0.011269549218031279
7 0.26158495634654133 0.49137534498620056 0.03917618088202373 0.007129714811407543
4 0.30389523169912697 0.17088316467341305 0.009626147302440116 0.011039558417663294
13 0.1993507947168122 0.18721251149954002 0.051712558764271326 0.054737810487580495
6 0.19979852249832103 0.18813247470101196 0.0776807700917842 0.08233670653173873
5 0.1743899708976942 0.2582796688132475 0.012088650100738752 0.013799448022079117
5 0.16778598612043877 0.25241490340386386 0.01186478620998433 0.01310947562097516
5 0.16107006939780613 0.2466651333946642 0.012312513991493173 0.01310947562097516
1 0.23763152003581822 0.30749770009199634 0.014103425117528543 0.014259429622815087
1 0.27053951197671816 0.4963201471941122 0.038280725319006045 0.0068997240110395585
1 0.8636668905305575 0.6363845446182153 0.0044772778150884264 0.012879484820607176
1 0.41504365345869715 0.5075896964121435 0.023281844638459816 0.015639374425023
1 0.7513991493172152 0.8091076356945722 0.03246026415939109 0.030818767249310028
7 0.7605775688381464 0.8112925482980681 0.03201253637788225 0.029668813247470102
5 0.5474591448399373 0.023804047838086477 0.011417058428475487 0.016329346826126953
5 0.5391761808820238 0.02173413063477461 0.01186478620998433 0.016329346826126953
5 0.5518244907096486 0.008394664213431463 0.011193194537721066 0.011269549218031279
5 0.5430937989702261 0.007129714811407543 0.010297738974703381 0.008739650413983441
5 0.3772106559211999 0.19928702851885924 0.012536377882247594 0.006669733210671573
1 0.3043429594806358 0.5734820607175712 0.03872845310051489 0.016789328426862926
5 0.37754645175733154 0.1907773689052438 0.012760241773002015 0.007129714811407543
1 0.39097828520259686 0.3915593376264949 0.006939780613387061 0.016789328426862926
1 0.38482202820685024 0.3861545538178473 0.006268188941123797 0.023459061637534497
1 0.3478844862323707 0.4362925482980681 0.022834116856950974 0.023459061637534497
1 0.3529214237743452 0.43077276908923645 0.022610252966196554 0.02437902483900644
1 0.3571748376986792 0.42433302667893286 0.022162525184687712 0.02437902483900644
7 0.16924110141034251 0.4015639374425023 0.02910230579807477 0.004599816007359705
