2 0.5188639253921153 0.025344545666900257 0.002543450614667232 0.002569493109086662
1 0.47000847816871555 0.05501051156271899 0.009961848240779992 0.0030366736743751457
1 0.4106612971598135 0.08304134548002802 0.0052988554472234 0.013314646110721794
1 0.4133107248834252 0.08105582807755198 0.005510809665112336 0.013548236393366036
1 0.4162780839338703 0.08047185237094137 0.005086901229334464 0.011913104414856341
1 0.41903348876642643 0.07942069609904227 0.0046629927935565915 0.010745153001635132
1 0.4218948707079271 0.07860313010978742 0.004451038575667656 0.010978743284279373
1 0.4188215345485375 0.05711282410651716 0.01271725307333616 0.0058397570661060496
1 0.4193514200932599 0.06085026862882504 0.01165748198389148 0.004438215370240597
1 0.437049597286986 0.054893716421396864 0.009749894022891056 0.005138986218173324
1 0.43810936837643066 0.05769679981312777 0.008054260279779568 0.0042046250875963555
1 0.45252225519287836 0.056762438682550806 0.016108520559559136 0.0060733473487502914
1 0.46873675286138194 0.051389862181733234 0.015048749470114454 0.004671805652884839
1 0.47000847816871555 0.058397570661060494 0.013353115727002967 0.0042046250875963555
5 0.6084145824501908 0.07813594954449894 0.023103009749894023 0.017052090633029666
1 0.45411191182704536 0.060967063770147156 0.01377702416278084 0.003737444522307872
6 0.4612123781263247 0.9779257182901191 0.05086901229334464 0.042747021723896286
13 0.46396778295888086 0.9841158607801915 0.035184400169563375 0.029899556178462974
9 0.4646036456125477 0.905512730670404 0.0038151759220008477 0.005372576500817566
1 0.5485375158965663 0.0422798411586078 0.011445527766002543 0.005138986218173324
1 0.5382577363289529 0.042980612006540526 0.00953793980500212 0.004671805652884839
1 0.5643281051292921 0.04835318850735809 0.008266214497668503 0.019154403176827844
1 0.5741839762611276 0.0400607334734875 0.011869436201780416 0.0058397570661060496
1 0.5750317931326834 0.044382153702405974 0.011869436201780416 0.005606166783461808
1 0.5734421364985163 0.052207428170988085 0.011233573548113607 0.003971034804952114
4 0.5852055955913523 0.08444288717589347 0.01907587961000424 0.013314646110721794
1 0.39942772361169987 0.46718056528848395 0.019287833827893175 0.01401541695865452
1 0.44711742263671045 0.6259051623452464 0.011233573548113607 0.01051156271899089
1 0.42910131411615093 0.6296426068675542 0.012929207291225096 0.012380284980144825
1 0.4311148791860958 0.6330296659658958 0.013988978380669776 0.013548236393366036
9 0.05383637134378974 0.09740714786264891 0.007630351844001695 0.007474889044615744
9 0.053624417125900804 0.10161177295024526 0.007630351844001695 0.007474889044615744
1 0.07100466299279355 0.28568091567390796 0.025010597710894446 0.018220042046250873
9 0.31835523526918186 0.9866853538892781 0.002967359050445104 0.003737444522307872
9 0.2314540059347181 0.9053959355290819 0.006782534972445952 0.008876430740481195
9 0.23420941076727428 0.9030600327026396 0.00635862653666808 0.009343611305769679
9 0.23654090716405257 0.9009577201588413 0.006782534972445952 0.009343611305769679
9 0.29885544722339974 0.9531651483298295 0.002967359050445104 0.004438215370240597
9 0.2523314963967783 0.8918476991357159 0.0036032217041119118 0.0042046250875963555
1 0.3566129715981348 0.2576500817565989 0.006570580754557015 0.021957486568558747
1 0.408965663416702 0.5263957019387994 0.01844001695633743 0.015650548937164215
1 0.38300127172530735 0.5390095772015884 0.009749894022891056 0.008642840457836953
1 0.38172954641797374 0.5420462508759635 0.011445527766002543 0.009577201588413922
1 0.3961424332344214 0.5489371642139687 0.012293344637558287 0.009810791871058164
1 0.4112971598134803 0.5583975706610604 0.010385756676557863 0.009110021023125437
1 0.4103433658329801 0.5614342443354357 0.010173802458668928 0.00817565989254847
1 0.407376006782535 0.5634197617379116 0.012293344637558287 0.010745153001635132
1 0.4305849936413735 0.5720626021957487 0.01165748198389148 0.010277972436346648
1 0.4038787621873675 0.6159775753328661 0.010385756676557863 0.013081055828077552
1 0.4066341670199237 0.6138752627890679 0.00953793980500212 0.011212333566923615
1 0.41002543450614665 0.612006540527914 0.015048749470114454 0.016818500350385422
1 0.4169139465875371 0.6350151833683718 0.011445527766002543 0.015183368371875729
1 0.43397626112759646 0.636183134781593 0.014624841034336583 0.014249007241298762
4 0.5717465027554048 0.08794674141555711 0.006994489190334888 0.011445923849567857
1 0.568143281051293 0.04461574398505022 0.0052988554472234 0.012146694697500583
2 0.5151547265790589 0.026512497080121464 0.00317931326833404 0.00350385423966363
7 0.3168715557439593 0.03538892782060266 0.014412886816447647 0.0030366736743751457
1 0.3181432810512929 0.05279140387759869 0.011021619330224672 0.004671805652884839
1 0.31740144128868164 0.07404811959822472 0.008266214497668503 0.003270263957019388
1 0.32100466299279357 0.09308572763373044 0.007842306061890632 0.002569493109086662
1 0.2758584145824502 0.4504788600794207 0.010385756676557863 0.007241298761971502
1 0.27607036880033914 0.44662462041579065 0.009114031369224248 0.0060733473487502914
1 0.28825773632895296 0.45596823172156037 0.011021619330224672 0.007942069609904227
1 0.2906952098346757 0.4528147629058631 0.01165748198389148 0.007241298761971502
1 0.3073336159389572 0.4606400373744452 0.006782534972445952 0.012146694697500583
1 0.31570580754557015 0.45982247138519033 0.011233573548113607 0.008642840457836953
1 0.3182492581602374 0.4570193879934594 0.009961848240779992 0.007241298761971502
1 0.3202628232301823 0.45421630460172857 0.0105977108944468 0.007241298761971502
7 0.3172954641797372 0.04940434477925718 0.014412886816447647 0.0030366736743751457
1 0.544616362865621 0.6908432609203456 0.00953793980500212 0.013781826676010278
7 0.3178253497244595 0.06306937631394534 0.01420093259855871 0.003270263957019388
7 0.3184612123781263 0.07708479327259986 0.01420093259855871 0.003270263957019388
7 0.31962696057651546 0.09074982480728801 0.013565069944891903 0.00350385423966363
1 0.35873251377702414 0.03235225414622751 0.00741839762611276 0.0189208128941836
1 0.3206867316659602 0.4672973604298061 0.01271725307333616 0.0058397570661060496
1 0.317719372615515 0.47033403410418123 0.011445527766002543 0.0058397570661060496
1 0.31602373887240354 0.47360429806120063 0.011869436201780416 0.005372576500817566
2 0.3991097922848665 0.5383088063536556 0.006782534972445952 0.0077084793272599855
2 0.4069520983467571 0.5440317682784396 0.006782534972445952 0.007474889044615744
2 0.4146884272997033 0.549287549637935 0.006570580754557015 0.007241298761971502
2 0.42221280203476047 0.5545433309974305 0.006782534972445952 0.007474889044615744
1 0.316341670199237 0.04636767110488203 0.009114031369224248 0.003971034804952114
1 0.3168715557439593 0.03900957720158841 0.01271725307333616 0.004671805652884839
1 0.31443408223823655 0.013197850969399672 0.004874947011445528 0.013314646110721794
1 0.9919457397202205 0.14272366269563186 0.013565069944891903 0.010745153001635132
1 0.5473717676981772 0.6966830179864517 0.01420093259855871 0.020789535155337536
1 0.5591352267910131 0.7029899556178463 0.011869436201780416 0.013314646110721794
1 0.5704747774480712 0.704625087596356 0.015048749470114454 0.013781826676010278
1 0.576091564222128 0.7157206260219574 0.013988978380669776 0.015884139219808455
1 0.5805426027977957 0.7145526746087363 0.009325985587113183 0.007942069609904227
1 0.5926239932174651 0.7186405045550105 0.010173802458668928 0.009110021023125437
1 0.6300339126748622 0.7486568558747956 0.028189910979228485 0.024293389395001166
1 0.7031581178465451 0.33356692361597756 0.007842306061890632 0.013081055828077552
1 0.6935142009325985 0.6860546601261387 0.037727850784230604 0.030833917309039942
1 0.6969054684188215 0.6795141322120999 0.03603221704111912 0.029899556178462974
1 0.662356930902925 0.7708479327259986 0.033488766426451884 0.027096472786732072
7 0.6876854599406528 0.6277738846064004 0.09940652818991098 0.0745153001635132
1 0.8266214497668504 0.05407615043214202 0.03136922424756253 0.017052090633029666
1 0.8568249258160238 0.05536089698668535 0.012081390419669352 0.009810791871058164
1 0.8498304366256888 0.30740481195982244 0.11509114031369225 0.05512730670404111
9 0.9614243323442137 0.04683485167017052 0.005934718100890208 0.005372576500817566
1 0.9502967359050445 0.10558280775519738 0.012929207291225096 0.009810791871058164
1 0.9623781263247139 0.11153935996262555 0.008690122933446376 0.006774118196683018
1 0.9854811360746079 0.12450362064938097 0.009961848240779992 0.0060733473487502914
1 0.9837855023314964 0.1268395234758234 0.009961848240779992 0.006540527914038776
1 0.9949130987706656 0.13069376313945338 0.007630351844001695 0.0077084793272599855
1 0.9939593047901654 0.1346647979444055 0.00953793980500212 0.009110021023125437
1 0.9935353963543875 0.1391030133146461 0.009961848240779992 0.00817565989254847
9 0.055214073760067824 0.09437047418827377 0.007842306061890632 0.007942069609904227
