2 0.8208106186300071 0.8169910179640718 0.005688551789523584 0.005738522954091816
2 0.37248163071817963 0.6508233532934131 0.00355534486845224 0.00374251497005988
2 0.38587342972268307 0.7734530938123751 0.0033183218772220905 0.0034930139720558877
2 0.36928182033657264 0.7581087824351297 0.0033183218772220905 0.00374251497005988
2 0.39736904479734536 0.7340319361277444 0.010191988622896421 0.011477045908183632
2 0.3568381132969898 0.7199351297405189 0.0021332069210713437 0.002744510978043912
2 0.35423086039345814 0.7203093812375249 0.0016591609386110452 0.001996007984031936
2 0.35150509599431146 0.7211826347305389 0.0018961839298411946 0.002245508982035928
2 0.3850438492533776 0.6887475049900199 0.01066603460535672 0.012225548902195607
2 0.3844512917753022 0.6682884231536925 0.0033183218772220905 0.00374251497005988
2 0.3773406020383977 0.6677894211576846 0.002844275894761792 0.003243512974051896
2 0.3812514813936952 0.6640469061876247 0.005925574780753733 0.006736526946107784
2 0.3755629296041716 0.6574351297405189 0.004503436833372837 0.00499001996007984
2 0.36940033183218773 0.6570608782435129 0.00355534486845224 0.00374251497005988
2 0.37722209054278266 0.6514471057884231 0.005451528798293435 0.006986027944111775
2 0.3647783835031998 0.6589321357285428 0.0033183218772220905 0.0034930139720558877
2 0.8296989808011377 0.8880988023952096 0.008769850675515525 0.009730538922155687
2 0.36205261910405306 0.654815369261477 0.005451528798293435 0.005738522954091816
2 0.31678122777909457 0.7327844311377245 0.003081298885991941 0.002994011976047904
2 0.2812277790945722 0.7423902195608781 0.0049774828158331355 0.005738522954091816
2 0.2805167101208817 0.7372754491017963 0.0049774828158331355 0.005489021956087824
2 0.2787390376866556 0.7319111776447105 0.0052145058070632855 0.005738522954091816
2 0.2741170893576677 0.7285429141716566 0.004503436833372837 0.00499001996007984
2 0.2731689973927471 0.7228043912175648 0.005925574780753733 0.005988023952095808
2 0.2699691870111401 0.7446357285429142 0.004266413842142687 0.004740518962075848
2 0.26902109504621946 0.7398952095808382 0.004266413842142687 0.004740518962075848
2 0.26783598009006876 0.7349051896207585 0.004266413842142687 0.004740518962075848
2 0.26582128466461247 0.7302894211576846 0.0049774828158331355 0.005489021956087824
2 0.25989570988385874 0.7265469061876247 0.004503436833372837 0.00499001996007984
2 0.2642806352216165 0.7252994011976047 0.004266413842142687 0.004491017964071856
2 0.40376866556055935 0.841816367265469 0.00355534486845224 0.003992015968063872
2 0.4229675278502015 0.8540419161676646 0.00355534486845224 0.0034930139720558877
2 0.3839772457928419 0.8641467065868262 0.008058781701825076 0.00873253493013972
2 0.38954728608675043 0.87125748502994 0.005925574780753733 0.006487025948103792
2 0.539582839535435 0.7301646706586826 0.01066603460535672 0.010229540918163672
2 0.5277316899739275 0.7315369261477045 0.01066603460535672 0.010978043912175647
2 0.5145769139606542 0.7342814371257484 0.010429011614126571 0.010479041916167664
2 0.5372126096231334 0.715693612774451 0.01066603460535672 0.011227544910179639
2 0.525479971557241 0.717315369261477 0.010429011614126571 0.011477045908183632
2 0.5129177530220431 0.7191866267465069 0.010429011614126571 0.011227544910179639
2 0.5075847357193648 0.7063373253493014 0.013510310500118512 0.015469061876247504
2 0.5863948803033894 0.7954091816367265 0.004740459824602986 0.005489021956087824
2 0.5337757762502963 0.8149950099800398 0.007584735719364778 0.008233532934131736
2 0.5324721497985304 0.8057634730538922 0.008295804693055226 0.008233532934131736
2 0.5309315003555345 0.7966566866267465 0.00711068973690448 0.008982035928143712
2 0.5299834083906139 0.7870508982035928 0.008058781701825076 0.008233532934131736
2 0.5284427589476179 0.778068862275449 0.007821758710594928 0.007734530938123752
2 0.5767954491585684 0.8476796407185628 0.0049774828158331355 0.004740518962075848
2 0.5611519317373785 0.8502994011976047 0.005451528798293435 0.005489021956087824
2 0.5815359089831713 0.841442115768463 0.00355534486845224 0.004241516966067864
2 0.5757288456980327 0.842440119760479 0.004266413842142687 0.004740518962075848
2 0.5701588054041242 0.843313373253493 0.004503436833372837 0.00499001996007984
2 0.5652998340839062 0.8438123752495009 0.004266413842142687 0.004491017964071856
2 0.5594927707987675 0.8441866267465069 0.0049774828158331355 0.005738522954091816
2 0.581061863000711 0.9194111776447105 0.008295804693055226 0.008982035928143712
2 0.5708698743778147 0.9317614770459081 0.008295804693055226 0.00873253493013972
2 0.5662479260488267 0.9231536926147704 0.008532827684285375 0.008982035928143712
2 0.5585446788338468 0.9318862275449101 0.011614126570277317 0.011477045908183632
2 0.5572410523820811 0.9221556886227544 0.006162597771983882 0.006487025948103792
9 0.3516236074899265 0.7971556886227544 0.011614126570277317 0.004491017964071856
2 0.37532590661294146 0.9116766467065868 0.00355534486845224 0.003992015968063872
2 0.27103579047167575 0.717065868263473 0.0049774828158331355 0.005489021956087824
2 0.2641621237260014 0.7185628742514969 0.004503436833372837 0.005489021956087824
2 0.25977719838824365 0.7195608782435129 0.004740459824602986 0.005489021956087824
2 0.32993600379236787 0.9152944111776447 0.015169471438729557 0.01621756487025948
2 0.3377577625029628 0.9432385229540917 0.015169471438729557 0.016716566866267463
2 0.3171367622659398 0.9533433133732534 0.004740459824602986 0.00499001996007984
2 0.3214031761080825 0.9467315369261476 0.006162597771983882 0.006736526946107784
2 0.32626214742830056 0.937624750499002 0.005925574780753733 0.005988023952095808
2 0.31547760132732877 0.9402445109780438 0.006162597771983882 0.0062375249500997995
2 0.2955676700639962 0.9448602794411177 0.008532827684285375 0.008982035928143712
2 0.2864422849016355 0.9232784431137724 0.015406494429959706 0.014720558882235528
2 0.2674804456032235 0.9417415169660678 0.026783598009006874 0.027195608782435127
2 0.28549419293671485 0.964945109780439 0.00355534486845224 0.003243512974051896
2 0.2846646124674093 0.9612025948103792 0.0033183218772220905 0.00374251497005988
2 0.2807537331121119 0.9620758483033931 0.0026072529035316427 0.00249500998003992
2 0.2771983882436596 0.9629491017964071 0.0026072529035316427 0.002744510978043912
2 0.27257643991467173 0.964196606786427 0.004266413842142687 0.004740518962075848
2 0.26546575017776725 0.9638223552894211 0.006636643754444181 0.006986027944111775
2 0.2570514339890969 0.966067864271457 0.00687366674567433 0.00748502994011976
2 0.24911116378288695 0.968313373253493 0.00711068973690448 0.00748502994011976
2 0.2498222327565774 0.9527195608782434 0.009006873666745675 0.009730538922155687
2 0.2455558189144347 0.935129740518962 0.015169471438729557 0.015968063872255488
8 0.9280635221616497 0.9876497005988023 0.02156909220194359 0.007734530938123752
9 0.8754444181085566 0.9846556886227544 0.00355534486845224 0.011726546906187624
9 0.8701114008058781 0.9464820359281436 0.004266413842142687 0.01372255489021956
9 0.8579047167575254 0.8501746506986028 0.004029390850912538 0.015219560878243511
9 0.8470016591609386 0.7573602794411177 0.003081298885991941 0.014221556886227544
9 0.7359563877696136 0.5426646706586826 0.007584735719364778 0.002994011976047904
8 0.40021332069210713 0.530688622754491 0.050011851149561505 0.015469061876247504
9 0.21166153116852335 0.7855538922155688 0.009006873666745675 0.00374251497005988
9 0.20206210002370228 0.7914171656686626 0.008769850675515525 0.003992015968063872
2 0.3100260725290353 0.9229041916167664 0.015643517421189856 0.015968063872255488
2 0.3103816070158805 0.902694610778443 0.008295804693055226 0.007984031936127744
2 0.2552737615548708 0.7435129740518961 0.004740459824602986 0.00499001996007984
2 0.32235126807300307 0.8992015968063871 0.009006873666745675 0.008982035928143712
2 0.2537331121118748 0.7325349301397205 0.0049774828158331355 0.00499001996007984
2 0.2521924626688789 0.7281686626746506 0.004740459824602986 0.005239520958083832
2 0.2497037212609623 0.7236776447105788 0.0049774828158331355 0.005239520958083832
2 0.3043375207395117 0.7099550898203593 0.0033183218772220905 0.003243512974051896
2 0.3006636643754444 0.7108283433133732 0.00355534486845224 0.0034930139720558877
2 0.2922493481867741 0.7136976047904191 0.0033183218772220905 0.003243512974051896
2 0.2940270206210002 0.7901696606786427 0.005451528798293435 0.006487025948103792
2 0.29260488267361934 0.7841816367265468 0.005451528798293435 0.005489021956087824
2 0.2913012562218535 0.778318363273453 0.005688551789523584 0.006736526946107784
2 0.2789760606778858 0.7748253493013971 0.004740459824602986 0.004241516966067864
2 0.31488504384925337 0.8439371257485029 0.013036264517658212 0.014221556886227544
2 0.2914197677174686 0.8509231536926147 0.013036264517658212 0.01372255489021956
2 0.31109267598957097 0.8274700598802395 0.013510310500118512 0.014720558882235528
2 0.2871533538753259 0.8338323353293412 0.014458402465039108 0.015469061876247504
2 0.26534723868215215 0.8398203592814371 0.013036264517658212 0.01497005988023952
2 0.26961365252429487 0.8571606786427145 0.013510310500118512 0.014720558882235528
2 0.24223749703721262 0.8615269461077844 0.026546575017776724 0.028942115768463072
2 0.3203365726475468 0.8630239520958083 0.009243896657975823 0.00998003992015968
2 0.3081298885991941 0.8656437125748502 0.009480919649205973 0.009730538922155687
2 0.29616022754207155 0.8687624750499001 0.010191988622896421 0.00998003992015968
2 0.27103579047167575 0.8866017964071855 0.02109504621948329 0.024201596806387223
2 0.24294856601090306 0.8953343313373253 0.02180611519317374 0.023203592814371257
2 0.32768428537568145 0.8797405189620757 0.007821758710594928 0.008483033932135727
2 0.31772931974401514 0.8821107784431137 0.0049774828158331355 0.005239520958083832
2 0.3087224460772695 0.8852295409181636 0.009717942640436123 0.010479041916167664
2 0.3025598483052856 0.8953343313373253 0.009243896657975823 0.009231536926147704
2 0.3324247452002844 0.8963323353293412 0.007821758710594928 0.008233532934131736
2 0.49549656316662716 0.68562874251497 0.0049774828158331355 0.005489021956087824
2 0.4963261436359327 0.6927395209580838 0.005688551789523584 0.005738522954091816
2 0.5055700402939085 0.6775199600798403 0.004266413842142687 0.004740518962075848
2 0.7435411234889784 0.8782435129740518 0.004266413842142687 0.004491017964071856
2 0.7429485660109031 0.8711327345309381 0.004503436833372837 0.004740518962075848
2 0.7366674567433041 0.872380239520958 0.004266413842142687 0.004740518962075848
2 0.701588054041242 0.8859780439121756 0.002370229912301493 0.00249500998003992
2 0.7007584735719364 0.8813622754491017 0.004029390850912538 0.004241516966067864
2 0.700047404598246 0.8758732534930139 0.004503436833372837 0.004740518962075848
2 0.8131073714150272 0.8184880239520957 0.005925574780753733 0.005738522954091816
2 0.8027968712965158 0.8196107784431137 0.004740459824602986 0.005489021956087824
2 0.7956861815596112 0.8207335329341316 0.004740459824602986 0.005738522954091816
2 0.7899976297700877 0.8214820359281436 0.005688551789523584 0.005239520958083832
2 0.7068025598483053 0.8466816367265468 0.006636643754444181 0.007235528942115768
2 0.6993363356245555 0.8476796407185628 0.005451528798293435 0.005738522954091816
2 0.7383266176819151 0.8166167664670658 0.005688551789523584 0.005489021956087824
2 0.7315714624318559 0.8181137724550898 0.005451528798293435 0.005489021956087824
2 0.8116852334676463 0.7914171656686626 0.00687366674567433 0.00748502994011976
2 0.7916567907086988 0.8041417165668662 0.014695425456269258 0.015469061876247504
2 0.7890495378051671 0.7845558882235528 0.015169471438729557 0.01621756487025948
2 0.7687840720549893 0.8042664670658682 0.007347712728134629 0.007235528942115768
2 0.7668878881251481 0.7914171656686626 0.007347712728134629 0.00748502994011976
2 0.7280161175634037 0.7990269461077844 0.010191988622896421 0.010728542914171656
2 0.7260014221379474 0.7839321357285428 0.008058781701825076 0.007984031936127744
2 0.7649917041953069 0.7779441117764471 0.00687366674567433 0.00748502994011976
2 0.8106186300071107 0.7745758483033931 0.01374733349134866 0.015219560878243511
2 0.7653472386821522 0.7544910179640718 0.012799241526428064 0.01397205588822355
2 0.7971083195069921 0.7461327345309381 0.018961839298411946 0.020708582834331336
2 0.7633325432566959 0.7369011976047903 0.01398435648257881 0.01372255489021956
2 0.7602512443707039 0.7184381237524949 0.013510310500118512 0.014720558882235528
2 0.7849016354586394 0.6806387225548901 0.004029390850912538 0.004491017964071856
2 0.7378525716994548 0.8789920159680638 0.004266413842142687 0.00499001996007984
2 0.7390376866556055 0.8857285429141716 0.004266413842142687 0.004491017964071856
2 0.7790945721735009 0.6727794411177644 0.0033183218772220905 0.003243512974051896
2 0.7398672671249111 0.8927145708582833 0.004029390850912538 0.003992015968063872
2 0.8178478312396302 0.8897205588822354 0.009717942640436123 0.00998003992015968
2 0.8049300782175871 0.8883483033932135 0.0052145058070632855 0.005738522954091816
2 0.8353875325906612 0.9872754491017963 0.011614126570277317 0.013473053892215568
2 0.8171367622659398 0.9898952095808382 0.012088172552737616 0.012225548902195607
2 0.793671486134155 0.9931387225548901 0.009717942640436123 0.009730538922155687
2 0.8048115667219721 0.9330089820359281 0.01398435648257881 0.015718562874251496
2 0.7856127044323299 0.935129740518962 0.01398435648257881 0.015469061876247504
2 0.7543256695899502 0.9493512974051895 0.004029390850912538 0.004491017964071856
2 0.7484000948091964 0.9498502994011975 0.004029390850912538 0.004491017964071856
2 0.7530220431381844 0.9433632734530938 0.004266413842142687 0.00499001996007984
2 0.747570514339891 0.9442365269461077 0.004266413842142687 0.004740518962075848
2 0.7521924626688788 0.93625249500998 0.004503436833372837 0.005738522954091816
2 0.7510073477127281 0.9291417165668662 0.004503436833372837 0.005489021956087824
2 0.7504147902346527 0.9230289421157684 0.0033183218772220905 0.004241516966067864
2 0.7493481867741171 0.9171656686626746 0.0026072529035316427 0.0034930139720558877
2 0.7339416923441574 0.9407435129740518 0.003081298885991941 0.003243512974051896
2 0.7293197440151694 0.9412425149700598 0.003792367859682389 0.004241516966067864
2 0.8020858023228253 0.9140469061876246 0.01374733349134866 0.015219560878243511
2 0.7825314055463379 0.9167914171656686 0.01398435648257881 0.014221556886227544
2 0.7974638539938373 0.8948353293413173 0.009717942640436123 0.010728542914171656
2 0.7802796871296516 0.8974550898203592 0.011377103579047167 0.012974051896207584
2 0.7485186063048116 0.9046906187624749 0.0033183218772220905 0.002994011976047904
2 0.7428300545152879 0.9060628742514969 0.004740459824602986 0.004740518962075848
2 0.747689025835506 0.8979540918163672 0.00355534486845224 0.0034930139720558877
2 0.7415264280635222 0.8988273453093811 0.004503436833372837 0.004241516966067864
2 0.7461483763925101 0.8915918163672654 0.003792367859682389 0.00374251497005988
2 0.7449632614363593 0.8848552894211577 0.0033183218772220905 0.00374251497005988
2 0.7768428537568144 0.6817614770459082 0.004029390850912538 0.004740518962075848
2 0.784190566484949 0.6715319361277444 0.004029390850912538 0.004241516966067864
2 0.4883858734297227 0.6309880239520957 0.012088172552737616 0.012974051896207584
2 0.6173263806589239 0.8428143712574849 0.004503436833372837 0.004491017964071856
2 0.5994311448210476 0.840693612774451 0.004266413842142687 0.004241516966067864
2 0.5945721735008296 0.840943113772455 0.00355534486845224 0.004241516966067864
2 0.6506281109267599 0.8333333333333333 0.01090305759658687 0.011976047904191616
2 0.6565536857075136 0.8188622754491017 0.0052145058070632855 0.005988023952095808
2 0.6477838350319981 0.8204840319361276 0.005688551789523584 0.005738522954091816
2 0.66674567433041 0.7689620758483033 0.002844275894761792 0.002994011976047904
2 0.6631903294619578 0.7698353293413173 0.002370229912301493 0.002744510978043912
2 0.6141265702773169 0.7931636726546906 0.009006873666745675 0.00998003992015968
2 0.6003792367859683 0.7930389221556886 0.0033183218772220905 0.00374251497005988
2 0.5933870585446788 0.7945359281437125 0.0049774828158331355 0.005239520958083832
2 0.6007347712728135 0.7838073852295409 0.00687366674567433 0.007235528942115768
2 0.5859208343209291 0.7735778443113772 0.02180611519317374 0.022704590818363273
2 0.6362882199573359 0.6321107784431137 0.003081298885991941 0.00374251497005988
2 0.635103105001185 0.6278692614770458 0.003081298885991941 0.003243512974051896
2 0.6304811566721972 0.622255489021956 0.0052145058070632855 0.005489021956087824
2 0.6217113059966817 0.6205089820359281 0.002844275894761792 0.002994011976047904
2 0.6232519554396776 0.6328592814371257 0.004029390850912538 0.004740518962075848
2 0.6452950936240816 0.5903193612774451 0.03626451765821285 0.036926147704590816
2 0.5611519317373785 0.6047904191616766 0.00355534486845224 0.003992015968063872
2 0.5570040293908509 0.6054141716566865 0.0033183218772220905 0.00374251497005988
2 0.5558189144347001 0.5910678642714571 0.00711068973690448 0.006986027944111775
2 0.5289168049300782 0.5833333333333333 0.00355534486845224 0.0034930139720558877
2 0.5169471438729557 0.5854540918163672 0.003792367859682389 0.004241516966067864
2 0.5067551552500592 0.5872005988023952 0.003792367859682389 0.00374251497005988
2 0.48234178715335385 0.62125748502994 0.0033183218772220905 0.003992015968063872
2 0.47854941929367145 0.6217564870259481 0.0033183218772220905 0.0034930139720558877
2 0.48566010903057594 0.6133982035928143 0.012325195543967764 0.012724550898203593
2 0.598601564351742 0.8458083832335329 0.004503436833372837 0.004491017964071856
2 0.6100971794264044 0.8372005988023952 0.0052145058070632855 0.005239520958083832
2 0.7926048826736193 0.6706586826347305 0.004740459824602986 0.003992015968063872
2 0.6160227542071581 0.8364520958083832 0.0052145058070632855 0.005738522954091816
2 0.8004266413842143 0.6694111776447105 0.004266413842142687 0.004491017964071856
2 0.7998340839061389 0.6609281437125748 0.004029390850912538 0.003992015968063872
2 0.7918938136999288 0.6621756487025947 0.0033183218772220905 0.0034930139720558877
2 0.7843090779805642 0.6641716566866267 0.0033183218772220905 0.002994011976047904
2 0.7780279687129651 0.6666666666666666 0.0026072529035316427 0.002994011976047904
2 0.7747096468357431 0.6671656686626746 0.0021332069210713437 0.002994011976047904
2 0.7617918938136999 0.6772704590818363 0.0052145058070632855 0.005239520958083832
2 0.7440151694714388 0.6888722554890219 0.003792367859682389 0.003992015968063872
2 0.7484000948091964 0.6800149700598802 0.004503436833372837 0.004740518962075848
2 0.7470964683574307 0.6740269461077844 0.004266413842142687 0.004740518962075848
2 0.7518369281820336 0.6460828343313373 0.002844275894761792 0.003243512974051896
2 0.6098601564351742 0.9261477045908183 0.006636643754444181 0.007984031936127744
2 0.6035790471675753 0.9236526946107784 0.004029390850912538 0.003992015968063872
2 0.5976534723868215 0.9242764471057884 0.0049774828158331355 0.005239520958083832
2 0.6001422137947381 0.9166666666666666 0.008058781701825076 0.008483033932135727
2 0.5903057596586869 0.9180389221556885 0.008295804693055226 0.008233532934131736
2 0.6785968238919176 0.9145459081836327 0.0052145058070632855 0.005239520958083832
2 0.6860630481156672 0.9134231536926147 0.005451528798293435 0.005489021956087824
2 0.6848779331595165 0.9073103792415169 0.00355534486845224 0.004241516966067864
2 0.6840483526902109 0.901696606786427 0.004266413842142687 0.004491017964071856
2 0.677767243422612 0.903817365269461 0.004503436833372837 0.004740518962075848
2 0.6761080824840009 0.8957085828343313 0.004029390850912538 0.003992015968063872
2 0.631784783123963 0.9084331337325349 0.00687366674567433 0.00748502994011976
2 0.6303626451765821 0.8987025948103792 0.00687366674567433 0.007984031936127744
2 0.660227542071581 0.8892215568862275 0.003081298885991941 0.0034930139720558877
2 0.6589239156198151 0.8832335329341316 0.004266413842142687 0.004491017964071856
2 0.6284664612467409 0.8804890219560878 0.0026072529035316427 0.002994011976047904
9 0.15193173737852572 0.9617015968063871 0.006162597771983882 0.013223552894211576
