7 0.4579754601226994 0.4180517082179132 0.08036809815950921 0.16297322253000923
1 0.7602760736196319 0.19690674053554938 0.01871165644171779 0.028162511542012925
1 0.7360429447852761 0.23799630655586335 0.02177914110429448 0.02723915050784857
1 0.720398773006135 0.6971375807940905 0.03159509202453988 0.026777469990766387
1 0.7930981595092025 0.7878578024007387 0.01871165644171779 0.048476454293628804
1 0.7826687116564418 0.7850877192982456 0.01871165644171779 0.04755309325946445
1 0.7934049079754601 0.8284856879039704 0.013190184049079755 0.03277931671283472
1 0.6642638036809816 0.6809787626962142 0.012576687116564417 0.032317636195752536
1 0.6296012269938651 0.46745152354570635 0.013190184049079755 0.018005540166204984
1 0.6404907975460123 0.55932594644506 0.01411042944785276 0.015235457063711912
1 0.6271472392638037 0.5249307479224377 0.01625766871165644 0.04247460757156048
1 0.6069018404907975 0.3432594644506002 0.015644171779141104 0.01061865189289012
1 0.6662576687116565 0.340258541089566 0.020858895705521473 0.024007386888273315
1 0.613957055214724 0.14035087719298245 0.01196319018404908 0.024007386888273315
1 0.6187116564417179 0.13642659279778394 0.013496932515337423 0.02631578947368421
7 0.49248466257668716 0.8268698060941828 0.01993865030674847 0.050784856879039705
7 0.4607361963190184 0.6869806094182825 0.025153374233128835 0.07848568790397045
1 0.7507668711656442 0.15397045244690674 0.01932515337423313 0.03462603878116343
1 0.7653374233128835 0.1922899353647276 0.017791411042944787 0.02723915050784857
1 0.9039877300613497 0.6119575253924284 0.0098159509202454 0.030932594644506
1 0.7691717791411044 0.18674976915974145 0.01687116564417178 0.02631578947368421
1 0.9467791411042945 0.5554016620498615 0.008895705521472393 0.01662049861495845
1 0.9282208588957056 0.5990304709141274 0.015950920245398775 0.0198522622345337
1 0.8837423312883436 0.6246537396121884 0.012269938650306749 0.03508771929824561
1 0.871319018404908 0.6322714681440443 0.01196319018404908 0.03277931671283472
1 0.864877300613497 0.6331948291782087 0.012576687116564417 0.037396121883656507
1 0.8286809815950921 0.6555863342566943 0.012576687116564417 0.034164358264081256
1 0.95659509202454 0.5477839335180055 0.013803680981595092 0.024469067405355493
1 0.9435582822085891 0.5311634349030471 0.011656441717791411 0.02077562326869806
1 0.9466257668711657 0.5272391505078485 0.012269938650306749 0.0221606648199446
1 0.9196319018404908 0.5203139427516159 0.016564417177914112 0.03601108033240997
1 0.9246932515337424 0.5150046168051708 0.018098159509202454 0.03647276084949215
1 0.929601226993865 0.5099261311172668 0.01871165644171779 0.03462603878116343
1 0.9349693251533743 0.5069252077562326 0.015337423312883437 0.028624192059095104
1 0.920398773006135 0.4778393351800554 0.01932515337423313 0.034164358264081256
1 0.8708588957055216 0.3827331486611265 0.0196319018404908 0.03508771929824561
7 0.4253067484662577 0.6632040627885503 0.07208588957055215 0.07617728531855955
