10 0.885341726618705 0.5375243664717348 0.018884892086330936 0.02046783625730994
10 0.3871402877697842 0.2168615984405458 0.015287769784172662 0.02046783625730994
10 0.31115107913669066 0.2685185185185185 0.02158273381294964 0.016569200779727095
10 0.4136690647482015 0.20516569200779727 0.01618705035971223 0.02046783625730994
10 0.3925359712230216 0.26120857699805067 0.013489208633093526 0.01949317738791423
10 0.40152877697841727 0.2573099415204678 0.013489208633093526 0.01949317738791423
10 0.41052158273381295 0.2529239766081871 0.015287769784172662 0.02046783625730994
10 0.4303057553956835 0.24610136452241715 0.013489208633093526 0.018518518518518517
10 0.4473920863309353 0.23732943469785572 0.015287769784172662 0.02046783625730994
10 0.4671762589928058 0.22807017543859648 0.015287769784172662 0.01949317738791423
10 0.4757194244604317 0.22319688109161792 0.01618705035971223 0.01949317738791423
10 0.5494604316546763 0.192495126705653 0.014388489208633094 0.018518518518518517
10 0.5580035971223022 0.1881091617933723 0.013489208633093526 0.01949317738791423
10 0.5660971223021583 0.1817738791423002 0.0170863309352518 0.022417153996101363
10 0.5764388489208634 0.17884990253411304 0.01618705035971223 0.022417153996101363
10 0.585431654676259 0.17592592592592593 0.014388489208633094 0.018518518518518517
10 0.5935251798561152 0.17153996101364521 0.01618705035971223 0.021442495126705652
10 0.5094424460431655 0.15740740740740738 0.015287769784172662 0.022417153996101363
10 0.4995503597122302 0.1617933723196881 0.0170863309352518 0.023391812865497075
10 0.48830935251798563 0.16569200779727095 0.014388489208633094 0.01949317738791423
10 0.6169064748201439 0.19883040935672514 0.019784172661870505 0.015594541910331383
10 0.6205035971223022 0.20808966861598438 0.019784172661870505 0.016569200779727095
10 0.6299460431654677 0.24025341130604289 0.02068345323741007 0.016569200779727095
10 0.6362410071942446 0.2577972709551657 0.02068345323741007 0.018518518518518517
10 0.670863309352518 0.30896686159844056 0.017985611510791366 0.021442495126705652
10 0.7068345323741008 0.300682261208577 0.01618705035971223 0.022417153996101363
10 0.7162769784172662 0.29775828460038983 0.015287769784172662 0.02046783625730994
10 0.7414568345323741 0.2841130604288499 0.015287769784172662 0.02046783625730994
10 0.6888489208633094 0.30750487329434695 0.01618705035971223 0.022417153996101363
10 0.3075539568345324 0.2577972709551657 0.019784172661870505 0.016569200779727095
10 0.3785971223021583 0.1968810916179337 0.01618705035971223 0.021442495126705652
10 0.10116906474820145 0.1340155945419103 0.026079136690647483 0.018518518518518517
10 0.38893884892086333 0.19346978557504874 0.015287769784172662 0.02046783625730994
9 0.26393884892086333 0.4853801169590643 0.051258992805755396 0.04873294346978557
9 0.3696043165467626 0.33479532163742687 0.030575539568345324 0.057504873294346975
9 0.8826438848920863 0.9537037037037036 0.045863309352517985 0.0594541910331384
9 0.052607913669064754 0.23635477582846004 0.03147482014388489 0.05360623781676413
9 0.0768884892086331 0.21637426900584794 0.029676258992805758 0.04483430799220273
9 0.08588129496402878 0.20662768031189083 0.029676258992805758 0.050682261208576995
9 0.09802158273381295 0.19736842105263158 0.026978417266187053 0.03996101364522417
9 0.10926258992805755 0.19395711500974658 0.03507194244604317 0.056530214424951264
9 0.12724820143884893 0.18372319688109162 0.03507194244604317 0.05360623781676413
9 0.13848920863309352 0.17543859649122806 0.0341726618705036 0.056530214424951264
9 0.1537769784172662 0.17543859649122806 0.025179856115107917 0.04093567251461988
9 0.21987410071942448 0.2787524366471735 0.04226618705035971 0.04678362573099415
9 0.26348920863309355 0.31968810916179335 0.05575539568345324 0.056530214424951264
9 0.23516187050359713 0.3391812865497076 0.049460431654676264 0.050682261208576995
9 0.1794064748201439 0.3996101364522417 0.049460431654676264 0.050682261208576995
9 0.3044064748201439 0.4337231968810916 0.054856115107913675 0.06042884990253411
9 0.32014388489208634 0.42348927875243664 0.052158273381294966 0.05555555555555555
9 0.28102517985611514 0.4551656920077972 0.05665467625899281 0.056530214424951264
9 0.27652877697841727 0.4722222222222222 0.054856115107913675 0.057504873294346975
9 0.5490107913669066 0.5185185185185185 0.045863309352517985 0.01949317738791423
9 0.3340827338129497 0.39230019493177387 0.05845323741007195 0.06335282651072124
10 0.2882194244604317 0.26656920077972707 0.024280575539568347 0.018518518518518517
10 0.2922661870503597 0.2787524366471735 0.023381294964028777 0.017543859649122806
10 0.295863309352518 0.2894736842105263 0.023381294964028777 0.017543859649122806
10 0.30080935251798563 0.2987329434697856 0.02068345323741007 0.018518518518518517
10 0.4073741007194245 0.18518518518518517 0.014388489208633094 0.021442495126705652
10 0.3983812949640288 0.1895711500974659 0.014388489208633094 0.02046783625730994
10 0.053956834532374105 0.15740740740740738 0.025179856115107917 0.018518518518518517
10 0.12949640287769784 0.12231968810916179 0.019784172661870505 0.016569200779727095
10 0.456384892086331 0.020955165692007796 0.018884892086330936 0.024366471734892786
10 0.8952338129496403 0.7967836257309941 0.015287769784172662 0.016569200779727095
10 0.9748201438848921 0.7314814814814814 0.017985611510791366 0.018518518518518517
10 0.9676258992805756 0.7704678362573099 0.01618705035971223 0.018518518518518517
10 0.8871402877697843 0.6963937621832358 0.018884892086330936 0.022417153996101363
10 0.9010791366906475 0.6871345029239766 0.017985611510791366 0.01949317738791423
10 0.8781474820143885 0.7032163742690059 0.018884892086330936 0.02046783625730994
10 0.8696043165467626 0.7105263157894737 0.017985611510791366 0.01949317738791423
10 0.9096223021582734 0.6759259259259259 0.018884892086330936 0.02046783625730994
10 0.9213129496402879 0.6593567251461988 0.02248201438848921 0.024366471734892786
10 0.8385791366906475 0.7368421052631579 0.02787769784172662 0.031189083820662766
10 0.8507194244604317 0.732943469785575 0.019784172661870505 0.021442495126705652
10 0.8732014388489209 0.7470760233918128 0.017985611510791366 0.02046783625730994
10 0.9087230215827339 0.7100389863547758 0.0170863309352518 0.018518518518518517
10 0.91681654676259 0.7032163742690059 0.0170863309352518 0.018518518518518517
10 0.9366007194244604 0.7548732943469785 0.024280575539568347 0.02631578947368421
10 0.7949640287769785 0.9200779727095516 0.019784172661870505 0.021442495126705652
10 0.8107014388489209 0.9405458089668616 0.02068345323741007 0.021442495126705652
10 0.8331834532374102 0.969298245614035 0.018884892086330936 0.02046783625730994
10 0.8268884892086331 0.9595516569200779 0.02068345323741007 0.02046783625730994
10 0.8417266187050361 0.9766081871345029 0.019784172661870505 0.021442495126705652
10 0.1677158273381295 0.10623781676413255 0.02248201438848921 0.017543859649122806
10 0.3098021582733813 0.046296296296296294 0.02068345323741007 0.014619883040935672
10 0.33048561151079137 0.03752436647173489 0.02248201438848921 0.016569200779727095
10 0.40557553956834536 0.04239766081871345 0.01618705035971223 0.022417153996101363
10 0.4159172661870504 0.03898635477582846 0.0170863309352518 0.021442495126705652
10 0.4267086330935252 0.03654970760233918 0.015287769784172662 0.02046783625730994
10 0.4352517985611511 0.027777777777777776 0.017985611510791366 0.024366471734892786
10 0.4464928057553957 0.02729044834307992 0.015287769784172662 0.01949317738791423
10 0.9096223021582734 0.780214424951267 0.0170863309352518 0.02046783625730994
10 0.8808453237410072 0.8031189083820662 0.018884892086330936 0.021442495126705652
10 0.14703237410071943 0.1145224171539961 0.018884892086330936 0.014619883040935672
10 0.9383992805755396 0.8615984405458089 0.0170863309352518 0.017543859649122806
10 0.4779676258992806 0.5804093567251462 0.02068345323741007 0.016569200779727095
10 0.5179856115107914 0.5594541910331383 0.014388489208633094 0.01949317738791423
10 0.5445143884892086 0.5443469785575048 0.015287769784172662 0.02046783625730994
10 0.5535071942446044 0.5399610136452242 0.011690647482014389 0.015594541910331383
10 0.5651978417266187 0.5375243664717348 0.013489208633093526 0.016569200779727095
10 0.660521582733813 0.5852826510721247 0.0170863309352518 0.018518518518518517
10 0.697841726618705 0.554093567251462 0.012589928057553958 0.014619883040935672
10 0.7374100719424461 0.7811890838206628 0.02158273381294964 0.02046783625730994
10 0.8295863309352518 0.7850877192982456 0.02068345323741007 0.02046783625730994
10 0.8430755395683454 0.7729044834307992 0.0170863309352518 0.017543859649122806
10 0.8507194244604317 0.7680311890838206 0.017985611510791366 0.017543859649122806
10 0.8588129496402878 0.7607212475633528 0.017985611510791366 0.02046783625730994
10 0.8444244604316548 0.8455165692007797 0.019784172661870505 0.02046783625730994
10 0.8520683453237411 0.8528265107212475 0.018884892086330936 0.01949317738791423
10 0.8561151079136691 0.8650097465886939 0.017985611510791366 0.018518518518518517
10 0.8628597122302158 0.8732943469785575 0.018884892086330936 0.017543859649122806
10 0.8673561151079137 0.8820662768031189 0.0170863309352518 0.017543859649122806
10 0.8745503597122303 0.8888888888888888 0.018884892086330936 0.021442495126705652
10 0.8911870503597122 0.8430799220272904 0.017985611510791366 0.01949317738791423
10 0.9181654676258993 0.8167641325536061 0.019784172661870505 0.01949317738791423
10 0.9392985611510792 0.7967836257309941 0.018884892086330936 0.02046783625730994
10 0.9509892086330936 0.8464912280701754 0.0170863309352518 0.02046783625730994
10 0.9042266187050361 0.8971734892787524 0.0170863309352518 0.018518518518518517
10 0.9118705035971223 0.8908382066276803 0.01618705035971223 0.01949317738791423
10 0.9186151079136691 0.8830409356725146 0.0170863309352518 0.01949317738791423
10 0.9267086330935252 0.8776803118908382 0.0170863309352518 0.018518518518518517
10 0.9321043165467626 0.8684210526315789 0.018884892086330936 0.01949317738791423
9 0.06294964028776978 0.2246588693957115 0.019784172661870505 0.036062378167641324
